,Countrycode,AirQualityStation,AirPollutant,Concentration,UnitOfMeasurement,DatetimeBegin
0,NL,STA-NL00016,PM10,97.1,µg/m3,2015-02-16 14:00:00 +01:00
1,NL,STA-NL00016,PM10,96.3,µg/m3,2015-02-16 19:00:00 +01:00
3,NL,STA-NL00016,PM10,72.0,µg/m3,2015-02-16 02:00:00 +01:00
4,NL,STA-NL00016,PM10,57.7,µg/m3,2015-02-17 04:00:00 +01:00
5,NL,STA-NL00016,PM10,77.2,µg/m3,2015-02-17 06:00:00 +01:00
6,NL,STA-NL00016,PM10,80.3,µg/m3,2015-02-17 07:00:00 +01:00
7,NL,STA-NL00016,PM10,14.6,µg/m3,2015-02-17 10:00:00 +01:00
8,NL,STA-NL00016,PM10,25.6,µg/m3,2015-02-17 16:00:00 +01:00
12,NL,STA-NL00016,PM10,65.5,µg/m3,2015-02-15 21:00:00 +01:00
16,NL,STA-NL00016,PM10,43.3,µg/m3,2015-02-19 08:00:00 +01:00
17,NL,STA-NL00016,PM10,38.5,µg/m3,2015-02-19 01:00:00 +01:00
18,NL,STA-NL00016,PM10,44.3,µg/m3,2015-02-19 21:00:00 +01:00
19,NL,STA-NL00016,PM10,33.3,µg/m3,2015-02-19 14:00:00 +01:00
20,NL,STA-NL00016,PM10,22.2,µg/m3,2015-02-18 14:00:00 +01:00
21,NL,STA-NL00016,PM10,19.1,µg/m3,2015-02-20 10:00:00 +01:00
22,NL,STA-NL00016,PM10,13.6,µg/m3,2015-02-18 00:00:00 +01:00
23,NL,STA-NL00016,PM10,17.5,µg/m3,2015-02-18 02:00:00 +01:00
24,NL,STA-NL00016,PM10,15.3,µg/m3,2015-02-18 06:00:00 +01:00
25,NL,STA-NL00016,PM10,54.1,µg/m3,2015-02-18 23:00:00 +01:00
26,NL,STA-NL00016,PM10,21.1,µg/m3,2015-02-17 14:00:00 +01:00
27,NL,STA-NL00016,PM10,18.4,µg/m3,2015-02-18 03:00:00 +01:00
28,NL,STA-NL00016,PM10,36.2,µg/m3,2015-02-18 19:00:00 +01:00
29,NL,STA-NL00016,PM10,29.7,µg/m3,2015-02-19 15:00:00 +01:00
30,NL,STA-NL00016,PM10,5.0,µg/m3,2015-02-11 05:00:00 +01:00
31,NL,STA-NL00016,PM10,6.8,µg/m3,2015-02-11 06:00:00 +01:00
32,NL,STA-NL00016,PM10,35.3,µg/m3,2015-02-12 01:00:00 +01:00
33,NL,STA-NL00016,PM10,18.9,µg/m3,2015-02-11 11:00:00 +01:00
34,NL,STA-NL00016,PM10,7.7,µg/m3,2015-02-11 07:00:00 +01:00
35,NL,STA-NL00016,PM10,46.9,µg/m3,2015-02-12 13:00:00 +01:00
36,NL,STA-NL00016,PM10,44.3,µg/m3,2015-02-12 06:00:00 +01:00
37,NL,STA-NL00016,PM10,6.9,µg/m3,2015-02-11 02:00:00 +01:00
40,NL,STA-NL00016,PM10,58.4,µg/m3,2015-02-13 05:00:00 +01:00
42,NL,STA-NL00016,PM10,32.4,µg/m3,2015-02-12 00:00:00 +01:00
47,NL,STA-NL00016,PM10,64.0,µg/m3,2015-02-13 09:00:00 +01:00
48,NL,STA-NL00016,PM10,7.4,µg/m3,2015-02-10 18:00:00 +01:00
49,NL,STA-NL00016,PM10,11.8,µg/m3,2015-02-09 15:00:00 +01:00
50,NL,STA-NL00016,PM10,5.0,µg/m3,2015-02-11 03:00:00 +01:00
51,NL,STA-NL00016,PM10,4.7,µg/m3,2015-02-11 04:00:00 +01:00
52,NL,STA-NL00016,PM10,8.7,µg/m3,2015-02-10 08:00:00 +01:00
53,NL,STA-NL00016,PM10,7.1,µg/m3,2015-02-10 11:00:00 +01:00
54,NL,STA-NL00016,PM10,5.0,µg/m3,2015-02-10 15:00:00 +01:00
55,NL,STA-NL00016,PM10,9.2,µg/m3,2015-02-09 06:00:00 +01:00
56,NL,STA-NL00016,PM10,12.6,µg/m3,2015-02-09 14:00:00 +01:00
57,NL,STA-NL00016,PM10,17.7,µg/m3,2015-02-09 00:00:00 +01:00
58,NL,STA-NL00016,PM10,25.7,µg/m3,2015-02-07 00:00:00 +01:00
59,NL,STA-NL00016,PM10,24.2,µg/m3,2015-02-07 11:00:00 +01:00
60,NL,STA-NL00016,PM10,4.8,µg/m3,2015-02-07 15:00:00 +01:00
61,NL,STA-NL00016,PM10,7.6,µg/m3,2015-02-05 20:00:00 +01:00
62,NL,STA-NL00016,PM10,6.1,µg/m3,2015-02-07 18:00:00 +01:00
63,NL,STA-NL00016,PM10,13.0,µg/m3,2015-02-05 21:00:00 +01:00
64,NL,STA-NL00016,PM10,8.5,µg/m3,2015-02-07 19:00:00 +01:00
65,NL,STA-NL00016,PM10,23.9,µg/m3,2015-02-06 23:00:00 +01:00
66,NL,STA-NL00016,PM10,25.8,µg/m3,2015-02-08 02:00:00 +01:00
67,NL,STA-NL00016,PM10,19.6,µg/m3,2015-02-06 16:00:00 +01:00
68,NL,STA-NL00016,PM10,15.2,µg/m3,2015-02-09 04:00:00 +01:00
69,NL,STA-NL00016,PM10,28.9,µg/m3,2015-02-07 05:00:00 +01:00
70,NL,STA-NL00016,PM10,34.6,µg/m3,2015-02-07 04:00:00 +01:00
71,NL,STA-NL00016,PM10,12.7,µg/m3,2015-02-09 12:00:00 +01:00
72,NL,STA-NL00016,PM10,19.1,µg/m3,2015-02-03 18:00:00 +01:00
73,NL,STA-NL00016,PM10,14.5,µg/m3,2015-02-02 13:00:00 +01:00
74,NL,STA-NL00016,PM10,18.0,µg/m3,2015-02-03 08:00:00 +01:00
75,NL,STA-NL00016,PM10,7.5,µg/m3,2015-01-31 01:00:00 +01:00
76,NL,STA-NL00016,PM10,12.9,µg/m3,2015-02-05 06:00:00 +01:00
77,NL,STA-NL00016,PM10,22.8,µg/m3,2015-02-04 07:00:00 +01:00
78,NL,STA-NL00016,PM10,13.5,µg/m3,2015-02-04 02:00:00 +01:00
79,NL,STA-NL00016,PM10,13.7,µg/m3,2015-02-03 13:00:00 +01:00
80,NL,STA-NL00016,PM10,25.9,µg/m3,2015-02-03 19:00:00 +01:00
81,NL,STA-NL00016,PM10,17.5,µg/m3,2015-02-04 22:00:00 +01:00
82,NL,STA-NL00016,PM10,15.5,µg/m3,2015-02-04 03:00:00 +01:00
83,NL,STA-NL00016,PM10,17.8,µg/m3,2015-02-05 01:00:00 +01:00
84,NL,STA-NL00016,PM10,16.1,µg/m3,2015-02-05 00:00:00 +01:00
85,NL,STA-NL00016,PM10,7.3,µg/m3,2015-02-05 08:00:00 +01:00
86,NL,STA-NL00016,PM10,5.1,µg/m3,2015-02-05 04:00:00 +01:00
87,NL,STA-NL00016,PM10,13.2,µg/m3,2015-02-03 21:00:00 +01:00
88,NL,STA-NL00016,PM10,28.3,µg/m3,2015-02-03 12:00:00 +01:00
89,NL,STA-NL00016,PM10,14.4,µg/m3,2015-02-06 17:00:00 +01:00
90,NL,STA-NL00016,PM10,17.2,µg/m3,2015-02-06 00:00:00 +01:00
91,NL,STA-NL00016,PM10,14.4,µg/m3,2015-02-06 09:00:00 +01:00
92,NL,STA-NL00016,PM10,32.1,µg/m3,2015-02-07 10:00:00 +01:00
93,NL,STA-NL00016,PM10,26.6,µg/m3,2015-02-06 21:00:00 +01:00
94,NL,STA-NL00016,PM10,20.4,µg/m3,2015-01-27 09:00:00 +01:00
95,NL,STA-NL00016,PM10,14.6,µg/m3,2015-01-31 10:00:00 +01:00
96,NL,STA-NL00016,PM10,6.0,µg/m3,2015-01-29 21:00:00 +01:00
97,NL,STA-NL00016,PM10,2.7,µg/m3,2015-01-30 02:00:00 +01:00
98,NL,STA-NL00016,PM10,0.3,µg/m3,2015-01-30 19:00:00 +01:00
99,NL,STA-NL00016,PM10,1.5,µg/m3,2015-01-30 00:00:00 +01:00
100,NL,STA-NL00016,PM10,9.6,µg/m3,2015-02-02 01:00:00 +01:00
101,NL,STA-NL00016,PM10,3.0,µg/m3,2015-02-03 05:00:00 +01:00
102,NL,STA-NL00016,PM10,12.7,µg/m3,2015-02-02 12:00:00 +01:00
103,NL,STA-NL00016,PM10,10.4,µg/m3,2015-02-02 15:00:00 +01:00
104,NL,STA-NL00016,PM10,11.3,µg/m3,2015-02-02 14:00:00 +01:00
105,NL,STA-NL00016,PM10,4.2,µg/m3,2015-02-02 06:00:00 +01:00
106,NL,STA-NL00016,PM10,24.4,µg/m3,2015-02-02 10:00:00 +01:00
107,NL,STA-NL00016,PM10,16.5,µg/m3,2015-01-18 20:00:00 +01:00
108,NL,STA-NL00016,PM10,18.0,µg/m3,2015-01-18 07:00:00 +01:00
109,NL,STA-NL00016,PM10,25.4,µg/m3,2015-01-18 08:00:00 +01:00
110,NL,STA-NL00016,PM10,23.2,µg/m3,2015-01-20 09:00:00 +01:00
111,NL,STA-NL00016,PM10,38.9,µg/m3,2015-01-22 05:00:00 +01:00
112,NL,STA-NL00016,PM10,31.2,µg/m3,2015-01-23 05:00:00 +01:00
113,NL,STA-NL00016,PM10,41.3,µg/m3,2015-01-21 00:00:00 +01:00
114,NL,STA-NL00016,PM10,20.1,µg/m3,2015-01-17 10:00:00 +01:00
115,NL,STA-NL00016,PM10,9.8,µg/m3,2015-01-16 08:00:00 +01:00
116,NL,STA-NL00016,PM10,13.0,µg/m3,2015-01-17 00:00:00 +01:00
117,NL,STA-NL00016,PM10,9.5,µg/m3,2015-01-16 07:00:00 +01:00
118,NL,STA-NL00016,PM10,11.0,µg/m3,2015-01-17 16:00:00 +01:00
119,NL,STA-NL00016,PM10,6.6,µg/m3,2015-01-16 22:00:00 +01:00
120,NL,STA-NL00016,PM10,5.1,µg/m3,2015-01-12 18:00:00 +01:00
121,NL,STA-NL00016,PM10,3.0,µg/m3,2015-01-13 17:00:00 +01:00
122,NL,STA-NL00016,PM10,8.0,µg/m3,2015-01-14 19:00:00 +01:00
123,NL,STA-NL00016,PM10,2.1,µg/m3,2015-01-14 09:00:00 +01:00
124,NL,STA-NL00016,PM10,0.8,µg/m3,2015-01-15 05:00:00 +01:00
125,NL,STA-NL00016,PM10,35.1,µg/m3,2015-01-23 15:00:00 +01:00
126,NL,STA-NL00016,PM10,35.2,µg/m3,2015-01-20 22:00:00 +01:00
127,NL,STA-NL00016,PM10,30.1,µg/m3,2015-01-23 11:00:00 +01:00
128,NL,STA-NL00016,PM10,20.3,µg/m3,2015-01-25 02:00:00 +01:00
129,NL,STA-NL00016,PM10,21.3,µg/m3,2015-01-25 04:00:00 +01:00
130,NL,STA-NL00016,PM10,21.5,µg/m3,2015-01-26 00:00:00 +01:00
131,NL,STA-NL00016,PM10,22.1,µg/m3,2015-01-25 08:00:00 +01:00
132,NL,STA-NL00016,PM10,3.8,µg/m3,2015-01-28 17:00:00 +01:00
133,NL,STA-NL00016,PM10,4.1,µg/m3,2015-01-28 15:00:00 +01:00
134,NL,STA-NL00016,PM10,7.0,µg/m3,2015-01-28 11:00:00 +01:00
135,NL,STA-NL00016,PM10,5.8,µg/m3,2015-01-28 14:00:00 +01:00
136,NL,STA-NL00016,PM10,15.0,µg/m3,2015-01-26 06:00:00 +01:00
137,NL,STA-NL00016,PM10,17.1,µg/m3,2015-01-25 15:00:00 +01:00
138,NL,STA-NL00016,PM10,23.5,µg/m3,2015-01-26 02:00:00 +01:00
139,NL,STA-NL00016,PM10,15.0,µg/m3,2015-01-27 17:00:00 +01:00
140,NL,STA-NL00016,PM10,10.6,µg/m3,2015-01-26 15:00:00 +01:00
141,NL,STA-NL00016,PM10,12.7,µg/m3,2015-01-28 01:00:00 +01:00
142,NL,STA-NL00016,PM10,25.1,µg/m3,2015-01-11 21:00:00 +01:00
143,NL,STA-NL00016,PM10,-1.9,µg/m3,2015-01-13 01:00:00 +01:00
144,NL,STA-NL00016,PM10,-0.3,µg/m3,2015-01-14 12:00:00 +01:00
145,NL,STA-NL00016,PM10,2.1,µg/m3,2015-01-13 05:00:00 +01:00
146,NL,STA-NL00016,PM10,5.3,µg/m3,2015-01-14 16:00:00 +01:00
147,NL,STA-NL00016,PM10,3.9,µg/m3,2015-01-14 07:00:00 +01:00
148,NL,STA-NL00016,PM10,3.9,µg/m3,2015-01-14 06:00:00 +01:00
149,NL,STA-NL00016,PM10,13.2,µg/m3,2015-01-11 03:00:00 +01:00
150,NL,STA-NL00016,PM10,9.1,µg/m3,2015-01-11 09:00:00 +01:00
151,NL,STA-NL00016,PM10,19.8,µg/m3,2015-01-11 16:00:00 +01:00
152,NL,STA-NL00016,PM10,10.9,µg/m3,2015-01-11 06:00:00 +01:00
153,NL,STA-NL00016,PM10,8.9,µg/m3,2015-01-10 16:00:00 +01:00
154,NL,STA-NL00016,PM10,4.9,µg/m3,2015-01-10 09:00:00 +01:00
155,NL,STA-NL00016,PM10,6.6,µg/m3,2015-01-09 07:00:00 +01:00
156,NL,STA-NL00016,PM10,10.3,µg/m3,2015-01-09 00:00:00 +01:00
157,NL,STA-NL00016,PM10,122.3,µg/m3,2015-01-01 01:00:00 +01:00
158,NL,STA-NL00016,PM10,16.5,µg/m3,2015-01-03 08:00:00 +01:00
159,NL,STA-NL00016,PM10,16.9,µg/m3,2015-01-02 05:00:00 +01:00
160,NL,STA-NL00016,PM10,15.3,µg/m3,2015-01-02 19:00:00 +01:00
161,NL,STA-NL00016,PM10,13.3,µg/m3,2015-01-02 11:00:00 +01:00
162,NL,STA-NL00016,PM10,19.2,µg/m3,2015-01-02 13:00:00 +01:00
163,NL,STA-NL00016,PM10,35.0,µg/m3,2015-01-01 06:00:00 +01:00
164,NL,STA-NL00016,PM10,28.2,µg/m3,2015-01-01 22:00:00 +01:00
165,NL,STA-NL00016,PM10,28.4,µg/m3,2015-01-01 10:00:00 +01:00
166,NL,STA-NL00016,PM10,10.2,µg/m3,2015-01-02 10:00:00 +01:00
167,NL,STA-NL00016,PM10,9.3,µg/m3,2015-01-04 14:00:00 +01:00
168,NL,STA-NL00016,PM10,18.1,µg/m3,2015-01-05 05:00:00 +01:00
169,NL,STA-NL00016,PM10,17.5,µg/m3,2015-01-04 02:00:00 +01:00
170,NL,STA-NL00016,PM10,37.9,µg/m3,2015-01-06 17:00:00 +01:00
171,NL,STA-NL00016,PM10,19.0,µg/m3,2015-01-05 22:00:00 +01:00
172,NL,STA-NL00016,PM10,23.7,µg/m3,2015-01-06 13:00:00 +01:00
173,NL,STA-NL00016,PM10,18.1,µg/m3,2015-01-07 08:00:00 +01:00
174,NL,STA-NL00016,PM10,16.1,µg/m3,2015-01-07 15:00:00 +01:00
175,NL,STA-NL00016,PM10,8.0,µg/m3,2015-01-07 03:00:00 +01:00
176,NL,STA-NL00016,PM10,17.1,µg/m3,2015-01-07 14:00:00 +01:00
177,NL,STA-NL00016,PM10,17.3,µg/m3,2015-01-08 03:00:00 +01:00
178,NL,STA-NL00016,PM10,25.1,µg/m3,2015-03-15 11:00:00 +01:00
179,NL,STA-NL00016,PM10,67.6,µg/m3,2015-03-18 20:00:00 +01:00
180,NL,STA-NL00016,PM10,24.0,µg/m3,2015-03-16 05:00:00 +01:00
181,NL,STA-NL00016,PM10,15.8,µg/m3,2015-03-16 01:00:00 +01:00
182,NL,STA-NL00016,PM10,34.2,µg/m3,2015-03-21 01:00:00 +01:00
183,NL,STA-NL00016,PM10,42.1,µg/m3,2015-03-20 11:00:00 +01:00
184,NL,STA-NL00016,PM10,51.1,µg/m3,2015-03-18 03:00:00 +01:00
185,NL,STA-NL00016,PM10,25.6,µg/m3,2015-03-15 03:00:00 +01:00
186,NL,STA-NL00016,PM10,20.4,µg/m3,2015-03-13 12:00:00 +01:00
187,NL,STA-NL00016,PM10,47.3,µg/m3,2015-03-17 03:00:00 +01:00
188,NL,STA-NL00016,PM10,23.2,µg/m3,2015-03-15 10:00:00 +01:00
189,NL,STA-NL00016,PM10,14.4,µg/m3,2015-03-15 17:00:00 +01:00
190,NL,STA-NL00016,PM10,50.1,µg/m3,2015-03-17 01:00:00 +01:00
191,NL,STA-NL00016,PM10,47.8,µg/m3,2015-03-16 20:00:00 +01:00
192,NL,STA-NL00016,PM10,24.6,µg/m3,2015-03-14 15:00:00 +01:00
193,NL,STA-NL00016,PM10,14.8,µg/m3,2015-03-13 13:00:00 +01:00
194,NL,STA-NL00016,PM10,9.9,µg/m3,2015-03-27 03:00:00 +01:00
195,NL,STA-NL00016,PM10,8.3,µg/m3,2015-03-26 15:00:00 +01:00
196,NL,STA-NL00016,PM10,18.8,µg/m3,2015-03-23 19:00:00 +01:00
197,NL,STA-NL00016,PM10,37.8,µg/m3,2015-03-24 22:00:00 +01:00
198,NL,STA-NL00016,PM10,7.1,µg/m3,2015-03-22 21:00:00 +01:00
199,NL,STA-NL00016,PM10,33.6,µg/m3,2015-03-24 03:00:00 +01:00
200,NL,STA-NL00016,PM10,29.6,µg/m3,2015-03-25 13:00:00 +01:00
201,NL,STA-NL00016,PM10,31.6,µg/m3,2015-03-24 17:00:00 +01:00
202,NL,STA-NL00016,PM10,-1.5,µg/m3,2015-03-22 06:00:00 +01:00
203,NL,STA-NL00016,PM10,2.7,µg/m3,2015-03-22 12:00:00 +01:00
204,NL,STA-NL00016,PM10,5.0,µg/m3,2015-03-22 17:00:00 +01:00
205,NL,STA-NL00016,PM10,4.8,µg/m3,2015-03-22 15:00:00 +01:00
206,NL,STA-NL00016,PM10,36.0,µg/m3,2015-03-20 14:00:00 +01:00
207,NL,STA-NL00016,PM10,27.2,µg/m3,2015-03-20 22:00:00 +01:00
208,NL,STA-NL00016,PM10,5.7,µg/m3,2015-03-21 07:00:00 +01:00
209,NL,STA-NL00016,PM10,8.9,µg/m3,2015-03-26 23:00:00 +01:00
210,NL,STA-NL00016,PM10,4.2,µg/m3,2015-03-28 19:00:00 +01:00
211,NL,STA-NL00016,PM10,7.0,µg/m3,2015-03-26 03:00:00 +01:00
212,NL,STA-NL00016,PM10,17.6,µg/m3,2015-03-28 15:00:00 +01:00
213,NL,STA-NL00016,PM10,0.1,µg/m3,2015-03-29 13:00:00 +01:00
214,NL,STA-NL00016,PM10,18.7,µg/m3,2015-04-01 14:00:00 +01:00
215,NL,STA-NL00016,PM10,10.4,µg/m3,2015-04-02 04:00:00 +01:00
216,NL,STA-NL00016,PM10,19.5,µg/m3,2015-03-31 06:00:00 +01:00
217,NL,STA-NL00016,PM10,14.9,µg/m3,2015-04-01 16:00:00 +01:00
218,NL,STA-NL00016,PM10,20.3,µg/m3,2015-04-01 11:00:00 +01:00
219,NL,STA-NL00016,PM10,12.4,µg/m3,2015-04-01 19:00:00 +01:00
220,NL,STA-NL00016,PM10,15.9,µg/m3,2015-04-01 00:00:00 +01:00
221,NL,STA-NL00016,PM10,8.8,µg/m3,2015-03-29 21:00:00 +01:00
222,NL,STA-NL00016,PM10,21.7,µg/m3,2015-03-30 12:00:00 +01:00
223,NL,STA-NL00016,PM10,16.3,µg/m3,2015-04-03 12:00:00 +01:00
224,NL,STA-NL00016,PM10,15.6,µg/m3,2015-04-02 15:00:00 +01:00
225,NL,STA-NL00016,PM10,15.7,µg/m3,2015-04-03 18:00:00 +01:00
226,NL,STA-NL00016,PM10,16.2,µg/m3,2015-03-31 15:00:00 +01:00
227,NL,STA-NL00016,PM10,19.6,µg/m3,2015-03-31 08:00:00 +01:00
228,NL,STA-NL00016,PM10,9.4,µg/m3,2015-03-30 06:00:00 +01:00
229,NL,STA-NL00016,PM10,11.1,µg/m3,2015-04-05 00:00:00 +01:00
230,NL,STA-NL00016,PM10,10.3,µg/m3,2015-02-25 15:00:00 +01:00
231,NL,STA-NL00016,PM10,16.5,µg/m3,2015-02-25 19:00:00 +01:00
232,NL,STA-NL00016,PM10,15.1,µg/m3,2015-02-25 18:00:00 +01:00
233,NL,STA-NL00016,PM10,19.5,µg/m3,2015-02-25 22:00:00 +01:00
234,NL,STA-NL00016,PM10,36.0,µg/m3,2015-02-26 08:00:00 +01:00
235,NL,STA-NL00016,PM10,19.5,µg/m3,2015-02-26 03:00:00 +01:00
236,NL,STA-NL00016,PM10,30.3,µg/m3,2015-02-26 05:00:00 +01:00
237,NL,STA-NL00016,PM10,11.1,µg/m3,2015-02-26 15:00:00 +01:00
238,NL,STA-NL00016,PM10,28.4,µg/m3,2015-02-25 11:00:00 +01:00
239,NL,STA-NL00016,PM10,22.1,µg/m3,2015-02-26 02:00:00 +01:00
240,NL,STA-NL00016,PM10,18.8,µg/m3,2015-02-27 12:00:00 +01:00
241,NL,STA-NL00016,PM10,25.6,µg/m3,2015-02-27 08:00:00 +01:00
242,NL,STA-NL00016,PM10,18.5,µg/m3,2015-02-27 22:00:00 +01:00
243,NL,STA-NL00016,PM10,13.3,µg/m3,2015-02-27 16:00:00 +01:00
244,NL,STA-NL00016,PM10,22.8,µg/m3,2015-02-27 19:00:00 +01:00
245,NL,STA-NL00016,PM10,19.0,µg/m3,2015-02-28 00:00:00 +01:00
246,NL,STA-NL00016,PM10,28.3,µg/m3,2015-02-28 06:00:00 +01:00
247,NL,STA-NL00016,PM10,22.4,µg/m3,2015-02-28 10:00:00 +01:00
248,NL,STA-NL00016,PM10,19.8,µg/m3,2015-02-28 14:00:00 +01:00
249,NL,STA-NL00016,PM10,14.3,µg/m3,2015-02-28 16:00:00 +01:00
250,NL,STA-NL00016,PM10,5.1,µg/m3,2015-03-01 04:00:00 +01:00
251,NL,STA-NL00016,PM10,16.1,µg/m3,2015-03-01 07:00:00 +01:00
252,NL,STA-NL00016,PM10,9.4,µg/m3,2015-03-01 01:00:00 +01:00
253,NL,STA-NL00016,PM10,5.0,µg/m3,2015-03-01 06:00:00 +01:00
254,NL,STA-NL00016,PM10,9.3,µg/m3,2015-03-01 00:00:00 +01:00
255,NL,STA-NL00016,PM10,15.0,µg/m3,2015-02-28 12:00:00 +01:00
256,NL,STA-NL00016,PM10,14.7,µg/m3,2015-03-01 19:00:00 +01:00
257,NL,STA-NL00016,PM10,7.2,µg/m3,2015-02-21 14:00:00 +01:00
258,NL,STA-NL00016,PM10,34.9,µg/m3,2015-02-19 05:00:00 +01:00
259,NL,STA-NL00016,PM10,6.5,µg/m3,2015-02-21 08:00:00 +01:00
260,NL,STA-NL00016,PM10,3.9,µg/m3,2015-02-21 18:00:00 +01:00
261,NL,STA-NL00016,PM10,18.5,µg/m3,2015-02-22 09:00:00 +01:00
262,NL,STA-NL00016,PM10,10.0,µg/m3,2015-02-22 14:00:00 +01:00
263,NL,STA-NL00016,PM10,10.0,µg/m3,2015-02-22 15:00:00 +01:00
264,NL,STA-NL00016,PM10,19.1,µg/m3,2015-02-22 20:00:00 +01:00
272,NL,STA-NL00016,PM10,15.4,µg/m3,2015-02-25 05:00:00 +01:00
274,NL,STA-NL00016,PM10,12.7,µg/m3,2015-02-25 03:00:00 +01:00
275,NL,STA-NL00016,PM10,13.0,µg/m3,2015-03-11 21:00:00 +01:00
276,NL,STA-NL00016,PM10,31.1,µg/m3,2015-03-08 11:00:00 +01:00
278,NL,STA-NL00016,PM10,12.5,µg/m3,2015-03-06 04:00:00 +01:00
279,NL,STA-NL00016,PM10,32.8,µg/m3,2015-03-08 01:00:00 +01:00
280,NL,STA-NL00016,PM10,26.9,µg/m3,2015-03-09 23:00:00 +01:00
281,NL,STA-NL00016,PM10,19.1,µg/m3,2015-03-06 19:00:00 +01:00
282,NL,STA-NL00016,PM10,12.9,µg/m3,2015-03-10 04:00:00 +01:00
283,NL,STA-NL00016,PM10,10.4,µg/m3,2015-03-09 17:00:00 +01:00
284,NL,STA-NL00016,PM10,26.9,µg/m3,2015-03-09 20:00:00 +01:00
285,NL,STA-NL00016,PM10,7.9,µg/m3,2015-03-09 14:00:00 +01:00
286,NL,STA-NL00016,PM10,15.7,µg/m3,2015-03-10 01:00:00 +01:00
288,NL,STA-NL00016,PM10,7.9,µg/m3,2015-03-05 17:00:00 +01:00
289,NL,STA-NL00016,PM10,21.5,µg/m3,2015-03-05 11:00:00 +01:00
290,NL,STA-NL00016,PM10,22.0,µg/m3,2015-03-05 21:00:00 +01:00
291,NL,STA-NL00016,PM10,7.7,µg/m3,2015-03-02 01:00:00 +01:00
292,NL,STA-NL00016,PM10,17.6,µg/m3,2015-03-01 10:00:00 +01:00
293,NL,STA-NL00016,PM10,10.5,µg/m3,2015-03-02 11:00:00 +01:00
294,NL,STA-NL00016,PM10,3.4,µg/m3,2015-03-03 14:00:00 +01:00
295,NL,STA-NL00016,PM10,6.2,µg/m3,2015-03-03 11:00:00 +01:00
296,NL,STA-NL00016,PM10,12.7,µg/m3,2015-03-04 18:00:00 +01:00
297,NL,STA-NL00016,PM10,13.1,µg/m3,2015-03-04 05:00:00 +01:00
298,NL,STA-NL00016,PM10,6.9,µg/m3,2015-03-04 01:00:00 +01:00
300,NL,STA-NL00016,PM10,8.7,µg/m3,2015-03-04 09:00:00 +01:00
301,NL,STA-NL00016,PM10,10.6,µg/m3,2015-03-04 04:00:00 +01:00
302,NL,STA-NL00016,PM10,13.5,µg/m3,2015-03-04 15:00:00 +01:00
303,NL,STA-NL00016,PM10,4.4,µg/m3,2015-03-02 16:00:00 +01:00
304,NL,STA-NL00016,PM10,-0.2,µg/m3,2015-04-06 16:00:00 +01:00
305,NL,STA-NL00016,PM10,8.2,µg/m3,2015-04-06 21:00:00 +01:00
306,NL,STA-NL00016,PM10,38.5,µg/m3,2015-04-07 23:00:00 +01:00
307,NL,STA-NL00016,PM10,14.6,µg/m3,2015-04-07 16:00:00 +01:00
308,NL,STA-NL00016,PM10,5.5,µg/m3,2015-04-05 21:00:00 +01:00
309,NL,STA-NL00016,PM10,32.5,µg/m3,2015-04-09 09:00:00 +01:00
310,NL,STA-NL00016,PM10,26.9,µg/m3,2015-04-07 07:00:00 +01:00
311,NL,STA-NL00016,PM10,11.7,µg/m3,2015-04-09 04:00:00 +01:00
312,NL,STA-NL00016,PM10,5.4,µg/m3,2015-04-05 14:00:00 +01:00
313,NL,STA-NL00016,PM10,14.2,µg/m3,2015-04-05 16:00:00 +01:00
314,NL,STA-NL00016,PM10,49.8,µg/m3,2015-04-10 17:00:00 +01:00
315,NL,STA-NL00016,PM10,46.8,µg/m3,2015-04-09 16:00:00 +01:00
316,NL,STA-NL00016,PM10,56.5,µg/m3,2015-04-10 13:00:00 +01:00
317,NL,STA-NL00016,PM10,51.0,µg/m3,2015-04-10 16:00:00 +01:00
318,NL,STA-NL00016,PM10,64.1,µg/m3,2015-04-10 20:00:00 +01:00
319,NL,STA-NL00016,PM10,6.5,µg/m3,2015-04-11 16:00:00 +01:00
320,NL,STA-NL00016,PM10,14.1,µg/m3,2015-04-12 16:00:00 +01:00
321,NL,STA-NL00016,PM10,5.2,µg/m3,2015-04-16 05:00:00 +01:00
322,NL,STA-NL00016,PM10,33.5,µg/m3,2015-04-14 07:00:00 +01:00
323,NL,STA-NL00016,PM10,8.5,µg/m3,2015-04-14 00:00:00 +01:00
324,NL,STA-NL00016,PM10,6.7,µg/m3,2015-04-13 15:00:00 +01:00
325,NL,STA-NL00016,PM10,26.6,µg/m3,2015-04-14 09:00:00 +01:00
326,NL,STA-NL00016,PM10,16.7,µg/m3,2015-04-14 20:00:00 +01:00
328,NL,STA-NL00016,PM10,33.6,µg/m3,2015-04-21 00:00:00 +01:00
329,NL,STA-NL00016,PM10,6.2,µg/m3,2015-04-19 19:00:00 +01:00
330,NL,STA-NL00016,PM10,20.4,µg/m3,2015-04-20 05:00:00 +01:00
331,NL,STA-NL00016,PM10,1.1,µg/m3,2015-04-18 12:00:00 +01:00
332,NL,STA-NL00016,PM10,13.9,µg/m3,2015-04-18 08:00:00 +01:00
333,NL,STA-NL00016,PM10,14.2,µg/m3,2015-04-18 04:00:00 +01:00
334,NL,STA-NL00016,PM10,20.4,µg/m3,2015-04-20 16:00:00 +01:00
335,NL,STA-NL00016,PM10,6.1,µg/m3,2015-04-22 18:00:00 +01:00
336,NL,STA-NL00016,PM10,24.8,µg/m3,2015-04-21 23:00:00 +01:00
337,NL,STA-NL00016,PM10,11.9,µg/m3,2015-04-23 03:00:00 +01:00
338,NL,STA-NL00016,PM10,8.6,µg/m3,2015-04-27 13:00:00 +01:00
341,NL,STA-NL00016,PM10,8.0,µg/m3,2015-04-27 06:00:00 +01:00
343,NL,STA-NL00016,PM10,-1.0,µg/m3,2015-04-26 22:00:00 +01:00
344,NL,STA-NL00016,PM10,10.9,µg/m3,2015-04-28 11:00:00 +01:00
345,NL,STA-NL00016,PM10,14.1,µg/m3,2015-04-28 05:00:00 +01:00
346,NL,STA-NL00016,PM10,9.4,µg/m3,2015-04-27 15:00:00 +01:00
347,NL,STA-NL00016,PM10,32.0,µg/m3,2015-04-27 22:00:00 +01:00
348,NL,STA-NL00016,PM10,11.2,µg/m3,2015-04-28 12:00:00 +01:00
349,NL,STA-NL00016,PM10,21.4,µg/m3,2015-04-27 03:00:00 +01:00
350,NL,STA-NL00016,PM10,8.6,µg/m3,2015-04-26 02:00:00 +01:00
351,NL,STA-NL00016,PM10,4.7,µg/m3,2015-04-25 16:00:00 +01:00
352,NL,STA-NL00016,PM10,35.0,µg/m3,2015-04-24 20:00:00 +01:00
353,NL,STA-NL00016,PM10,18.7,µg/m3,2015-04-24 17:00:00 +01:00
354,NL,STA-NL00016,PM10,15.6,µg/m3,2015-04-23 18:00:00 +01:00
355,NL,STA-NL00016,PM10,19.8,µg/m3,2015-04-23 15:00:00 +01:00
356,NL,STA-NL00016,PM10,27.3,µg/m3,2015-04-23 13:00:00 +01:00
358,NL,STA-NL00016,PM10,19.9,µg/m3,2015-04-23 11:00:00 +01:00
359,NL,STA-NL00016,PM10,26.7,µg/m3,2015-05-01 08:00:00 +01:00
360,NL,STA-NL00016,PM10,7.8,µg/m3,2015-04-30 12:00:00 +01:00
361,NL,STA-NL00016,PM10,5.0,µg/m3,2015-04-30 21:00:00 +01:00
362,NL,STA-NL00016,PM10,16.8,µg/m3,2015-04-30 04:00:00 +01:00
363,NL,STA-NL00016,PM10,8.5,µg/m3,2015-05-01 04:00:00 +01:00
364,NL,STA-NL00016,PM10,4.5,µg/m3,2015-05-01 02:00:00 +01:00
365,NL,STA-NL00016,PM10,11.5,µg/m3,2015-04-29 04:00:00 +01:00
366,NL,STA-NL00016,PM10,10.3,µg/m3,2015-04-28 18:00:00 +01:00
367,NL,STA-NL00016,PM10,15.4,µg/m3,2015-05-15 04:00:00 +01:00
368,NL,STA-NL00016,PM10,6.4,µg/m3,2015-05-07 11:00:00 +01:00
369,NL,STA-NL00016,PM10,35.2,µg/m3,2015-05-10 18:00:00 +01:00
370,NL,STA-NL00016,PM10,2.9,µg/m3,2015-05-14 20:00:00 +01:00
371,NL,STA-NL00016,PM10,13.2,µg/m3,2015-05-14 02:00:00 +01:00
372,NL,STA-NL00016,PM10,8.5,µg/m3,2015-05-14 05:00:00 +01:00
373,NL,STA-NL00016,PM10,15.6,µg/m3,2015-05-15 22:00:00 +01:00
374,NL,STA-NL00016,PM10,19.1,µg/m3,2015-05-15 11:00:00 +01:00
375,NL,STA-NL00016,PM10,7.6,µg/m3,2015-05-13 16:00:00 +01:00
376,NL,STA-NL00016,PM10,21.5,µg/m3,2015-05-15 10:00:00 +01:00
377,NL,STA-NL00016,PM10,39.0,µg/m3,2015-05-10 19:00:00 +01:00
378,NL,STA-NL00016,PM10,14.0,µg/m3,2015-05-15 20:00:00 +01:00
379,NL,STA-NL00016,PM10,14.7,µg/m3,2015-05-16 09:00:00 +01:00
380,NL,STA-NL00016,PM10,22.4,µg/m3,2015-05-15 12:00:00 +01:00
381,NL,STA-NL00016,PM10,15.8,µg/m3,2015-05-16 00:00:00 +01:00
382,NL,STA-NL00016,PM10,15.5,µg/m3,2015-05-19 06:00:00 +01:00
383,NL,STA-NL00016,PM10,8.7,µg/m3,2015-05-18 18:00:00 +01:00
384,NL,STA-NL00016,PM10,11.6,µg/m3,2015-05-19 10:00:00 +01:00
385,NL,STA-NL00016,PM10,8.9,µg/m3,2015-05-19 20:00:00 +01:00
386,NL,STA-NL00016,PM10,14.6,µg/m3,2015-05-16 20:00:00 +01:00
387,NL,STA-NL00016,PM10,17.7,µg/m3,2015-05-17 00:00:00 +01:00
388,NL,STA-NL00016,PM10,5.0,µg/m3,2015-05-16 11:00:00 +01:00
389,NL,STA-NL00016,PM10,8.2,µg/m3,2015-05-07 22:00:00 +01:00
390,NL,STA-NL00016,PM10,16.0,µg/m3,2015-05-16 23:00:00 +01:00
391,NL,STA-NL00016,PM10,31.3,µg/m3,2015-05-16 06:00:00 +01:00
392,NL,STA-NL00016,PM10,9.7,µg/m3,2015-05-17 10:00:00 +01:00
393,NL,STA-NL00016,PM10,13.5,µg/m3,2015-05-18 04:00:00 +01:00
394,NL,STA-NL00016,PM10,10.3,µg/m3,2015-05-17 16:00:00 +01:00
395,NL,STA-NL00016,PM10,20.9,µg/m3,2015-05-22 03:00:00 +01:00
396,NL,STA-NL00016,PM10,47.8,µg/m3,2015-05-22 11:00:00 +01:00
397,NL,STA-NL00016,PM10,15.6,µg/m3,2015-05-22 00:00:00 +01:00
398,NL,STA-NL00016,PM10,10.9,µg/m3,2015-05-20 17:00:00 +01:00
399,NL,STA-NL00016,PM10,13.9,µg/m3,2015-05-21 04:00:00 +01:00
400,NL,STA-NL00016,PM10,18.0,µg/m3,2015-05-21 05:00:00 +01:00
401,NL,STA-NL00016,PM10,7.0,µg/m3,2015-05-14 07:00:00 +01:00
402,NL,STA-NL00016,PM10,23.3,µg/m3,2015-05-18 13:00:00 +01:00
403,NL,STA-NL00016,PM10,12.8,µg/m3,2015-05-20 12:00:00 +01:00
404,NL,STA-NL00016,PM10,5.1,µg/m3,2015-05-14 08:00:00 +01:00
405,NL,STA-NL00016,PM10,12.7,µg/m3,2015-05-21 02:00:00 +01:00
406,NL,STA-NL00016,PM10,7.5,µg/m3,2015-05-19 02:00:00 +01:00
407,NL,STA-NL00016,PM10,7.3,µg/m3,2015-05-19 14:00:00 +01:00
408,NL,STA-NL00016,PM10,14.7,µg/m3,2015-05-20 16:00:00 +01:00
409,NL,STA-NL00016,PM10,8.6,µg/m3,2015-05-20 14:00:00 +01:00
410,NL,STA-NL00016,PM10,36.1,µg/m3,2015-05-22 06:00:00 +01:00
411,NL,STA-NL00016,PM10,10.9,µg/m3,2015-05-22 02:00:00 +01:00
412,NL,STA-NL00016,PM10,15.5,µg/m3,2015-05-23 10:00:00 +01:00
413,NL,STA-NL00016,PM10,12.3,µg/m3,2015-05-23 22:00:00 +01:00
414,NL,STA-NL00016,PM10,14.9,µg/m3,2015-05-17 06:00:00 +01:00
415,NL,STA-NL00016,PM10,9.4,µg/m3,2015-05-24 16:00:00 +01:00
416,NL,STA-NL00016,PM10,24.3,µg/m3,2015-05-25 02:00:00 +01:00
417,NL,STA-NL00016,PM10,9.0,µg/m3,2015-05-17 20:00:00 +01:00
418,NL,STA-NL00016,PM10,10.5,µg/m3,2015-05-25 04:00:00 +01:00
419,NL,STA-NL00016,PM10,7.9,µg/m3,2015-05-25 18:00:00 +01:00
420,NL,STA-NL00016,PM10,11.9,µg/m3,2015-05-11 03:00:00 +01:00
421,NL,STA-NL00016,PM10,33.0,µg/m3,2015-05-10 23:00:00 +01:00
422,NL,STA-NL00016,PM10,7.9,µg/m3,2015-05-10 10:00:00 +01:00
423,NL,STA-NL00016,PM10,28.0,µg/m3,2015-05-11 07:00:00 +01:00
424,NL,STA-NL00016,PM10,10.3,µg/m3,2015-05-10 03:00:00 +01:00
425,NL,STA-NL00016,PM10,23.3,µg/m3,2015-05-09 14:00:00 +01:00
426,NL,STA-NL00016,PM10,10.3,µg/m3,2015-05-10 07:00:00 +01:00
427,NL,STA-NL00016,PM10,8.3,µg/m3,2015-05-07 08:00:00 +01:00
428,NL,STA-NL00016,PM10,21.9,µg/m3,2015-05-08 15:00:00 +01:00
429,NL,STA-NL00016,PM10,13.4,µg/m3,2015-05-09 17:00:00 +01:00
430,NL,STA-NL00016,PM10,15.2,µg/m3,2015-05-10 15:00:00 +01:00
431,NL,STA-NL00016,PM10,16.4,µg/m3,2015-05-09 16:00:00 +01:00
432,NL,STA-NL00016,PM10,17.6,µg/m3,2015-05-10 14:00:00 +01:00
433,NL,STA-NL00016,PM10,4.2,µg/m3,2015-05-11 17:00:00 +01:00
434,NL,STA-NL00016,PM10,17.7,µg/m3,2015-05-11 09:00:00 +01:00
435,NL,STA-NL00016,PM10,12.0,µg/m3,2015-05-11 10:00:00 +01:00
436,NL,STA-NL00016,PM10,14.6,µg/m3,2015-05-08 02:00:00 +01:00
437,NL,STA-NL00016,PM10,11.5,µg/m3,2015-05-07 19:00:00 +01:00
438,NL,STA-NL00016,PM10,14.4,µg/m3,2015-05-13 10:00:00 +01:00
439,NL,STA-NL00016,PM10,14.5,µg/m3,2015-05-09 19:00:00 +01:00
440,NL,STA-NL00016,PM10,4.7,µg/m3,2015-05-06 04:00:00 +01:00
441,NL,STA-NL00016,PM10,20.7,µg/m3,2015-05-07 03:00:00 +01:00
442,NL,STA-NL00016,PM10,22.5,µg/m3,2015-05-08 03:00:00 +01:00
443,NL,STA-NL00016,PM10,16.6,µg/m3,2015-05-08 19:00:00 +01:00
444,NL,STA-NL00016,PM10,16.0,µg/m3,2015-05-05 14:00:00 +01:00
445,NL,STA-NL00016,PM10,3.9,µg/m3,2015-05-05 08:00:00 +01:00
446,NL,STA-NL00016,PM10,12.8,µg/m3,2015-05-05 00:00:00 +01:00
447,NL,STA-NL00016,PM10,7.1,µg/m3,2015-05-04 10:00:00 +01:00
448,NL,STA-NL00016,PM10,1.3,µg/m3,2015-05-03 23:00:00 +01:00
449,NL,STA-NL00016,PM10,7.2,µg/m3,2015-05-01 23:00:00 +01:00
450,NL,STA-NL00016,PM10,16.7,µg/m3,2015-05-01 14:00:00 +01:00
451,NL,STA-NL00016,PM10,7.4,µg/m3,2015-05-02 18:00:00 +01:00
452,NL,STA-NL00016,PM10,11.4,µg/m3,2015-05-01 12:00:00 +01:00
453,NL,STA-NL00016,PM10,8.5,µg/m3,2015-05-02 21:00:00 +01:00
454,NL,STA-NL00016,PM10,1.0,µg/m3,2015-05-04 00:00:00 +01:00
455,NL,STA-NL00016,PM10,8.1,µg/m3,2015-05-04 04:00:00 +01:00
456,NL,STA-NL00016,PM10,6.3,µg/m3,2015-05-04 05:00:00 +01:00
457,NL,STA-NL00016,PM10,27.0,µg/m3,2015-05-03 08:00:00 +01:00
458,NL,STA-NL00016,PM10,18.9,µg/m3,2015-06-10 05:00:00 +01:00
459,NL,STA-NL00016,PM10,16.8,µg/m3,2015-06-10 13:00:00 +01:00
460,NL,STA-NL00016,PM10,16.0,µg/m3,2015-06-09 16:00:00 +01:00
461,NL,STA-NL00016,PM10,16.5,µg/m3,2015-06-11 16:00:00 +01:00
462,NL,STA-NL00016,PM10,11.4,µg/m3,2015-06-11 04:00:00 +01:00
463,NL,STA-NL00016,PM10,19.0,µg/m3,2015-06-08 16:00:00 +01:00
464,NL,STA-NL00016,PM10,18.8,µg/m3,2015-06-10 16:00:00 +01:00
465,NL,STA-NL00016,PM10,22.9,µg/m3,2015-06-12 14:00:00 +01:00
466,NL,STA-NL00016,PM10,32.2,µg/m3,2015-06-13 08:00:00 +01:00
467,NL,STA-NL00016,PM10,13.0,µg/m3,2015-06-09 10:00:00 +01:00
468,NL,STA-NL00016,PM10,14.1,µg/m3,2015-06-06 19:00:00 +01:00
469,NL,STA-NL00016,PM10,17.0,µg/m3,2015-06-05 22:00:00 +01:00
470,NL,STA-NL00016,PM10,7.5,µg/m3,2015-06-04 22:00:00 +01:00
471,NL,STA-NL00016,PM10,16.2,µg/m3,2015-06-04 03:00:00 +01:00
472,NL,STA-NL00016,PM10,23.7,µg/m3,2015-06-05 14:00:00 +01:00
473,NL,STA-NL00016,PM10,11.0,µg/m3,2015-06-08 19:00:00 +01:00
474,NL,STA-NL00016,PM10,13.5,µg/m3,2015-06-07 21:00:00 +01:00
475,NL,STA-NL00016,PM10,12.9,µg/m3,2015-06-01 13:00:00 +01:00
476,NL,STA-NL00016,PM10,0.1,µg/m3,2015-05-31 20:00:00 +01:00
477,NL,STA-NL00016,PM10,14.9,µg/m3,2015-05-31 03:00:00 +01:00
478,NL,STA-NL00016,PM10,33.0,µg/m3,2015-06-03 04:00:00 +01:00
479,NL,STA-NL00016,PM10,21.1,µg/m3,2015-06-03 01:00:00 +01:00
480,NL,STA-NL00016,PM10,2.2,µg/m3,2015-06-02 21:00:00 +01:00
481,NL,STA-NL00016,PM10,4.6,µg/m3,2015-06-02 20:00:00 +01:00
482,NL,STA-NL00016,PM10,17.4,µg/m3,2015-06-02 14:00:00 +01:00
483,NL,STA-NL00016,PM10,13.5,µg/m3,2015-06-04 18:00:00 +01:00
484,NL,STA-NL00016,PM10,19.4,µg/m3,2015-06-04 09:00:00 +01:00
485,NL,STA-NL00016,PM10,15.0,µg/m3,2015-06-01 17:00:00 +01:00
486,NL,STA-NL00016,PM10,17.1,µg/m3,2015-06-01 00:00:00 +01:00
487,NL,STA-NL00016,PM10,16.7,µg/m3,2015-06-02 02:00:00 +01:00
488,NL,STA-NL00016,PM10,12.1,µg/m3,2015-05-31 14:00:00 +01:00
489,NL,STA-NL00016,PM10,17.3,µg/m3,2015-05-31 08:00:00 +01:00
490,NL,STA-NL00016,PM10,-0.3,µg/m3,2015-05-28 12:00:00 +01:00
493,NL,STA-NL00016,PM10,9.3,µg/m3,2015-05-29 17:00:00 +01:00
494,NL,STA-NL00016,PM10,17.5,µg/m3,2015-05-29 00:00:00 +01:00
496,NL,STA-NL00016,PM10,14.4,µg/m3,2015-05-28 16:00:00 +01:00
497,NL,STA-NL00016,PM10,37.4,µg/m3,2015-05-29 06:00:00 +01:00
499,NL,STA-NL00016,PM10,16.0,µg/m3,2015-06-24 07:00:00 +01:00
500,NL,STA-NL00016,PM10,9.0,µg/m3,2015-06-24 20:00:00 +01:00
502,NL,STA-NL00016,PM10,10.4,µg/m3,2015-06-22 00:00:00 +01:00
503,NL,STA-NL00016,PM10,23.8,µg/m3,2015-06-23 18:00:00 +01:00
504,NL,STA-NL00016,PM10,12.5,µg/m3,2015-06-23 00:00:00 +01:00
505,NL,STA-NL00016,PM10,18.5,µg/m3,2015-06-23 12:00:00 +01:00
506,NL,STA-NL00016,PM10,15.4,µg/m3,2015-06-25 15:00:00 +01:00
507,NL,STA-NL00016,PM10,15.7,µg/m3,2015-06-25 01:00:00 +01:00
508,NL,STA-NL00016,PM10,17.3,µg/m3,2015-06-27 14:00:00 +01:00
509,NL,STA-NL00016,PM10,14.5,µg/m3,2015-06-21 01:00:00 +01:00
510,NL,STA-NL00016,PM10,28.9,µg/m3,2015-06-17 07:00:00 +01:00
511,NL,STA-NL00016,PM10,14.8,µg/m3,2015-06-17 20:00:00 +01:00
512,NL,STA-NL00016,PM10,10.1,µg/m3,2015-06-20 03:00:00 +01:00
513,NL,STA-NL00016,PM10,12.9,µg/m3,2015-06-19 08:00:00 +01:00
514,NL,STA-NL00016,PM10,7.4,µg/m3,2015-06-19 17:00:00 +01:00
515,NL,STA-NL00016,PM10,14.9,µg/m3,2015-06-19 02:00:00 +01:00
516,NL,STA-NL00016,PM10,12.7,µg/m3,2015-06-18 10:00:00 +01:00
517,NL,STA-NL00016,PM10,7.8,µg/m3,2015-06-20 01:00:00 +01:00
518,NL,STA-NL00016,PM10,16.6,µg/m3,2015-06-19 10:00:00 +01:00
519,NL,STA-NL00016,PM10,7.5,µg/m3,2015-06-22 14:00:00 +01:00
520,NL,STA-NL00016,PM10,5.5,µg/m3,2015-06-20 14:00:00 +01:00
521,NL,STA-NL00016,PM10,7.8,µg/m3,2015-06-22 10:00:00 +01:00
522,NL,STA-NL00016,PM10,8.8,µg/m3,2015-06-15 08:00:00 +01:00
523,NL,STA-NL00016,PM10,7.7,µg/m3,2015-06-16 12:00:00 +01:00
524,NL,STA-NL00016,PM10,11.1,µg/m3,2015-06-17 02:00:00 +01:00
525,NL,STA-NL00016,PM10,31.9,µg/m3,2015-06-17 11:00:00 +01:00
526,NL,STA-NL00016,PM10,32.9,µg/m3,2015-06-17 09:00:00 +01:00
527,NL,STA-NL00016,PM10,18.2,µg/m3,2015-06-17 14:00:00 +01:00
528,NL,STA-NL00016,PM10,4.6,µg/m3,2015-06-16 18:00:00 +01:00
529,NL,STA-NL00016,PM10,21.1,µg/m3,2015-06-18 00:00:00 +01:00
530,NL,STA-NL00016,PM10,13.2,µg/m3,2015-06-19 00:00:00 +01:00
531,NL,STA-NL00016,PM10,21.2,µg/m3,2015-06-14 19:00:00 +01:00
532,NL,STA-NL00016,PM10,41.8,µg/m3,2015-06-16 03:00:00 +01:00
533,NL,STA-NL00016,PM10,8.0,µg/m3,2015-06-14 23:00:00 +01:00
534,NL,STA-NL00016,PM10,25.0,µg/m3,2015-06-14 11:00:00 +01:00
535,NL,STA-NL00016,PM10,7.5,µg/m3,2015-06-13 05:00:00 +01:00
536,NL,STA-NL00016,PM10,23.0,µg/m3,2015-06-13 03:00:00 +01:00
537,NL,STA-NL00016,PM10,7.6,µg/m3,2015-06-11 10:00:00 +01:00
538,NL,STA-NL00016,PM10,8.0,µg/m3,2015-06-15 15:00:00 +01:00
539,NL,STA-NL00016,PM10,28.3,µg/m3,2015-06-13 15:00:00 +01:00
540,NL,STA-NL00016,PM10,24.7,µg/m3,2015-12-14 15:00:00 +01:00
541,NL,STA-NL00016,PM10,28.4,µg/m3,2015-12-14 12:00:00 +01:00
542,NL,STA-NL00016,PM10,38.8,µg/m3,2015-12-14 08:00:00 +01:00
543,NL,STA-NL00016,PM10,31.5,µg/m3,2015-12-14 07:00:00 +01:00
544,NL,STA-NL00016,PM10,18.3,µg/m3,2015-12-13 19:00:00 +01:00
545,NL,STA-NL00016,PM10,36.1,µg/m3,2015-12-14 04:00:00 +01:00
546,NL,STA-NL00016,PM10,32.9,µg/m3,2015-12-14 02:00:00 +01:00
547,NL,STA-NL00016,PM10,43.8,µg/m3,2015-12-15 02:00:00 +01:00
548,NL,STA-NL00016,PM10,25.4,µg/m3,2015-12-14 19:00:00 +01:00
549,NL,STA-NL00016,PM10,28.3,µg/m3,2015-12-14 16:00:00 +01:00
550,NL,STA-NL00016,PM10,27.0,µg/m3,2015-12-14 11:00:00 +01:00
551,NL,STA-NL00016,PM10,28.6,µg/m3,2015-12-19 14:00:00 +01:00
552,NL,STA-NL00016,PM10,24.3,µg/m3,2015-12-19 11:00:00 +01:00
553,NL,STA-NL00016,PM10,20.3,µg/m3,2015-12-19 15:00:00 +01:00
554,NL,STA-NL00016,PM10,23.4,µg/m3,2015-12-19 19:00:00 +01:00
555,NL,STA-NL00016,PM10,26.9,µg/m3,2015-12-19 21:00:00 +01:00
556,NL,STA-NL00016,PM10,22.0,µg/m3,2015-12-19 10:00:00 +01:00
557,NL,STA-NL00016,PM10,26.1,µg/m3,2015-12-19 12:00:00 +01:00
558,NL,STA-NL00016,PM10,28.8,µg/m3,2015-12-19 13:00:00 +01:00
559,NL,STA-NL00016,PM10,26.8,µg/m3,2015-12-19 00:00:00 +01:00
560,NL,STA-NL00016,PM10,22.1,µg/m3,2015-12-19 07:00:00 +01:00
561,NL,STA-NL00016,PM10,9.5,µg/m3,2015-02-22 18:00:00 +01:00
562,NL,STA-NL00016,PM10,29.5,µg/m3,2015-12-19 06:00:00 +01:00
563,NL,STA-NL00016,PM10,6.2,µg/m3,2015-02-22 02:00:00 +01:00
564,NL,STA-NL00016,PM10,5.4,µg/m3,2015-02-21 09:00:00 +01:00
565,NL,STA-NL00016,PM10,7.4,µg/m3,2015-02-21 21:00:00 +01:00
566,NL,STA-NL00016,PM10,20.8,µg/m3,2015-12-18 20:00:00 +01:00
567,NL,STA-NL00016,PM10,6.0,µg/m3,2015-02-21 22:00:00 +01:00
568,NL,STA-NL00016,PM10,24.5,µg/m3,2015-12-18 23:00:00 +01:00
569,NL,STA-NL00016,PM10,25.1,µg/m3,2015-12-19 02:00:00 +01:00
570,NL,STA-NL00016,PM10,22.6,µg/m3,2015-12-18 09:00:00 +01:00
571,NL,STA-NL00016,PM10,32.6,µg/m3,2015-12-18 03:00:00 +01:00
572,NL,STA-NL00016,PM10,34.6,µg/m3,2015-02-19 17:00:00 +01:00
574,NL,STA-NL00016,PM10,25.8,µg/m3,2015-12-18 08:00:00 +01:00
575,NL,STA-NL00016,PM10,42.8,µg/m3,2015-02-19 09:00:00 +01:00
576,NL,STA-NL00016,PM10,40.5,µg/m3,2015-12-17 15:00:00 +01:00
577,NL,STA-NL00016,PM10,35.3,µg/m3,2015-12-18 04:00:00 +01:00
578,NL,STA-NL00016,PM10,30.6,µg/m3,2015-12-18 05:00:00 +01:00
579,NL,STA-NL00016,PM10,22.4,µg/m3,2015-02-18 13:00:00 +01:00
580,NL,STA-NL00016,PM10,26.4,µg/m3,2015-12-17 20:00:00 +01:00
581,NL,STA-NL00016,PM10,9.4,µg/m3,2015-02-20 17:00:00 +01:00
582,NL,STA-NL00016,PM10,26.1,µg/m3,2015-12-19 03:00:00 +01:00
583,NL,STA-NL00016,PM10,0.4,µg/m3,2015-02-21 02:00:00 +01:00
584,NL,STA-NL00016,PM10,16.7,µg/m3,2015-02-21 05:00:00 +01:00
585,NL,STA-NL00016,PM10,1.9,µg/m3,2015-02-20 21:00:00 +01:00
586,NL,STA-NL00016,PM10,23.1,µg/m3,2015-12-18 15:00:00 +01:00
587,NL,STA-NL00016,PM10,18.1,µg/m3,2015-02-20 05:00:00 +01:00
588,NL,STA-NL00016,PM10,23.2,µg/m3,2015-12-18 00:00:00 +01:00
589,NL,STA-NL00016,PM10,18.4,µg/m3,2015-12-17 22:00:00 +01:00
590,NL,STA-NL00016,PM10,24.4,µg/m3,2015-02-20 01:00:00 +01:00
591,NL,STA-NL00016,PM10,21.2,µg/m3,2015-12-18 11:00:00 +01:00
592,NL,STA-NL00016,PM10,16.8,µg/m3,2015-02-20 09:00:00 +01:00
593,NL,STA-NL00016,PM10,19.9,µg/m3,2015-12-18 13:00:00 +01:00
594,NL,STA-NL00016,PM10,3.7,µg/m3,2015-12-21 09:00:00 +01:00
595,NL,STA-NL00016,PM10,27.5,µg/m3,2015-12-19 20:00:00 +01:00
596,NL,STA-NL00016,PM10,6.8,µg/m3,2015-03-02 00:00:00 +01:00
597,NL,STA-NL00016,PM10,19.2,µg/m3,2015-03-01 08:00:00 +01:00
598,NL,STA-NL00016,PM10,9.6,µg/m3,2015-12-21 00:00:00 +01:00
599,NL,STA-NL00016,PM10,12.7,µg/m3,2015-12-21 01:00:00 +01:00
600,NL,STA-NL00016,PM10,6.1,µg/m3,2015-12-21 05:00:00 +01:00
601,NL,STA-NL00016,PM10,17.8,µg/m3,2015-12-20 21:00:00 +01:00
602,NL,STA-NL00016,PM10,23.7,µg/m3,2015-02-28 04:00:00 +01:00
603,NL,STA-NL00016,PM10,20.0,µg/m3,2015-02-27 20:00:00 +01:00
604,NL,STA-NL00016,PM10,28.8,µg/m3,2015-02-28 08:00:00 +01:00
605,NL,STA-NL00016,PM10,6.5,µg/m3,2015-12-21 04:00:00 +01:00
606,NL,STA-NL00016,PM10,23.0,µg/m3,2015-12-20 19:00:00 +01:00
607,NL,STA-NL00016,PM10,7.0,µg/m3,2015-12-20 23:00:00 +01:00
608,NL,STA-NL00016,PM10,25.0,µg/m3,2015-12-20 03:00:00 +01:00
609,NL,STA-NL00016,PM10,24.5,µg/m3,2015-12-20 02:00:00 +01:00
610,NL,STA-NL00016,PM10,21.9,µg/m3,2015-12-20 01:00:00 +01:00
611,NL,STA-NL00016,PM10,21.8,µg/m3,2015-12-19 22:00:00 +01:00
612,NL,STA-NL00016,PM10,20.6,µg/m3,2015-12-18 19:00:00 +01:00
613,NL,STA-NL00016,PM10,21.0,µg/m3,2015-12-20 10:00:00 +01:00
614,NL,STA-NL00016,PM10,27.4,µg/m3,2015-12-19 18:00:00 +01:00
615,NL,STA-NL00016,PM10,17.1,µg/m3,2015-02-27 03:00:00 +01:00
616,NL,STA-NL00016,PM10,29.3,µg/m3,2015-12-20 13:00:00 +01:00
617,NL,STA-NL00016,PM10,6.3,µg/m3,2015-02-26 19:00:00 +01:00
618,NL,STA-NL00016,PM10,38.4,µg/m3,2015-02-26 11:00:00 +01:00
619,NL,STA-NL00016,PM10,40.0,µg/m3,2015-02-26 07:00:00 +01:00
620,NL,STA-NL00016,PM10,18.9,µg/m3,2015-12-20 06:00:00 +01:00
621,NL,STA-NL00016,PM10,23.5,µg/m3,2015-12-20 05:00:00 +01:00
622,NL,STA-NL00016,PM10,16.0,µg/m3,2015-12-20 08:00:00 +01:00
623,NL,STA-NL00016,PM10,21.1,µg/m3,2015-04-20 10:00:00 +01:00
624,NL,STA-NL00016,PM10,12.7,µg/m3,2015-04-19 22:00:00 +01:00
625,NL,STA-NL00016,PM10,7.2,µg/m3,2015-04-19 18:00:00 +01:00
626,NL,STA-NL00016,PM10,13.1,µg/m3,2015-04-19 01:00:00 +01:00
627,NL,STA-NL00016,PM10,13.9,µg/m3,2015-04-19 14:00:00 +01:00
628,NL,STA-NL00016,PM10,7.3,µg/m3,2015-04-16 06:00:00 +01:00
629,NL,STA-NL00016,PM10,9.7,µg/m3,2015-04-19 10:00:00 +01:00
630,NL,STA-NL00016,PM10,16.9,µg/m3,2015-04-18 22:00:00 +01:00
631,NL,STA-NL00016,PM10,11.0,µg/m3,2015-04-19 06:00:00 +01:00
632,NL,STA-NL00016,PM10,28.0,µg/m3,2015-04-15 01:00:00 +01:00
633,NL,STA-NL00016,PM10,17.6,µg/m3,2015-04-19 02:00:00 +01:00
634,NL,STA-NL00016,PM10,9.6,µg/m3,2015-04-20 14:00:00 +01:00
635,NL,STA-NL00016,PM10,24.4,µg/m3,2015-04-20 18:00:00 +01:00
636,NL,STA-NL00016,PM10,16.4,µg/m3,2015-04-20 06:00:00 +01:00
637,NL,STA-NL00016,PM10,21.2,µg/m3,2015-04-14 17:00:00 +01:00
638,NL,STA-NL00016,PM10,13.6,µg/m3,2015-04-16 13:00:00 +01:00
639,NL,STA-NL00016,PM10,12.9,µg/m3,2015-04-15 13:00:00 +01:00
640,NL,STA-NL00016,PM10,9.0,µg/m3,2015-04-16 10:00:00 +01:00
641,NL,STA-NL00016,PM10,39.1,µg/m3,2015-04-15 09:00:00 +01:00
642,NL,STA-NL00016,PM10,4.3,µg/m3,2015-04-16 21:00:00 +01:00
643,NL,STA-NL00016,PM10,1.6,µg/m3,2015-04-16 18:00:00 +01:00
644,NL,STA-NL00016,PM10,3.2,µg/m3,2015-04-16 22:00:00 +01:00
645,NL,STA-NL00016,PM10,23.4,µg/m3,2015-04-16 01:00:00 +01:00
646,NL,STA-NL00016,PM10,5.3,µg/m3,2015-04-16 17:00:00 +01:00
647,NL,STA-NL00016,PM10,8.3,µg/m3,2015-04-16 14:00:00 +01:00
648,NL,STA-NL00016,PM10,3.1,µg/m3,2015-04-17 01:00:00 +01:00
649,NL,STA-NL00016,PM10,6.0,µg/m3,2015-04-17 10:00:00 +01:00
650,NL,STA-NL00016,PM10,18.9,µg/m3,2015-04-15 17:00:00 +01:00
651,NL,STA-NL00016,PM10,10.6,µg/m3,2015-04-18 10:00:00 +01:00
652,NL,STA-NL00016,PM10,14.6,µg/m3,2015-04-17 18:00:00 +01:00
653,NL,STA-NL00016,PM10,10.9,µg/m3,2015-04-17 14:00:00 +01:00
654,NL,STA-NL00016,PM10,9.5,µg/m3,2015-04-13 21:00:00 +01:00
655,NL,STA-NL00016,PM10,26.3,µg/m3,2015-04-15 05:00:00 +01:00
657,NL,STA-NL00016,PM10,13.3,µg/m3,2015-04-06 01:00:00 +01:00
658,NL,STA-NL00016,PM10,5.6,µg/m3,2015-04-06 06:00:00 +01:00
659,NL,STA-NL00016,PM10,12.0,µg/m3,2015-04-06 02:00:00 +01:00
660,NL,STA-NL00016,PM10,52.7,µg/m3,2015-04-10 15:00:00 +01:00
661,NL,STA-NL00016,PM10,40.2,µg/m3,2015-04-10 03:00:00 +01:00
662,NL,STA-NL00016,PM10,54.7,µg/m3,2015-04-10 11:00:00 +01:00
663,NL,STA-NL00016,PM10,47.3,µg/m3,2015-04-10 07:00:00 +01:00
665,NL,STA-NL00016,PM10,30.3,µg/m3,2015-04-09 07:00:00 +01:00
666,NL,STA-NL00016,PM10,29.2,µg/m3,2015-04-09 11:00:00 +01:00
667,NL,STA-NL00016,PM10,12.9,µg/m3,2015-04-11 20:00:00 +01:00
668,NL,STA-NL00016,PM10,68.9,µg/m3,2015-04-11 03:00:00 +01:00
669,NL,STA-NL00016,PM10,27.1,µg/m3,2015-04-09 23:00:00 +01:00
670,NL,STA-NL00016,PM10,46.9,µg/m3,2015-04-11 04:00:00 +01:00
671,NL,STA-NL00016,PM10,55.5,µg/m3,2015-04-10 19:00:00 +01:00
672,NL,STA-NL00016,PM10,80.5,µg/m3,2015-04-10 23:00:00 +01:00
673,NL,STA-NL00016,PM10,15.2,µg/m3,2015-03-23 21:00:00 +01:00
674,NL,STA-NL00016,PM10,30.2,µg/m3,2015-12-28 15:00:00 +01:00
675,NL,STA-NL00016,PM10,28.9,µg/m3,2015-03-24 02:00:00 +01:00
676,NL,STA-NL00016,PM10,47.6,µg/m3,2015-12-28 12:00:00 +01:00
677,NL,STA-NL00016,PM10,19.1,µg/m3,2015-12-28 19:00:00 +01:00
678,NL,STA-NL00016,PM10,23.6,µg/m3,2015-12-28 21:00:00 +01:00
679,NL,STA-NL00016,PM10,50.0,µg/m3,2015-03-24 10:00:00 +01:00
680,NL,STA-NL00016,PM10,25.4,µg/m3,2015-03-24 18:00:00 +01:00
681,NL,STA-NL00016,PM10,13.2,µg/m3,2015-12-28 20:00:00 +01:00
682,NL,STA-NL00016,PM10,21.3,µg/m3,2015-03-23 14:00:00 +01:00
683,NL,STA-NL00016,PM10,23.4,µg/m3,2015-03-23 05:00:00 +01:00
684,NL,STA-NL00016,PM10,27.0,µg/m3,2015-03-23 22:00:00 +01:00
685,NL,STA-NL00016,PM10,16.7,µg/m3,2015-03-23 17:00:00 +01:00
686,NL,STA-NL00016,PM10,34.2,µg/m3,2015-03-24 05:00:00 +01:00
687,NL,STA-NL00016,PM10,26.4,µg/m3,2015-12-28 18:00:00 +01:00
688,NL,STA-NL00016,PM10,24.4,µg/m3,2015-12-28 09:00:00 +01:00
689,NL,STA-NL00016,PM10,28.5,µg/m3,2015-12-28 17:00:00 +01:00
690,NL,STA-NL00016,PM10,44.4,µg/m3,2015-12-28 13:00:00 +01:00
691,NL,STA-NL00016,PM10,27.3,µg/m3,2015-12-28 16:00:00 +01:00
692,NL,STA-NL00016,PM10,15.4,µg/m3,2015-03-23 18:00:00 +01:00
693,NL,STA-NL00016,PM10,35.5,µg/m3,2015-03-24 06:00:00 +01:00
694,NL,STA-NL00016,PM10,18.7,µg/m3,2015-12-29 00:00:00 +01:00
695,NL,STA-NL00016,PM10,13.3,µg/m3,2015-12-29 04:00:00 +01:00
696,NL,STA-NL00016,PM10,41.4,µg/m3,2015-03-25 10:00:00 +01:00
697,NL,STA-NL00016,PM10,17.3,µg/m3,2015-12-29 03:00:00 +01:00
698,NL,STA-NL00016,PM10,15.2,µg/m3,2015-12-29 06:00:00 +01:00
699,NL,STA-NL00016,PM10,16.8,µg/m3,2015-12-29 05:00:00 +01:00
700,NL,STA-NL00016,PM10,16.1,µg/m3,2015-12-29 07:00:00 +01:00
701,NL,STA-NL00016,PM10,21.0,µg/m3,2015-12-29 12:00:00 +01:00
702,NL,STA-NL00016,PM10,17.8,µg/m3,2015-12-28 23:00:00 +01:00
703,NL,STA-NL00016,PM10,19.4,µg/m3,2015-12-29 08:00:00 +01:00
704,NL,STA-NL00016,PM10,21.4,µg/m3,2015-12-29 19:00:00 +01:00
705,NL,STA-NL00016,PM10,19.6,µg/m3,2015-12-29 20:00:00 +01:00
706,NL,STA-NL00016,PM10,23.7,µg/m3,2015-12-29 11:00:00 +01:00
707,NL,STA-NL00016,PM10,17.1,µg/m3,2015-12-29 16:00:00 +01:00
708,NL,STA-NL00016,PM10,21.0,µg/m3,2015-12-29 10:00:00 +01:00
709,NL,STA-NL00016,PM10,24.2,µg/m3,2015-12-29 15:00:00 +01:00
710,NL,STA-NL00016,PM10,14.9,µg/m3,2015-12-30 03:00:00 +01:00
711,NL,STA-NL00016,PM10,12.5,µg/m3,2015-12-30 07:00:00 +01:00
712,NL,STA-NL00016,PM10,19.3,µg/m3,2015-12-30 00:00:00 +01:00
713,NL,STA-NL00016,PM10,12.5,µg/m3,2015-12-30 06:00:00 +01:00
714,NL,STA-NL00016,PM10,8.5,µg/m3,2015-03-27 07:00:00 +01:00
715,NL,STA-NL00016,PM10,14.0,µg/m3,2015-12-30 08:00:00 +01:00
716,NL,STA-NL00016,PM10,19.3,µg/m3,2015-12-29 23:00:00 +01:00
717,NL,STA-NL00016,PM10,17.3,µg/m3,2015-12-30 04:00:00 +01:00
718,NL,STA-NL00016,PM10,7.4,µg/m3,2015-03-30 16:00:00 +01:00
719,NL,STA-NL00016,PM10,22.5,µg/m3,2015-12-31 16:00:00 +01:00
720,NL,STA-NL00016,PM10,2.7,µg/m3,2015-03-31 00:00:00 +01:00
721,NL,STA-NL00016,PM10,10.6,µg/m3,2015-12-31 13:00:00 +01:00
722,NL,STA-NL00016,PM10,6.3,µg/m3,2015-03-30 00:00:00 +01:00
723,NL,STA-NL00016,PM10,15.9,µg/m3,2015-12-31 10:00:00 +01:00
724,NL,STA-NL00016,PM10,13.1,µg/m3,2015-03-30 08:00:00 +01:00
725,NL,STA-NL00016,PM10,35.6,µg/m3,2015-12-31 18:00:00 +01:00
726,NL,STA-NL00016,PM10,25.8,µg/m3,2015-12-30 22:00:00 +01:00
727,NL,STA-NL00016,PM10,21.4,µg/m3,2015-12-30 23:00:00 +01:00
728,NL,STA-NL00016,PM10,19.1,µg/m3,2015-03-29 04:00:00 +01:00
729,NL,STA-NL00016,PM10,4.4,µg/m3,2015-03-29 12:00:00 +01:00
730,NL,STA-NL00016,PM10,15.8,µg/m3,2015-03-29 16:00:00 +01:00
731,NL,STA-NL00016,PM10,6.3,µg/m3,2015-03-30 04:00:00 +01:00
732,NL,STA-NL00016,PM10,15.9,µg/m3,2015-12-31 09:00:00 +01:00
733,NL,STA-NL00016,PM10,10.2,µg/m3,2015-12-30 15:00:00 +01:00
734,NL,STA-NL00016,PM10,11.0,µg/m3,2015-12-30 11:00:00 +01:00
735,NL,STA-NL00016,PM10,24.6,µg/m3,2015-03-27 23:00:00 +01:00
736,NL,STA-NL00016,PM10,9.5,µg/m3,2015-12-30 10:00:00 +01:00
737,NL,STA-NL00016,PM10,17.8,µg/m3,2015-03-27 15:00:00 +01:00
738,NL,STA-NL00016,PM10,17.0,µg/m3,2015-03-27 11:00:00 +01:00
739,NL,STA-NL00016,PM10,20.7,µg/m3,2015-03-27 19:00:00 +01:00
740,NL,STA-NL00016,PM10,16.5,µg/m3,2015-12-30 19:00:00 +01:00
741,NL,STA-NL00016,PM10,16.0,µg/m3,2015-12-30 18:00:00 +01:00
742,NL,STA-NL00016,PM10,2.6,µg/m3,2015-03-28 20:00:00 +01:00
743,NL,STA-NL00016,PM10,25.4,µg/m3,2015-03-28 03:00:00 +01:00
744,NL,STA-NL00016,PM10,27.0,µg/m3,2015-03-28 07:00:00 +01:00
745,NL,STA-NL00016,PM10,9.3,µg/m3,2015-12-30 14:00:00 +01:00
746,NL,STA-NL00016,PM10,15.0,µg/m3,2015-03-28 12:00:00 +01:00
747,NL,STA-NL00016,PM10,4.6,µg/m3,2015-03-29 00:00:00 +01:00
748,NL,STA-NL00016,PM10,24.4,µg/m3,2015-12-31 03:00:00 +01:00
749,NL,STA-NL00016,PM10,25.1,µg/m3,2015-12-30 21:00:00 +01:00
750,NL,STA-NL00016,PM10,2.7,µg/m3,2015-03-28 23:00:00 +01:00
751,NL,STA-NL00016,PM10,17.2,µg/m3,2015-03-29 08:00:00 +01:00
752,NL,STA-NL00016,PM10,18.8,µg/m3,2015-12-31 05:00:00 +01:00
753,NL,STA-NL00016,PM10,6.2,µg/m3,2015-03-28 16:00:00 +01:00
754,NL,STA-NL00016,PM10,12.8,µg/m3,2015-12-31 06:00:00 +01:00
755,NL,STA-NL00016,PM10,22.0,µg/m3,2015-12-31 02:00:00 +01:00
756,NL,STA-NL00016,PM10,25.5,µg/m3,2015-12-31 17:00:00 +01:00
757,NL,STA-NL00016,PM10,46.3,µg/m3,2015-12-31 21:00:00 +01:00
758,NL,STA-NL00016,PM10,15.3,µg/m3,2015-04-03 05:00:00 +01:00
759,NL,STA-NL00016,PM10,18.3,µg/m3,2015-04-03 09:00:00 +01:00
760,NL,STA-NL00016,PM10,16.7,µg/m3,2015-04-02 13:00:00 +01:00
761,NL,STA-NL00016,PM10,12.9,µg/m3,2015-04-03 01:00:00 +01:00
762,NL,STA-NL00016,PM10,8.6,µg/m3,2015-04-02 21:00:00 +01:00
763,NL,STA-NL00016,PM10,12.5,µg/m3,2015-04-02 17:00:00 +01:00
764,NL,STA-NL00016,PM10,17.0,µg/m3,2015-04-03 21:00:00 +01:00
765,NL,STA-NL00016,PM10,16.1,µg/m3,2015-04-03 13:00:00 +01:00
766,NL,STA-NL00016,PM10,13.6,µg/m3,2015-04-04 18:00:00 +01:00
767,NL,STA-NL00016,PM10,7.2,µg/m3,2015-04-04 09:00:00 +01:00
768,NL,STA-NL00016,PM10,7.1,µg/m3,2015-04-04 01:00:00 +01:00
769,NL,STA-NL00016,PM10,18.7,µg/m3,2015-04-04 22:00:00 +01:00
770,NL,STA-NL00016,PM10,8.9,µg/m3,2015-04-04 10:00:00 +01:00
771,NL,STA-NL00016,PM10,6.2,µg/m3,2015-04-04 14:00:00 +01:00
772,NL,STA-NL00016,PM10,6.2,µg/m3,2015-04-04 05:00:00 +01:00
773,NL,STA-NL00016,PM10,5.5,µg/m3,2015-04-05 10:00:00 +01:00
774,NL,STA-NL00016,PM10,15.5,µg/m3,2015-04-05 22:00:00 +01:00
775,NL,STA-NL00016,PM10,-1.9,µg/m3,2015-04-29 22:00:00 +01:00
776,NL,STA-NL00016,PM10,15.9,µg/m3,2015-04-29 13:00:00 +01:00
777,NL,STA-NL00016,PM10,14.8,µg/m3,2015-04-29 05:00:00 +01:00
778,NL,STA-NL00016,PM10,18.3,µg/m3,2015-04-30 06:00:00 +01:00
779,NL,STA-NL00016,PM10,7.5,µg/m3,2015-04-30 02:00:00 +01:00
780,NL,STA-NL00016,PM10,15.1,µg/m3,2015-04-29 14:00:00 +01:00
781,NL,STA-NL00016,PM10,7.9,µg/m3,2015-04-29 18:00:00 +01:00
782,NL,STA-NL00016,PM10,6.2,µg/m3,2015-05-02 23:00:00 +01:00
783,NL,STA-NL00016,PM10,6.5,µg/m3,2015-05-02 15:00:00 +01:00
784,NL,STA-NL00016,PM10,8.4,µg/m3,2015-05-02 19:00:00 +01:00
785,NL,STA-NL00016,PM10,4.8,µg/m3,2015-05-02 11:00:00 +01:00
786,NL,STA-NL00016,PM10,24.6,µg/m3,2015-05-03 07:00:00 +01:00
787,NL,STA-NL00016,PM10,13.2,µg/m3,2015-05-05 07:00:00 +01:00
788,NL,STA-NL00016,PM10,3.5,µg/m3,2015-05-04 15:00:00 +01:00
789,NL,STA-NL00016,PM10,10.2,µg/m3,2015-05-03 11:00:00 +01:00
790,NL,STA-NL00016,PM10,0.8,µg/m3,2015-05-03 15:00:00 +01:00
791,NL,STA-NL00016,PM10,2.6,µg/m3,2015-05-03 19:00:00 +01:00
792,NL,STA-NL00016,PM10,28.0,µg/m3,2015-04-24 03:00:00 +01:00
793,NL,STA-NL00016,PM10,59.4,µg/m3,2015-04-24 08:00:00 +01:00
794,NL,STA-NL00016,PM10,67.2,µg/m3,2015-04-24 11:00:00 +01:00
795,NL,STA-NL00016,PM10,28.9,µg/m3,2015-04-25 11:00:00 +01:00
796,NL,STA-NL00016,PM10,20.8,µg/m3,2015-04-25 12:00:00 +01:00
797,NL,STA-NL00016,PM10,18.5,µg/m3,2015-04-24 15:00:00 +01:00
798,NL,STA-NL00016,PM10,8.6,µg/m3,2015-04-25 23:00:00 +01:00
799,NL,STA-NL00016,PM10,6.2,µg/m3,2015-04-25 19:00:00 +01:00
800,NL,STA-NL00016,PM10,16.6,µg/m3,2015-04-25 04:00:00 +01:00
801,NL,STA-NL00016,PM10,8.0,µg/m3,2015-04-27 08:00:00 +01:00
802,NL,STA-NL00016,PM10,3.7,µg/m3,2015-04-26 20:00:00 +01:00
803,NL,STA-NL00016,PM10,10.6,µg/m3,2015-04-26 04:00:00 +01:00
804,NL,STA-NL00016,PM10,9.5,µg/m3,2015-04-26 03:00:00 +01:00
805,NL,STA-NL00016,PM10,1.0,µg/m3,2015-04-26 16:00:00 +01:00
806,NL,STA-NL00016,PM10,13.7,µg/m3,2015-04-27 04:00:00 +01:00
807,NL,STA-NL00016,PM10,17.2,µg/m3,2015-05-06 07:00:00 +01:00
808,NL,STA-NL00016,PM10,8.8,µg/m3,2015-05-06 12:00:00 +01:00
809,NL,STA-NL00016,PM10,19.8,µg/m3,2015-05-05 15:00:00 +01:00
810,NL,STA-NL00016,PM10,5.6,µg/m3,2015-05-04 11:00:00 +01:00
811,NL,STA-NL00016,PM10,5.7,µg/m3,2015-05-04 19:00:00 +01:00
812,NL,STA-NL00016,PM10,11.8,µg/m3,2015-05-04 03:00:00 +01:00
813,NL,STA-NL00016,PM10,20.7,µg/m3,2015-05-06 16:00:00 +01:00
814,NL,STA-NL00016,PM10,7.9,µg/m3,2015-05-06 11:00:00 +01:00
815,NL,STA-NL00016,PM10,9.2,µg/m3,2015-05-06 08:00:00 +01:00
816,NL,STA-NL00016,PM10,6.0,µg/m3,2015-05-06 03:00:00 +01:00
817,NL,STA-NL00016,PM10,23.2,µg/m3,2015-05-07 00:00:00 +01:00
818,NL,STA-NL00016,PM10,14.8,µg/m3,2015-05-06 20:00:00 +01:00
819,NL,STA-NL00016,PM10,17.2,µg/m3,2015-05-08 18:00:00 +01:00
820,NL,STA-NL00016,PM10,10.0,µg/m3,2015-05-09 02:00:00 +01:00
821,NL,STA-NL00016,PM10,14.5,µg/m3,2015-05-08 22:00:00 +01:00
823,NL,STA-NL00016,PM10,5.1,µg/m3,2015-05-14 21:00:00 +01:00
824,NL,STA-NL00016,PM10,7.7,µg/m3,2015-05-14 13:00:00 +01:00
825,NL,STA-NL00016,PM10,15.1,µg/m3,2015-05-14 01:00:00 +01:00
826,NL,STA-NL00016,PM10,15.5,µg/m3,2015-01-04 00:00:00 +01:00
827,NL,STA-NL00016,PM10,3.5,µg/m3,2015-05-14 09:00:00 +01:00
828,NL,STA-NL00016,PM10,17.4,µg/m3,2015-05-13 13:00:00 +01:00
829,NL,STA-NL00016,PM10,24.1,µg/m3,2015-05-15 06:00:00 +01:00
830,NL,STA-NL00016,PM10,23.1,µg/m3,2015-05-15 09:00:00 +01:00
831,NL,STA-NL00016,PM10,22.4,µg/m3,2015-05-15 17:00:00 +01:00
832,NL,STA-NL00016,PM10,11.5,µg/m3,2015-05-15 01:00:00 +01:00
833,NL,STA-NL00016,PM10,18.0,µg/m3,2015-05-15 05:00:00 +01:00
834,NL,STA-NL00016,PM10,16.2,µg/m3,2015-05-15 21:00:00 +01:00
835,NL,STA-NL00016,PM10,14.2,µg/m3,2015-05-16 13:00:00 +01:00
836,NL,STA-NL00016,PM10,16.0,µg/m3,2015-05-16 01:00:00 +01:00
837,NL,STA-NL00016,PM10,14.6,µg/m3,2015-05-16 14:00:00 +01:00
838,NL,STA-NL00016,PM10,15.0,µg/m3,2015-05-17 21:00:00 +01:00
839,NL,STA-NL00016,PM10,8.1,µg/m3,2015-05-17 17:00:00 +01:00
840,NL,STA-NL00016,PM10,20.5,µg/m3,2015-01-06 10:00:00 +01:00
841,NL,STA-NL00016,PM10,6.3,µg/m3,2015-05-14 17:00:00 +01:00
842,NL,STA-NL00016,PM10,27.5,µg/m3,2015-01-05 17:00:00 +01:00
843,NL,STA-NL00016,PM10,28.0,µg/m3,2015-05-16 05:00:00 +01:00
844,NL,STA-NL00016,PM10,35.6,µg/m3,2015-01-05 13:00:00 +01:00
845,NL,STA-NL00016,PM10,18.1,µg/m3,2015-01-02 23:00:00 +01:00
846,NL,STA-NL00016,PM10,17.7,µg/m3,2015-05-13 09:00:00 +01:00
847,NL,STA-NL00016,PM10,8.8,µg/m3,2015-05-13 17:00:00 +01:00
848,NL,STA-NL00016,PM10,14.5,µg/m3,2015-05-13 21:00:00 +01:00
849,NL,STA-NL00016,PM10,6.1,µg/m3,2015-01-03 12:00:00 +01:00
850,NL,STA-NL00016,PM10,7.7,µg/m3,2015-01-03 16:00:00 +01:00
851,NL,STA-NL00016,PM10,19.4,µg/m3,2015-01-03 07:00:00 +01:00
852,NL,STA-NL00016,PM10,10.3,µg/m3,2015-05-11 16:00:00 +01:00
853,NL,STA-NL00016,PM10,19.1,µg/m3,2015-01-01 18:00:00 +01:00
854,NL,STA-NL00016,PM10,15.8,µg/m3,2015-05-11 04:00:00 +01:00
855,NL,STA-NL00016,PM10,8.0,µg/m3,2015-05-11 20:00:00 +01:00
856,NL,STA-NL00016,PM10,7.7,µg/m3,2015-05-12 00:00:00 +01:00
857,NL,STA-NL00016,PM10,25.7,µg/m3,2015-01-01 14:00:00 +01:00
858,NL,STA-NL00016,PM10,0.9,µg/m3,2015-01-14 11:00:00 +01:00
859,NL,STA-NL00016,PM10,13.1,µg/m3,2015-05-25 10:00:00 +01:00
860,NL,STA-NL00016,PM10,-0.1,µg/m3,2015-01-13 11:00:00 +01:00
861,NL,STA-NL00016,PM10,1.6,µg/m3,2015-01-14 03:00:00 +01:00
862,NL,STA-NL00016,PM10,6.1,µg/m3,2015-05-25 14:00:00 +01:00
863,NL,STA-NL00016,PM10,15.4,µg/m3,2015-05-24 18:00:00 +01:00
864,NL,STA-NL00016,PM10,16.2,µg/m3,2015-05-24 22:00:00 +01:00
865,NL,STA-NL00016,PM10,6.1,µg/m3,2015-01-16 00:00:00 +01:00
866,NL,STA-NL00016,PM10,1.8,µg/m3,2015-01-15 04:00:00 +01:00
867,NL,STA-NL00016,PM10,-0.1,µg/m3,2015-01-15 08:00:00 +01:00
868,NL,STA-NL00016,PM10,10.3,µg/m3,2015-05-24 01:00:00 +01:00
869,NL,STA-NL00016,PM10,15.6,µg/m3,2015-01-10 13:00:00 +01:00
870,NL,STA-NL00016,PM10,16.5,µg/m3,2015-01-12 11:00:00 +01:00
871,NL,STA-NL00016,PM10,2.4,µg/m3,2015-01-13 04:00:00 +01:00
872,NL,STA-NL00016,PM10,15.7,µg/m3,2015-05-24 10:00:00 +01:00
873,NL,STA-NL00016,PM10,29.0,µg/m3,2015-05-25 01:00:00 +01:00
874,NL,STA-NL00016,PM10,0.4,µg/m3,2015-01-12 23:00:00 +01:00
875,NL,STA-NL00016,PM10,-0.3,µg/m3,2015-01-13 07:00:00 +01:00
876,NL,STA-NL00016,PM10,34.7,µg/m3,2015-01-06 14:00:00 +01:00
877,NL,STA-NL00016,PM10,7.7,µg/m3,2015-05-17 13:00:00 +01:00
878,NL,STA-NL00016,PM10,15.4,µg/m3,2015-05-18 02:00:00 +01:00
879,NL,STA-NL00016,PM10,18.9,µg/m3,2015-05-18 01:00:00 +01:00
880,NL,STA-NL00016,PM10,27.0,µg/m3,2015-05-18 09:00:00 +01:00
881,NL,STA-NL00016,PM10,20.4,µg/m3,2015-05-18 05:00:00 +01:00
882,NL,STA-NL00016,PM10,19.8,µg/m3,2015-01-06 01:00:00 +01:00
883,NL,STA-NL00016,PM10,8.0,µg/m3,2015-05-17 09:00:00 +01:00
884,NL,STA-NL00016,PM10,19.0,µg/m3,2015-01-08 07:00:00 +01:00
885,NL,STA-NL00016,PM10,6.7,µg/m3,2015-05-19 22:00:00 +01:00
886,NL,STA-NL00016,PM10,6.6,µg/m3,2015-05-19 21:00:00 +01:00
887,NL,STA-NL00016,PM10,6.9,µg/m3,2015-05-20 01:00:00 +01:00
888,NL,STA-NL00016,PM10,10.2,µg/m3,2015-05-20 09:00:00 +01:00
889,NL,STA-NL00016,PM10,10.0,µg/m3,2015-01-08 11:00:00 +01:00
890,NL,STA-NL00016,PM10,11.1,µg/m3,2015-05-19 09:00:00 +01:00
891,NL,STA-NL00016,PM10,18.0,µg/m3,2015-01-07 23:00:00 +01:00
892,NL,STA-NL00016,PM10,11.2,µg/m3,2015-05-19 13:00:00 +01:00
893,NL,STA-NL00016,PM10,12.6,µg/m3,2015-01-07 19:00:00 +01:00
894,NL,STA-NL00016,PM10,27.9,µg/m3,2015-05-22 22:00:00 +01:00
895,NL,STA-NL00016,PM10,14.9,µg/m3,2015-01-10 17:00:00 +01:00
896,NL,STA-NL00016,PM10,30.2,µg/m3,2015-05-22 05:00:00 +01:00
897,NL,STA-NL00016,PM10,10.0,µg/m3,2015-01-10 22:00:00 +01:00
898,NL,STA-NL00016,PM10,15.2,µg/m3,2015-01-11 02:00:00 +01:00
899,NL,STA-NL00016,PM10,45.5,µg/m3,2015-05-22 09:00:00 +01:00
900,NL,STA-NL00016,PM10,10.6,µg/m3,2015-01-10 14:00:00 +01:00
901,NL,STA-NL00016,PM10,44.8,µg/m3,2015-05-22 10:00:00 +01:00
902,NL,STA-NL00016,PM10,16.2,µg/m3,2015-05-22 01:00:00 +01:00
904,NL,STA-NL00016,PM10,13.0,µg/m3,2015-05-20 22:00:00 +01:00
905,NL,STA-NL00016,PM10,15.5,µg/m3,2015-05-21 10:00:00 +01:00
906,NL,STA-NL00016,PM10,14.4,µg/m3,2015-05-20 06:00:00 +01:00
907,NL,STA-NL00016,PM10,15.8,µg/m3,2015-01-09 04:00:00 +01:00
908,NL,STA-NL00016,PM10,16.6,µg/m3,2015-01-08 20:00:00 +01:00
909,NL,STA-NL00016,PM10,21.2,µg/m3,2015-05-21 06:00:00 +01:00
910,NL,STA-NL00016,PM10,15.0,µg/m3,2015-01-08 23:00:00 +01:00
911,NL,STA-NL00016,PM10,7.9,µg/m3,2015-01-09 08:00:00 +01:00
912,NL,STA-NL00016,PM10,15.6,µg/m3,2015-01-18 21:00:00 +01:00
913,NL,STA-NL00016,PM10,15.3,µg/m3,2015-01-19 01:00:00 +01:00
914,NL,STA-NL00016,PM10,23.4,µg/m3,2015-01-19 13:00:00 +01:00
915,NL,STA-NL00016,PM10,14.2,µg/m3,2015-01-19 05:00:00 +01:00
916,NL,STA-NL00016,PM10,25.7,µg/m3,2015-01-20 18:00:00 +01:00
917,NL,STA-NL00016,PM10,40.2,µg/m3,2015-01-19 09:00:00 +01:00
918,NL,STA-NL00016,PM10,10.3,µg/m3,2015-01-20 06:00:00 +01:00
919,NL,STA-NL00016,PM10,3.3,µg/m3,2015-01-18 17:00:00 +01:00
920,NL,STA-NL00016,PM10,14.0,µg/m3,2015-01-18 13:00:00 +01:00
921,NL,STA-NL00016,PM10,10.3,µg/m3,2015-01-19 21:00:00 +01:00
922,NL,STA-NL00016,PM10,41.8,µg/m3,2015-01-21 14:00:00 +01:00
923,NL,STA-NL00016,PM10,41.9,µg/m3,2015-01-21 02:00:00 +01:00
924,NL,STA-NL00016,PM10,11.6,µg/m3,2015-06-01 11:00:00 +01:00
925,NL,STA-NL00016,PM10,15.9,µg/m3,2015-06-01 16:00:00 +01:00
926,NL,STA-NL00016,PM10,12.8,µg/m3,2015-05-31 00:00:00 +01:00
927,NL,STA-NL00016,PM10,21.4,µg/m3,2015-01-20 13:00:00 +01:00
928,NL,STA-NL00016,PM10,28.8,µg/m3,2015-01-21 05:00:00 +01:00
929,NL,STA-NL00016,PM10,32.5,µg/m3,2015-01-21 06:00:00 +01:00
930,NL,STA-NL00016,PM10,10.5,µg/m3,2015-05-30 11:00:00 +01:00
931,NL,STA-NL00016,PM10,6.2,µg/m3,2015-05-30 20:00:00 +01:00
932,NL,STA-NL00016,PM10,16.9,µg/m3,2015-01-20 10:00:00 +01:00
933,NL,STA-NL00016,PM10,6.7,µg/m3,2015-05-30 15:00:00 +01:00
934,NL,STA-NL00016,PM10,34.1,µg/m3,2015-01-21 10:00:00 +01:00
936,NL,STA-NL00016,PM10,17.1,µg/m3,2015-05-31 04:00:00 +01:00
937,NL,STA-NL00016,PM10,14.4,µg/m3,2015-05-30 23:00:00 +01:00
938,NL,STA-NL00016,PM10,34.2,µg/m3,2015-01-21 18:00:00 +01:00
939,NL,STA-NL00016,PM10,29.4,µg/m3,2015-06-05 10:00:00 +01:00
940,NL,STA-NL00016,PM10,16.4,µg/m3,2015-06-06 22:00:00 +01:00
941,NL,STA-NL00016,PM10,3.1,µg/m3,2015-01-29 18:00:00 +01:00
942,NL,STA-NL00016,PM10,5.2,µg/m3,2015-01-30 06:00:00 +01:00
943,NL,STA-NL00016,PM10,10.1,µg/m3,2015-01-29 01:00:00 +01:00
944,NL,STA-NL00016,PM10,8.2,µg/m3,2015-01-29 09:00:00 +01:00
945,NL,STA-NL00016,PM10,9.3,µg/m3,2015-01-29 10:00:00 +01:00
946,NL,STA-NL00016,PM10,8.9,µg/m3,2015-01-29 02:00:00 +01:00
947,NL,STA-NL00016,PM10,24.4,µg/m3,2015-06-05 18:00:00 +01:00
948,NL,STA-NL00016,PM10,8.0,µg/m3,2015-01-29 05:00:00 +01:00
949,NL,STA-NL00016,PM10,8.6,µg/m3,2015-06-06 14:00:00 +01:00
950,NL,STA-NL00016,PM10,11.1,µg/m3,2015-06-06 18:00:00 +01:00
951,NL,STA-NL00016,PM10,15.3,µg/m3,2015-01-30 10:00:00 +01:00
952,NL,STA-NL00016,PM10,28.3,µg/m3,2015-01-27 12:00:00 +01:00
953,NL,STA-NL00016,PM10,18.3,µg/m3,2015-01-26 08:00:00 +01:00
954,NL,STA-NL00016,PM10,8.4,µg/m3,2015-01-26 12:00:00 +01:00
955,NL,STA-NL00016,PM10,21.5,µg/m3,2015-06-04 05:00:00 +01:00
956,NL,STA-NL00016,PM10,12.2,µg/m3,2015-06-04 13:00:00 +01:00
957,NL,STA-NL00016,PM10,10.0,µg/m3,2015-01-28 18:00:00 +01:00
958,NL,STA-NL00016,PM10,10.3,µg/m3,2015-01-28 21:00:00 +01:00
959,NL,STA-NL00016,PM10,9.4,µg/m3,2015-01-28 22:00:00 +01:00
960,NL,STA-NL00016,PM10,6.8,µg/m3,2015-01-29 06:00:00 +01:00
961,NL,STA-NL00016,PM10,40.7,µg/m3,2015-06-05 09:00:00 +01:00
962,NL,STA-NL00016,PM10,14.7,µg/m3,2015-01-24 11:00:00 +01:00
963,NL,STA-NL00016,PM10,14.7,µg/m3,2015-01-24 16:00:00 +01:00
964,NL,STA-NL00016,PM10,21.3,µg/m3,2015-01-25 00:00:00 +01:00
965,NL,STA-NL00016,PM10,28.5,µg/m3,2015-01-25 12:00:00 +01:00
966,NL,STA-NL00016,PM10,23.3,µg/m3,2015-01-24 19:00:00 +01:00
967,NL,STA-NL00016,PM10,23.6,µg/m3,2015-01-24 23:00:00 +01:00
968,NL,STA-NL00016,PM10,14.9,µg/m3,2015-06-02 12:00:00 +01:00
969,NL,STA-NL00016,PM10,24.1,µg/m3,2015-01-25 03:00:00 +01:00
970,NL,STA-NL00016,PM10,9.5,µg/m3,2015-06-02 08:00:00 +01:00
971,NL,STA-NL00016,PM10,13.7,µg/m3,2015-06-02 03:00:00 +01:00
972,NL,STA-NL00016,PM10,28.0,µg/m3,2015-01-26 03:00:00 +01:00
973,NL,STA-NL00016,PM10,33.7,µg/m3,2015-01-26 04:00:00 +01:00
974,NL,STA-NL00016,PM10,19.5,µg/m3,2015-01-27 04:00:00 +01:00
975,NL,STA-NL00016,PM10,20.4,µg/m3,2015-01-26 19:00:00 +01:00
976,NL,STA-NL00016,PM10,15.5,µg/m3,2015-01-27 16:00:00 +01:00
977,NL,STA-NL00016,PM10,23.4,µg/m3,2015-01-25 20:00:00 +01:00
978,NL,STA-NL00016,PM10,21.7,µg/m3,2015-01-27 08:00:00 +01:00
979,NL,STA-NL00016,PM10,15.3,µg/m3,2015-01-26 07:00:00 +01:00
980,NL,STA-NL00016,PM10,15.9,µg/m3,2015-01-25 16:00:00 +01:00
981,NL,STA-NL00016,PM10,21.1,µg/m3,2015-01-25 23:00:00 +01:00
982,NL,STA-NL00016,PM10,8.2,µg/m3,2015-01-26 11:00:00 +01:00
983,NL,STA-NL00016,PM10,14.5,µg/m3,2015-01-26 23:00:00 +01:00
984,NL,STA-NL00016,PM10,5.7,µg/m3,2015-02-01 07:00:00 +01:00
985,NL,STA-NL00016,PM10,17.8,µg/m3,2015-06-09 11:00:00 +01:00
986,NL,STA-NL00016,PM10,15.4,µg/m3,2015-06-09 15:00:00 +01:00
987,NL,STA-NL00016,PM10,20.2,µg/m3,2015-06-09 12:00:00 +01:00
988,NL,STA-NL00016,PM10,9.9,µg/m3,2015-02-01 19:00:00 +01:00
989,NL,STA-NL00016,PM10,13.7,µg/m3,2015-06-09 07:00:00 +01:00
990,NL,STA-NL00016,PM10,3.2,µg/m3,2015-02-02 08:00:00 +01:00
991,NL,STA-NL00016,PM10,6.0,µg/m3,2015-01-29 13:00:00 +01:00
992,NL,STA-NL00016,PM10,13.6,µg/m3,2015-06-07 19:00:00 +01:00
993,NL,STA-NL00016,PM10,14.3,µg/m3,2015-06-08 07:00:00 +01:00
994,NL,STA-NL00016,PM10,13.7,µg/m3,2015-01-29 14:00:00 +01:00
995,NL,STA-NL00016,PM10,25.3,µg/m3,2015-06-06 02:00:00 +01:00
996,NL,STA-NL00016,PM10,14.0,µg/m3,2015-06-09 03:00:00 +01:00
997,NL,STA-NL00016,PM10,18.2,µg/m3,2015-02-01 15:00:00 +01:00
998,NL,STA-NL00016,PM10,8.9,µg/m3,2015-02-01 12:00:00 +01:00
999,NL,STA-NL00016,PM10,13.1,µg/m3,2015-06-08 23:00:00 +01:00
1000,NL,STA-NL00016,PM10,20.8,µg/m3,2015-06-17 06:00:00 +01:00
1001,NL,STA-NL00016,PM10,9.8,µg/m3,2015-02-11 09:00:00 +01:00
1002,NL,STA-NL00016,PM10,27.5,µg/m3,2015-06-17 10:00:00 +01:00
1003,NL,STA-NL00016,PM10,13.6,µg/m3,2015-06-22 03:00:00 +01:00
1004,NL,STA-NL00016,PM10,11.7,µg/m3,2015-06-21 23:00:00 +01:00
1009,NL,STA-NL00016,PM10,5.6,µg/m3,2015-06-21 15:00:00 +01:00
1010,NL,STA-NL00016,PM10,37.4,µg/m3,2015-02-12 05:00:00 +01:00
1013,NL,STA-NL00016,PM10,68.8,µg/m3,2015-02-16 01:00:00 +01:00
1014,NL,STA-NL00016,PM10,14.9,µg/m3,2015-06-23 07:00:00 +01:00
1015,NL,STA-NL00016,PM10,50.7,µg/m3,2015-02-12 22:00:00 +01:00
1016,NL,STA-NL00016,PM10,47.3,µg/m3,2015-02-12 17:00:00 +01:00
1017,NL,STA-NL00016,PM10,50.5,µg/m3,2015-02-12 21:00:00 +01:00
1021,NL,STA-NL00016,PM10,12.4,µg/m3,2015-06-11 08:00:00 +01:00
1022,NL,STA-NL00016,PM10,12.9,µg/m3,2015-06-11 00:00:00 +01:00
1023,NL,STA-NL00016,PM10,24.7,µg/m3,2015-06-10 08:00:00 +01:00
1025,NL,STA-NL00016,PM10,9.0,µg/m3,2015-02-01 20:00:00 +01:00
1026,NL,STA-NL00016,PM10,7.7,µg/m3,2015-02-01 23:00:00 +01:00
1027,NL,STA-NL00016,PM10,11.0,µg/m3,2015-06-10 12:00:00 +01:00
1028,NL,STA-NL00016,PM10,13.1,µg/m3,2015-06-14 22:00:00 +01:00
1029,NL,STA-NL00016,PM10,8.4,µg/m3,2015-06-15 05:00:00 +01:00
1030,NL,STA-NL00016,PM10,8.8,µg/m3,2015-06-15 14:00:00 +01:00
1031,NL,STA-NL00016,PM10,9.6,µg/m3,2015-06-15 13:00:00 +01:00
1032,NL,STA-NL00016,PM10,9.2,µg/m3,2015-06-15 18:00:00 +01:00
1033,NL,STA-NL00016,PM10,20.3,µg/m3,2015-06-14 21:00:00 +01:00
1034,NL,STA-NL00016,PM10,19.9,µg/m3,2015-06-14 18:00:00 +01:00
1035,NL,STA-NL00016,PM10,14.4,µg/m3,2015-06-29 21:00:00 +01:00
1036,NL,STA-NL00016,PM10,24.1,µg/m3,2015-06-29 05:00:00 +01:00
1037,NL,STA-NL00016,PM10,19.2,µg/m3,2015-06-28 13:00:00 +01:00
1038,NL,STA-NL00016,PM10,34.7,µg/m3,2015-02-19 02:00:00 +01:00
1039,NL,STA-NL00016,PM10,16.0,µg/m3,2015-06-28 21:00:00 +01:00
1040,NL,STA-NL00016,PM10,15.3,µg/m3,2015-06-28 17:00:00 +01:00
1041,NL,STA-NL00016,PM10,19.7,µg/m3,2015-02-17 22:00:00 +01:00
1042,NL,STA-NL00016,PM10,3.1,µg/m3,2015-06-26 12:00:00 +01:00
1043,NL,STA-NL00016,PM10,33.1,µg/m3,2015-06-28 01:00:00 +01:00
1044,NL,STA-NL00016,PM10,31.4,µg/m3,2015-06-28 05:00:00 +01:00
1045,NL,STA-NL00016,PM10,11.1,µg/m3,2015-06-24 16:00:00 +01:00
1046,NL,STA-NL00016,PM10,9.6,µg/m3,2015-06-24 15:00:00 +01:00
1047,NL,STA-NL00016,PM10,71.8,µg/m3,2015-02-16 05:00:00 +01:00
1048,NL,STA-NL00016,PM10,17.6,µg/m3,2015-06-24 11:00:00 +01:00
1049,NL,STA-NL00016,PM10,23.5,µg/m3,2015-06-25 03:00:00 +01:00
1050,NL,STA-NL00016,PM10,13.5,µg/m3,2015-06-26 04:00:00 +01:00
1051,NL,STA-NL00016,PM10,3.3,µg/m3,2015-06-26 00:00:00 +01:00
1052,NL,STA-NL00016,PM10,20.4,µg/m3,2015-02-17 18:00:00 +01:00
1053,NL,STA-NL00016,PM10,77.2,µg/m3,2015-02-16 21:00:00 +01:00
1054,NL,STA-NL00016,PM10,53.3,µg/m3,2015-02-17 01:00:00 +01:00
1055,NL,STA-NL00016,PM10,13.3,µg/m3,2015-06-24 03:00:00 +01:00
1056,NL,STA-NL00016,PM10,6.1,µg/m3,2015-06-22 19:00:00 +01:00
1057,NL,STA-NL00016,PM10,69.1,µg/m3,2015-02-17 05:00:00 +01:00
1058,NL,STA-NL00016,PM10,14.4,µg/m3,2015-06-23 15:00:00 +01:00
1059,NL,STA-NL00016,PM10,13.2,µg/m3,2015-06-23 03:00:00 +01:00
1060,NL,STA-NL00016,PM10,70.9,µg/m3,2015-02-15 22:00:00 +01:00
1061,NL,STA-NL00016,PM10,92.0,µg/m3,2015-02-16 17:00:00 +01:00
1062,NL,STA-NL00016,PM10,80.2,µg/m3,2015-02-16 09:00:00 +01:00
1064,NL,STA-NL00016,PM10,21.0,µg/m3,2015-06-23 23:00:00 +01:00
1065,NL,STA-NL00016,PM10,21.7,µg/m3,2015-06-23 19:00:00 +01:00
1067,NL,STA-NL00016,PM10,31.3,µg/m3,2015-07-01 10:00:00 +01:00
1068,NL,STA-NL00016,PM10,20.0,µg/m3,2015-07-01 22:00:00 +01:00
1070,NL,STA-NL00016,PM10,8.7,µg/m3,2015-06-30 22:00:00 +01:00
1071,NL,STA-NL00016,PM10,11.4,µg/m3,2015-06-29 17:00:00 +01:00
1072,NL,STA-NL00016,PM10,27.8,µg/m3,2015-06-26 08:00:00 +01:00
1073,NL,STA-NL00016,PM10,24.2,µg/m3,2015-06-30 05:00:00 +01:00
1074,NL,STA-NL00016,PM10,11.2,µg/m3,2015-07-06 11:00:00 +01:00
1075,NL,STA-NL00016,PM10,16.6,µg/m3,2015-07-06 07:00:00 +01:00
1076,NL,STA-NL00016,PM10,15.0,µg/m3,2015-07-06 03:00:00 +01:00
1077,NL,STA-NL00016,PM10,24.1,µg/m3,2015-02-25 12:00:00 +01:00
1078,NL,STA-NL00016,PM10,1.3,µg/m3,2015-02-24 19:00:00 +01:00
1079,NL,STA-NL00016,PM10,14.7,µg/m3,2015-02-25 16:00:00 +01:00
1080,NL,STA-NL00016,PM10,17.5,µg/m3,2015-02-24 15:00:00 +01:00
1082,NL,STA-NL00016,PM10,12.7,µg/m3,2015-02-24 23:00:00 +01:00
1086,NL,STA-NL00016,PM10,16.9,µg/m3,2015-07-09 07:00:00 +01:00
1087,NL,STA-NL00016,PM10,12.7,µg/m3,2015-07-08 03:00:00 +01:00
1088,NL,STA-NL00016,PM10,6.0,µg/m3,2015-07-08 19:00:00 +01:00
1089,NL,STA-NL00016,PM10,15.6,µg/m3,2015-07-08 07:00:00 +01:00
1090,NL,STA-NL00016,PM10,5.1,µg/m3,2015-02-26 20:00:00 +01:00
1091,NL,STA-NL00016,PM10,18.5,µg/m3,2015-07-07 23:00:00 +01:00
1092,NL,STA-NL00016,PM10,21.2,µg/m3,2015-07-07 11:00:00 +01:00
1093,NL,STA-NL00016,PM10,19.0,µg/m3,2015-07-07 20:00:00 +01:00
1094,NL,STA-NL00016,PM10,33.4,µg/m3,2015-02-26 12:00:00 +01:00
1095,NL,STA-NL00016,PM10,18.9,µg/m3,2015-07-07 03:00:00 +01:00
1096,NL,STA-NL00016,PM10,13.0,µg/m3,2015-07-06 23:00:00 +01:00
1097,NL,STA-NL00016,PM10,25.1,µg/m3,2015-02-26 00:00:00 +01:00
1098,NL,STA-NL00016,PM10,17.2,µg/m3,2015-02-25 07:00:00 +01:00
1099,NL,STA-NL00016,PM10,11.5,µg/m3,2015-07-09 19:00:00 +01:00
1100,NL,STA-NL00016,PM10,4.8,µg/m3,2015-07-08 11:00:00 +01:00
1101,NL,STA-NL00016,PM10,13.1,µg/m3,2015-07-08 23:00:00 +01:00
1102,NL,STA-NL00016,PM10,12.3,µg/m3,2015-07-09 11:00:00 +01:00
1103,NL,STA-NL00016,PM10,15.4,µg/m3,2015-07-09 15:00:00 +01:00
1104,NL,STA-NL00016,PM10,28.4,µg/m3,2015-07-10 23:00:00 +01:00
1105,NL,STA-NL00016,PM10,6.8,µg/m3,2015-03-03 18:00:00 +01:00
1106,NL,STA-NL00016,PM10,8.4,µg/m3,2015-03-03 21:00:00 +01:00
1107,NL,STA-NL00016,PM10,7.5,µg/m3,2015-03-03 05:00:00 +01:00
1108,NL,STA-NL00016,PM10,16.9,µg/m3,2015-03-04 14:00:00 +01:00
1109,NL,STA-NL00016,PM10,18.6,µg/m3,2015-07-14 05:00:00 +01:00
1110,NL,STA-NL00016,PM10,17.8,µg/m3,2015-07-14 09:00:00 +01:00
1111,NL,STA-NL00016,PM10,7.3,µg/m3,2015-03-04 02:00:00 +01:00
1112,NL,STA-NL00016,PM10,5.3,µg/m3,2015-07-13 20:00:00 +01:00
1113,NL,STA-NL00016,PM10,9.5,µg/m3,2015-03-04 10:00:00 +01:00
1114,NL,STA-NL00016,PM10,22.6,µg/m3,2015-07-11 12:00:00 +01:00
1115,NL,STA-NL00016,PM10,25.5,µg/m3,2015-07-11 07:00:00 +01:00
1116,NL,STA-NL00016,PM10,17.4,µg/m3,2015-07-10 16:00:00 +01:00
1117,NL,STA-NL00016,PM10,27.1,µg/m3,2015-07-11 08:00:00 +01:00
1118,NL,STA-NL00016,PM10,30.8,µg/m3,2015-07-11 04:00:00 +01:00
1119,NL,STA-NL00016,PM10,16.8,µg/m3,2015-03-03 09:00:00 +01:00
1120,NL,STA-NL00016,PM10,12.8,µg/m3,2015-03-03 01:00:00 +01:00
1121,NL,STA-NL00016,PM10,16.6,µg/m3,2015-07-15 09:00:00 +01:00
1122,NL,STA-NL00016,PM10,2.6,µg/m3,2015-07-14 13:00:00 +01:00
1123,NL,STA-NL00016,PM10,5.1,µg/m3,2015-07-14 17:00:00 +01:00
1124,NL,STA-NL00016,PM10,7.4,µg/m3,2015-07-15 01:00:00 +01:00
1125,NL,STA-NL00016,PM10,1.3,µg/m3,2015-07-14 21:00:00 +01:00
1126,NL,STA-NL00016,PM10,6.5,µg/m3,2015-07-16 18:00:00 +01:00
1127,NL,STA-NL00016,PM10,10.6,µg/m3,2015-07-17 02:00:00 +01:00
1128,NL,STA-NL00016,PM10,11.4,µg/m3,2015-07-16 14:00:00 +01:00
1129,NL,STA-NL00016,PM10,12.5,µg/m3,2015-07-16 13:00:00 +01:00
1130,NL,STA-NL00016,PM10,10.6,µg/m3,2015-07-16 01:00:00 +01:00
1131,NL,STA-NL00016,PM10,32.6,µg/m3,2015-07-15 05:00:00 +01:00
1132,NL,STA-NL00016,PM10,1.5,µg/m3,2015-07-15 17:00:00 +01:00
1133,NL,STA-NL00016,PM10,9.4,µg/m3,2015-03-05 19:00:00 +01:00
1134,NL,STA-NL00016,PM10,5.5,µg/m3,2015-07-15 13:00:00 +01:00
1135,NL,STA-NL00016,PM10,15.5,µg/m3,2015-07-16 09:00:00 +01:00
1136,NL,STA-NL00016,PM10,14.6,µg/m3,2015-07-16 05:00:00 +01:00
1137,NL,STA-NL00016,PM10,16.4,µg/m3,2015-03-05 20:00:00 +01:00
1138,NL,STA-NL00016,PM10,5.4,µg/m3,2015-07-15 21:00:00 +01:00
1139,NL,STA-NL00016,PM10,13.7,µg/m3,2015-03-10 02:00:00 +01:00
1140,NL,STA-NL00016,PM10,9.1,µg/m3,2015-07-20 20:00:00 +01:00
1141,NL,STA-NL00016,PM10,7.9,µg/m3,2015-07-20 16:00:00 +01:00
1142,NL,STA-NL00016,PM10,6.5,µg/m3,2015-07-20 19:00:00 +01:00
1143,NL,STA-NL00016,PM10,30.3,µg/m3,2015-03-09 22:00:00 +01:00
1144,NL,STA-NL00016,PM10,20.4,µg/m3,2015-03-08 17:00:00 +01:00
1145,NL,STA-NL00016,PM10,23.4,µg/m3,2015-07-20 12:00:00 +01:00
1146,NL,STA-NL00016,PM10,15.9,µg/m3,2015-07-20 00:00:00 +01:00
1147,NL,STA-NL00016,PM10,20.8,µg/m3,2015-07-20 07:00:00 +01:00
1148,NL,STA-NL00016,PM10,9.4,µg/m3,2015-03-09 18:00:00 +01:00
1149,NL,STA-NL00016,PM10,17.7,µg/m3,2015-07-20 11:00:00 +01:00
1150,NL,STA-NL00016,PM10,27.9,µg/m3,2015-07-20 08:00:00 +01:00
1151,NL,STA-NL00016,PM10,8.7,µg/m3,2015-03-09 06:00:00 +01:00
1152,NL,STA-NL00016,PM10,6.6,µg/m3,2015-07-19 19:00:00 +01:00
1153,NL,STA-NL00016,PM10,2.9,µg/m3,2015-07-19 15:00:00 +01:00
1154,NL,STA-NL00016,PM10,15.8,µg/m3,2015-07-19 12:00:00 +01:00
1155,NL,STA-NL00016,PM10,21.3,µg/m3,2015-03-08 00:00:00 +01:00
1156,NL,STA-NL00016,PM10,17.5,µg/m3,2015-07-20 04:00:00 +01:00
1157,NL,STA-NL00016,PM10,12.4,µg/m3,2015-07-20 03:00:00 +01:00
1158,NL,STA-NL00016,PM10,7.7,µg/m3,2015-07-19 07:00:00 +01:00
1159,NL,STA-NL00016,PM10,10.0,µg/m3,2015-03-09 10:00:00 +01:00
1160,NL,STA-NL00016,PM10,12.6,µg/m3,2015-07-19 03:00:00 +01:00
1161,NL,STA-NL00016,PM10,3.7,µg/m3,2015-03-09 01:00:00 +01:00
1162,NL,STA-NL00016,PM10,5.5,µg/m3,2015-07-19 23:00:00 +01:00
1163,NL,STA-NL00016,PM10,13.4,µg/m3,2015-07-19 20:00:00 +01:00
1164,NL,STA-NL00016,PM10,9.0,µg/m3,2015-03-06 15:00:00 +01:00
1165,NL,STA-NL00016,PM10,8.4,µg/m3,2015-07-16 17:00:00 +01:00
1166,NL,STA-NL00016,PM10,20.6,µg/m3,2015-07-17 06:00:00 +01:00
1167,NL,STA-NL00016,PM10,14.0,µg/m3,2015-03-06 20:00:00 +01:00
1168,NL,STA-NL00016,PM10,14.9,µg/m3,2015-03-06 12:00:00 +01:00
1169,NL,STA-NL00016,PM10,18.8,µg/m3,2015-03-06 11:00:00 +01:00
1170,NL,STA-NL00016,PM10,22.7,µg/m3,2015-03-06 07:00:00 +01:00
1171,NL,STA-NL00016,PM10,4.0,µg/m3,2015-07-16 22:00:00 +01:00
1175,NL,STA-NL00016,PM10,6.2,µg/m3,2015-07-18 19:00:00 +01:00
1176,NL,STA-NL00016,PM10,8.6,µg/m3,2015-07-18 11:00:00 +01:00
1177,NL,STA-NL00016,PM10,5.4,µg/m3,2015-07-18 15:00:00 +01:00
1179,NL,STA-NL00016,PM10,19.3,µg/m3,2015-07-19 11:00:00 +01:00
1180,NL,STA-NL00016,PM10,7.3,µg/m3,2015-07-18 23:00:00 +01:00
1181,NL,STA-NL00016,PM10,20.8,µg/m3,2015-03-10 06:00:00 +01:00
1182,NL,STA-NL00016,PM10,8.3,µg/m3,2015-07-20 15:00:00 +01:00
1183,NL,STA-NL00016,PM10,9.4,µg/m3,2015-07-21 08:00:00 +01:00
1184,NL,STA-NL00016,PM10,33.1,µg/m3,2015-08-23 18:00:00 +01:00
1185,NL,STA-NL00016,PM10,0.9,µg/m3,2015-08-24 19:00:00 +01:00
1186,NL,STA-NL00016,PM10,6.7,µg/m3,2015-08-25 16:00:00 +01:00
1187,NL,STA-NL00016,PM10,2.9,µg/m3,2015-08-24 23:00:00 +01:00
1188,NL,STA-NL00016,PM10,6.7,µg/m3,2015-08-25 12:00:00 +01:00
1189,NL,STA-NL00016,PM10,6.1,µg/m3,2015-08-25 11:00:00 +01:00
1190,NL,STA-NL00016,PM10,11.9,µg/m3,2015-08-26 00:00:00 +01:00
1192,NL,STA-NL00016,PM10,18.6,µg/m3,2015-08-26 08:00:00 +01:00
1193,NL,STA-NL00016,PM10,8.8,µg/m3,2015-08-26 04:00:00 +01:00
1194,NL,STA-NL00016,PM10,12.8,µg/m3,2015-08-25 07:00:00 +01:00
1195,NL,STA-NL00016,PM10,6.9,µg/m3,2015-08-25 03:00:00 +01:00
1196,NL,STA-NL00016,PM10,14.4,µg/m3,2015-08-25 15:00:00 +01:00
1197,NL,STA-NL00016,PM10,9.8,µg/m3,2015-08-25 08:00:00 +01:00
1198,NL,STA-NL00016,PM10,5.8,µg/m3,2015-08-31 05:00:00 +01:00
1199,NL,STA-NL00016,PM10,16.6,µg/m3,2015-08-31 17:00:00 +01:00
1200,NL,STA-NL00016,PM10,16.4,µg/m3,2015-08-31 13:00:00 +01:00
1201,NL,STA-NL00016,PM10,39.9,µg/m3,2015-04-08 08:00:00 +01:00
1202,NL,STA-NL00016,PM10,9.1,µg/m3,2015-08-31 21:00:00 +01:00
1203,NL,STA-NL00016,PM10,12.3,µg/m3,2015-04-08 19:00:00 +01:00
1204,NL,STA-NL00016,PM10,20.1,µg/m3,2015-09-01 09:00:00 +01:00
1205,NL,STA-NL00016,PM10,6.4,µg/m3,2015-09-01 05:00:00 +01:00
1206,NL,STA-NL00016,PM10,9.7,µg/m3,2015-08-29 17:00:00 +01:00
1207,NL,STA-NL00016,PM10,3.9,µg/m3,2015-08-29 21:00:00 +01:00
1208,NL,STA-NL00016,PM10,17.4,µg/m3,2015-08-30 09:00:00 +01:00
1209,NL,STA-NL00016,PM10,13.7,µg/m3,2015-08-30 01:00:00 +01:00
1210,NL,STA-NL00016,PM10,18.1,µg/m3,2015-08-30 17:00:00 +01:00
1211,NL,STA-NL00016,PM10,24.1,µg/m3,2015-08-31 01:00:00 +01:00
1212,NL,STA-NL00016,PM10,16.5,µg/m3,2015-04-08 03:00:00 +01:00
1213,NL,STA-NL00016,PM10,17.8,µg/m3,2015-08-30 21:00:00 +01:00
1214,NL,STA-NL00016,PM10,17.9,µg/m3,2015-08-30 13:00:00 +01:00
1215,NL,STA-NL00016,PM10,14.7,µg/m3,2015-08-30 05:00:00 +01:00
1216,NL,STA-NL00016,PM10,15.2,µg/m3,2015-08-05 22:00:00 +01:00
1217,NL,STA-NL00016,PM10,17.6,µg/m3,2015-03-26 11:00:00 +01:00
1218,NL,STA-NL00016,PM10,14.1,µg/m3,2015-08-05 14:00:00 +01:00
1219,NL,STA-NL00016,PM10,19.6,µg/m3,2015-08-05 05:00:00 +01:00
1220,NL,STA-NL00016,PM10,18.5,µg/m3,2015-08-05 13:00:00 +01:00
1221,NL,STA-NL00016,PM10,21.6,µg/m3,2015-08-05 17:00:00 +01:00
1222,NL,STA-NL00016,PM10,25.1,µg/m3,2015-08-03 12:00:00 +01:00
1223,NL,STA-NL00016,PM10,20.9,µg/m3,2015-08-04 21:00:00 +01:00
1224,NL,STA-NL00016,PM10,11.7,µg/m3,2015-08-04 08:00:00 +01:00
1225,NL,STA-NL00016,PM10,7.5,µg/m3,2015-08-04 00:00:00 +01:00
1226,NL,STA-NL00016,PM10,20.7,µg/m3,2015-08-02 16:00:00 +01:00
1227,NL,STA-NL00016,PM10,14.5,µg/m3,2015-03-25 15:00:00 +01:00
1228,NL,STA-NL00016,PM10,22.0,µg/m3,2015-08-04 04:00:00 +01:00
1229,NL,STA-NL00016,PM10,13.0,µg/m3,2015-08-03 16:00:00 +01:00
1230,NL,STA-NL00016,PM10,5.2,µg/m3,2015-08-03 20:00:00 +01:00
1231,NL,STA-NL00016,PM10,20.3,µg/m3,2015-08-03 11:00:00 +01:00
1232,NL,STA-NL00016,PM10,27.4,µg/m3,2015-08-03 07:00:00 +01:00
1233,NL,STA-NL00016,PM10,34.1,µg/m3,2015-08-03 08:00:00 +01:00
1234,NL,STA-NL00016,PM10,15.8,µg/m3,2015-08-03 03:00:00 +01:00
1236,NL,STA-NL00016,PM10,20.0,µg/m3,2015-08-02 19:00:00 +01:00
1237,NL,STA-NL00016,PM10,16.5,µg/m3,2015-08-02 15:00:00 +01:00
1238,NL,STA-NL00016,PM10,9.6,µg/m3,2015-08-01 02:00:00 +01:00
1239,NL,STA-NL00016,PM10,19.2,µg/m3,2015-07-30 14:00:00 +01:00
1240,NL,STA-NL00016,PM10,29.7,µg/m3,2015-03-23 06:00:00 +01:00
1241,NL,STA-NL00016,PM10,12.6,µg/m3,2015-07-31 01:00:00 +01:00
1242,NL,STA-NL00016,PM10,7.5,µg/m3,2015-07-31 14:00:00 +01:00
1243,NL,STA-NL00016,PM10,14.5,µg/m3,2015-07-30 22:00:00 +01:00
1244,NL,STA-NL00016,PM10,12.0,µg/m3,2015-07-31 05:00:00 +01:00
1245,NL,STA-NL00016,PM10,9.5,µg/m3,2015-07-31 10:00:00 +01:00
1246,NL,STA-NL00016,PM10,19.0,µg/m3,2015-07-31 18:00:00 +01:00
1247,NL,STA-NL00016,PM10,39.3,µg/m3,2015-03-23 10:00:00 +01:00
1248,NL,STA-NL00016,PM10,10.9,µg/m3,2015-03-23 02:00:00 +01:00
1249,NL,STA-NL00016,PM10,1.9,µg/m3,2015-07-31 22:00:00 +01:00
1250,NL,STA-NL00016,PM10,11.6,µg/m3,2015-07-30 18:00:00 +01:00
1251,NL,STA-NL00016,PM10,13.8,µg/m3,2015-07-30 17:00:00 +01:00
1252,NL,STA-NL00016,PM10,10.8,µg/m3,2015-07-30 13:00:00 +01:00
1253,NL,STA-NL00016,PM10,19.0,µg/m3,2015-07-31 06:00:00 +01:00
1254,NL,STA-NL00016,PM10,15.2,µg/m3,2015-07-31 02:00:00 +01:00
1255,NL,STA-NL00016,PM10,38.5,µg/m3,2015-08-02 07:00:00 +01:00
1256,NL,STA-NL00016,PM10,21.8,µg/m3,2015-08-02 20:00:00 +01:00
1257,NL,STA-NL00016,PM10,17.1,µg/m3,2015-08-02 23:00:00 +01:00
1258,NL,STA-NL00016,PM10,5.0,µg/m3,2015-03-26 20:00:00 +01:00
1259,NL,STA-NL00016,PM10,20.6,µg/m3,2015-03-26 12:00:00 +01:00
1260,NL,STA-NL00016,PM10,15.9,µg/m3,2015-08-06 01:00:00 +01:00
1261,NL,STA-NL00016,PM10,14.9,µg/m3,2015-08-05 18:00:00 +01:00
1262,NL,STA-NL00016,PM10,15.9,µg/m3,2015-03-26 08:00:00 +01:00
1263,NL,STA-NL00016,PM10,4.7,µg/m3,2015-03-26 04:00:00 +01:00
1264,NL,STA-NL00016,PM10,10.2,µg/m3,2015-03-26 07:00:00 +01:00
1265,NL,STA-NL00016,PM10,23.8,µg/m3,2015-08-05 09:00:00 +01:00
1266,NL,STA-NL00016,PM10,28.5,µg/m3,2015-08-06 06:00:00 +01:00
1267,NL,STA-NL00016,PM10,20.3,µg/m3,2015-08-06 05:00:00 +01:00
1268,NL,STA-NL00016,PM10,44.5,µg/m3,2015-08-06 10:00:00 +01:00
1269,NL,STA-NL00016,PM10,12.2,µg/m3,2015-08-06 14:00:00 +01:00
1270,NL,STA-NL00016,PM10,18.1,µg/m3,2015-08-06 02:00:00 +01:00
1271,NL,STA-NL00016,PM10,14.7,µg/m3,2015-08-09 11:00:00 +01:00
1272,NL,STA-NL00016,PM10,13.4,µg/m3,2015-03-27 00:00:00 +01:00
1273,NL,STA-NL00016,PM10,24.2,µg/m3,2015-03-27 16:00:00 +01:00
1274,NL,STA-NL00016,PM10,14.3,µg/m3,2015-08-09 15:00:00 +01:00
1275,NL,STA-NL00016,PM10,7.9,µg/m3,2015-08-06 18:00:00 +01:00
1276,NL,STA-NL00016,PM10,13.4,µg/m3,2015-03-26 19:00:00 +01:00
1277,NL,STA-NL00016,PM10,13.9,µg/m3,2015-08-10 20:00:00 +01:00
1278,NL,STA-NL00016,PM10,15.9,µg/m3,2015-08-09 19:00:00 +01:00
1279,NL,STA-NL00016,PM10,15.1,µg/m3,2015-08-10 08:00:00 +01:00
1280,NL,STA-NL00016,PM10,15.5,µg/m3,2015-08-10 12:00:00 +01:00
1281,NL,STA-NL00016,PM10,22.4,µg/m3,2015-08-11 04:00:00 +01:00
1282,NL,STA-NL00016,PM10,9.2,µg/m3,2015-03-27 04:00:00 +01:00
1283,NL,STA-NL00016,PM10,12.0,µg/m3,2015-08-10 11:00:00 +01:00
1284,NL,STA-NL00016,PM10,12.8,µg/m3,2015-08-10 04:00:00 +01:00
1285,NL,STA-NL00016,PM10,9.9,µg/m3,2015-08-10 07:00:00 +01:00
1286,NL,STA-NL00016,PM10,15.4,µg/m3,2015-08-09 23:00:00 +01:00
1287,NL,STA-NL00016,PM10,14.7,µg/m3,2015-08-10 03:00:00 +01:00
1288,NL,STA-NL00016,PM10,17.2,µg/m3,2015-07-25 18:00:00 +01:00
1289,NL,STA-NL00016,PM10,13.2,µg/m3,2015-07-25 22:00:00 +01:00
1290,NL,STA-NL00016,PM10,14.5,µg/m3,2015-07-27 15:00:00 +01:00
1291,NL,STA-NL00016,PM10,62.6,µg/m3,2015-03-19 21:00:00 +01:00
1292,NL,STA-NL00016,PM10,13.8,µg/m3,2015-07-28 03:00:00 +01:00
1293,NL,STA-NL00016,PM10,7.3,µg/m3,2015-07-27 23:00:00 +01:00
1294,NL,STA-NL00016,PM10,87.1,µg/m3,2015-03-18 00:00:00 +01:00
1295,NL,STA-NL00016,PM10,10.1,µg/m3,2015-07-25 14:00:00 +01:00
1296,NL,STA-NL00016,PM10,65.2,µg/m3,2015-03-17 08:00:00 +01:00
1297,NL,STA-NL00016,PM10,50.2,µg/m3,2015-03-18 04:00:00 +01:00
1298,NL,STA-NL00016,PM10,22.1,µg/m3,2015-07-25 10:00:00 +01:00
1299,NL,STA-NL00016,PM10,29.7,µg/m3,2015-07-25 06:00:00 +01:00
1300,NL,STA-NL00016,PM10,19.8,µg/m3,2015-07-25 02:00:00 +01:00
1301,NL,STA-NL00016,PM10,23.8,µg/m3,2015-07-24 18:00:00 +01:00
1302,NL,STA-NL00016,PM10,15.0,µg/m3,2015-07-25 09:00:00 +01:00
1303,NL,STA-NL00016,PM10,51.5,µg/m3,2015-03-17 04:00:00 +01:00
1304,NL,STA-NL00016,PM10,16.0,µg/m3,2015-03-14 22:00:00 +01:00
1306,NL,STA-NL00016,PM10,9.2,µg/m3,2015-07-26 02:00:00 +01:00
1307,NL,STA-NL00016,PM10,29.5,µg/m3,2015-03-20 18:00:00 +01:00
1308,NL,STA-NL00016,PM10,6.7,µg/m3,2015-07-28 07:00:00 +01:00
1309,NL,STA-NL00016,PM10,-1.1,µg/m3,2015-07-29 00:00:00 +01:00
1310,NL,STA-NL00016,PM10,8.5,µg/m3,2015-07-28 20:00:00 +01:00
1311,NL,STA-NL00016,PM10,52.4,µg/m3,2015-03-20 10:00:00 +01:00
1312,NL,STA-NL00016,PM10,6.4,µg/m3,2015-07-28 12:00:00 +01:00
1313,NL,STA-NL00016,PM10,19.5,µg/m3,2015-07-27 19:00:00 +01:00
1314,NL,STA-NL00016,PM10,11.7,µg/m3,2015-07-28 16:00:00 +01:00
1315,NL,STA-NL00016,PM10,4.4,µg/m3,2015-07-28 11:00:00 +01:00
1316,NL,STA-NL00016,PM10,10.8,µg/m3,2015-07-28 15:00:00 +01:00
1317,NL,STA-NL00016,PM10,2.5,µg/m3,2015-07-29 04:00:00 +01:00
1318,NL,STA-NL00016,PM10,4.7,µg/m3,2015-03-21 10:00:00 +01:00
1319,NL,STA-NL00016,PM10,4.3,µg/m3,2015-03-21 06:00:00 +01:00
1320,NL,STA-NL00016,PM10,28.7,µg/m3,2015-03-21 02:00:00 +01:00
1321,NL,STA-NL00016,PM10,9.3,µg/m3,2015-07-30 09:00:00 +01:00
1322,NL,STA-NL00016,PM10,9.1,µg/m3,2015-07-29 08:00:00 +01:00
1323,NL,STA-NL00016,PM10,29.7,µg/m3,2015-03-14 18:00:00 +01:00
1324,NL,STA-NL00016,PM10,4.4,µg/m3,2015-07-23 21:00:00 +01:00
1325,NL,STA-NL00016,PM10,3.0,µg/m3,2015-07-23 17:00:00 +01:00
1326,NL,STA-NL00016,PM10,27.2,µg/m3,2015-03-15 02:00:00 +01:00
1327,NL,STA-NL00016,PM10,6.5,µg/m3,2015-07-24 05:00:00 +01:00
1328,NL,STA-NL00016,PM10,21.3,µg/m3,2015-07-24 22:00:00 +01:00
1329,NL,STA-NL00016,PM10,22.5,µg/m3,2015-07-24 21:00:00 +01:00
1330,NL,STA-NL00016,PM10,52.3,µg/m3,2015-03-17 16:00:00 +01:00
1331,NL,STA-NL00016,PM10,9.9,µg/m3,2015-07-23 13:00:00 +01:00
1332,NL,STA-NL00016,PM10,13.9,µg/m3,2015-07-24 14:00:00 +01:00
1333,NL,STA-NL00016,PM10,15.3,µg/m3,2015-07-25 01:00:00 +01:00
1334,NL,STA-NL00016,PM10,28.9,µg/m3,2015-07-24 09:00:00 +01:00
1335,NL,STA-NL00016,PM10,3.6,µg/m3,2015-07-24 01:00:00 +01:00
1336,NL,STA-NL00016,PM10,24.0,µg/m3,2015-07-24 13:00:00 +01:00
1337,NL,STA-NL00016,PM10,27.5,µg/m3,2015-07-24 17:00:00 +01:00
1338,NL,STA-NL00016,PM10,25.8,µg/m3,2015-03-15 06:00:00 +01:00
1339,NL,STA-NL00016,PM10,3.0,µg/m3,2015-07-23 16:00:00 +01:00
1340,NL,STA-NL00016,PM10,4.9,µg/m3,2015-07-21 16:00:00 +01:00
1341,NL,STA-NL00016,PM10,9.6,µg/m3,2015-07-22 00:00:00 +01:00
1342,NL,STA-NL00016,PM10,2.9,µg/m3,2015-07-21 00:00:00 +01:00
1343,NL,STA-NL00016,PM10,2.2,µg/m3,2015-07-21 04:00:00 +01:00
1344,NL,STA-NL00016,PM10,-0.8,µg/m3,2015-07-21 03:00:00 +01:00
1345,NL,STA-NL00016,PM10,3.0,µg/m3,2015-07-20 23:00:00 +01:00
1346,NL,STA-NL00016,PM10,4.9,µg/m3,2015-07-21 12:00:00 +01:00
1347,NL,STA-NL00016,PM10,21.6,µg/m3,2015-03-13 04:00:00 +01:00
1348,NL,STA-NL00016,PM10,19.9,µg/m3,2015-03-13 00:00:00 +01:00
1349,NL,STA-NL00016,PM10,17.5,µg/m3,2015-03-12 23:00:00 +01:00
1350,NL,STA-NL00016,PM10,16.2,µg/m3,2015-08-15 07:00:00 +01:00
1351,NL,STA-NL00016,PM10,10.5,µg/m3,2015-03-30 09:00:00 +01:00
1352,NL,STA-NL00016,PM10,8.7,µg/m3,2015-08-14 02:00:00 +01:00
1353,NL,STA-NL00016,PM10,13.8,µg/m3,2015-08-14 06:00:00 +01:00
1354,NL,STA-NL00016,PM10,15.7,µg/m3,2015-08-14 10:00:00 +01:00
1355,NL,STA-NL00016,PM10,24.7,µg/m3,2015-08-13 13:00:00 +01:00
1356,NL,STA-NL00016,PM10,13.7,µg/m3,2015-08-13 05:00:00 +01:00
1357,NL,STA-NL00016,PM10,10.6,µg/m3,2015-08-13 01:00:00 +01:00
1358,NL,STA-NL00016,PM10,36.4,µg/m3,2015-08-13 09:00:00 +01:00
1359,NL,STA-NL00016,PM10,22.5,µg/m3,2015-08-13 18:00:00 +01:00
1360,NL,STA-NL00016,PM10,8.3,µg/m3,2015-08-14 01:00:00 +01:00
1361,NL,STA-NL00016,PM10,14.8,µg/m3,2015-08-13 21:00:00 +01:00
1362,NL,STA-NL00016,PM10,0.5,µg/m3,2015-08-13 22:00:00 +01:00
1363,NL,STA-NL00016,PM10,26.0,µg/m3,2015-08-13 14:00:00 +01:00
1364,NL,STA-NL00016,PM10,21.2,µg/m3,2015-08-13 17:00:00 +01:00
1365,NL,STA-NL00016,PM10,16.2,µg/m3,2015-08-10 16:00:00 +01:00
1366,NL,STA-NL00016,PM10,7.7,µg/m3,2015-08-11 00:00:00 +01:00
1367,NL,STA-NL00016,PM10,14.3,µg/m3,2015-08-10 18:00:00 +01:00
1368,NL,STA-NL00016,PM10,15.6,µg/m3,2015-08-12 01:00:00 +01:00
1369,NL,STA-NL00016,PM10,12.4,µg/m3,2015-08-12 05:00:00 +01:00
1370,NL,STA-NL00016,PM10,15.7,µg/m3,2015-08-12 13:00:00 +01:00
1371,NL,STA-NL00016,PM10,16.5,µg/m3,2015-08-12 17:00:00 +01:00
1372,NL,STA-NL00016,PM10,7.2,µg/m3,2015-08-12 21:00:00 +01:00
1373,NL,STA-NL00016,PM10,21.2,µg/m3,2015-03-28 08:00:00 +01:00
1374,NL,STA-NL00016,PM10,4.9,µg/m3,2015-08-12 09:00:00 +01:00
1375,NL,STA-NL00016,PM10,6.5,µg/m3,2015-08-16 20:00:00 +01:00
1376,NL,STA-NL00016,PM10,10.5,µg/m3,2015-08-16 07:00:00 +01:00
1377,NL,STA-NL00016,PM10,19.0,µg/m3,2015-08-16 03:00:00 +01:00
1378,NL,STA-NL00016,PM10,9.0,µg/m3,2015-08-16 11:00:00 +01:00
1379,NL,STA-NL00016,PM10,5.9,µg/m3,2015-08-16 19:00:00 +01:00
1380,NL,STA-NL00016,PM10,0.5,µg/m3,2015-08-15 15:00:00 +01:00
1381,NL,STA-NL00016,PM10,14.9,µg/m3,2015-08-15 23:00:00 +01:00
1382,NL,STA-NL00016,PM10,4.6,µg/m3,2015-08-15 19:00:00 +01:00
1383,NL,STA-NL00016,PM10,11.4,µg/m3,2015-08-15 11:00:00 +01:00
1384,NL,STA-NL00016,PM10,7.0,µg/m3,2015-03-30 17:00:00 +01:00
1385,NL,STA-NL00016,PM10,6.2,µg/m3,2015-08-17 03:00:00 +01:00
1386,NL,STA-NL00016,PM10,7.5,µg/m3,2015-08-17 12:00:00 +01:00
1387,NL,STA-NL00016,PM10,12.8,µg/m3,2015-03-30 21:00:00 +01:00
1389,NL,STA-NL00016,PM10,9.4,µg/m3,2015-03-31 05:00:00 +01:00
1390,NL,STA-NL00016,PM10,6.3,µg/m3,2015-08-17 07:00:00 +01:00
1391,NL,STA-NL00016,PM10,7.0,µg/m3,2015-08-17 16:00:00 +01:00
1392,NL,STA-NL00016,PM10,1.5,µg/m3,2015-08-17 20:00:00 +01:00
1393,NL,STA-NL00016,PM10,13.1,µg/m3,2015-08-17 11:00:00 +01:00
1394,NL,STA-NL00016,PM10,7.1,µg/m3,2015-08-16 23:00:00 +01:00
1395,NL,STA-NL00016,PM10,-1.4,µg/m3,2015-08-17 19:00:00 +01:00
1396,NL,STA-NL00016,PM10,11.3,µg/m3,2015-08-16 15:00:00 +01:00
1397,NL,STA-NL00016,PM10,6.3,µg/m3,2015-08-17 15:00:00 +01:00
1398,NL,STA-NL00016,PM10,7.6,µg/m3,2015-08-24 02:00:00 +01:00
1399,NL,STA-NL00016,PM10,39.7,µg/m3,2015-08-23 13:00:00 +01:00
1400,NL,STA-NL00016,PM10,34.9,µg/m3,2015-08-23 09:00:00 +01:00
1401,NL,STA-NL00016,PM10,35.9,µg/m3,2015-08-23 10:00:00 +01:00
1402,NL,STA-NL00016,PM10,39.5,µg/m3,2015-08-23 14:00:00 +01:00
1403,NL,STA-NL00016,PM10,18.7,µg/m3,2015-08-23 22:00:00 +01:00
1404,NL,STA-NL00016,PM10,27.0,µg/m3,2015-08-23 06:00:00 +01:00
1405,NL,STA-NL00016,PM10,26.4,µg/m3,2015-08-23 02:00:00 +01:00
1406,NL,STA-NL00016,PM10,20.9,µg/m3,2015-08-22 10:00:00 +01:00
1407,NL,STA-NL00016,PM10,21.7,µg/m3,2015-08-22 18:00:00 +01:00
1408,NL,STA-NL00016,PM10,22.4,µg/m3,2015-08-22 14:00:00 +01:00
1409,NL,STA-NL00016,PM10,22.6,µg/m3,2015-08-22 17:00:00 +01:00
1410,NL,STA-NL00016,PM10,25.4,µg/m3,2015-08-23 01:00:00 +01:00
1411,NL,STA-NL00016,PM10,28.6,µg/m3,2015-08-23 05:00:00 +01:00
1412,NL,STA-NL00016,PM10,21.2,µg/m3,2015-08-22 22:00:00 +01:00
1413,NL,STA-NL00016,PM10,33.1,µg/m3,2015-08-22 06:00:00 +01:00
1414,NL,STA-NL00016,PM10,34.8,µg/m3,2015-08-22 01:00:00 +01:00
1415,NL,STA-NL00016,PM10,32.6,µg/m3,2015-08-21 21:00:00 +01:00
1416,NL,STA-NL00016,PM10,39.3,µg/m3,2015-08-21 05:00:00 +01:00
1417,NL,STA-NL00016,PM10,24.9,µg/m3,2015-08-22 13:00:00 +01:00
1419,NL,STA-NL00016,PM10,45.4,µg/m3,2015-08-21 01:00:00 +01:00
1420,NL,STA-NL00016,PM10,28.6,µg/m3,2015-08-21 09:00:00 +01:00
1421,NL,STA-NL00016,PM10,8.5,µg/m3,2015-08-21 13:00:00 +01:00
1422,NL,STA-NL00016,PM10,27.9,µg/m3,2015-08-22 05:00:00 +01:00
1423,NL,STA-NL00016,PM10,14.7,µg/m3,2015-08-21 17:00:00 +01:00
1424,NL,STA-NL00016,PM10,10.3,µg/m3,2015-04-01 21:00:00 +01:00
1425,NL,STA-NL00016,PM10,12.4,µg/m3,2015-04-01 18:00:00 +01:00
1427,NL,STA-NL00016,PM10,14.1,µg/m3,2015-04-01 05:00:00 +01:00
1428,NL,STA-NL00016,PM10,8.8,µg/m3,2015-04-01 22:00:00 +01:00
1429,NL,STA-NL00016,PM10,10.4,µg/m3,2015-04-02 10:00:00 +01:00
1430,NL,STA-NL00016,PM10,7.2,µg/m3,2015-03-31 18:00:00 +01:00
1431,NL,STA-NL00016,PM10,10.3,µg/m3,2015-08-20 13:00:00 +01:00
1432,NL,STA-NL00016,PM10,14.5,µg/m3,2015-04-02 14:00:00 +01:00
1433,NL,STA-NL00016,PM10,17.4,µg/m3,2015-04-02 22:00:00 +01:00
1434,NL,STA-NL00016,PM10,26.9,µg/m3,2015-08-20 17:00:00 +01:00
1435,NL,STA-NL00016,PM10,22.9,µg/m3,2015-08-20 21:00:00 +01:00
1436,NL,STA-NL00016,PM10,16.6,µg/m3,2015-04-02 18:00:00 +01:00
1437,NL,STA-NL00016,PM10,4.1,µg/m3,2015-08-18 00:00:00 +01:00
1438,NL,STA-NL00016,PM10,0.2,µg/m3,2015-08-18 04:00:00 +01:00
1439,NL,STA-NL00016,PM10,9.1,µg/m3,2015-08-18 12:00:00 +01:00
1440,NL,STA-NL00016,PM10,5.5,µg/m3,2015-08-18 08:00:00 +01:00
1441,NL,STA-NL00016,PM10,20.7,µg/m3,2015-04-01 01:00:00 +01:00
1442,NL,STA-NL00016,PM10,13.5,µg/m3,2015-03-31 21:00:00 +01:00
1443,NL,STA-NL00016,PM10,19.8,µg/m3,2015-09-29 07:00:00 +01:00
1444,NL,STA-NL00016,PM10,6.5,µg/m3,2015-05-02 00:00:00 +01:00
1445,NL,STA-NL00016,PM10,7.3,µg/m3,2015-09-29 15:00:00 +01:00
1446,NL,STA-NL00016,PM10,5.2,µg/m3,2015-09-28 15:00:00 +01:00
1447,NL,STA-NL00016,PM10,5.6,µg/m3,2015-09-28 19:00:00 +01:00
1448,NL,STA-NL00016,PM10,11.0,µg/m3,2015-09-29 11:00:00 +01:00
1449,NL,STA-NL00016,PM10,10.4,µg/m3,2015-05-01 20:00:00 +01:00
1450,NL,STA-NL00016,PM10,6.4,µg/m3,2015-09-29 20:00:00 +01:00
1451,NL,STA-NL00016,PM10,13.3,µg/m3,2015-09-30 08:00:00 +01:00
1452,NL,STA-NL00016,PM10,6.1,µg/m3,2015-09-30 00:00:00 +01:00
1453,NL,STA-NL00016,PM10,6.1,µg/m3,2015-09-29 23:00:00 +01:00
1454,NL,STA-NL00016,PM10,4.3,µg/m3,2015-09-29 19:00:00 +01:00
1455,NL,STA-NL00016,PM10,8.4,µg/m3,2015-09-30 04:00:00 +01:00
1456,NL,STA-NL00016,PM10,16.6,µg/m3,2015-05-02 03:00:00 +01:00
1457,NL,STA-NL00016,PM10,8.7,µg/m3,2015-09-30 12:00:00 +01:00
1458,NL,STA-NL00016,PM10,6.2,µg/m3,2015-04-30 11:00:00 +01:00
1459,NL,STA-NL00016,PM10,5.8,µg/m3,2015-04-28 22:00:00 +01:00
1460,NL,STA-NL00016,PM10,21.1,µg/m3,2015-04-30 07:00:00 +01:00
1461,NL,STA-NL00016,PM10,9.3,µg/m3,2015-09-29 03:00:00 +01:00
1462,NL,STA-NL00016,PM10,8.4,µg/m3,2015-09-28 23:00:00 +01:00
1463,NL,STA-NL00016,PM10,22.2,µg/m3,2015-05-01 07:00:00 +01:00
1464,NL,STA-NL00016,PM10,0.5,µg/m3,2015-05-01 00:00:00 +01:00
1465,NL,STA-NL00016,PM10,1.3,µg/m3,2015-04-30 23:00:00 +01:00
1466,NL,STA-NL00016,PM10,14.3,µg/m3,2015-10-05 17:00:00 +01:00
1467,NL,STA-NL00016,PM10,13.4,µg/m3,2015-10-05 12:00:00 +01:00
1468,NL,STA-NL00016,PM10,12.2,µg/m3,2015-10-05 09:00:00 +01:00
1469,NL,STA-NL00016,PM10,51.8,µg/m3,2015-10-04 20:00:00 +01:00
1470,NL,STA-NL00016,PM10,15.7,µg/m3,2015-10-05 22:00:00 +01:00
1471,NL,STA-NL00016,PM10,15.9,µg/m3,2015-05-07 05:00:00 +01:00
1472,NL,STA-NL00016,PM10,21.7,µg/m3,2015-10-05 05:00:00 +01:00
1473,NL,STA-NL00016,PM10,17.5,µg/m3,2015-10-05 18:00:00 +01:00
1474,NL,STA-NL00016,PM10,18.1,µg/m3,2015-10-05 21:00:00 +01:00
1475,NL,STA-NL00016,PM10,18.8,µg/m3,2015-10-05 13:00:00 +01:00
1476,NL,STA-NL00016,PM10,42.9,µg/m3,2015-10-04 09:00:00 +01:00
1477,NL,STA-NL00016,PM10,6.3,µg/m3,2015-05-04 23:00:00 +01:00
1478,NL,STA-NL00016,PM10,26.3,µg/m3,2015-05-05 16:00:00 +01:00
1479,NL,STA-NL00016,PM10,24.4,µg/m3,2015-10-02 00:00:00 +01:00
1480,NL,STA-NL00016,PM10,5.6,µg/m3,2015-05-05 12:00:00 +01:00
1481,NL,STA-NL00016,PM10,8.8,µg/m3,2015-09-30 18:00:00 +01:00
1482,NL,STA-NL00016,PM10,13.7,µg/m3,2015-10-01 00:00:00 +01:00
1483,NL,STA-NL00016,PM10,10.6,µg/m3,2015-05-02 08:00:00 +01:00
1484,NL,STA-NL00016,PM10,6.1,µg/m3,2015-05-02 16:00:00 +01:00
1485,NL,STA-NL00016,PM10,15.3,µg/m3,2015-10-01 16:00:00 +01:00
1486,NL,STA-NL00016,PM10,13.3,µg/m3,2015-10-01 12:00:00 +01:00
1487,NL,STA-NL00016,PM10,26.0,µg/m3,2015-10-02 08:00:00 +01:00
1488,NL,STA-NL00016,PM10,24.0,µg/m3,2015-10-02 04:00:00 +01:00
1489,NL,STA-NL00016,PM10,9.4,µg/m3,2015-05-02 04:00:00 +01:00
1490,NL,STA-NL00016,PM10,13.9,µg/m3,2015-10-01 20:00:00 +01:00
1491,NL,STA-NL00016,PM10,6.2,µg/m3,2015-05-03 00:00:00 +01:00
1492,NL,STA-NL00016,PM10,20.1,µg/m3,2015-09-20 23:00:00 +01:00
1493,NL,STA-NL00016,PM10,13.2,µg/m3,2015-09-21 04:00:00 +01:00
1494,NL,STA-NL00016,PM10,19.6,µg/m3,2015-09-20 15:00:00 +01:00
1495,NL,STA-NL00016,PM10,11.2,µg/m3,2015-09-20 20:00:00 +01:00
1496,NL,STA-NL00016,PM10,20.0,µg/m3,2015-09-20 12:00:00 +01:00
1497,NL,STA-NL00016,PM10,2.9,µg/m3,2015-09-20 03:00:00 +01:00
1498,NL,STA-NL00016,PM10,14.3,µg/m3,2015-09-20 19:00:00 +01:00
1499,NL,STA-NL00016,PM10,11.1,µg/m3,2015-09-19 07:00:00 +01:00
1500,NL,STA-NL00016,PM10,5.7,µg/m3,2015-09-20 04:00:00 +01:00
1501,NL,STA-NL00016,PM10,31.2,µg/m3,2015-09-21 08:00:00 +01:00
1502,NL,STA-NL00016,PM10,13.3,µg/m3,2015-09-20 16:00:00 +01:00
1503,NL,STA-NL00016,PM10,7.1,µg/m3,2015-09-21 12:00:00 +01:00
1504,NL,STA-NL00016,PM10,10.3,µg/m3,2015-09-19 08:00:00 +01:00
1505,NL,STA-NL00016,PM10,10.2,µg/m3,2015-09-21 20:00:00 +01:00
1506,NL,STA-NL00016,PM10,7.6,µg/m3,2015-09-21 16:00:00 +01:00
1507,NL,STA-NL00016,PM10,16.4,µg/m3,2015-09-22 00:00:00 +01:00
1508,NL,STA-NL00016,PM10,-3.3,µg/m3,2015-09-22 04:00:00 +01:00
1509,NL,STA-NL00016,PM10,9.7,µg/m3,2015-09-25 13:00:00 +01:00
1510,NL,STA-NL00016,PM10,7.1,µg/m3,2015-09-26 22:00:00 +01:00
1511,NL,STA-NL00016,PM10,16.7,µg/m3,2015-04-29 10:00:00 +01:00
1512,NL,STA-NL00016,PM10,4.8,µg/m3,2015-09-27 02:00:00 +01:00
1513,NL,STA-NL00016,PM10,3.4,µg/m3,2015-09-27 14:00:00 +01:00
1514,NL,STA-NL00016,PM10,4.1,µg/m3,2015-09-26 18:00:00 +01:00
1515,NL,STA-NL00016,PM10,8.4,µg/m3,2015-09-27 06:00:00 +01:00
1516,NL,STA-NL00016,PM10,23.3,µg/m3,2015-09-25 22:00:00 +01:00
1517,NL,STA-NL00016,PM10,9.6,µg/m3,2015-09-26 09:00:00 +01:00
1518,NL,STA-NL00016,PM10,20.0,µg/m3,2015-09-26 06:00:00 +01:00
1519,NL,STA-NL00016,PM10,19.2,µg/m3,2015-09-26 14:00:00 +01:00
1520,NL,STA-NL00016,PM10,13.6,µg/m3,2015-04-28 02:00:00 +01:00
1521,NL,STA-NL00016,PM10,9.2,µg/m3,2015-09-25 17:00:00 +01:00
1522,NL,STA-NL00016,PM10,11.2,µg/m3,2015-04-28 06:00:00 +01:00
1523,NL,STA-NL00016,PM10,25.2,µg/m3,2015-09-26 01:00:00 +01:00
1524,NL,STA-NL00016,PM10,13.8,µg/m3,2015-04-28 13:00:00 +01:00
1525,NL,STA-NL00016,PM10,9.2,µg/m3,2015-09-26 10:00:00 +01:00
1526,NL,STA-NL00016,PM10,18.4,µg/m3,2015-09-25 21:00:00 +01:00
1527,NL,STA-NL00016,PM10,21.9,µg/m3,2015-09-26 05:00:00 +01:00
1528,NL,STA-NL00016,PM10,14.0,µg/m3,2015-09-13 17:00:00 +01:00
1529,NL,STA-NL00016,PM10,19.7,µg/m3,2015-09-13 09:00:00 +01:00
1530,NL,STA-NL00016,PM10,6.5,µg/m3,2015-04-13 01:00:00 +01:00
1531,NL,STA-NL00016,PM10,19.9,µg/m3,2015-04-13 06:00:00 +01:00
1532,NL,STA-NL00016,PM10,14.5,µg/m3,2015-04-13 09:00:00 +01:00
1533,NL,STA-NL00016,PM10,8.6,µg/m3,2015-09-14 21:00:00 +01:00
1534,NL,STA-NL00016,PM10,1.7,µg/m3,2015-09-15 05:00:00 +01:00
1535,NL,STA-NL00016,PM10,0.5,µg/m3,2015-09-14 17:00:00 +01:00
1536,NL,STA-NL00016,PM10,1.0,µg/m3,2015-09-14 13:00:00 +01:00
1537,NL,STA-NL00016,PM10,3.9,µg/m3,2015-09-15 01:00:00 +01:00
1538,NL,STA-NL00016,PM10,20.1,µg/m3,2015-09-11 16:00:00 +01:00
1539,NL,STA-NL00016,PM10,14.0,µg/m3,2015-09-11 12:00:00 +01:00
1540,NL,STA-NL00016,PM10,15.7,µg/m3,2015-04-12 21:00:00 +01:00
1544,NL,STA-NL00016,PM10,14.2,µg/m3,2015-04-12 17:00:00 +01:00
1545,NL,STA-NL00016,PM10,15.6,µg/m3,2015-09-10 11:00:00 +01:00
1547,NL,STA-NL00016,PM10,14.0,µg/m3,2015-04-12 22:00:00 +01:00
1548,NL,STA-NL00016,PM10,26.3,µg/m3,2015-09-12 00:00:00 +01:00
1549,NL,STA-NL00016,PM10,19.1,µg/m3,2015-09-08 07:00:00 +01:00
1550,NL,STA-NL00016,PM10,17.6,µg/m3,2015-04-13 05:00:00 +01:00
1551,NL,STA-NL00016,PM10,3.1,µg/m3,2015-09-15 22:00:00 +01:00
1552,NL,STA-NL00016,PM10,4.7,µg/m3,2015-09-16 10:00:00 +01:00
1553,NL,STA-NL00016,PM10,6.2,µg/m3,2015-09-16 01:00:00 +01:00
1554,NL,STA-NL00016,PM10,3.6,µg/m3,2015-09-16 06:00:00 +01:00
1555,NL,STA-NL00016,PM10,8.6,µg/m3,2015-09-15 00:00:00 +01:00
1556,NL,STA-NL00016,PM10,-1.3,µg/m3,2015-09-15 13:00:00 +01:00
1557,NL,STA-NL00016,PM10,5.7,µg/m3,2015-09-15 09:00:00 +01:00
1558,NL,STA-NL00016,PM10,-1.7,µg/m3,2015-09-15 14:00:00 +01:00
1559,NL,STA-NL00016,PM10,4.4,µg/m3,2015-09-15 18:00:00 +01:00
1560,NL,STA-NL00016,PM10,-1.2,µg/m3,2015-09-16 18:00:00 +01:00
1561,NL,STA-NL00016,PM10,2.7,µg/m3,2015-09-15 17:00:00 +01:00
1562,NL,STA-NL00016,PM10,5.1,µg/m3,2015-09-16 14:00:00 +01:00
1563,NL,STA-NL00016,PM10,5.5,µg/m3,2015-09-16 02:00:00 +01:00
1564,NL,STA-NL00016,PM10,0.8,µg/m3,2015-09-17 04:00:00 +01:00
1565,NL,STA-NL00016,PM10,15.8,µg/m3,2015-04-22 12:00:00 +01:00
1566,NL,STA-NL00016,PM10,6.2,µg/m3,2015-09-19 00:00:00 +01:00
1567,NL,STA-NL00016,PM10,14.6,µg/m3,2015-09-18 11:00:00 +01:00
1568,NL,STA-NL00016,PM10,10.2,µg/m3,2015-09-18 16:00:00 +01:00
1569,NL,STA-NL00016,PM10,12.7,µg/m3,2015-09-18 03:00:00 +01:00
1570,NL,STA-NL00016,PM10,8.7,µg/m3,2015-09-19 03:00:00 +01:00
1571,NL,STA-NL00016,PM10,8.1,µg/m3,2015-09-19 04:00:00 +01:00
1572,NL,STA-NL00016,PM10,5.1,µg/m3,2015-04-22 19:00:00 +01:00
1573,NL,STA-NL00016,PM10,3.9,µg/m3,2015-09-18 23:00:00 +01:00
1574,NL,STA-NL00016,PM10,7.3,µg/m3,2015-09-19 12:00:00 +01:00
1575,NL,STA-NL00016,PM10,8.9,µg/m3,2015-09-19 11:00:00 +01:00
1576,NL,STA-NL00016,PM10,11.0,µg/m3,2015-09-18 15:00:00 +01:00
1577,NL,STA-NL00016,PM10,10.8,µg/m3,2015-09-18 19:00:00 +01:00
1578,NL,STA-NL00016,PM10,22.7,µg/m3,2015-04-23 08:00:00 +01:00
1579,NL,STA-NL00016,PM10,14.5,µg/m3,2015-09-19 23:00:00 +01:00
1580,NL,STA-NL00016,PM10,4.9,µg/m3,2015-09-20 00:00:00 +01:00
1581,NL,STA-NL00016,PM10,26.0,µg/m3,2015-09-20 11:00:00 +01:00
1582,NL,STA-NL00016,PM10,11.3,µg/m3,2015-04-23 16:00:00 +01:00
1583,NL,STA-NL00016,PM10,14.4,µg/m3,2015-09-18 07:00:00 +01:00
1584,NL,STA-NL00016,PM10,9.5,µg/m3,2015-09-19 18:00:00 +01:00
1585,NL,STA-NL00016,PM10,8.4,µg/m3,2015-09-19 20:00:00 +01:00
1587,NL,STA-NL00016,PM10,15.8,µg/m3,2015-04-12 13:00:00 +01:00
1588,NL,STA-NL00016,PM10,11.1,µg/m3,2015-04-12 09:00:00 +01:00
1591,NL,STA-NL00016,PM10,14.8,µg/m3,2015-09-10 07:00:00 +01:00
1592,NL,STA-NL00016,PM10,16.1,µg/m3,2015-09-07 23:00:00 +01:00
1593,NL,STA-NL00016,PM10,12.7,µg/m3,2015-09-09 23:00:00 +01:00
1595,NL,STA-NL00016,PM10,9.0,µg/m3,2015-09-10 03:00:00 +01:00
1596,NL,STA-NL00016,PM10,25.2,µg/m3,2015-04-12 05:00:00 +01:00
1597,NL,STA-NL00016,PM10,17.4,µg/m3,2015-09-09 11:00:00 +01:00
1598,NL,STA-NL00016,PM10,8.0,µg/m3,2015-09-09 19:00:00 +01:00
1599,NL,STA-NL00016,PM10,8.8,µg/m3,2015-09-09 15:00:00 +01:00
1600,NL,STA-NL00016,PM10,12.0,µg/m3,2015-09-08 23:00:00 +01:00
1601,NL,STA-NL00016,PM10,22.3,µg/m3,2015-09-09 07:00:00 +01:00
1602,NL,STA-NL00016,PM10,9.5,µg/m3,2015-09-08 03:00:00 +01:00
1603,NL,STA-NL00016,PM10,3.8,µg/m3,2015-09-08 11:00:00 +01:00
1604,NL,STA-NL00016,PM10,11.6,µg/m3,2015-09-09 03:00:00 +01:00
1605,NL,STA-NL00016,PM10,8.1,µg/m3,2015-09-08 02:00:00 +01:00
1606,NL,STA-NL00016,PM10,3.9,µg/m3,2015-09-08 15:00:00 +01:00
1607,NL,STA-NL00016,PM10,10.9,µg/m3,2015-09-08 19:00:00 +01:00
1608,NL,STA-NL00016,PM10,10.2,µg/m3,2015-09-07 19:00:00 +01:00
1609,NL,STA-NL00016,PM10,7.6,µg/m3,2015-09-07 15:00:00 +01:00
1610,NL,STA-NL00016,PM10,28.9,µg/m3,2015-04-10 00:00:00 +01:00
1611,NL,STA-NL00016,PM10,6.3,µg/m3,2015-09-03 18:00:00 +01:00
1612,NL,STA-NL00016,PM10,6.4,µg/m3,2015-09-03 10:00:00 +01:00
1613,NL,STA-NL00016,PM10,7.5,µg/m3,2015-09-02 05:00:00 +01:00
1614,NL,STA-NL00016,PM10,14.9,µg/m3,2015-04-08 23:00:00 +01:00
1615,NL,STA-NL00016,PM10,6.6,µg/m3,2015-09-02 02:00:00 +01:00
1616,NL,STA-NL00016,PM10,14.7,µg/m3,2015-04-09 00:00:00 +01:00
1617,NL,STA-NL00016,PM10,15.3,µg/m3,2015-09-01 13:00:00 +01:00
1618,NL,STA-NL00016,PM10,12.3,µg/m3,2015-09-02 09:00:00 +01:00
1619,NL,STA-NL00016,PM10,9.6,µg/m3,2015-09-02 01:00:00 +01:00
1620,NL,STA-NL00016,PM10,9.8,µg/m3,2015-08-31 09:00:00 +01:00
1621,NL,STA-NL00016,PM10,10.9,µg/m3,2015-04-09 03:00:00 +01:00
1622,NL,STA-NL00016,PM10,5.0,µg/m3,2015-09-01 18:00:00 +01:00
1623,NL,STA-NL00016,PM10,8.6,µg/m3,2015-09-02 18:00:00 +01:00
1624,NL,STA-NL00016,PM10,6.1,µg/m3,2015-09-02 06:00:00 +01:00
1625,NL,STA-NL00016,PM10,11.3,µg/m3,2015-09-02 10:00:00 +01:00
1626,NL,STA-NL00016,PM10,8.8,µg/m3,2015-09-01 17:00:00 +01:00
1627,NL,STA-NL00016,PM10,9.7,µg/m3,2015-04-08 16:00:00 +01:00
1628,NL,STA-NL00016,PM10,8.1,µg/m3,2015-09-01 14:00:00 +01:00
1629,NL,STA-NL00016,PM10,9.2,µg/m3,2015-09-01 01:00:00 +01:00
1630,NL,STA-NL00016,PM10,8.3,µg/m3,2015-09-01 21:00:00 +01:00
1631,NL,STA-NL00016,PM10,10.1,µg/m3,2015-09-01 22:00:00 +01:00
1632,NL,STA-NL00016,PM10,10.8,µg/m3,2015-04-07 11:00:00 +01:00
1633,NL,STA-NL00016,PM10,15.4,µg/m3,2015-09-03 06:00:00 +01:00
1634,NL,STA-NL00016,PM10,6.6,µg/m3,2015-09-04 14:00:00 +01:00
1635,NL,STA-NL00016,PM10,40.5,µg/m3,2015-04-10 04:00:00 +01:00
1636,NL,STA-NL00016,PM10,46.3,µg/m3,2015-04-10 08:00:00 +01:00
1638,NL,STA-NL00016,PM10,27.5,µg/m3,2015-04-09 12:00:00 +01:00
1639,NL,STA-NL00016,PM10,9.1,µg/m3,2015-09-04 02:00:00 +01:00
1640,NL,STA-NL00016,PM10,7.7,µg/m3,2015-09-04 10:00:00 +01:00
1641,NL,STA-NL00016,PM10,8.7,µg/m3,2015-09-04 06:00:00 +01:00
1642,NL,STA-NL00016,PM10,6.4,µg/m3,2015-09-03 14:00:00 +01:00
1643,NL,STA-NL00016,PM10,8.8,µg/m3,2015-09-03 02:00:00 +01:00
1644,NL,STA-NL00016,PM10,8.4,µg/m3,2015-09-03 01:00:00 +01:00
1645,NL,STA-NL00016,PM10,15.9,µg/m3,2015-09-02 22:00:00 +01:00
1646,NL,STA-NL00016,PM10,9.8,µg/m3,2015-09-02 14:00:00 +01:00
1647,NL,STA-NL00016,PM10,11.4,µg/m3,2015-10-06 06:00:00 +01:00
1648,NL,STA-NL00016,PM10,14.7,µg/m3,2015-10-06 01:00:00 +01:00
1649,NL,STA-NL00016,PM10,10.2,µg/m3,2015-05-07 09:00:00 +01:00
1650,NL,STA-NL00016,PM10,9.7,µg/m3,2015-05-07 13:00:00 +01:00
1651,NL,STA-NL00016,PM10,3.5,µg/m3,2015-10-06 10:00:00 +01:00
1652,NL,STA-NL00016,PM10,10.3,µg/m3,2015-10-06 05:00:00 +01:00
1653,NL,STA-NL00016,PM10,2.1,µg/m3,2015-10-06 09:00:00 +01:00
1654,NL,STA-NL00016,PM10,23.6,µg/m3,2015-06-14 10:00:00 +01:00
1655,NL,STA-NL00016,PM10,19.0,µg/m3,2015-10-29 17:00:00 +01:00
1656,NL,STA-NL00016,PM10,17.6,µg/m3,2015-10-29 21:00:00 +01:00
1657,NL,STA-NL00016,PM10,14.7,µg/m3,2015-10-29 13:00:00 +01:00
1658,NL,STA-NL00016,PM10,16.3,µg/m3,2015-10-30 01:00:00 +01:00
1659,NL,STA-NL00016,PM10,30.7,µg/m3,2015-06-14 14:00:00 +01:00
1660,NL,STA-NL00016,PM10,31.4,µg/m3,2015-06-14 05:00:00 +01:00
1661,NL,STA-NL00016,PM10,9.5,µg/m3,2015-10-30 06:00:00 +01:00
1662,NL,STA-NL00016,PM10,38.2,µg/m3,2015-06-14 01:00:00 +01:00
1663,NL,STA-NL00016,PM10,21.3,µg/m3,2015-10-30 09:00:00 +01:00
1664,NL,STA-NL00016,PM10,16.6,µg/m3,2015-10-30 14:00:00 +01:00
1665,NL,STA-NL00016,PM10,15.4,µg/m3,2015-10-29 05:00:00 +01:00
1666,NL,STA-NL00016,PM10,16.4,µg/m3,2015-06-12 17:00:00 +01:00
1667,NL,STA-NL00016,PM10,39.0,µg/m3,2015-10-28 13:00:00 +01:00
1668,NL,STA-NL00016,PM10,22.1,µg/m3,2015-10-28 05:00:00 +01:00
1669,NL,STA-NL00016,PM10,18.8,µg/m3,2015-06-13 09:00:00 +01:00
1670,NL,STA-NL00016,PM10,30.0,µg/m3,2015-10-28 21:00:00 +01:00
1671,NL,STA-NL00016,PM10,14.5,µg/m3,2015-10-29 01:00:00 +01:00
1672,NL,STA-NL00016,PM10,34.7,µg/m3,2015-10-28 17:00:00 +01:00
1673,NL,STA-NL00016,PM10,25.4,µg/m3,2015-06-14 06:00:00 +01:00
1674,NL,STA-NL00016,PM10,21.6,µg/m3,2015-06-13 18:00:00 +01:00
1675,NL,STA-NL00016,PM10,32.9,µg/m3,2015-10-29 09:00:00 +01:00
1676,NL,STA-NL00016,PM10,41.2,µg/m3,2015-06-14 02:00:00 +01:00
1677,NL,STA-NL00016,PM10,33.0,µg/m3,2015-06-13 13:00:00 +01:00
1678,NL,STA-NL00016,PM10,19.9,µg/m3,2015-10-27 05:00:00 +01:00
1679,NL,STA-NL00016,PM10,40.1,µg/m3,2015-10-27 17:00:00 +01:00
1680,NL,STA-NL00016,PM10,40.8,µg/m3,2015-10-27 13:00:00 +01:00
1681,NL,STA-NL00016,PM10,16.6,µg/m3,2015-10-27 01:00:00 +01:00
1682,NL,STA-NL00016,PM10,34.0,µg/m3,2015-10-28 09:00:00 +01:00
1683,NL,STA-NL00016,PM10,28.0,µg/m3,2015-10-28 01:00:00 +01:00
1684,NL,STA-NL00016,PM10,36.2,µg/m3,2015-10-27 09:00:00 +01:00
1685,NL,STA-NL00016,PM10,34.6,µg/m3,2015-10-27 21:00:00 +01:00
1686,NL,STA-NL00016,PM10,26.3,µg/m3,2015-10-31 08:00:00 +01:00
1687,NL,STA-NL00016,PM10,31.3,µg/m3,2015-10-21 11:00:00 +01:00
1688,NL,STA-NL00016,PM10,11.2,µg/m3,2015-10-22 04:00:00 +01:00
1689,NL,STA-NL00016,PM10,4.1,µg/m3,2015-10-22 08:00:00 +01:00
1690,NL,STA-NL00016,PM10,9.4,µg/m3,2015-10-22 00:00:00 +01:00
1691,NL,STA-NL00016,PM10,7.5,µg/m3,2015-10-22 12:00:00 +01:00
1692,NL,STA-NL00016,PM10,17.4,µg/m3,2015-06-03 13:00:00 +01:00
1693,NL,STA-NL00016,PM10,35.1,µg/m3,2015-06-03 05:00:00 +01:00
1694,NL,STA-NL00016,PM10,10.8,µg/m3,2015-10-21 20:00:00 +01:00
1695,NL,STA-NL00016,PM10,16.4,µg/m3,2015-06-03 18:00:00 +01:00
1696,NL,STA-NL00016,PM10,20.5,µg/m3,2015-06-03 22:00:00 +01:00
1697,NL,STA-NL00016,PM10,14.9,µg/m3,2015-06-04 10:00:00 +01:00
1698,NL,STA-NL00016,PM10,15.4,µg/m3,2015-06-04 06:00:00 +01:00
1699,NL,STA-NL00016,PM10,16.4,µg/m3,2015-10-23 00:00:00 +01:00
1700,NL,STA-NL00016,PM10,12.9,µg/m3,2015-10-22 16:00:00 +01:00
1701,NL,STA-NL00016,PM10,16.4,µg/m3,2015-10-23 04:00:00 +01:00
1702,NL,STA-NL00016,PM10,9.7,µg/m3,2015-06-07 16:00:00 +01:00
1703,NL,STA-NL00016,PM10,16.0,µg/m3,2015-06-08 04:00:00 +01:00
1704,NL,STA-NL00016,PM10,13.8,µg/m3,2015-06-08 00:00:00 +01:00
1705,NL,STA-NL00016,PM10,7.0,µg/m3,2015-10-25 06:00:00 +01:00
1706,NL,STA-NL00016,PM10,10.3,µg/m3,2015-06-08 12:00:00 +01:00
1707,NL,STA-NL00016,PM10,10.7,µg/m3,2015-10-25 12:00:00 +01:00
1708,NL,STA-NL00016,PM10,12.7,µg/m3,2015-10-25 14:00:00 +01:00
1709,NL,STA-NL00016,PM10,16.5,µg/m3,2015-06-07 20:00:00 +01:00
1710,NL,STA-NL00016,PM10,7.3,µg/m3,2015-05-30 04:00:00 +01:00
1711,NL,STA-NL00016,PM10,9.4,µg/m3,2015-05-28 19:00:00 +01:00
1712,NL,STA-NL00016,PM10,14.2,µg/m3,2015-05-28 15:00:00 +01:00
1714,NL,STA-NL00016,PM10,27.1,µg/m3,2015-10-16 18:00:00 +01:00
1715,NL,STA-NL00016,PM10,7.0,µg/m3,2015-10-21 15:00:00 +01:00
1716,NL,STA-NL00016,PM10,5.4,µg/m3,2015-10-21 16:00:00 +01:00
1717,NL,STA-NL00016,PM10,13.8,µg/m3,2015-10-21 03:00:00 +01:00
1718,NL,STA-NL00016,PM10,15.2,µg/m3,2015-10-21 07:00:00 +01:00
1719,NL,STA-NL00016,PM10,23.9,µg/m3,2015-10-21 12:00:00 +01:00
1720,NL,STA-NL00016,PM10,15.9,µg/m3,2015-10-21 08:00:00 +01:00
1721,NL,STA-NL00016,PM10,6.1,µg/m3,2015-10-20 12:00:00 +01:00
1722,NL,STA-NL00016,PM10,40.0,µg/m3,2015-05-29 07:00:00 +01:00
1723,NL,STA-NL00016,PM10,10.7,µg/m3,2015-05-30 08:00:00 +01:00
1724,NL,STA-NL00016,PM10,5.9,µg/m3,2015-05-30 16:00:00 +01:00
1725,NL,STA-NL00016,PM10,7.7,µg/m3,2015-05-30 03:00:00 +01:00
1726,NL,STA-NL00016,PM10,39.0,µg/m3,2015-05-29 03:00:00 +01:00
1727,NL,STA-NL00016,PM10,13.4,µg/m3,2015-05-29 16:00:00 +01:00
1728,NL,STA-NL00016,PM10,10.8,µg/m3,2015-05-29 23:00:00 +01:00
1729,NL,STA-NL00016,PM10,13.8,µg/m3,2015-10-09 11:00:00 +01:00
1730,NL,STA-NL00016,PM10,3.8,µg/m3,2015-10-09 19:00:00 +01:00
1731,NL,STA-NL00016,PM10,2.3,µg/m3,2015-10-09 23:00:00 +01:00
1732,NL,STA-NL00016,PM10,18.2,µg/m3,2015-05-13 02:00:00 +01:00
1733,NL,STA-NL00016,PM10,13.7,µg/m3,2015-05-13 18:00:00 +01:00
1734,NL,STA-NL00016,PM10,27.7,µg/m3,2015-10-09 07:00:00 +01:00
1735,NL,STA-NL00016,PM10,11.4,µg/m3,2015-05-13 14:00:00 +01:00
1736,NL,STA-NL00016,PM10,8.2,µg/m3,2015-10-09 03:00:00 +01:00
1737,NL,STA-NL00016,PM10,18.9,µg/m3,2015-05-13 06:00:00 +01:00
1738,NL,STA-NL00016,PM10,28.4,µg/m3,2015-10-12 15:00:00 +01:00
1739,NL,STA-NL00016,PM10,32.2,µg/m3,2015-10-12 12:00:00 +01:00
1740,NL,STA-NL00016,PM10,15.2,µg/m3,2015-10-12 03:00:00 +01:00
1741,NL,STA-NL00016,PM10,20.8,µg/m3,2015-10-11 15:00:00 +01:00
1742,NL,STA-NL00016,PM10,16.6,µg/m3,2015-10-11 19:00:00 +01:00
1743,NL,STA-NL00016,PM10,14.2,µg/m3,2015-10-09 15:00:00 +01:00
1744,NL,STA-NL00016,PM10,21.4,µg/m3,2015-10-11 07:00:00 +01:00
1745,NL,STA-NL00016,PM10,26.1,µg/m3,2015-10-10 11:00:00 +01:00
1746,NL,STA-NL00016,PM10,36.2,µg/m3,2015-10-10 19:00:00 +01:00
1747,NL,STA-NL00016,PM10,21.8,µg/m3,2015-10-10 23:00:00 +01:00
1748,NL,STA-NL00016,PM10,26.9,µg/m3,2015-10-11 11:00:00 +01:00
1749,NL,STA-NL00016,PM10,33.9,µg/m3,2015-10-10 15:00:00 +01:00
1750,NL,STA-NL00016,PM10,9.8,µg/m3,2015-05-12 17:00:00 +01:00
1751,NL,STA-NL00016,PM10,15.1,µg/m3,2015-10-08 19:00:00 +01:00
1752,NL,STA-NL00016,PM10,3.3,µg/m3,2015-05-12 13:00:00 +01:00
1753,NL,STA-NL00016,PM10,11.6,µg/m3,2015-05-12 09:00:00 +01:00
1754,NL,STA-NL00016,PM10,16.0,µg/m3,2015-05-12 21:00:00 +01:00
1755,NL,STA-NL00016,PM10,7.9,µg/m3,2015-05-12 18:00:00 +01:00
1756,NL,STA-NL00016,PM10,10.8,µg/m3,2015-10-08 23:00:00 +01:00
1757,NL,STA-NL00016,PM10,4.5,µg/m3,2015-05-12 05:00:00 +01:00
1759,NL,STA-NL00016,PM10,17.5,µg/m3,2015-05-12 22:00:00 +01:00
1761,NL,STA-NL00016,PM10,26.4,µg/m3,2015-05-09 15:00:00 +01:00
1762,NL,STA-NL00016,PM10,10.7,µg/m3,2015-05-10 04:00:00 +01:00
1763,NL,STA-NL00016,PM10,14.2,µg/m3,2015-10-06 14:00:00 +01:00
1764,NL,STA-NL00016,PM10,19.7,µg/m3,2015-05-08 14:00:00 +01:00
1765,NL,STA-NL00016,PM10,19.7,µg/m3,2015-05-08 06:00:00 +01:00
1766,NL,STA-NL00016,PM10,18.6,µg/m3,2015-10-06 13:00:00 +01:00
1767,NL,STA-NL00016,PM10,16.3,µg/m3,2015-05-08 10:00:00 +01:00
1768,NL,STA-NL00016,PM10,14.8,µg/m3,2015-10-06 18:00:00 +01:00
1769,NL,STA-NL00016,PM10,9.2,µg/m3,2015-10-06 22:00:00 +01:00
1770,NL,STA-NL00016,PM10,5.7,µg/m3,2015-10-07 02:00:00 +01:00
1771,NL,STA-NL00016,PM10,9.2,µg/m3,2015-05-09 20:00:00 +01:00
1772,NL,STA-NL00016,PM10,13.3,µg/m3,2015-05-09 12:00:00 +01:00
1773,NL,STA-NL00016,PM10,7.1,µg/m3,2015-10-07 06:00:00 +01:00
1774,NL,STA-NL00016,PM10,-1.3,µg/m3,2015-05-09 23:00:00 +01:00
1775,NL,STA-NL00016,PM10,21.0,µg/m3,2015-10-16 09:00:00 +01:00
1776,NL,STA-NL00016,PM10,21.0,µg/m3,2015-10-16 17:00:00 +01:00
1777,NL,STA-NL00016,PM10,24.6,µg/m3,2015-10-16 14:00:00 +01:00
1778,NL,STA-NL00016,PM10,22.2,µg/m3,2015-10-16 13:00:00 +01:00
1779,NL,STA-NL00016,PM10,29.8,µg/m3,2015-10-16 10:00:00 +01:00
1780,NL,STA-NL00016,PM10,22.4,µg/m3,2015-10-16 02:00:00 +01:00
1781,NL,STA-NL00016,PM10,20.3,µg/m3,2015-10-16 05:00:00 +01:00
1782,NL,STA-NL00016,PM10,20.1,µg/m3,2015-10-15 13:00:00 +01:00
1783,NL,STA-NL00016,PM10,35.7,µg/m3,2015-10-15 21:00:00 +01:00
1784,NL,STA-NL00016,PM10,26.3,µg/m3,2015-10-15 17:00:00 +01:00
1785,NL,STA-NL00016,PM10,22.8,µg/m3,2015-10-16 01:00:00 +01:00
1786,NL,STA-NL00016,PM10,37.7,µg/m3,2015-10-15 22:00:00 +01:00
1787,NL,STA-NL00016,PM10,7.8,µg/m3,2015-10-17 06:00:00 +01:00
1788,NL,STA-NL00016,PM10,12.7,µg/m3,2015-10-16 21:00:00 +01:00
1789,NL,STA-NL00016,PM10,12.9,µg/m3,2015-10-17 10:00:00 +01:00
1790,NL,STA-NL00016,PM10,8.9,µg/m3,2015-10-16 22:00:00 +01:00
1791,NL,STA-NL00016,PM10,11.6,µg/m3,2015-10-17 01:00:00 +01:00
1792,NL,STA-NL00016,PM10,37.3,µg/m3,2015-10-13 20:00:00 +01:00
1793,NL,STA-NL00016,PM10,25.4,µg/m3,2015-10-12 20:00:00 +01:00
1794,NL,STA-NL00016,PM10,23.8,µg/m3,2015-10-14 00:00:00 +01:00
1795,NL,STA-NL00016,PM10,30.3,µg/m3,2015-10-15 09:00:00 +01:00
1796,NL,STA-NL00016,PM10,23.6,µg/m3,2015-10-12 19:00:00 +01:00
1797,NL,STA-NL00016,PM10,9.6,µg/m3,2015-10-11 23:00:00 +01:00
1798,NL,STA-NL00016,PM10,17.5,µg/m3,2015-10-13 16:00:00 +01:00
1799,NL,STA-NL00016,PM10,27.6,µg/m3,2015-10-13 04:00:00 +01:00
1800,NL,STA-NL00016,PM10,30.6,µg/m3,2015-10-13 08:00:00 +01:00
1801,NL,STA-NL00016,PM10,23.9,µg/m3,2015-10-12 16:00:00 +01:00
1802,NL,STA-NL00016,PM10,26.9,µg/m3,2015-10-12 07:00:00 +01:00
1803,NL,STA-NL00016,PM10,29.9,µg/m3,2015-10-12 11:00:00 +01:00
1804,NL,STA-NL00016,PM10,22.7,µg/m3,2015-10-13 00:00:00 +01:00
1805,NL,STA-NL00016,PM10,22.5,µg/m3,2015-10-13 03:00:00 +01:00
1806,NL,STA-NL00016,PM10,23.2,µg/m3,2015-10-12 23:00:00 +01:00
1807,NL,STA-NL00016,PM10,15.8,µg/m3,2015-11-12 23:00:00 +01:00
1808,NL,STA-NL00016,PM10,16.2,µg/m3,2015-11-12 15:00:00 +01:00
1809,NL,STA-NL00016,PM10,21.4,µg/m3,2015-06-27 02:00:00 +01:00
1810,NL,STA-NL00016,PM10,11.3,µg/m3,2015-11-12 07:00:00 +01:00
1811,NL,STA-NL00016,PM10,17.9,µg/m3,2015-11-12 20:00:00 +01:00
1812,NL,STA-NL00016,PM10,31.6,µg/m3,2015-06-28 06:00:00 +01:00
1813,NL,STA-NL00016,PM10,8.2,µg/m3,2015-11-13 15:00:00 +01:00
1814,NL,STA-NL00016,PM10,8.9,µg/m3,2015-11-14 00:00:00 +01:00
1815,NL,STA-NL00016,PM10,18.5,µg/m3,2015-11-12 16:00:00 +01:00
1816,NL,STA-NL00016,PM10,21.3,µg/m3,2015-11-13 03:00:00 +01:00
1817,NL,STA-NL00016,PM10,19.0,µg/m3,2015-11-13 12:00:00 +01:00
1818,NL,STA-NL00016,PM10,19.9,µg/m3,2015-06-27 09:00:00 +01:00
1819,NL,STA-NL00016,PM10,16.9,µg/m3,2015-11-13 11:00:00 +01:00
1820,NL,STA-NL00016,PM10,18.0,µg/m3,2015-11-14 12:00:00 +01:00
1821,NL,STA-NL00016,PM10,8.0,µg/m3,2015-11-14 16:00:00 +01:00
1822,NL,STA-NL00016,PM10,6.7,µg/m3,2015-11-13 20:00:00 +01:00
1823,NL,STA-NL00016,PM10,10.1,µg/m3,2015-11-12 19:00:00 +01:00
1824,NL,STA-NL00016,PM10,10.1,µg/m3,2015-11-14 04:00:00 +01:00
1825,NL,STA-NL00016,PM10,18.5,µg/m3,2015-11-13 00:00:00 +01:00
1826,NL,STA-NL00016,PM10,14.0,µg/m3,2015-06-28 18:00:00 +01:00
1827,NL,STA-NL00016,PM10,22.3,µg/m3,2015-06-27 17:00:00 +01:00
1828,NL,STA-NL00016,PM10,7.2,µg/m3,2015-11-13 16:00:00 +01:00
1829,NL,STA-NL00016,PM10,20.2,µg/m3,2015-06-28 14:00:00 +01:00
1830,NL,STA-NL00016,PM10,13.6,µg/m3,2015-11-14 08:00:00 +01:00
1831,NL,STA-NL00016,PM10,18.5,µg/m3,2015-11-11 10:00:00 +01:00
1832,NL,STA-NL00016,PM10,17.8,µg/m3,2015-11-11 19:00:00 +01:00
1833,NL,STA-NL00016,PM10,11.3,µg/m3,2015-11-11 11:00:00 +01:00
1834,NL,STA-NL00016,PM10,14.1,µg/m3,2015-11-11 15:00:00 +01:00
1835,NL,STA-NL00016,PM10,20.5,µg/m3,2015-11-11 03:00:00 +01:00
1836,NL,STA-NL00016,PM10,19.5,µg/m3,2015-11-11 07:00:00 +01:00
1837,NL,STA-NL00016,PM10,20.0,µg/m3,2015-11-10 23:00:00 +01:00
1838,NL,STA-NL00016,PM10,17.8,µg/m3,2015-11-10 15:00:00 +01:00
1839,NL,STA-NL00016,PM10,9.8,µg/m3,2015-11-10 19:00:00 +01:00
1840,NL,STA-NL00016,PM10,16.3,µg/m3,2015-11-12 04:00:00 +01:00
1841,NL,STA-NL00016,PM10,10.2,µg/m3,2015-11-12 11:00:00 +01:00
1842,NL,STA-NL00016,PM10,9.4,µg/m3,2015-11-12 12:00:00 +01:00
1843,NL,STA-NL00016,PM10,10.9,µg/m3,2015-11-12 03:00:00 +01:00
1844,NL,STA-NL00016,PM10,8.9,µg/m3,2015-11-11 23:00:00 +01:00
1845,NL,STA-NL00016,PM10,6.6,µg/m3,2015-11-17 13:00:00 +01:00
1846,NL,STA-NL00016,PM10,22.2,µg/m3,2015-11-18 01:00:00 +01:00
1847,NL,STA-NL00016,PM10,14.8,µg/m3,2015-07-03 03:00:00 +01:00
1848,NL,STA-NL00016,PM10,48.2,µg/m3,2015-07-02 15:00:00 +01:00
1849,NL,STA-NL00016,PM10,9.0,µg/m3,2015-11-15 00:00:00 +01:00
1850,NL,STA-NL00016,PM10,5.9,µg/m3,2015-11-17 17:00:00 +01:00
1851,NL,STA-NL00016,PM10,49.7,µg/m3,2015-07-02 11:00:00 +01:00
1852,NL,STA-NL00016,PM10,20.3,µg/m3,2015-07-02 19:00:00 +01:00
1853,NL,STA-NL00016,PM10,14.4,µg/m3,2015-11-18 10:00:00 +01:00
1854,NL,STA-NL00016,PM10,14.3,µg/m3,2015-11-18 18:00:00 +01:00
1855,NL,STA-NL00016,PM10,24.1,µg/m3,2015-11-18 13:00:00 +01:00
1856,NL,STA-NL00016,PM10,22.3,µg/m3,2015-11-17 21:00:00 +01:00
1857,NL,STA-NL00016,PM10,6.2,µg/m3,2015-11-18 06:00:00 +01:00
1858,NL,STA-NL00016,PM10,20.7,µg/m3,2015-11-19 06:00:00 +01:00
1859,NL,STA-NL00016,PM10,18.0,µg/m3,2015-07-03 23:00:00 +01:00
1860,NL,STA-NL00016,PM10,13.9,µg/m3,2015-11-18 21:00:00 +01:00
1861,NL,STA-NL00016,PM10,6.2,µg/m3,2015-11-18 05:00:00 +01:00
1862,NL,STA-NL00016,PM10,24.8,µg/m3,2015-11-18 14:00:00 +01:00
1863,NL,STA-NL00016,PM10,38.5,µg/m3,2015-07-03 15:00:00 +01:00
1864,NL,STA-NL00016,PM10,21.7,µg/m3,2015-11-19 01:00:00 +01:00
1865,NL,STA-NL00016,PM10,40.3,µg/m3,2015-07-04 11:00:00 +01:00
1866,NL,STA-NL00016,PM10,11.4,µg/m3,2015-11-18 22:00:00 +01:00
1867,NL,STA-NL00016,PM10,36.2,µg/m3,2015-07-03 07:00:00 +01:00
1868,NL,STA-NL00016,PM10,9.4,µg/m3,2015-07-05 11:00:00 +01:00
1869,NL,STA-NL00016,PM10,14.6,µg/m3,2015-11-18 17:00:00 +01:00
1870,NL,STA-NL00016,PM10,11.0,µg/m3,2015-11-18 09:00:00 +01:00
1871,NL,STA-NL00016,PM10,9.4,µg/m3,2015-11-19 18:00:00 +01:00
1872,NL,STA-NL00016,PM10,27.3,µg/m3,2015-07-02 07:00:00 +01:00
1873,NL,STA-NL00016,PM10,6.7,µg/m3,2015-11-17 09:00:00 +01:00
1874,NL,STA-NL00016,PM10,20.9,µg/m3,2015-07-02 03:00:00 +01:00
1875,NL,STA-NL00016,PM10,24.5,µg/m3,2015-07-01 19:00:00 +01:00
1876,NL,STA-NL00016,PM10,31.7,µg/m3,2015-07-01 11:00:00 +01:00
1877,NL,STA-NL00016,PM10,21.1,µg/m3,2015-06-27 13:00:00 +01:00
1878,NL,STA-NL00016,PM10,6.4,µg/m3,2015-11-15 04:00:00 +01:00
1879,NL,STA-NL00016,PM10,14.7,µg/m3,2015-11-13 08:00:00 +01:00
1880,NL,STA-NL00016,PM10,25.2,µg/m3,2015-07-01 15:00:00 +01:00
1881,NL,STA-NL00016,PM10,14.1,µg/m3,2015-11-13 07:00:00 +01:00
1882,NL,STA-NL00016,PM10,19.0,µg/m3,2015-11-15 08:00:00 +01:00
1883,NL,STA-NL00016,PM10,9.2,µg/m3,2015-11-14 20:00:00 +01:00
1884,NL,STA-NL00016,PM10,8.9,µg/m3,2015-06-22 08:00:00 +01:00
1885,NL,STA-NL00016,PM10,12.7,µg/m3,2015-06-22 12:00:00 +01:00
1886,NL,STA-NL00016,PM10,7.3,µg/m3,2015-06-22 04:00:00 +01:00
1887,NL,STA-NL00016,PM10,4.9,µg/m3,2015-06-20 19:00:00 +01:00
1888,NL,STA-NL00016,PM10,6.0,µg/m3,2015-11-07 05:00:00 +01:00
1889,NL,STA-NL00016,PM10,10.7,µg/m3,2015-11-07 22:00:00 +01:00
1890,NL,STA-NL00016,PM10,2.2,µg/m3,2015-06-21 16:00:00 +01:00
1891,NL,STA-NL00016,PM10,15.4,µg/m3,2015-06-21 12:00:00 +01:00
1892,NL,STA-NL00016,PM10,14.5,µg/m3,2015-06-21 20:00:00 +01:00
1893,NL,STA-NL00016,PM10,19.5,µg/m3,2015-11-05 22:00:00 +01:00
1894,NL,STA-NL00016,PM10,18.8,µg/m3,2015-11-05 18:00:00 +01:00
1895,NL,STA-NL00016,PM10,4.7,µg/m3,2015-06-19 19:00:00 +01:00
1896,NL,STA-NL00016,PM10,5.7,µg/m3,2015-11-06 09:00:00 +01:00
1897,NL,STA-NL00016,PM10,17.5,µg/m3,2015-11-05 17:00:00 +01:00
1898,NL,STA-NL00016,PM10,10.5,µg/m3,2015-11-06 01:00:00 +01:00
1899,NL,STA-NL00016,PM10,19.9,µg/m3,2015-11-04 08:00:00 +01:00
1900,NL,STA-NL00016,PM10,17.3,µg/m3,2015-11-05 16:00:00 +01:00
1901,NL,STA-NL00016,PM10,19.8,µg/m3,2015-11-05 08:00:00 +01:00
1902,NL,STA-NL00016,PM10,18.5,µg/m3,2015-06-19 11:00:00 +01:00
1903,NL,STA-NL00016,PM10,3.1,µg/m3,2015-11-07 00:00:00 +01:00
1904,NL,STA-NL00016,PM10,10.3,µg/m3,2015-06-20 07:00:00 +01:00
1905,NL,STA-NL00016,PM10,6.4,µg/m3,2015-11-06 17:00:00 +01:00
1906,NL,STA-NL00016,PM10,8.8,µg/m3,2015-11-07 10:00:00 +01:00
1907,NL,STA-NL00016,PM10,3.1,µg/m3,2015-11-06 22:00:00 +01:00
1908,NL,STA-NL00016,PM10,9.3,µg/m3,2015-06-20 20:00:00 +01:00
1909,NL,STA-NL00016,PM10,6.4,µg/m3,2015-11-06 14:00:00 +01:00
1910,NL,STA-NL00016,PM10,6.1,µg/m3,2015-11-07 01:00:00 +01:00
1911,NL,STA-NL00016,PM10,3.3,µg/m3,2015-11-07 09:00:00 +01:00
1912,NL,STA-NL00016,PM10,10.3,µg/m3,2015-11-06 13:00:00 +01:00
1913,NL,STA-NL00016,PM10,7.8,µg/m3,2015-11-06 05:00:00 +01:00
1914,NL,STA-NL00016,PM10,15.2,µg/m3,2015-11-05 21:00:00 +01:00
1915,NL,STA-NL00016,PM10,9.1,µg/m3,2015-11-06 02:00:00 +01:00
1916,NL,STA-NL00016,PM10,3.3,µg/m3,2015-11-06 21:00:00 +01:00
1917,NL,STA-NL00016,PM10,17.7,µg/m3,2015-11-02 07:00:00 +01:00
1918,NL,STA-NL00016,PM10,38.3,µg/m3,2015-11-02 15:00:00 +01:00
1919,NL,STA-NL00016,PM10,27.2,µg/m3,2015-11-02 19:00:00 +01:00
1920,NL,STA-NL00016,PM10,41.5,µg/m3,2015-11-02 11:00:00 +01:00
1921,NL,STA-NL00016,PM10,23.6,µg/m3,2015-11-01 19:00:00 +01:00
1922,NL,STA-NL00016,PM10,24.9,µg/m3,2015-10-30 18:00:00 +01:00
1923,NL,STA-NL00016,PM10,16.1,µg/m3,2015-11-05 04:00:00 +01:00
1924,NL,STA-NL00016,PM10,6.8,µg/m3,2015-11-04 16:00:00 +01:00
1925,NL,STA-NL00016,PM10,18.6,µg/m3,2015-11-04 04:00:00 +01:00
1926,NL,STA-NL00016,PM10,11.4,µg/m3,2015-06-19 03:00:00 +01:00
1927,NL,STA-NL00016,PM10,15.9,µg/m3,2015-11-05 00:00:00 +01:00
1928,NL,STA-NL00016,PM10,26.9,µg/m3,2015-11-03 16:00:00 +01:00
1929,NL,STA-NL00016,PM10,17.8,µg/m3,2015-06-18 15:00:00 +01:00
1930,NL,STA-NL00016,PM10,22.2,µg/m3,2015-11-04 00:00:00 +01:00
1931,NL,STA-NL00016,PM10,13.4,µg/m3,2015-11-04 12:00:00 +01:00
1932,NL,STA-NL00016,PM10,14.6,µg/m3,2015-06-18 19:00:00 +01:00
1933,NL,STA-NL00016,PM10,29.1,µg/m3,2015-11-02 20:00:00 +01:00
1934,NL,STA-NL00016,PM10,21.3,µg/m3,2015-11-03 00:00:00 +01:00
1935,NL,STA-NL00016,PM10,26.5,µg/m3,2015-11-03 04:00:00 +01:00
1936,NL,STA-NL00016,PM10,22.8,µg/m3,2015-11-02 23:00:00 +01:00
1937,NL,STA-NL00016,PM10,29.3,µg/m3,2015-11-03 03:00:00 +01:00
1938,NL,STA-NL00016,PM10,28.9,µg/m3,2015-11-03 11:00:00 +01:00
1939,NL,STA-NL00016,PM10,32.2,µg/m3,2015-11-03 20:00:00 +01:00
1940,NL,STA-NL00016,PM10,15.4,µg/m3,2015-06-18 07:00:00 +01:00
1941,NL,STA-NL00016,PM10,45.8,µg/m3,2015-11-03 12:00:00 +01:00
1942,NL,STA-NL00016,PM10,18.9,µg/m3,2015-06-18 03:00:00 +01:00
1943,NL,STA-NL00016,PM10,13.6,µg/m3,2015-07-13 10:00:00 +01:00
1944,NL,STA-NL00016,PM10,7.7,µg/m3,2015-11-25 12:00:00 +01:00
1945,NL,STA-NL00016,PM10,14.3,µg/m3,2015-11-25 15:00:00 +01:00
1946,NL,STA-NL00016,PM10,1.5,µg/m3,2015-07-13 18:00:00 +01:00
1947,NL,STA-NL00016,PM10,25.8,µg/m3,2015-07-13 05:00:00 +01:00
1948,NL,STA-NL00016,PM10,9.8,µg/m3,2015-07-13 13:00:00 +01:00
1949,NL,STA-NL00016,PM10,20.5,µg/m3,2015-07-12 17:00:00 +01:00
1950,NL,STA-NL00016,PM10,17.7,µg/m3,2015-07-13 09:00:00 +01:00
1951,NL,STA-NL00016,PM10,14.4,µg/m3,2015-11-24 12:00:00 +01:00
1952,NL,STA-NL00016,PM10,5.2,µg/m3,2015-11-25 04:00:00 +01:00
1953,NL,STA-NL00016,PM10,15.0,µg/m3,2015-07-12 13:00:00 +01:00
1954,NL,STA-NL00016,PM10,11.1,µg/m3,2015-07-12 09:00:00 +01:00
1955,NL,STA-NL00016,PM10,23.6,µg/m3,2015-07-12 05:00:00 +01:00
1956,NL,STA-NL00016,PM10,7.9,µg/m3,2015-11-25 21:00:00 +01:00
1957,NL,STA-NL00016,PM10,16.6,µg/m3,2015-07-14 01:00:00 +01:00
1958,NL,STA-NL00016,PM10,23.7,µg/m3,2015-07-14 06:00:00 +01:00
1959,NL,STA-NL00016,PM10,22.0,µg/m3,2015-07-14 02:00:00 +01:00
1960,NL,STA-NL00016,PM10,11.1,µg/m3,2015-07-13 21:00:00 +01:00
1961,NL,STA-NL00016,PM10,6.9,µg/m3,2015-07-13 22:00:00 +01:00
1962,NL,STA-NL00016,PM10,13.1,µg/m3,2015-07-13 17:00:00 +01:00
1963,NL,STA-NL00016,PM10,19.4,µg/m3,2015-07-13 01:00:00 +01:00
1964,NL,STA-NL00016,PM10,11.7,µg/m3,2015-07-12 21:00:00 +01:00
1965,NL,STA-NL00016,PM10,22.4,µg/m3,2015-11-26 21:00:00 +01:00
1966,NL,STA-NL00016,PM10,12.3,µg/m3,2015-07-14 10:00:00 +01:00
1967,NL,STA-NL00016,PM10,23.2,µg/m3,2015-11-26 19:00:00 +01:00
1968,NL,STA-NL00016,PM10,3.3,µg/m3,2015-07-14 18:00:00 +01:00
1969,NL,STA-NL00016,PM10,11.3,µg/m3,2015-07-13 14:00:00 +01:00
1970,NL,STA-NL00016,PM10,12.8,µg/m3,2015-11-25 23:00:00 +01:00
1971,NL,STA-NL00016,PM10,19.5,µg/m3,2015-11-26 02:00:00 +01:00
1972,NL,STA-NL00016,PM10,4.3,µg/m3,2015-07-14 14:00:00 +01:00
1973,NL,STA-NL00016,PM10,27.1,µg/m3,2015-07-15 10:00:00 +01:00
1974,NL,STA-NL00016,PM10,17.9,µg/m3,2015-11-26 07:00:00 +01:00
1975,NL,STA-NL00016,PM10,14.8,µg/m3,2015-11-26 12:00:00 +01:00
1976,NL,STA-NL00016,PM10,6.4,µg/m3,2015-07-15 02:00:00 +01:00
1977,NL,STA-NL00016,PM10,2.5,µg/m3,2015-07-15 14:00:00 +01:00
1978,NL,STA-NL00016,PM10,0.9,µg/m3,2015-07-14 22:00:00 +01:00
1979,NL,STA-NL00016,PM10,16.1,µg/m3,2015-11-27 15:00:00 +01:00
1980,NL,STA-NL00016,PM10,26.7,µg/m3,2015-11-27 11:00:00 +01:00
1981,NL,STA-NL00016,PM10,2.3,µg/m3,2015-07-15 18:00:00 +01:00
1982,NL,STA-NL00016,PM10,19.4,µg/m3,2015-11-26 18:00:00 +01:00
1983,NL,STA-NL00016,PM10,9.7,µg/m3,2015-07-16 02:00:00 +01:00
1984,NL,STA-NL00016,PM10,26.1,µg/m3,2015-11-27 10:00:00 +01:00
1986,NL,STA-NL00016,PM10,30.4,µg/m3,2015-07-15 06:00:00 +01:00
1987,NL,STA-NL00016,PM10,13.5,µg/m3,2015-07-17 15:00:00 +01:00
1988,NL,STA-NL00016,PM10,12.0,µg/m3,2015-07-17 19:00:00 +01:00
1989,NL,STA-NL00016,PM10,38.0,µg/m3,2015-07-16 10:00:00 +01:00
1990,NL,STA-NL00016,PM10,13.9,µg/m3,2015-07-16 06:00:00 +01:00
1991,NL,STA-NL00016,PM10,21.9,µg/m3,2015-11-26 15:00:00 +01:00
1992,NL,STA-NL00016,PM10,8.5,µg/m3,2015-11-28 01:00:00 +01:00
1993,NL,STA-NL00016,PM10,15.1,µg/m3,2015-11-26 23:00:00 +01:00
1994,NL,STA-NL00016,PM10,13.5,µg/m3,2015-11-27 23:00:00 +01:00
1995,NL,STA-NL00016,PM10,8.2,µg/m3,2015-11-22 01:00:00 +01:00
1996,NL,STA-NL00016,PM10,11.9,µg/m3,2015-07-06 00:00:00 +01:00
1997,NL,STA-NL00016,PM10,6.2,µg/m3,2015-11-22 06:00:00 +01:00
1998,NL,STA-NL00016,PM10,4.2,µg/m3,2015-11-22 09:00:00 +01:00
1999,NL,STA-NL00016,PM10,7.4,µg/m3,2015-11-22 12:00:00 +01:00
2000,NL,STA-NL00016,PM10,7.9,µg/m3,2015-11-22 15:00:00 +01:00
2001,NL,STA-NL00016,PM10,10.8,µg/m3,2015-11-20 13:00:00 +01:00
2002,NL,STA-NL00016,PM10,2.6,µg/m3,2015-11-21 17:00:00 +01:00
2003,NL,STA-NL00016,PM10,0.6,µg/m3,2015-11-21 20:00:00 +01:00
2004,NL,STA-NL00016,PM10,5.7,µg/m3,2015-11-23 02:00:00 +01:00
2005,NL,STA-NL00016,PM10,37.8,µg/m3,2015-11-23 09:00:00 +01:00
2006,NL,STA-NL00016,PM10,13.5,µg/m3,2015-07-08 04:00:00 +01:00
2007,NL,STA-NL00016,PM10,4.1,µg/m3,2015-11-22 14:00:00 +01:00
2008,NL,STA-NL00016,PM10,4.8,µg/m3,2015-11-21 23:00:00 +01:00
2009,NL,STA-NL00016,PM10,4.1,µg/m3,2015-11-22 18:00:00 +01:00
2010,NL,STA-NL00016,PM10,6.7,µg/m3,2015-11-22 21:00:00 +01:00
2011,NL,STA-NL00016,PM10,5.7,µg/m3,2015-07-08 08:00:00 +01:00
2012,NL,STA-NL00016,PM10,6.8,µg/m3,2015-07-05 15:00:00 +01:00
2013,NL,STA-NL00016,PM10,8.7,µg/m3,2015-11-20 00:00:00 +01:00
2014,NL,STA-NL00016,PM10,5.3,µg/m3,2015-11-20 23:00:00 +01:00
2015,NL,STA-NL00016,PM10,0.9,µg/m3,2015-07-05 20:00:00 +01:00
2016,NL,STA-NL00016,PM10,11.2,µg/m3,2015-11-19 15:00:00 +01:00
2017,NL,STA-NL00016,PM10,8.4,µg/m3,2015-11-19 22:00:00 +01:00
2018,NL,STA-NL00016,PM10,7.2,µg/m3,2015-11-20 02:00:00 +01:00
2019,NL,STA-NL00016,PM10,14.1,µg/m3,2015-11-20 10:00:00 +01:00
2020,NL,STA-NL00016,PM10,17.9,µg/m3,2015-07-06 08:00:00 +01:00
2021,NL,STA-NL00016,PM10,4.8,µg/m3,2015-11-21 06:00:00 +01:00
2022,NL,STA-NL00016,PM10,3.4,µg/m3,2015-11-21 09:00:00 +01:00
2023,NL,STA-NL00016,PM10,2.6,µg/m3,2015-11-21 14:00:00 +01:00
2024,NL,STA-NL00016,PM10,15.9,µg/m3,2015-07-09 08:00:00 +01:00
2025,NL,STA-NL00016,PM10,14.3,µg/m3,2015-11-24 14:00:00 +01:00
2026,NL,STA-NL00016,PM10,14.2,µg/m3,2015-11-24 18:00:00 +01:00
2027,NL,STA-NL00016,PM10,22.5,µg/m3,2015-07-11 21:00:00 +01:00
2028,NL,STA-NL00016,PM10,28.3,µg/m3,2015-11-23 08:00:00 +01:00
2029,NL,STA-NL00016,PM10,13.3,µg/m3,2015-11-24 07:00:00 +01:00
2030,NL,STA-NL00016,PM10,7.3,µg/m3,2015-11-22 11:00:00 +01:00
2031,NL,STA-NL00016,PM10,9.5,µg/m3,2015-11-23 15:00:00 +01:00
2032,NL,STA-NL00016,PM10,20.2,µg/m3,2015-11-24 00:00:00 +01:00
2033,NL,STA-NL00016,PM10,10.9,µg/m3,2015-11-23 12:00:00 +01:00
2034,NL,STA-NL00016,PM10,15.4,µg/m3,2015-11-23 23:00:00 +01:00
2035,NL,STA-NL00016,PM10,6.4,µg/m3,2015-11-23 18:00:00 +01:00
2036,NL,STA-NL00016,PM10,5.9,µg/m3,2015-11-23 19:00:00 +01:00
2037,NL,STA-NL00016,PM10,8.1,µg/m3,2015-11-23 04:00:00 +01:00
2038,NL,STA-NL00016,PM10,15.1,µg/m3,2015-07-22 01:00:00 +01:00
2039,NL,STA-NL00016,PM10,7.6,µg/m3,2015-07-21 21:00:00 +01:00
2040,NL,STA-NL00016,PM10,25.1,µg/m3,2015-07-22 05:00:00 +01:00
2041,NL,STA-NL00016,PM10,14.9,µg/m3,2015-12-02 05:00:00 +01:00
2042,NL,STA-NL00016,PM10,11.5,µg/m3,2015-12-02 01:00:00 +01:00
2043,NL,STA-NL00016,PM10,12.9,µg/m3,2015-07-21 17:00:00 +01:00
2044,NL,STA-NL00016,PM10,10.3,µg/m3,2015-12-01 19:00:00 +01:00
2045,NL,STA-NL00016,PM10,6.9,µg/m3,2015-07-22 18:00:00 +01:00
2046,NL,STA-NL00016,PM10,7.5,µg/m3,2015-07-23 02:00:00 +01:00
2047,NL,STA-NL00016,PM10,16.9,µg/m3,2015-07-22 09:00:00 +01:00
2048,NL,STA-NL00016,PM10,10.0,µg/m3,2015-12-01 14:00:00 +01:00
2049,NL,STA-NL00016,PM10,17.0,µg/m3,2015-12-01 11:00:00 +01:00
2050,NL,STA-NL00016,PM10,17.5,µg/m3,2015-12-01 10:00:00 +01:00
2051,NL,STA-NL00016,PM10,7.9,µg/m3,2015-12-01 06:00:00 +01:00
2052,NL,STA-NL00016,PM10,6.5,µg/m3,2015-12-01 02:00:00 +01:00
2053,NL,STA-NL00016,PM10,21.5,µg/m3,2015-07-19 08:00:00 +01:00
2054,NL,STA-NL00016,PM10,6.6,µg/m3,2015-11-28 22:00:00 +01:00
2055,NL,STA-NL00016,PM10,15.6,µg/m3,2015-11-30 07:00:00 +01:00
2056,NL,STA-NL00016,PM10,14.4,µg/m3,2015-11-30 05:00:00 +01:00
2057,NL,STA-NL00016,PM10,14.3,µg/m3,2015-11-29 09:00:00 +01:00
2058,NL,STA-NL00016,PM10,11.9,µg/m3,2015-07-19 04:00:00 +01:00
2059,NL,STA-NL00016,PM10,10.1,µg/m3,2015-11-30 14:00:00 +01:00
2060,NL,STA-NL00016,PM10,11.8,µg/m3,2015-11-30 16:00:00 +01:00
2061,NL,STA-NL00016,PM10,5.6,µg/m3,2015-07-18 20:00:00 +01:00
2062,NL,STA-NL00016,PM10,9.4,µg/m3,2015-11-28 18:00:00 +01:00
2063,NL,STA-NL00016,PM10,29.4,µg/m3,2015-11-29 15:00:00 +01:00
2064,NL,STA-NL00016,PM10,33.3,µg/m3,2015-07-18 03:00:00 +01:00
2065,NL,STA-NL00016,PM10,8.0,µg/m3,2015-07-18 12:00:00 +01:00
2066,NL,STA-NL00016,PM10,5.3,µg/m3,2015-07-19 00:00:00 +01:00
2068,NL,STA-NL00016,PM10,11.6,µg/m3,2015-11-30 00:00:00 +01:00
2069,NL,STA-NL00016,PM10,6.8,µg/m3,2015-07-18 16:00:00 +01:00
2070,NL,STA-NL00016,PM10,12.6,µg/m3,2015-11-28 16:00:00 +01:00
2071,NL,STA-NL00016,PM10,13.1,µg/m3,2015-11-29 23:00:00 +01:00
2072,NL,STA-NL00016,PM10,14.0,µg/m3,2015-07-18 00:00:00 +01:00
2073,NL,STA-NL00016,PM10,9.0,µg/m3,2015-07-18 08:00:00 +01:00
2074,NL,STA-NL00016,PM10,12.4,µg/m3,2015-11-29 19:00:00 +01:00
2075,NL,STA-NL00016,PM10,10.5,µg/m3,2015-11-28 17:00:00 +01:00
2076,NL,STA-NL00016,PM10,13.5,µg/m3,2015-07-18 07:00:00 +01:00
2077,NL,STA-NL00016,PM10,21.3,µg/m3,2015-07-18 04:00:00 +01:00
2078,NL,STA-NL00016,PM10,10.7,µg/m3,2015-07-17 20:00:00 +01:00
2079,NL,STA-NL00016,PM10,7.6,µg/m3,2015-07-17 23:00:00 +01:00
2080,NL,STA-NL00016,PM10,10.1,µg/m3,2015-11-29 03:00:00 +01:00
2081,NL,STA-NL00016,PM10,6.9,µg/m3,2015-07-22 13:00:00 +01:00
2082,NL,STA-NL00016,PM10,8.4,µg/m3,2015-12-02 20:00:00 +01:00
2083,NL,STA-NL00016,PM10,10.5,µg/m3,2015-07-22 22:00:00 +01:00
2084,NL,STA-NL00016,PM10,6.2,µg/m3,2015-07-23 05:00:00 +01:00
2085,NL,STA-NL00016,PM10,3.1,µg/m3,2015-07-23 18:00:00 +01:00
2086,NL,STA-NL00016,PM10,10.4,µg/m3,2015-07-23 01:00:00 +01:00
2087,NL,STA-NL00016,PM10,18.2,µg/m3,2015-12-02 12:00:00 +01:00
2088,NL,STA-NL00016,PM10,10.0,µg/m3,2015-12-02 15:00:00 +01:00
2089,NL,STA-NL00016,PM10,10.0,µg/m3,2015-07-23 06:00:00 +01:00
2090,NL,STA-NL00016,PM10,6.2,µg/m3,2015-07-22 17:00:00 +01:00
2091,NL,STA-NL00016,PM10,9.3,µg/m3,2015-07-22 21:00:00 +01:00
2092,NL,STA-NL00016,PM10,18.2,µg/m3,2015-07-24 10:00:00 +01:00
2093,NL,STA-NL00016,PM10,18.8,µg/m3,2015-12-03 05:00:00 +01:00
2094,NL,STA-NL00016,PM10,25.3,µg/m3,2015-07-23 10:00:00 +01:00
2095,NL,STA-NL00016,PM10,16.0,µg/m3,2015-07-23 22:00:00 +01:00
2096,NL,STA-NL00016,PM10,8.8,µg/m3,2015-07-23 14:00:00 +01:00
2097,NL,STA-NL00016,PM10,13.6,µg/m3,2015-07-23 09:00:00 +01:00
2098,NL,STA-NL00016,PM10,8.5,µg/m3,2015-07-24 06:00:00 +01:00
2099,NL,STA-NL00016,PM10,7.6,µg/m3,2015-12-04 08:00:00 +01:00
2100,NL,STA-NL00016,PM10,5.1,µg/m3,2015-07-24 02:00:00 +01:00
2101,NL,STA-NL00016,PM10,10.1,µg/m3,2015-07-26 03:00:00 +01:00
2102,NL,STA-NL00016,PM10,11.0,µg/m3,2015-07-26 11:00:00 +01:00
2103,NL,STA-NL00016,PM10,17.2,µg/m3,2015-12-04 00:00:00 +01:00
2104,NL,STA-NL00016,PM10,8.6,µg/m3,2015-07-26 15:00:00 +01:00
2105,NL,STA-NL00016,PM10,6.2,µg/m3,2015-07-27 03:00:00 +01:00
2106,NL,STA-NL00016,PM10,9.1,µg/m3,2015-12-05 07:00:00 +01:00
2107,NL,STA-NL00016,PM10,6.8,µg/m3,2015-07-26 23:00:00 +01:00
2108,NL,STA-NL00016,PM10,17.2,µg/m3,2015-12-05 03:00:00 +01:00
2109,NL,STA-NL00016,PM10,5.6,µg/m3,2015-07-26 19:00:00 +01:00
2110,NL,STA-NL00016,PM10,14.9,µg/m3,2015-12-05 09:00:00 +01:00
2111,NL,STA-NL00016,PM10,24.7,µg/m3,2015-07-27 20:00:00 +01:00
2112,NL,STA-NL00016,PM10,7.9,µg/m3,2015-07-27 12:00:00 +01:00
2113,NL,STA-NL00016,PM10,8.5,µg/m3,2015-07-27 11:00:00 +01:00
2114,NL,STA-NL00016,PM10,12.2,µg/m3,2015-07-27 16:00:00 +01:00
2115,NL,STA-NL00016,PM10,14.5,µg/m3,2015-12-04 21:00:00 +01:00
2116,NL,STA-NL00016,PM10,7.7,µg/m3,2015-07-27 07:00:00 +01:00
2117,NL,STA-NL00016,PM10,17.1,µg/m3,2015-07-30 02:00:00 +01:00
2118,NL,STA-NL00016,PM10,8.2,µg/m3,2015-07-29 09:00:00 +01:00
2119,NL,STA-NL00016,PM10,12.3,µg/m3,2015-07-29 22:00:00 +01:00
2120,NL,STA-NL00016,PM10,22.9,µg/m3,2015-07-30 06:00:00 +01:00
2121,NL,STA-NL00016,PM10,13.7,µg/m3,2015-07-30 01:00:00 +01:00
2122,NL,STA-NL00016,PM10,20.0,µg/m3,2015-12-07 22:00:00 +01:00
2123,NL,STA-NL00016,PM10,14.8,µg/m3,2015-07-30 05:00:00 +01:00
2124,NL,STA-NL00016,PM10,6.2,µg/m3,2015-07-29 13:00:00 +01:00
2125,NL,STA-NL00016,PM10,14.6,µg/m3,2015-07-29 18:00:00 +01:00
2126,NL,STA-NL00016,PM10,14.6,µg/m3,2015-12-07 05:00:00 +01:00
2127,NL,STA-NL00016,PM10,14.8,µg/m3,2015-12-07 08:00:00 +01:00
2128,NL,STA-NL00016,PM10,13.6,µg/m3,2015-07-29 17:00:00 +01:00
2129,NL,STA-NL00016,PM10,10.2,µg/m3,2015-07-30 10:00:00 +01:00
2130,NL,STA-NL00016,PM10,17.3,µg/m3,2015-12-08 14:00:00 +01:00
2131,NL,STA-NL00016,PM10,10.2,µg/m3,2015-12-08 17:00:00 +01:00
2132,NL,STA-NL00016,PM10,14.2,µg/m3,2015-07-29 21:00:00 +01:00
2133,NL,STA-NL00016,PM10,25.6,µg/m3,2015-12-07 13:00:00 +01:00
2134,NL,STA-NL00016,PM10,17.0,µg/m3,2015-12-08 02:00:00 +01:00
2135,NL,STA-NL00016,PM10,26.0,µg/m3,2015-12-07 18:00:00 +01:00
2136,NL,STA-NL00016,PM10,8.1,µg/m3,2015-12-06 19:00:00 +01:00
2137,NL,STA-NL00016,PM10,14.6,µg/m3,2015-12-06 03:00:00 +01:00
2138,NL,STA-NL00016,PM10,16.5,µg/m3,2015-07-28 04:00:00 +01:00
2139,NL,STA-NL00016,PM10,8.3,µg/m3,2015-07-28 08:00:00 +01:00
2140,NL,STA-NL00016,PM10,5.9,µg/m3,2015-07-28 00:00:00 +01:00
2141,NL,STA-NL00016,PM10,15.5,µg/m3,2015-12-08 11:00:00 +01:00
2142,NL,STA-NL00016,PM10,17.0,µg/m3,2015-12-08 09:00:00 +01:00
2143,NL,STA-NL00016,PM10,7.6,µg/m3,2015-08-01 03:00:00 +01:00
2144,NL,STA-NL00016,PM10,9.3,µg/m3,2015-07-31 23:00:00 +01:00
2145,NL,STA-NL00016,PM10,20.3,µg/m3,2015-08-01 15:00:00 +01:00
2146,NL,STA-NL00016,PM10,11.0,µg/m3,2015-08-01 07:00:00 +01:00
2147,NL,STA-NL00016,PM10,11.7,µg/m3,2015-08-01 19:00:00 +01:00
2148,NL,STA-NL00016,PM10,22.0,µg/m3,2015-12-09 16:00:00 +01:00
2149,NL,STA-NL00016,PM10,19.4,µg/m3,2015-12-09 20:00:00 +01:00
2150,NL,STA-NL00016,PM10,18.7,µg/m3,2015-12-09 13:00:00 +01:00
2151,NL,STA-NL00016,PM10,18.0,µg/m3,2015-08-01 16:00:00 +01:00
2153,NL,STA-NL00016,PM10,18.1,µg/m3,2015-12-09 12:00:00 +01:00
2154,NL,STA-NL00016,PM10,9.4,µg/m3,2015-07-31 19:00:00 +01:00
2155,NL,STA-NL00016,PM10,28.8,µg/m3,2015-12-09 09:00:00 +01:00
2156,NL,STA-NL00016,PM10,14.4,µg/m3,2015-12-08 21:00:00 +01:00
2157,NL,STA-NL00016,PM10,12.4,µg/m3,2015-12-08 22:00:00 +01:00
2158,NL,STA-NL00016,PM10,13.9,µg/m3,2015-08-03 04:00:00 +01:00
2159,NL,STA-NL00016,PM10,13.8,µg/m3,2015-12-11 05:00:00 +01:00
2160,NL,STA-NL00016,PM10,19.1,µg/m3,2015-08-03 00:00:00 +01:00
2161,NL,STA-NL00016,PM10,13.9,µg/m3,2015-12-10 15:00:00 +01:00
2162,NL,STA-NL00016,PM10,13.2,µg/m3,2015-12-10 11:00:00 +01:00
2163,NL,STA-NL00016,PM10,18.2,µg/m3,2015-08-02 12:00:00 +01:00
2164,NL,STA-NL00016,PM10,22.7,µg/m3,2015-12-10 08:00:00 +01:00
2165,NL,STA-NL00016,PM10,22.4,µg/m3,2015-12-10 03:00:00 +01:00
2166,NL,STA-NL00016,PM10,19.0,µg/m3,2015-12-09 06:00:00 +01:00
2167,NL,STA-NL00016,PM10,30.1,µg/m3,2015-08-02 00:00:00 +01:00
2168,NL,STA-NL00016,PM10,30.3,µg/m3,2015-08-02 04:00:00 +01:00
2169,NL,STA-NL00016,PM10,10.7,µg/m3,2015-08-01 20:00:00 +01:00
2170,NL,STA-NL00016,PM10,22.4,µg/m3,2015-08-02 03:00:00 +01:00
2171,NL,STA-NL00016,PM10,28.3,µg/m3,2015-08-02 08:00:00 +01:00
2172,NL,STA-NL00016,PM10,35.4,µg/m3,2015-08-01 23:00:00 +01:00
2173,NL,STA-NL00016,PM10,8.1,µg/m3,2015-12-12 19:00:00 +01:00
2174,NL,STA-NL00016,PM10,25.4,µg/m3,2015-08-05 10:00:00 +01:00
2175,NL,STA-NL00016,PM10,15.2,µg/m3,2015-08-04 22:00:00 +01:00
2176,NL,STA-NL00016,PM10,15.2,µg/m3,2015-08-04 13:00:00 +01:00
2177,NL,STA-NL00016,PM10,14.1,µg/m3,2015-08-04 18:00:00 +01:00
2178,NL,STA-NL00016,PM10,17.7,µg/m3,2015-12-12 05:00:00 +01:00
2179,NL,STA-NL00016,PM10,10.1,µg/m3,2015-08-04 09:00:00 +01:00
2180,NL,STA-NL00016,PM10,17.9,µg/m3,2015-12-12 01:00:00 +01:00
2181,NL,STA-NL00016,PM10,16.6,µg/m3,2015-12-11 11:00:00 +01:00
2182,NL,STA-NL00016,PM10,7.8,µg/m3,2015-12-11 13:00:00 +01:00
2183,NL,STA-NL00016,PM10,15.5,µg/m3,2015-12-10 16:00:00 +01:00
2184,NL,STA-NL00016,PM10,16.6,µg/m3,2015-12-11 06:00:00 +01:00
2185,NL,STA-NL00016,PM10,19.4,µg/m3,2015-12-11 09:00:00 +01:00
2186,NL,STA-NL00016,PM10,7.2,µg/m3,2015-12-11 21:00:00 +01:00
2187,NL,STA-NL00016,PM10,13.2,µg/m3,2015-12-12 02:00:00 +01:00
2188,NL,STA-NL00016,PM10,6.4,µg/m3,2015-12-13 16:00:00 +01:00
2189,NL,STA-NL00016,PM10,17.6,µg/m3,2015-12-13 22:00:00 +01:00
2190,NL,STA-NL00016,PM10,4.0,µg/m3,2015-12-13 13:00:00 +01:00
2191,NL,STA-NL00016,PM10,24.0,µg/m3,2015-08-05 01:00:00 +01:00
2192,NL,STA-NL00016,PM10,5.5,µg/m3,2015-12-13 15:00:00 +01:00
2193,NL,STA-NL00016,PM10,7.3,µg/m3,2015-12-13 14:00:00 +01:00
2194,NL,STA-NL00016,PM10,5.3,µg/m3,2015-12-13 02:00:00 +01:00
2195,NL,STA-NL00016,PM10,6.7,µg/m3,2015-12-13 08:00:00 +01:00
2196,NL,STA-NL00016,PM10,7.0,µg/m3,2015-12-12 21:00:00 +01:00
2197,NL,STA-NL00016,PM10,6.6,µg/m3,2015-12-12 20:00:00 +01:00
2198,NL,STA-NL00016,PM10,15.5,µg/m3,2015-12-12 07:00:00 +01:00
2199,NL,STA-NL00016,PM10,11.6,µg/m3,2015-08-06 23:00:00 +01:00
2200,NL,STA-NL00016,PM10,35.1,µg/m3,2015-12-14 09:00:00 +01:00
2201,NL,STA-NL00016,PM10,15.6,µg/m3,2015-08-07 03:00:00 +01:00
2202,NL,STA-NL00016,PM10,19.2,µg/m3,2015-08-07 07:00:00 +01:00
2203,NL,STA-NL00016,PM10,30.0,µg/m3,2015-12-14 13:00:00 +01:00
2204,NL,STA-NL00016,PM10,37.3,µg/m3,2015-12-14 05:00:00 +01:00
2205,NL,STA-NL00016,PM10,34.4,µg/m3,2015-12-14 03:00:00 +01:00
2206,NL,STA-NL00016,PM10,9.9,µg/m3,2015-12-13 18:00:00 +01:00
2207,NL,STA-NL00016,PM10,26.7,µg/m3,2015-12-14 01:00:00 +01:00
2208,NL,STA-NL00016,PM10,17.7,µg/m3,2015-08-04 17:00:00 +01:00
2209,NL,STA-NL00016,PM10,23.1,µg/m3,2015-08-05 02:00:00 +01:00
2210,NL,STA-NL00016,PM10,18.2,µg/m3,2015-08-05 06:00:00 +01:00
2211,NL,STA-NL00016,PM10,27.4,µg/m3,2015-08-08 03:00:00 +01:00
2212,NL,STA-NL00016,PM10,34.5,µg/m3,2015-12-15 05:00:00 +01:00
2213,NL,STA-NL00016,PM10,35.3,µg/m3,2015-12-14 23:00:00 +01:00
2214,NL,STA-NL00016,PM10,35.5,µg/m3,2015-12-15 00:00:00 +01:00
2215,NL,STA-NL00016,PM10,38.7,µg/m3,2015-08-07 23:00:00 +01:00
2216,NL,STA-NL00016,PM10,20.7,µg/m3,2015-12-12 18:00:00 +01:00
2217,NL,STA-NL00016,PM10,32.5,µg/m3,2015-12-14 22:00:00 +01:00
2218,NL,STA-NL00016,PM10,37.6,µg/m3,2015-12-15 01:00:00 +01:00
2219,NL,STA-NL00016,PM10,25.1,µg/m3,2015-08-08 11:00:00 +01:00
2220,NL,STA-NL00016,PM10,33.8,µg/m3,2015-12-15 04:00:00 +01:00
2221,NL,STA-NL00016,PM10,45.3,µg/m3,2015-12-15 10:00:00 +01:00
2222,NL,STA-NL00016,PM10,16.2,µg/m3,2015-08-07 19:00:00 +01:00
2223,NL,STA-NL00016,PM10,20.5,µg/m3,2015-08-07 11:00:00 +01:00
2224,NL,STA-NL00016,PM10,26.5,µg/m3,2015-12-14 21:00:00 +01:00
2225,NL,STA-NL00016,PM10,46.2,µg/m3,2015-12-15 09:00:00 +01:00
2226,NL,STA-NL00016,PM10,50.8,µg/m3,2015-12-15 13:00:00 +01:00
2227,NL,STA-NL00016,PM10,2.4,µg/m3,2015-08-08 19:00:00 +01:00
2228,NL,STA-NL00016,PM10,14.6,µg/m3,2015-08-07 15:00:00 +01:00
2229,NL,STA-NL00016,PM10,3.1,µg/m3,2015-08-08 20:00:00 +01:00
2230,NL,STA-NL00016,PM10,4.0,µg/m3,2015-08-08 15:00:00 +01:00
2231,NL,STA-NL00016,PM10,23.7,µg/m3,2015-12-14 17:00:00 +01:00
2232,NL,STA-NL00016,PM10,24.8,µg/m3,2015-08-08 07:00:00 +01:00
2233,NL,STA-NL00016,PM10,23.7,µg/m3,2015-12-16 02:00:00 +01:00
2234,NL,STA-NL00016,PM10,6.9,µg/m3,2015-08-09 03:00:00 +01:00
2235,NL,STA-NL00016,PM10,23.0,µg/m3,2015-12-16 00:00:00 +01:00
2236,NL,STA-NL00016,PM10,3.8,µg/m3,2015-08-08 23:00:00 +01:00
2237,NL,STA-NL00016,PM10,4.6,µg/m3,2015-08-15 20:00:00 +01:00
2238,NL,STA-NL00016,PM10,1.8,µg/m3,2015-08-15 04:00:00 +01:00
2239,NL,STA-NL00016,PM10,13.2,µg/m3,2015-08-16 16:00:00 +01:00
2240,NL,STA-NL00016,PM10,22.1,µg/m3,2015-12-24 00:00:00 +01:00
2241,NL,STA-NL00016,PM10,18.3,µg/m3,2015-12-23 10:00:00 +01:00
2242,NL,STA-NL00016,PM10,9.6,µg/m3,2015-08-17 04:00:00 +01:00
2243,NL,STA-NL00016,PM10,10.9,µg/m3,2015-08-16 08:00:00 +01:00
2244,NL,STA-NL00016,PM10,6.1,µg/m3,2015-12-23 06:00:00 +01:00
2245,NL,STA-NL00016,PM10,22.7,µg/m3,2015-12-23 21:00:00 +01:00
2246,NL,STA-NL00016,PM10,9.1,µg/m3,2015-12-23 03:00:00 +01:00
2247,NL,STA-NL00016,PM10,10.4,µg/m3,2015-08-16 12:00:00 +01:00
2248,NL,STA-NL00016,PM10,19.9,µg/m3,2015-12-24 04:00:00 +01:00
2249,NL,STA-NL00016,PM10,16.7,µg/m3,2015-12-25 03:00:00 +01:00
2250,NL,STA-NL00016,PM10,13.9,µg/m3,2015-12-24 11:00:00 +01:00
2251,NL,STA-NL00016,PM10,12.6,µg/m3,2015-12-24 17:00:00 +01:00
2252,NL,STA-NL00016,PM10,11.0,µg/m3,2015-08-18 21:00:00 +01:00
2253,NL,STA-NL00016,PM10,22.0,µg/m3,2015-08-19 01:00:00 +01:00
2254,NL,STA-NL00016,PM10,9.0,µg/m3,2015-08-18 13:00:00 +01:00
2255,NL,STA-NL00016,PM10,15.1,µg/m3,2015-12-25 08:00:00 +01:00
2256,NL,STA-NL00016,PM10,29.1,µg/m3,2015-08-19 13:00:00 +01:00
2257,NL,STA-NL00016,PM10,24.7,µg/m3,2015-08-19 05:00:00 +01:00
2258,NL,STA-NL00016,PM10,32.6,µg/m3,2015-08-19 10:00:00 +01:00
2259,NL,STA-NL00016,PM10,8.2,µg/m3,2015-08-17 00:00:00 +01:00
2260,NL,STA-NL00016,PM10,21.2,µg/m3,2015-12-25 12:00:00 +01:00
2261,NL,STA-NL00016,PM10,10.2,µg/m3,2015-08-18 17:00:00 +01:00
2262,NL,STA-NL00016,PM10,36.5,µg/m3,2015-08-19 09:00:00 +01:00
2263,NL,STA-NL00016,PM10,13.8,µg/m3,2015-12-25 20:00:00 +01:00
2264,NL,STA-NL00016,PM10,8.5,µg/m3,2015-12-26 00:00:00 +01:00
2265,NL,STA-NL00016,PM10,25.8,µg/m3,2015-08-19 21:00:00 +01:00
2266,NL,STA-NL00016,PM10,21.7,µg/m3,2015-12-20 17:00:00 +01:00
2267,NL,STA-NL00016,PM10,17.1,µg/m3,2015-12-19 16:00:00 +01:00
2268,NL,STA-NL00016,PM10,8.3,µg/m3,2015-08-12 18:00:00 +01:00
2269,NL,STA-NL00016,PM10,22.0,µg/m3,2015-12-20 18:00:00 +01:00
2270,NL,STA-NL00016,PM10,26.8,µg/m3,2015-08-13 10:00:00 +01:00
2271,NL,STA-NL00016,PM10,6.9,µg/m3,2015-12-21 02:00:00 +01:00
2272,NL,STA-NL00016,PM10,14.3,µg/m3,2015-08-13 06:00:00 +01:00
2273,NL,STA-NL00016,PM10,20.4,µg/m3,2015-12-18 17:00:00 +01:00
2274,NL,STA-NL00016,PM10,16.2,µg/m3,2015-08-12 14:00:00 +01:00
2275,NL,STA-NL00016,PM10,10.8,µg/m3,2015-08-12 06:00:00 +01:00
2276,NL,STA-NL00016,PM10,9.8,µg/m3,2015-08-11 13:00:00 +01:00
2277,NL,STA-NL00016,PM10,22.2,µg/m3,2015-12-18 21:00:00 +01:00
2278,NL,STA-NL00016,PM10,5.4,µg/m3,2015-08-12 22:00:00 +01:00
2279,NL,STA-NL00016,PM10,8.6,µg/m3,2015-08-12 10:00:00 +01:00
2280,NL,STA-NL00016,PM10,21.5,µg/m3,2015-12-19 23:00:00 +01:00
2281,NL,STA-NL00016,PM10,15.9,µg/m3,2015-12-20 09:00:00 +01:00
2282,NL,STA-NL00016,PM10,22.4,µg/m3,2015-08-16 00:00:00 +01:00
2283,NL,STA-NL00016,PM10,3.9,µg/m3,2015-08-15 03:00:00 +01:00
2284,NL,STA-NL00016,PM10,11.8,µg/m3,2015-08-16 04:00:00 +01:00
2285,NL,STA-NL00016,PM10,3.2,µg/m3,2015-08-15 16:00:00 +01:00
2286,NL,STA-NL00016,PM10,6.7,µg/m3,2015-12-22 16:00:00 +01:00
2287,NL,STA-NL00016,PM10,10.7,µg/m3,2015-12-22 23:00:00 +01:00
2288,NL,STA-NL00016,PM10,19.1,µg/m3,2015-08-15 08:00:00 +01:00
2289,NL,STA-NL00016,PM10,10.0,µg/m3,2015-08-15 12:00:00 +01:00
2290,NL,STA-NL00016,PM10,5.7,µg/m3,2015-12-21 11:00:00 +01:00
2291,NL,STA-NL00016,PM10,15.6,µg/m3,2015-08-14 19:00:00 +01:00
2292,NL,STA-NL00016,PM10,3.9,µg/m3,2015-12-21 07:00:00 +01:00
2293,NL,STA-NL00016,PM10,8.3,µg/m3,2015-12-21 12:00:00 +01:00
2294,NL,STA-NL00016,PM10,18.8,µg/m3,2015-12-20 07:00:00 +01:00
2295,NL,STA-NL00016,PM10,5.5,µg/m3,2015-08-14 00:00:00 +01:00
2296,NL,STA-NL00016,PM10,14.4,µg/m3,2015-08-14 11:00:00 +01:00
2297,NL,STA-NL00016,PM10,3.3,µg/m3,2015-12-21 10:00:00 +01:00
2298,NL,STA-NL00016,PM10,4.4,µg/m3,2015-12-21 08:00:00 +01:00
2299,NL,STA-NL00016,PM10,14.6,µg/m3,2015-08-15 00:00:00 +01:00
2300,NL,STA-NL00016,PM10,7.3,µg/m3,2015-08-14 20:00:00 +01:00
2301,NL,STA-NL00016,PM10,18.8,µg/m3,2015-08-14 15:00:00 +01:00
2302,NL,STA-NL00016,PM10,8.9,µg/m3,2015-12-22 19:00:00 +01:00
2303,NL,STA-NL00016,PM10,15.8,µg/m3,2015-08-14 23:00:00 +01:00
2304,NL,STA-NL00016,PM10,13.5,µg/m3,2015-12-16 20:00:00 +01:00
2305,NL,STA-NL00016,PM10,11.8,µg/m3,2015-08-10 00:00:00 +01:00
2306,NL,STA-NL00016,PM10,14.9,µg/m3,2015-12-16 21:00:00 +01:00
2307,NL,STA-NL00016,PM10,11.8,µg/m3,2015-12-16 16:00:00 +01:00
2308,NL,STA-NL00016,PM10,21.5,µg/m3,2015-12-16 14:00:00 +01:00
2309,NL,STA-NL00016,PM10,10.3,µg/m3,2015-08-09 20:00:00 +01:00
2310,NL,STA-NL00016,PM10,21.8,µg/m3,2015-12-17 03:00:00 +01:00
2311,NL,STA-NL00016,PM10,23.1,µg/m3,2015-12-17 07:00:00 +01:00
2312,NL,STA-NL00016,PM10,19.2,µg/m3,2015-12-16 04:00:00 +01:00
2313,NL,STA-NL00016,PM10,9.1,µg/m3,2015-08-09 04:00:00 +01:00
2314,NL,STA-NL00016,PM10,10.1,µg/m3,2015-08-09 12:00:00 +01:00
2315,NL,STA-NL00016,PM10,8.5,µg/m3,2015-08-09 16:00:00 +01:00
2316,NL,STA-NL00016,PM10,11.4,µg/m3,2015-08-09 07:00:00 +01:00
2317,NL,STA-NL00016,PM10,9.2,µg/m3,2015-08-09 08:00:00 +01:00
2318,NL,STA-NL00016,PM10,17.9,µg/m3,2015-12-16 08:00:00 +01:00
2319,NL,STA-NL00016,PM10,17.8,µg/m3,2015-12-16 12:00:00 +01:00
2320,NL,STA-NL00016,PM10,9.9,µg/m3,2015-08-11 17:00:00 +01:00
2321,NL,STA-NL00016,PM10,19.6,µg/m3,2015-08-11 05:00:00 +01:00
2322,NL,STA-NL00016,PM10,25.9,µg/m3,2015-12-19 08:00:00 +01:00
2323,NL,STA-NL00016,PM10,20.1,µg/m3,2015-08-11 21:00:00 +01:00
2324,NL,STA-NL00016,PM10,28.4,µg/m3,2015-12-18 06:00:00 +01:00
2325,NL,STA-NL00016,PM10,31.8,µg/m3,2015-12-19 04:00:00 +01:00
2326,NL,STA-NL00016,PM10,12.5,µg/m3,2015-08-12 02:00:00 +01:00
2327,NL,STA-NL00016,PM10,22.2,µg/m3,2015-08-11 09:00:00 +01:00
2328,NL,STA-NL00016,PM10,28.7,µg/m3,2015-08-11 22:00:00 +01:00
2329,NL,STA-NL00016,PM10,15.6,µg/m3,2015-12-16 18:00:00 +01:00
2330,NL,STA-NL00016,PM10,34.4,µg/m3,2015-12-17 11:00:00 +01:00
2331,NL,STA-NL00016,PM10,24.8,µg/m3,2015-12-18 02:00:00 +01:00
2332,NL,STA-NL00016,PM10,19.6,µg/m3,2015-12-28 22:00:00 +01:00
2333,NL,STA-NL00016,PM10,18.8,µg/m3,2015-08-24 07:00:00 +01:00
2334,NL,STA-NL00016,PM10,18.6,µg/m3,2015-12-29 17:00:00 +01:00
2335,NL,STA-NL00016,PM10,19.4,µg/m3,2015-12-29 18:00:00 +01:00
2336,NL,STA-NL00016,PM10,9.0,µg/m3,2015-08-25 04:00:00 +01:00
2337,NL,STA-NL00016,PM10,14.3,µg/m3,2015-12-30 13:00:00 +01:00
2338,NL,STA-NL00016,PM10,15.0,µg/m3,2015-12-30 05:00:00 +01:00
2339,NL,STA-NL00016,PM10,5.9,µg/m3,2015-08-25 00:00:00 +01:00
2340,NL,STA-NL00016,PM10,19.1,µg/m3,2015-12-29 01:00:00 +01:00
2341,NL,STA-NL00016,PM10,11.0,µg/m3,2015-08-24 11:00:00 +01:00
2342,NL,STA-NL00016,PM10,5.0,µg/m3,2015-08-24 15:00:00 +01:00
2343,NL,STA-NL00016,PM10,22.4,µg/m3,2015-12-29 21:00:00 +01:00
2344,NL,STA-NL00016,PM10,21.3,µg/m3,2015-12-30 02:00:00 +01:00
2345,NL,STA-NL00016,PM10,16.4,µg/m3,2015-12-29 02:00:00 +01:00
2346,NL,STA-NL00016,PM10,14.3,µg/m3,2015-12-31 07:00:00 +01:00
2347,NL,STA-NL00016,PM10,20.7,µg/m3,2015-12-30 01:00:00 +01:00
2348,NL,STA-NL00016,PM10,16.9,µg/m3,2015-12-29 09:00:00 +01:00
2349,NL,STA-NL00016,PM10,48.0,µg/m3,2015-12-31 22:00:00 +01:00
2350,NL,STA-NL00016,PM10,10.6,µg/m3,2015-12-31 08:00:00 +01:00
2351,NL,STA-NL00016,PM10,13.0,µg/m3,2015-08-27 01:00:00 +01:00
2352,NL,STA-NL00016,PM10,7.3,µg/m3,2015-08-24 03:00:00 +01:00
2353,NL,STA-NL00016,PM10,14.7,µg/m3,2015-08-26 13:00:00 +01:00
2354,NL,STA-NL00016,PM10,0.8,µg/m3,2015-08-24 20:00:00 +01:00
2355,NL,STA-NL00016,PM10,17.8,µg/m3,2015-12-29 13:00:00 +01:00
2356,NL,STA-NL00016,PM10,25.1,µg/m3,2015-12-31 00:00:00 +01:00
2357,NL,STA-NL00016,PM10,20.9,µg/m3,2015-12-30 20:00:00 +01:00
2358,NL,STA-NL00016,PM10,10.4,µg/m3,2015-12-30 12:00:00 +01:00
2359,NL,STA-NL00016,PM10,4.4,µg/m3,2015-08-24 16:00:00 +01:00
2360,NL,STA-NL00016,PM10,12.9,µg/m3,2015-12-30 16:00:00 +01:00
2361,NL,STA-NL00016,PM10,29.6,µg/m3,2015-08-20 18:00:00 +01:00
2362,NL,STA-NL00016,PM10,48.6,µg/m3,2015-08-21 02:00:00 +01:00
2363,NL,STA-NL00016,PM10,8.1,µg/m3,2015-08-21 14:00:00 +01:00
2364,NL,STA-NL00016,PM10,43.4,µg/m3,2015-08-21 06:00:00 +01:00
2365,NL,STA-NL00016,PM10,13.8,µg/m3,2015-12-27 03:00:00 +01:00
2366,NL,STA-NL00016,PM10,13.2,µg/m3,2015-08-20 22:00:00 +01:00
2367,NL,STA-NL00016,PM10,23.8,µg/m3,2015-08-20 09:00:00 +01:00
2368,NL,STA-NL00016,PM10,12.7,µg/m3,2015-08-20 14:00:00 +01:00
2369,NL,STA-NL00016,PM10,35.5,µg/m3,2015-08-20 06:00:00 +01:00
2370,NL,STA-NL00016,PM10,10.5,µg/m3,2015-12-26 05:00:00 +01:00
2371,NL,STA-NL00016,PM10,12.9,µg/m3,2015-12-26 09:00:00 +01:00
2372,NL,STA-NL00016,PM10,9.7,µg/m3,2015-12-26 02:00:00 +01:00
2373,NL,STA-NL00016,PM10,37.6,µg/m3,2015-08-20 05:00:00 +01:00
2374,NL,STA-NL00016,PM10,24.4,µg/m3,2015-08-19 17:00:00 +01:00
2375,NL,STA-NL00016,PM10,24.3,µg/m3,2015-08-20 10:00:00 +01:00
2376,NL,STA-NL00016,PM10,30.1,µg/m3,2015-08-20 02:00:00 +01:00
2377,NL,STA-NL00016,PM10,9.0,µg/m3,2015-12-26 08:00:00 +01:00
2378,NL,STA-NL00016,PM10,31.6,µg/m3,2015-08-20 01:00:00 +01:00
2379,NL,STA-NL00016,PM10,24.3,µg/m3,2015-08-19 22:00:00 +01:00
2380,NL,STA-NL00016,PM10,57.5,µg/m3,2015-12-27 15:00:00 +01:00
2381,NL,STA-NL00016,PM10,18.6,µg/m3,2015-12-27 00:00:00 +01:00
2382,NL,STA-NL00016,PM10,31.8,µg/m3,2015-08-22 02:00:00 +01:00
2383,NL,STA-NL00016,PM10,33.9,µg/m3,2015-08-21 10:00:00 +01:00
2384,NL,STA-NL00016,PM10,17.8,µg/m3,2015-08-21 18:00:00 +01:00
2385,NL,STA-NL00016,PM10,61.0,µg/m3,2015-12-27 22:00:00 +01:00
2386,NL,STA-NL00016,PM10,60.9,µg/m3,2015-12-27 19:00:00 +01:00
2387,NL,STA-NL00016,PM10,25.9,µg/m3,2015-12-27 11:00:00 +01:00
2388,NL,STA-NL00016,PM10,28.9,µg/m3,2015-12-28 14:00:00 +01:00
2389,NL,STA-NL00016,PM10,47.6,µg/m3,2015-12-28 04:00:00 +01:00
2390,NL,STA-NL00016,PM10,19.0,µg/m3,2015-12-27 07:00:00 +01:00
2391,NL,STA-NL00016,PM10,61.7,µg/m3,2015-12-27 23:00:00 +01:00
2392,NL,STA-NL00016,PM10,110.6,µg/m3,2015-08-21 22:00:00 +01:00
2393,NL,STA-NL00016,PM10,22.7,µg/m3,2015-09-01 10:00:00 +01:00
2394,NL,STA-NL00016,PM10,22.0,µg/m3,2015-08-31 14:00:00 +01:00
2395,NL,STA-NL00016,PM10,9.1,µg/m3,2015-08-31 22:00:00 +01:00
2396,NL,STA-NL00016,PM10,6.9,µg/m3,2015-09-01 06:00:00 +01:00
2397,NL,STA-NL00016,PM10,29.8,µg/m3,2015-08-31 06:00:00 +01:00
2398,NL,STA-NL00016,PM10,9.4,µg/m3,2015-08-31 10:00:00 +01:00
2399,NL,STA-NL00016,PM10,11.8,µg/m3,2015-08-31 18:00:00 +01:00
2400,NL,STA-NL00016,PM10,10.6,µg/m3,2015-09-01 02:00:00 +01:00
2401,NL,STA-NL00016,PM10,16.0,µg/m3,2015-08-30 14:00:00 +01:00
2402,NL,STA-NL00016,PM10,13.1,µg/m3,2015-08-29 09:00:00 +01:00
2403,NL,STA-NL00016,PM10,25.2,µg/m3,2015-08-31 02:00:00 +01:00
2404,NL,STA-NL00016,PM10,19.2,µg/m3,2015-08-30 22:00:00 +01:00
2405,NL,STA-NL00016,PM10,30.3,µg/m3,2015-08-30 10:00:00 +01:00
2406,NL,STA-NL00016,PM10,15.6,µg/m3,2015-12-31 11:00:00 +01:00
2407,NL,STA-NL00016,PM10,4.7,µg/m3,2015-08-26 17:00:00 +01:00
2408,NL,STA-NL00016,PM10,35.6,µg/m3,2015-12-31 19:00:00 +01:00
2409,NL,STA-NL00016,PM10,5.8,µg/m3,2015-08-27 05:00:00 +01:00
2410,NL,STA-NL00016,PM10,3.8,µg/m3,2015-08-27 17:00:00 +01:00
2411,NL,STA-NL00016,PM10,4.3,µg/m3,2015-08-27 18:00:00 +01:00
2412,NL,STA-NL00016,PM10,6.0,µg/m3,2015-08-27 13:00:00 +01:00
2413,NL,STA-NL00016,PM10,21.7,µg/m3,2015-12-31 15:00:00 +01:00
2414,NL,STA-NL00016,PM10,10.0,µg/m3,2015-08-27 09:00:00 +01:00
2415,NL,STA-NL00016,PM10,6.2,µg/m3,2015-08-27 21:00:00 +01:00
2416,NL,STA-NL00016,PM10,6.9,µg/m3,2015-08-27 22:00:00 +01:00
2417,NL,STA-NL00016,PM10,18.3,µg/m3,2015-08-28 05:00:00 +01:00
2418,NL,STA-NL00016,PM10,20.3,µg/m3,2015-08-28 01:00:00 +01:00
2419,NL,STA-NL00016,PM10,0.7,µg/m3,2015-08-26 21:00:00 +01:00
2420,NL,STA-NL00016,PM10,6.3,µg/m3,2015-08-27 06:00:00 +01:00
2421,NL,STA-NL00016,PM10,19.9,µg/m3,2015-08-28 06:00:00 +01:00
2422,NL,STA-NL00016,PM10,10.1,µg/m3,2015-08-29 10:00:00 +01:00
2423,NL,STA-NL00016,PM10,11.9,µg/m3,2015-08-29 14:00:00 +01:00
2424,NL,STA-NL00016,PM10,14.6,µg/m3,2015-08-30 18:00:00 +01:00
2425,NL,STA-NL00016,PM10,18.8,µg/m3,2015-08-30 06:00:00 +01:00
2426,NL,STA-NL00016,PM10,20.3,µg/m3,2015-08-29 06:00:00 +01:00
2427,NL,STA-NL00016,PM10,9.9,µg/m3,2015-08-29 13:00:00 +01:00
2428,NL,STA-NL00016,PM10,11.4,µg/m3,2015-08-30 02:00:00 +01:00
2429,NL,STA-NL00016,PM10,16.2,µg/m3,2015-08-29 02:00:00 +01:00
2430,NL,STA-NL00016,PM10,17.8,µg/m3,2015-08-28 22:00:00 +01:00
2431,NL,STA-NL00016,PM10,3.9,µg/m3,2015-08-29 22:00:00 +01:00
2432,NL,STA-NL00016,PM10,19.4,µg/m3,2015-08-29 05:00:00 +01:00
2433,NL,STA-NL00016,PM10,9.4,µg/m3,2015-08-29 18:00:00 +01:00
2434,NL,STA-NL00016,PM10,6.2,µg/m3,2015-08-28 18:00:00 +01:00
2435,NL,STA-NL00016,PM10,13.8,µg/m3,2015-08-28 10:00:00 +01:00
2436,NL,STA-NL00016,PM10,14.2,µg/m3,2015-08-28 17:00:00 +01:00
2437,NL,STA-NL00016,PM10,18.9,µg/m3,2015-08-28 21:00:00 +01:00
2438,NL,STA-NL00016,PM10,9.9,µg/m3,2015-08-28 13:00:00 +01:00
2439,NL,STA-NL00016,PM10,50.9,µg/m3,2015-12-31 23:00:00 +01:00
2440,NL,STA-NL00016,PM10,17.6,µg/m3,2015-08-29 01:00:00 +01:00
2441,NL,STA-NL00016,PM10,9.5,µg/m3,2015-08-28 14:00:00 +01:00
2442,NL,STA-NL00016,PM10,16.0,µg/m3,2015-08-28 09:00:00 +01:00
2443,NL,STA-NL00016,PM10,12.7,µg/m3,2015-09-05 11:00:00 +01:00
2444,NL,STA-NL00016,PM10,7.5,µg/m3,2015-09-05 07:00:00 +01:00
2445,NL,STA-NL00016,PM10,10.2,µg/m3,2015-09-04 19:00:00 +01:00
2446,NL,STA-NL00016,PM10,21.2,µg/m3,2015-09-04 23:00:00 +01:00
2447,NL,STA-NL00016,PM10,8.5,µg/m3,2015-09-05 03:00:00 +01:00
2448,NL,STA-NL00016,PM10,11.6,µg/m3,2015-09-06 12:00:00 +01:00
2449,NL,STA-NL00016,PM10,13.0,µg/m3,2015-09-06 15:00:00 +01:00
2450,NL,STA-NL00016,PM10,12.3,µg/m3,2015-09-06 11:00:00 +01:00
2451,NL,STA-NL00016,PM10,10.2,µg/m3,2015-09-06 08:00:00 +01:00
2452,NL,STA-NL00016,PM10,11.4,µg/m3,2015-09-06 04:00:00 +01:00
2453,NL,STA-NL00016,PM10,9.6,µg/m3,2015-09-05 15:00:00 +01:00
2454,NL,STA-NL00016,PM10,7.8,µg/m3,2015-09-06 07:00:00 +01:00
2455,NL,STA-NL00016,PM10,15.7,µg/m3,2015-09-05 19:00:00 +01:00
2456,NL,STA-NL00016,PM10,20.0,µg/m3,2015-09-05 23:00:00 +01:00
2457,NL,STA-NL00016,PM10,10.1,µg/m3,2015-09-03 23:00:00 +01:00
2458,NL,STA-NL00016,PM10,15.4,µg/m3,2015-09-10 08:00:00 +01:00
2459,NL,STA-NL00016,PM10,11.7,µg/m3,2015-09-09 00:00:00 +01:00
2460,NL,STA-NL00016,PM10,9.4,µg/m3,2015-09-10 04:00:00 +01:00
2461,NL,STA-NL00016,PM10,9.5,µg/m3,2015-09-10 00:00:00 +01:00
2462,NL,STA-NL00016,PM10,8.3,µg/m3,2015-09-06 23:00:00 +01:00
2463,NL,STA-NL00016,PM10,13.3,µg/m3,2015-09-09 04:00:00 +01:00
2464,NL,STA-NL00016,PM10,3.0,µg/m3,2015-09-07 04:00:00 +01:00
2465,NL,STA-NL00016,PM10,15.6,µg/m3,2015-09-09 20:00:00 +01:00
2466,NL,STA-NL00016,PM10,11.2,µg/m3,2015-09-09 16:00:00 +01:00
2467,NL,STA-NL00016,PM10,21.2,µg/m3,2015-09-09 08:00:00 +01:00
2468,NL,STA-NL00016,PM10,14.8,µg/m3,2015-09-08 08:00:00 +01:00
2469,NL,STA-NL00016,PM10,6.3,µg/m3,2015-09-08 12:00:00 +01:00
2470,NL,STA-NL00016,PM10,16.2,µg/m3,2015-09-08 20:00:00 +01:00
2471,NL,STA-NL00016,PM10,7.6,µg/m3,2015-09-07 08:00:00 +01:00
2472,NL,STA-NL00016,PM10,8.4,µg/m3,2015-09-08 16:00:00 +01:00
2473,NL,STA-NL00016,PM10,15.1,µg/m3,2015-09-08 00:00:00 +01:00
2474,NL,STA-NL00016,PM10,11.6,µg/m3,2015-09-08 04:00:00 +01:00
2475,NL,STA-NL00016,PM10,5.4,µg/m3,2015-09-07 03:00:00 +01:00
2476,NL,STA-NL00016,PM10,6.4,µg/m3,2015-09-07 12:00:00 +01:00
2477,NL,STA-NL00016,PM10,7.5,µg/m3,2015-09-06 20:00:00 +01:00
2478,NL,STA-NL00016,PM10,6.5,µg/m3,2015-09-06 19:00:00 +01:00
2479,NL,STA-NL00016,PM10,7.9,µg/m3,2015-09-07 00:00:00 +01:00
2480,NL,STA-NL00016,PM10,6.2,µg/m3,2015-09-06 16:00:00 +01:00
2481,NL,STA-NL00016,PM10,13.1,µg/m3,2015-09-06 03:00:00 +01:00
2482,NL,STA-NL00016,PM10,6.2,µg/m3,2015-09-07 11:00:00 +01:00
2483,NL,STA-NL00016,PM10,7.7,µg/m3,2015-09-07 07:00:00 +01:00
2484,NL,STA-NL00016,PM10,8.0,µg/m3,2015-09-07 16:00:00 +01:00
2485,NL,STA-NL00016,PM10,10.3,µg/m3,2015-09-07 20:00:00 +01:00
2486,NL,STA-NL00016,PM10,6.2,µg/m3,2015-09-17 07:00:00 +01:00
2487,NL,STA-NL00016,PM10,2.8,µg/m3,2015-09-16 19:00:00 +01:00
2488,NL,STA-NL00016,PM10,1.1,µg/m3,2015-09-17 11:00:00 +01:00
2489,NL,STA-NL00016,PM10,0.3,µg/m3,2015-09-17 03:00:00 +01:00
2490,NL,STA-NL00016,PM10,4.4,µg/m3,2015-09-15 02:00:00 +01:00
2491,NL,STA-NL00016,PM10,16.8,µg/m3,2015-09-13 02:00:00 +01:00
2492,NL,STA-NL00016,PM10,7.8,µg/m3,2015-09-15 10:00:00 +01:00
2493,NL,STA-NL00016,PM10,1.6,µg/m3,2015-09-14 18:00:00 +01:00
2494,NL,STA-NL00016,PM10,18.4,µg/m3,2015-09-14 05:00:00 +01:00
2495,NL,STA-NL00016,PM10,8.1,µg/m3,2015-09-17 19:00:00 +01:00
2496,NL,STA-NL00016,PM10,13.3,µg/m3,2015-09-17 23:00:00 +01:00
2497,NL,STA-NL00016,PM10,2.0,µg/m3,2015-09-16 23:00:00 +01:00
2498,NL,STA-NL00016,PM10,14.8,µg/m3,2015-09-17 16:00:00 +01:00
2499,NL,STA-NL00016,PM10,4.6,µg/m3,2015-09-17 12:00:00 +01:00
2500,NL,STA-NL00016,PM10,18.5,µg/m3,2015-09-17 15:00:00 +01:00
2501,NL,STA-NL00016,PM10,17.6,µg/m3,2015-09-18 12:00:00 +01:00
2502,NL,STA-NL00016,PM10,9.5,µg/m3,2015-09-17 20:00:00 +01:00
2503,NL,STA-NL00016,PM10,4.2,µg/m3,2015-09-15 06:00:00 +01:00
2504,NL,STA-NL00016,PM10,9.5,µg/m3,2015-09-14 22:00:00 +01:00
2505,NL,STA-NL00016,PM10,-1.7,µg/m3,2015-09-14 14:00:00 +01:00
2506,NL,STA-NL00016,PM10,9.7,µg/m3,2015-09-14 01:00:00 +01:00
2507,NL,STA-NL00016,PM10,9.3,µg/m3,2015-09-14 10:00:00 +01:00
2509,NL,STA-NL00016,PM10,6.1,µg/m3,2015-09-13 21:00:00 +01:00
2510,NL,STA-NL00016,PM10,18.5,µg/m3,2015-09-14 06:00:00 +01:00
2511,NL,STA-NL00016,PM10,23.6,µg/m3,2015-09-13 10:00:00 +01:00
2512,NL,STA-NL00016,PM10,14.9,µg/m3,2015-09-13 18:00:00 +01:00
2513,NL,STA-NL00016,PM10,8.2,µg/m3,2015-09-13 22:00:00 +01:00
2514,NL,STA-NL00016,PM10,9.2,µg/m3,2015-09-13 14:00:00 +01:00
2515,NL,STA-NL00016,PM10,9.6,µg/m3,2015-09-14 02:00:00 +01:00
2516,NL,STA-NL00016,PM10,10.1,µg/m3,2015-09-13 06:00:00 +01:00
2517,NL,STA-NL00016,PM10,27.4,µg/m3,2015-09-12 17:00:00 +01:00
2518,NL,STA-NL00016,PM10,11.3,µg/m3,2015-09-13 01:00:00 +01:00
2519,NL,STA-NL00016,PM10,9.5,µg/m3,2015-09-13 13:00:00 +01:00
2520,NL,STA-NL00016,PM10,13.8,µg/m3,2015-09-13 05:00:00 +01:00
2521,NL,STA-NL00016,PM10,30.3,µg/m3,2015-09-12 01:00:00 +01:00
2522,NL,STA-NL00016,PM10,26.3,µg/m3,2015-09-11 22:00:00 +01:00
2523,NL,STA-NL00016,PM10,18.9,µg/m3,2015-09-11 21:00:00 +01:00
2524,NL,STA-NL00016,PM10,7.6,µg/m3,2015-09-09 12:00:00 +01:00
2525,NL,STA-NL00016,PM10,37.3,µg/m3,2015-09-12 13:00:00 +01:00
2526,NL,STA-NL00016,PM10,32.0,µg/m3,2015-09-12 09:00:00 +01:00
2527,NL,STA-NL00016,PM10,9.3,µg/m3,2015-09-12 22:00:00 +01:00
2528,NL,STA-NL00016,PM10,19.4,µg/m3,2015-09-12 18:00:00 +01:00
2529,NL,STA-NL00016,PM10,31.5,µg/m3,2015-09-12 05:00:00 +01:00
2530,NL,STA-NL00016,PM10,12.6,µg/m3,2015-09-12 21:00:00 +01:00
2531,NL,STA-NL00016,PM10,-1.5,µg/m3,2015-09-23 05:00:00 +01:00
2532,NL,STA-NL00016,PM10,7.7,µg/m3,2015-09-22 13:00:00 +01:00
2533,NL,STA-NL00016,PM10,9.8,µg/m3,2015-09-23 17:00:00 +01:00
2534,NL,STA-NL00016,PM10,9.4,µg/m3,2015-09-23 18:00:00 +01:00
2535,NL,STA-NL00016,PM10,11.3,µg/m3,2015-09-23 21:00:00 +01:00
2536,NL,STA-NL00016,PM10,13.6,µg/m3,2015-09-22 21:00:00 +01:00
2537,NL,STA-NL00016,PM10,5.0,µg/m3,2015-09-22 14:00:00 +01:00
2538,NL,STA-NL00016,PM10,10.0,µg/m3,2015-09-23 09:00:00 +01:00
2539,NL,STA-NL00016,PM10,11.5,µg/m3,2015-09-24 09:00:00 +01:00
2540,NL,STA-NL00016,PM10,9.8,µg/m3,2015-09-24 01:00:00 +01:00
2541,NL,STA-NL00016,PM10,6.9,µg/m3,2015-09-23 01:00:00 +01:00
2542,NL,STA-NL00016,PM10,14.5,µg/m3,2015-09-24 05:00:00 +01:00
2543,NL,STA-NL00016,PM10,1.5,µg/m3,2015-09-24 18:00:00 +01:00
2544,NL,STA-NL00016,PM10,7.8,µg/m3,2015-09-25 05:00:00 +01:00
2545,NL,STA-NL00016,PM10,16.9,µg/m3,2015-09-25 06:00:00 +01:00
2546,NL,STA-NL00016,PM10,9.3,µg/m3,2015-09-25 14:00:00 +01:00
2547,NL,STA-NL00016,PM10,25.8,µg/m3,2015-09-25 09:00:00 +01:00
2548,NL,STA-NL00016,PM10,4.5,µg/m3,2015-09-25 01:00:00 +01:00
2549,NL,STA-NL00016,PM10,6.0,µg/m3,2015-09-24 13:00:00 +01:00
2550,NL,STA-NL00016,PM10,25.3,µg/m3,2015-09-25 10:00:00 +01:00
2551,NL,STA-NL00016,PM10,-0.1,µg/m3,2015-09-24 17:00:00 +01:00
2552,NL,STA-NL00016,PM10,15.5,µg/m3,2015-09-28 04:00:00 +01:00
2553,NL,STA-NL00016,PM10,20.0,µg/m3,2015-09-28 00:00:00 +01:00
2554,NL,STA-NL00016,PM10,5.9,µg/m3,2015-09-27 19:00:00 +01:00
2555,NL,STA-NL00016,PM10,7.1,µg/m3,2015-09-28 07:00:00 +01:00
2556,NL,STA-NL00016,PM10,11.0,µg/m3,2015-09-28 03:00:00 +01:00
2557,NL,STA-NL00016,PM10,4.7,µg/m3,2015-09-27 11:00:00 +01:00
2558,NL,STA-NL00016,PM10,5.5,µg/m3,2015-09-27 15:00:00 +01:00
2559,NL,STA-NL00016,PM10,14.4,µg/m3,2015-09-25 18:00:00 +01:00
2560,NL,STA-NL00016,PM10,7.5,µg/m3,2015-09-24 21:00:00 +01:00
2561,NL,STA-NL00016,PM10,6.5,µg/m3,2015-09-25 02:00:00 +01:00
2562,NL,STA-NL00016,PM10,28.8,µg/m3,2015-09-26 02:00:00 +01:00
2563,NL,STA-NL00016,PM10,10.5,µg/m3,2015-09-24 22:00:00 +01:00
2564,NL,STA-NL00016,PM10,11.7,µg/m3,2015-09-23 22:00:00 +01:00
2565,NL,STA-NL00016,PM10,1.6,µg/m3,2015-09-23 13:00:00 +01:00
2566,NL,STA-NL00016,PM10,16.1,µg/m3,2015-09-22 17:00:00 +01:00
2567,NL,STA-NL00016,PM10,8.0,µg/m3,2015-09-22 09:00:00 +01:00
2568,NL,STA-NL00016,PM10,6.6,µg/m3,2015-09-21 13:00:00 +01:00
2569,NL,STA-NL00016,PM10,9.8,µg/m3,2015-09-21 17:00:00 +01:00
2570,NL,STA-NL00016,PM10,20.7,µg/m3,2015-09-18 08:00:00 +01:00
2571,NL,STA-NL00016,PM10,13.1,µg/m3,2015-09-18 04:00:00 +01:00
2572,NL,STA-NL00016,PM10,1.5,µg/m3,2015-09-20 02:00:00 +01:00
2573,NL,STA-NL00016,PM10,8.8,µg/m3,2015-10-01 09:00:00 +01:00
2574,NL,STA-NL00016,PM10,15.6,µg/m3,2015-10-01 04:00:00 +01:00
2575,NL,STA-NL00016,PM10,19.1,µg/m3,2015-10-02 09:00:00 +01:00
2576,NL,STA-NL00016,PM10,28.2,µg/m3,2015-10-02 14:00:00 +01:00
2577,NL,STA-NL00016,PM10,8.3,µg/m3,2015-10-01 13:00:00 +01:00
2578,NL,STA-NL00016,PM10,14.0,µg/m3,2015-09-30 20:00:00 +01:00
2579,NL,STA-NL00016,PM10,11.2,µg/m3,2015-09-29 04:00:00 +01:00
2580,NL,STA-NL00016,PM10,13.6,µg/m3,2015-09-29 00:00:00 +01:00
2581,NL,STA-NL00016,PM10,14.8,µg/m3,2015-09-29 08:00:00 +01:00
2582,NL,STA-NL00016,PM10,5.7,µg/m3,2015-09-29 16:00:00 +01:00
2583,NL,STA-NL00016,PM10,13.2,µg/m3,2015-09-29 12:00:00 +01:00
2584,NL,STA-NL00016,PM10,6.2,µg/m3,2015-09-28 11:00:00 +01:00
2585,NL,STA-NL00016,PM10,6.7,µg/m3,2015-09-28 08:00:00 +01:00
2586,NL,STA-NL00016,PM10,4.4,µg/m3,2015-09-28 12:00:00 +01:00
2587,NL,STA-NL00016,PM10,5.7,µg/m3,2015-09-28 16:00:00 +01:00
2588,NL,STA-NL00016,PM10,7.8,µg/m3,2015-09-28 20:00:00 +01:00
2589,NL,STA-NL00016,PM10,6.2,µg/m3,2015-09-27 23:00:00 +01:00
2590,NL,STA-NL00016,PM10,62.8,µg/m3,2015-10-04 22:00:00 +01:00
2591,NL,STA-NL00016,PM10,55.2,µg/m3,2015-10-05 02:00:00 +01:00
2592,NL,STA-NL00016,PM10,49.2,µg/m3,2015-10-04 13:00:00 +01:00
2593,NL,STA-NL00016,PM10,55.1,µg/m3,2015-10-04 01:00:00 +01:00
2594,NL,STA-NL00016,PM10,59.8,µg/m3,2015-10-04 21:00:00 +01:00
2595,NL,STA-NL00016,PM10,24.1,µg/m3,2015-10-05 06:00:00 +01:00
2596,NL,STA-NL00016,PM10,61.2,µg/m3,2015-10-05 01:00:00 +01:00
2597,NL,STA-NL00016,PM10,39.0,µg/m3,2015-10-04 17:00:00 +01:00
2598,NL,STA-NL00016,PM10,6.6,µg/m3,2015-10-07 23:00:00 +01:00
2599,NL,STA-NL00016,PM10,9.0,µg/m3,2015-10-07 11:00:00 +01:00
2600,NL,STA-NL00016,PM10,9.4,µg/m3,2015-10-07 10:00:00 +01:00
2601,NL,STA-NL00016,PM10,40.6,µg/m3,2015-10-03 17:00:00 +01:00
2602,NL,STA-NL00016,PM10,35.5,µg/m3,2015-10-03 12:00:00 +01:00
2603,NL,STA-NL00016,PM10,52.7,µg/m3,2015-10-03 22:00:00 +01:00
2604,NL,STA-NL00016,PM10,30.2,µg/m3,2015-10-03 13:00:00 +01:00
2605,NL,STA-NL00016,PM10,60.0,µg/m3,2015-10-03 21:00:00 +01:00
2606,NL,STA-NL00016,PM10,46.4,µg/m3,2015-10-04 05:00:00 +01:00
2607,NL,STA-NL00016,PM10,29.0,µg/m3,2015-10-03 05:00:00 +01:00
2608,NL,STA-NL00016,PM10,36.9,µg/m3,2015-10-04 06:00:00 +01:00
2609,NL,STA-NL00016,PM10,28.5,µg/m3,2015-10-02 13:00:00 +01:00
2610,NL,STA-NL00016,PM10,12.7,µg/m3,2015-09-30 14:00:00 +01:00
2611,NL,STA-NL00016,PM10,45.4,µg/m3,2015-10-03 09:00:00 +01:00
2612,NL,STA-NL00016,PM10,23.3,µg/m3,2015-10-02 17:00:00 +01:00
2613,NL,STA-NL00016,PM10,29.0,µg/m3,2015-10-02 21:00:00 +01:00
2614,NL,STA-NL00016,PM10,34.3,µg/m3,2015-10-03 01:00:00 +01:00
2615,NL,STA-NL00016,PM10,12.7,µg/m3,2015-10-24 17:00:00 +01:00
2616,NL,STA-NL00016,PM10,20.0,µg/m3,2015-10-24 01:00:00 +01:00
2617,NL,STA-NL00016,PM10,4.9,µg/m3,2015-10-25 01:00:00 +01:00
2618,NL,STA-NL00016,PM10,14.0,µg/m3,2015-10-24 14:00:00 +01:00
2619,NL,STA-NL00016,PM10,18.9,µg/m3,2015-10-23 13:00:00 +01:00
2620,NL,STA-NL00016,PM10,15.8,µg/m3,2015-10-24 13:00:00 +01:00
2621,NL,STA-NL00016,PM10,17.7,µg/m3,2015-10-23 17:00:00 +01:00
2622,NL,STA-NL00016,PM10,12.6,µg/m3,2015-10-23 01:00:00 +01:00
2623,NL,STA-NL00016,PM10,18.6,µg/m3,2015-10-22 21:00:00 +01:00
2624,NL,STA-NL00016,PM10,19.1,µg/m3,2015-10-23 21:00:00 +01:00
2625,NL,STA-NL00016,PM10,10.5,µg/m3,2015-10-22 13:00:00 +01:00
2626,NL,STA-NL00016,PM10,23.0,µg/m3,2015-10-11 00:00:00 +01:00
2627,NL,STA-NL00016,PM10,33.7,µg/m3,2015-10-12 14:00:00 +01:00
2628,NL,STA-NL00016,PM10,18.7,µg/m3,2015-10-11 03:00:00 +01:00
2629,NL,STA-NL00016,PM10,15.3,µg/m3,2015-10-11 20:00:00 +01:00
2630,NL,STA-NL00016,PM10,17.3,µg/m3,2015-10-12 04:00:00 +01:00
2631,NL,STA-NL00016,PM10,26.8,µg/m3,2015-10-12 08:00:00 +01:00
2632,NL,STA-NL00016,PM10,11.8,µg/m3,2015-10-10 08:00:00 +01:00
2634,NL,STA-NL00016,PM10,19.1,µg/m3,2015-10-14 13:00:00 +01:00
2635,NL,STA-NL00016,PM10,20.9,µg/m3,2015-10-15 05:00:00 +01:00
2636,NL,STA-NL00016,PM10,8.8,µg/m3,2015-10-14 17:00:00 +01:00
2637,NL,STA-NL00016,PM10,12.6,µg/m3,2015-10-15 01:00:00 +01:00
2638,NL,STA-NL00016,PM10,13.4,µg/m3,2015-10-14 18:00:00 +01:00
2639,NL,STA-NL00016,PM10,15.9,µg/m3,2015-10-15 02:00:00 +01:00
2640,NL,STA-NL00016,PM10,13.3,µg/m3,2015-10-14 22:00:00 +01:00
2641,NL,STA-NL00016,PM10,14.4,µg/m3,2015-10-14 21:00:00 +01:00
2642,NL,STA-NL00016,PM10,26.7,µg/m3,2015-10-15 18:00:00 +01:00
2643,NL,STA-NL00016,PM10,21.0,µg/m3,2015-10-15 10:00:00 +01:00
2644,NL,STA-NL00016,PM10,25.4,µg/m3,2015-10-15 14:00:00 +01:00
2645,NL,STA-NL00016,PM10,14.5,µg/m3,2015-10-14 05:00:00 +01:00
2646,NL,STA-NL00016,PM10,25.4,µg/m3,2015-10-15 06:00:00 +01:00
2647,NL,STA-NL00016,PM10,2.6,µg/m3,2015-10-07 15:00:00 +01:00
2648,NL,STA-NL00016,PM10,15.5,µg/m3,2015-10-08 20:00:00 +01:00
2649,NL,STA-NL00016,PM10,8.7,µg/m3,2015-10-09 20:00:00 +01:00
2650,NL,STA-NL00016,PM10,35.5,µg/m3,2015-10-09 08:00:00 +01:00
2651,NL,STA-NL00016,PM10,8.7,µg/m3,2015-10-09 04:00:00 +01:00
2652,NL,STA-NL00016,PM10,6.2,µg/m3,2015-10-09 16:00:00 +01:00
2653,NL,STA-NL00016,PM10,16.5,µg/m3,2015-10-08 07:00:00 +01:00
2654,NL,STA-NL00016,PM10,9.1,µg/m3,2015-10-08 03:00:00 +01:00
2655,NL,STA-NL00016,PM10,7.1,µg/m3,2015-10-07 19:00:00 +01:00
2656,NL,STA-NL00016,PM10,13.3,µg/m3,2015-10-08 11:00:00 +01:00
2657,NL,STA-NL00016,PM10,9.6,µg/m3,2015-10-08 15:00:00 +01:00
2658,NL,STA-NL00016,PM10,10.0,µg/m3,2015-10-08 12:00:00 +01:00
2659,NL,STA-NL00016,PM10,8.0,µg/m3,2015-10-08 16:00:00 +01:00
2660,NL,STA-NL00016,PM10,30.7,µg/m3,2015-10-10 20:00:00 +01:00
2661,NL,STA-NL00016,PM10,9.0,µg/m3,2015-10-10 04:00:00 +01:00
2662,NL,STA-NL00016,PM10,28.7,µg/m3,2015-10-11 12:00:00 +01:00
2663,NL,STA-NL00016,PM10,18.3,µg/m3,2015-10-10 07:00:00 +01:00
2665,NL,STA-NL00016,PM10,21.9,µg/m3,2015-10-11 08:00:00 +01:00
2666,NL,STA-NL00016,PM10,19.1,µg/m3,2015-10-11 16:00:00 +01:00
2667,NL,STA-NL00016,PM10,34.4,µg/m3,2015-10-10 12:00:00 +01:00
2668,NL,STA-NL00016,PM10,33.5,µg/m3,2015-10-10 16:00:00 +01:00
2669,NL,STA-NL00016,PM10,5.6,µg/m3,2015-10-10 03:00:00 +01:00
2670,NL,STA-NL00016,PM10,15.7,µg/m3,2015-10-16 20:00:00 +01:00
2671,NL,STA-NL00016,PM10,16.1,µg/m3,2015-10-17 23:00:00 +01:00
2672,NL,STA-NL00016,PM10,23.9,µg/m3,2015-10-17 19:00:00 +01:00
2673,NL,STA-NL00016,PM10,26.5,µg/m3,2015-10-16 06:00:00 +01:00
2674,NL,STA-NL00016,PM10,10.2,µg/m3,2015-10-14 09:00:00 +01:00
2675,NL,STA-NL00016,PM10,15.9,µg/m3,2015-10-17 16:00:00 +01:00
2676,NL,STA-NL00016,PM10,19.0,µg/m3,2015-10-19 02:00:00 +01:00
2677,NL,STA-NL00016,PM10,17.3,µg/m3,2015-10-18 15:00:00 +01:00
2678,NL,STA-NL00016,PM10,20.4,µg/m3,2015-10-18 07:00:00 +01:00
2679,NL,STA-NL00016,PM10,34.9,µg/m3,2015-10-19 11:00:00 +01:00
2680,NL,STA-NL00016,PM10,24.6,µg/m3,2015-10-18 11:00:00 +01:00
2681,NL,STA-NL00016,PM10,19.0,µg/m3,2015-10-18 03:00:00 +01:00
2682,NL,STA-NL00016,PM10,19.4,µg/m3,2015-10-19 07:00:00 +01:00
2683,NL,STA-NL00016,PM10,24.3,µg/m3,2015-10-19 03:00:00 +01:00
2684,NL,STA-NL00016,PM10,14.7,µg/m3,2015-10-18 16:00:00 +01:00
2685,NL,STA-NL00016,PM10,13.5,µg/m3,2015-10-20 03:00:00 +01:00
2686,NL,STA-NL00016,PM10,27.3,µg/m3,2015-10-19 15:00:00 +01:00
2687,NL,STA-NL00016,PM10,13.5,µg/m3,2015-10-20 06:00:00 +01:00
2688,NL,STA-NL00016,PM10,35.1,µg/m3,2015-10-19 19:00:00 +01:00
2689,NL,STA-NL00016,PM10,20.2,µg/m3,2015-10-18 23:00:00 +01:00
2690,NL,STA-NL00016,PM10,19.1,µg/m3,2015-10-19 23:00:00 +01:00
2691,NL,STA-NL00016,PM10,22.0,µg/m3,2015-10-20 23:00:00 +01:00
2692,NL,STA-NL00016,PM10,38.5,µg/m3,2015-10-20 19:00:00 +01:00
2693,NL,STA-NL00016,PM10,9.8,µg/m3,2015-10-20 15:00:00 +01:00
2694,NL,STA-NL00016,PM10,18.2,µg/m3,2015-10-18 19:00:00 +01:00
2695,NL,STA-NL00016,PM10,5.9,µg/m3,2015-10-20 11:00:00 +01:00
2696,NL,STA-NL00016,PM10,14.0,µg/m3,2015-10-20 10:00:00 +01:00
2697,NL,STA-NL00016,PM10,8.4,µg/m3,2015-10-20 07:00:00 +01:00
2698,NL,STA-NL00016,PM10,15.0,µg/m3,2015-10-22 17:00:00 +01:00
2699,NL,STA-NL00016,PM10,9.4,µg/m3,2015-10-21 21:00:00 +01:00
2700,NL,STA-NL00016,PM10,32.5,µg/m3,2015-10-23 09:00:00 +01:00
2701,NL,STA-NL00016,PM10,22.4,µg/m3,2015-10-22 22:00:00 +01:00
2702,NL,STA-NL00016,PM10,10.6,µg/m3,2015-10-22 01:00:00 +01:00
2703,NL,STA-NL00016,PM10,17.7,µg/m3,2015-11-15 17:00:00 +01:00
2704,NL,STA-NL00016,PM10,21.4,µg/m3,2015-11-15 09:00:00 +01:00
2705,NL,STA-NL00016,PM10,9.5,µg/m3,2015-11-10 20:00:00 +01:00
2706,NL,STA-NL00016,PM10,16.5,µg/m3,2015-11-11 16:00:00 +01:00
2707,NL,STA-NL00016,PM10,7.8,µg/m3,2015-11-11 08:00:00 +01:00
2708,NL,STA-NL00016,PM10,13.1,µg/m3,2015-11-10 03:00:00 +01:00
2709,NL,STA-NL00016,PM10,23.3,µg/m3,2015-11-10 00:00:00 +01:00
2710,NL,STA-NL00016,PM10,12.8,µg/m3,2015-11-09 11:00:00 +01:00
2711,NL,STA-NL00016,PM10,11.0,µg/m3,2015-11-09 07:00:00 +01:00
2712,NL,STA-NL00016,PM10,16.3,µg/m3,2015-11-09 03:00:00 +01:00
2713,NL,STA-NL00016,PM10,16.3,µg/m3,2015-11-09 16:00:00 +01:00
2714,NL,STA-NL00016,PM10,21.2,µg/m3,2015-11-09 20:00:00 +01:00
2715,NL,STA-NL00016,PM10,9.4,µg/m3,2015-11-09 12:00:00 +01:00
2716,NL,STA-NL00016,PM10,10.3,µg/m3,2015-11-09 19:00:00 +01:00
2717,NL,STA-NL00016,PM10,15.5,µg/m3,2015-11-09 15:00:00 +01:00
2718,NL,STA-NL00016,PM10,22.2,µg/m3,2015-11-09 23:00:00 +01:00
2719,NL,STA-NL00016,PM10,12.0,µg/m3,2015-11-09 04:00:00 +01:00
2720,NL,STA-NL00016,PM10,19.8,µg/m3,2015-11-10 04:00:00 +01:00
2721,NL,STA-NL00016,PM10,6.8,µg/m3,2015-11-10 12:00:00 +01:00
2722,NL,STA-NL00016,PM10,13.1,µg/m3,2015-11-10 11:00:00 +01:00
2723,NL,STA-NL00016,PM10,13.0,µg/m3,2015-11-10 16:00:00 +01:00
2724,NL,STA-NL00016,PM10,21.3,µg/m3,2015-11-11 00:00:00 +01:00
2725,NL,STA-NL00016,PM10,13.5,µg/m3,2015-11-10 08:00:00 +01:00
2726,NL,STA-NL00016,PM10,16.2,µg/m3,2015-11-10 07:00:00 +01:00
2727,NL,STA-NL00016,PM10,66.3,µg/m3,2015-11-01 16:00:00 +01:00
2728,NL,STA-NL00016,PM10,32.4,µg/m3,2015-10-31 15:00:00 +01:00
2729,NL,STA-NL00016,PM10,43.7,µg/m3,2015-11-01 11:00:00 +01:00
2730,NL,STA-NL00016,PM10,36.9,µg/m3,2015-11-01 12:00:00 +01:00
2731,NL,STA-NL00016,PM10,21.4,µg/m3,2015-11-01 08:00:00 +01:00
2732,NL,STA-NL00016,PM10,32.0,µg/m3,2015-11-01 03:00:00 +01:00
2733,NL,STA-NL00016,PM10,28.0,µg/m3,2015-10-31 23:00:00 +01:00
2734,NL,STA-NL00016,PM10,14.2,µg/m3,2015-11-02 03:00:00 +01:00
2735,NL,STA-NL00016,PM10,16.6,µg/m3,2015-11-01 23:00:00 +01:00
2736,NL,STA-NL00016,PM10,45.7,µg/m3,2015-11-02 12:00:00 +01:00
2737,NL,STA-NL00016,PM10,72.6,µg/m3,2015-11-01 15:00:00 +01:00
2738,NL,STA-NL00016,PM10,15.5,µg/m3,2015-11-01 20:00:00 +01:00
2739,NL,STA-NL00016,PM10,8.8,µg/m3,2015-11-02 04:00:00 +01:00
2740,NL,STA-NL00016,PM10,25.9,µg/m3,2015-11-01 07:00:00 +01:00
2741,NL,STA-NL00016,PM10,18.1,µg/m3,2015-11-02 00:00:00 +01:00
2742,NL,STA-NL00016,PM10,46.5,µg/m3,2015-10-31 19:00:00 +01:00
2743,NL,STA-NL00016,PM10,25.8,µg/m3,2015-10-31 07:00:00 +01:00
2744,NL,STA-NL00016,PM10,31.0,µg/m3,2015-11-01 04:00:00 +01:00
2745,NL,STA-NL00016,PM10,19.5,µg/m3,2015-10-31 03:00:00 +01:00
2746,NL,STA-NL00016,PM10,41.9,µg/m3,2015-10-31 11:00:00 +01:00
2747,NL,STA-NL00016,PM10,22.3,µg/m3,2015-10-24 21:00:00 +01:00
2748,NL,STA-NL00016,PM10,20.1,µg/m3,2015-10-24 05:00:00 +01:00
2749,NL,STA-NL00016,PM10,9.2,µg/m3,2015-10-25 17:00:00 +01:00
2750,NL,STA-NL00016,PM10,15.2,µg/m3,2015-10-25 13:00:00 +01:00
2751,NL,STA-NL00016,PM10,5.6,µg/m3,2015-10-25 05:00:00 +01:00
2752,NL,STA-NL00016,PM10,14.2,µg/m3,2015-10-25 09:00:00 +01:00
2753,NL,STA-NL00016,PM10,22.5,µg/m3,2015-10-24 09:00:00 +01:00
2754,NL,STA-NL00016,PM10,33.0,µg/m3,2015-10-26 09:00:00 +01:00
2755,NL,STA-NL00016,PM10,22.3,µg/m3,2015-10-26 18:00:00 +01:00
2756,NL,STA-NL00016,PM10,19.6,µg/m3,2015-10-26 21:00:00 +01:00
2757,NL,STA-NL00016,PM10,19.4,µg/m3,2015-10-27 02:00:00 +01:00
2758,NL,STA-NL00016,PM10,12.4,µg/m3,2015-10-26 01:00:00 +01:00
2759,NL,STA-NL00016,PM10,42.4,µg/m3,2015-10-27 14:00:00 +01:00
2760,NL,STA-NL00016,PM10,33.5,µg/m3,2015-10-27 10:00:00 +01:00
2761,NL,STA-NL00016,PM10,32.0,µg/m3,2015-10-27 22:00:00 +01:00
2762,NL,STA-NL00016,PM10,27.1,µg/m3,2015-10-27 06:00:00 +01:00
2763,NL,STA-NL00016,PM10,15.5,µg/m3,2015-10-25 21:00:00 +01:00
2764,NL,STA-NL00016,PM10,21.1,µg/m3,2015-10-26 17:00:00 +01:00
2765,NL,STA-NL00016,PM10,24.9,µg/m3,2015-10-26 13:00:00 +01:00
2766,NL,STA-NL00016,PM10,23.7,µg/m3,2015-10-26 22:00:00 +01:00
2767,NL,STA-NL00016,PM10,32.7,µg/m3,2015-10-28 10:00:00 +01:00
2768,NL,STA-NL00016,PM10,15.0,µg/m3,2015-10-26 05:00:00 +01:00
2769,NL,STA-NL00016,PM10,34.7,µg/m3,2015-10-27 18:00:00 +01:00
2770,NL,STA-NL00016,PM10,26.9,µg/m3,2015-10-28 02:00:00 +01:00
2771,NL,STA-NL00016,PM10,23.8,µg/m3,2015-10-28 06:00:00 +01:00
2772,NL,STA-NL00016,PM10,26.2,µg/m3,2015-10-28 22:00:00 +01:00
2773,NL,STA-NL00016,PM10,41.8,µg/m3,2015-10-28 14:00:00 +01:00
2774,NL,STA-NL00016,PM10,29.0,µg/m3,2015-10-28 18:00:00 +01:00
2775,NL,STA-NL00016,PM10,20.5,µg/m3,2015-10-29 14:00:00 +01:00
2776,NL,STA-NL00016,PM10,23.9,µg/m3,2015-10-29 18:00:00 +01:00
2777,NL,STA-NL00016,PM10,15.6,µg/m3,2015-10-30 02:00:00 +01:00
2778,NL,STA-NL00016,PM10,17.1,µg/m3,2015-10-29 06:00:00 +01:00
2779,NL,STA-NL00016,PM10,19.8,µg/m3,2015-10-29 22:00:00 +01:00
2780,NL,STA-NL00016,PM10,18.3,µg/m3,2015-10-29 20:00:00 +01:00
2781,NL,STA-NL00016,PM10,14.7,µg/m3,2015-10-29 02:00:00 +01:00
2782,NL,STA-NL00016,PM10,3.3,µg/m3,2015-11-06 10:00:00 +01:00
2783,NL,STA-NL00016,PM10,7.6,µg/m3,2015-11-06 18:00:00 +01:00
2784,NL,STA-NL00016,PM10,6.4,µg/m3,2015-11-06 06:00:00 +01:00
2785,NL,STA-NL00016,PM10,5.4,µg/m3,2015-11-07 06:00:00 +01:00
2786,NL,STA-NL00016,PM10,9.4,µg/m3,2015-11-08 23:00:00 +01:00
2787,NL,STA-NL00016,PM10,14.6,µg/m3,2015-11-08 15:00:00 +01:00
2788,NL,STA-NL00016,PM10,7.9,µg/m3,2015-11-08 20:00:00 +01:00
2789,NL,STA-NL00016,PM10,10.4,µg/m3,2015-11-08 07:00:00 +01:00
2790,NL,STA-NL00016,PM10,18.8,µg/m3,2015-11-08 11:00:00 +01:00
2791,NL,STA-NL00016,PM10,8.4,µg/m3,2015-11-08 19:00:00 +01:00
2792,NL,STA-NL00016,PM10,22.4,µg/m3,2015-11-02 08:00:00 +01:00
2793,NL,STA-NL00016,PM10,37.7,µg/m3,2015-11-02 16:00:00 +01:00
2794,NL,STA-NL00016,PM10,9.3,µg/m3,2015-11-04 21:00:00 +01:00
2795,NL,STA-NL00016,PM10,13.0,µg/m3,2015-11-04 13:00:00 +01:00
2796,NL,STA-NL00016,PM10,11.7,µg/m3,2015-11-04 05:00:00 +01:00
2797,NL,STA-NL00016,PM10,6.2,µg/m3,2015-11-04 17:00:00 +01:00
2798,NL,STA-NL00016,PM10,27.3,µg/m3,2015-11-05 09:00:00 +01:00
2799,NL,STA-NL00016,PM10,15.9,µg/m3,2015-11-05 13:00:00 +01:00
2800,NL,STA-NL00016,PM10,17.9,µg/m3,2015-11-19 11:00:00 +01:00
2801,NL,STA-NL00016,PM10,17.6,µg/m3,2015-11-19 02:00:00 +01:00
2802,NL,STA-NL00016,PM10,12.8,µg/m3,2015-11-18 02:00:00 +01:00
2803,NL,STA-NL00016,PM10,8.9,µg/m3,2015-11-20 03:00:00 +01:00
2804,NL,STA-NL00016,PM10,11.0,µg/m3,2015-11-19 23:00:00 +01:00
2805,NL,STA-NL00016,PM10,10.0,µg/m3,2015-11-19 16:00:00 +01:00
2806,NL,STA-NL00016,PM10,5.0,µg/m3,2015-11-21 00:00:00 +01:00
2807,NL,STA-NL00016,PM10,14.9,µg/m3,2015-11-16 01:00:00 +01:00
2808,NL,STA-NL00016,PM10,11.2,µg/m3,2015-11-15 21:00:00 +01:00
2809,NL,STA-NL00016,PM10,10.9,µg/m3,2015-11-16 09:00:00 +01:00
2810,NL,STA-NL00016,PM10,22.2,µg/m3,2015-11-15 13:00:00 +01:00
2811,NL,STA-NL00016,PM10,14.4,µg/m3,2015-11-16 05:00:00 +01:00
2812,NL,STA-NL00016,PM10,11.5,µg/m3,2015-11-16 10:00:00 +01:00
2813,NL,STA-NL00016,PM10,14.7,µg/m3,2015-11-16 17:00:00 +01:00
2814,NL,STA-NL00016,PM10,3.7,µg/m3,2015-11-17 02:00:00 +01:00
2815,NL,STA-NL00016,PM10,11.5,µg/m3,2015-11-16 13:00:00 +01:00
2816,NL,STA-NL00016,PM10,8.2,µg/m3,2015-11-16 22:00:00 +01:00
2817,NL,STA-NL00016,PM10,3.1,µg/m3,2015-11-17 10:00:00 +01:00
2818,NL,STA-NL00016,PM10,3.2,µg/m3,2015-11-17 05:00:00 +01:00
2819,NL,STA-NL00016,PM10,4.3,µg/m3,2015-11-17 06:00:00 +01:00
2820,NL,STA-NL00016,PM10,16.6,µg/m3,2015-11-16 18:00:00 +01:00
2821,NL,STA-NL00016,PM10,8.4,µg/m3,2015-11-16 14:00:00 +01:00
2822,NL,STA-NL00016,PM10,8.1,µg/m3,2015-11-17 01:00:00 +01:00
2823,NL,STA-NL00016,PM10,8.2,µg/m3,2015-11-16 21:00:00 +01:00
2824,NL,STA-NL00016,PM10,29.0,µg/m3,2015-11-17 22:00:00 +01:00
2825,NL,STA-NL00016,PM10,16.5,µg/m3,2015-11-17 14:00:00 +01:00
2826,NL,STA-NL00016,PM10,6.2,µg/m3,2015-11-17 18:00:00 +01:00
2827,NL,STA-NL00016,PM10,10.1,µg/m3,2015-11-20 08:00:00 +01:00
2828,NL,STA-NL00016,PM10,3.3,µg/m3,2015-11-22 07:00:00 +01:00
2829,NL,STA-NL00016,PM10,8.2,µg/m3,2015-11-21 05:00:00 +01:00
2830,NL,STA-NL00016,PM10,3.7,µg/m3,2015-11-21 21:00:00 +01:00
2831,NL,STA-NL00016,PM10,8.9,µg/m3,2015-11-19 19:00:00 +01:00
2832,NL,STA-NL00016,PM10,6.8,µg/m3,2015-11-20 19:00:00 +01:00
2833,NL,STA-NL00016,PM10,7.3,µg/m3,2015-11-23 16:00:00 +01:00
2834,NL,STA-NL00016,PM10,21.3,µg/m3,2015-11-23 10:00:00 +01:00
2835,NL,STA-NL00016,PM10,7.1,µg/m3,2015-11-22 00:00:00 +01:00
2836,NL,STA-NL00016,PM10,4.8,µg/m3,2015-11-22 13:00:00 +01:00
2837,NL,STA-NL00016,PM10,9.1,µg/m3,2015-11-25 16:00:00 +01:00
2838,NL,STA-NL00016,PM10,13.6,µg/m3,2015-11-25 11:00:00 +01:00
2839,NL,STA-NL00016,PM10,19.6,µg/m3,2015-11-25 10:00:00 +01:00
2840,NL,STA-NL00016,PM10,15.8,µg/m3,2015-11-25 22:00:00 +01:00
2841,NL,STA-NL00016,PM10,17.3,µg/m3,2015-11-24 03:00:00 +01:00
2842,NL,STA-NL00016,PM10,9.9,µg/m3,2015-11-24 15:00:00 +01:00
2843,NL,STA-NL00016,PM10,14.3,µg/m3,2015-11-25 01:00:00 +01:00
2844,NL,STA-NL00016,PM10,8.0,µg/m3,2015-11-30 22:00:00 +01:00
2845,NL,STA-NL00016,PM10,8.2,µg/m3,2015-11-30 21:00:00 +01:00
2846,NL,STA-NL00016,PM10,9.5,µg/m3,2015-11-30 23:00:00 +01:00
2847,NL,STA-NL00016,PM10,12.7,µg/m3,2015-11-27 21:00:00 +01:00
2848,NL,STA-NL00016,PM10,10.6,µg/m3,2015-11-30 17:00:00 +01:00
2849,NL,STA-NL00016,PM10,8.1,µg/m3,2015-11-30 02:00:00 +01:00
2850,NL,STA-NL00016,PM10,21.6,µg/m3,2015-11-30 08:00:00 +01:00
2851,NL,STA-NL00016,PM10,12.9,µg/m3,2015-11-30 01:00:00 +01:00
2852,NL,STA-NL00016,PM10,13.7,µg/m3,2015-11-29 04:00:00 +01:00
2853,NL,STA-NL00016,PM10,5.1,µg/m3,2015-11-28 21:00:00 +01:00
2854,NL,STA-NL00016,PM10,15.1,µg/m3,2015-11-29 20:00:00 +01:00
2855,NL,STA-NL00016,PM10,14.6,µg/m3,2015-11-28 07:00:00 +01:00
2856,NL,STA-NL00016,PM10,17.8,µg/m3,2015-11-27 16:00:00 +01:00
2857,NL,STA-NL00016,PM10,5.9,µg/m3,2015-11-28 02:00:00 +01:00
2858,NL,STA-NL00016,PM10,18.8,µg/m3,2015-11-28 13:00:00 +01:00
2859,NL,STA-NL00016,PM10,30.6,µg/m3,2015-11-26 08:00:00 +01:00
2860,NL,STA-NL00016,PM10,12.0,µg/m3,2015-11-26 13:00:00 +01:00
2861,NL,STA-NL00016,PM10,13.2,µg/m3,2015-11-27 00:00:00 +01:00
2862,NL,STA-NL00016,PM10,11.6,µg/m3,2015-11-24 13:00:00 +01:00
2863,NL,STA-NL00016,PM10,28.5,µg/m3,2015-11-26 16:00:00 +01:00
2864,NL,STA-NL00016,PM10,12.4,µg/m3,2015-11-24 08:00:00 +01:00
2865,NL,STA-NL00016,PM10,7.8,µg/m3,2015-11-26 04:00:00 +01:00
2866,NL,STA-NL00016,PM10,8.8,µg/m3,2015-11-26 05:00:00 +01:00
2867,NL,STA-NL00016,PM10,18.8,µg/m3,2015-12-04 20:00:00 +01:00
2868,NL,STA-NL00016,PM10,16.4,µg/m3,2015-12-05 11:00:00 +01:00
2869,NL,STA-NL00016,PM10,16.6,µg/m3,2015-12-04 16:00:00 +01:00
2870,NL,STA-NL00016,PM10,7.9,µg/m3,2015-12-04 11:00:00 +01:00
2871,NL,STA-NL00016,PM10,9.8,µg/m3,2015-12-04 12:00:00 +01:00
2872,NL,STA-NL00016,PM10,22.6,µg/m3,2015-12-03 13:00:00 +01:00
2873,NL,STA-NL00016,PM10,8.2,µg/m3,2015-12-05 19:00:00 +01:00
2874,NL,STA-NL00016,PM10,11.8,µg/m3,2015-12-05 15:00:00 +01:00
2875,NL,STA-NL00016,PM10,16.6,µg/m3,2015-12-05 00:00:00 +01:00
2876,NL,STA-NL00016,PM10,13.7,µg/m3,2015-12-04 13:00:00 +01:00
2877,NL,STA-NL00016,PM10,18.2,µg/m3,2015-12-02 13:00:00 +01:00
2878,NL,STA-NL00016,PM10,18.6,µg/m3,2015-12-03 01:00:00 +01:00
2879,NL,STA-NL00016,PM10,21.2,µg/m3,2015-12-03 21:00:00 +01:00
2880,NL,STA-NL00016,PM10,8.0,µg/m3,2015-12-02 17:00:00 +01:00
2881,NL,STA-NL00016,PM10,22.5,µg/m3,2015-12-03 09:00:00 +01:00
2882,NL,STA-NL00016,PM10,7.9,µg/m3,2015-12-02 18:00:00 +01:00
2883,NL,STA-NL00016,PM10,14.7,µg/m3,2015-11-30 11:00:00 +01:00
2884,NL,STA-NL00016,PM10,9.7,µg/m3,2015-12-02 03:00:00 +01:00
2885,NL,STA-NL00016,PM10,5.6,µg/m3,2015-12-01 03:00:00 +01:00
2886,NL,STA-NL00016,PM10,14.9,µg/m3,2015-12-02 10:00:00 +01:00
2887,NL,STA-NL00016,PM10,18.3,µg/m3,2015-12-01 22:00:00 +01:00
2888,NL,STA-NL00016,PM10,7.8,µg/m3,2015-12-02 04:00:00 +01:00
2889,NL,STA-NL00016,PM10,18.6,µg/m3,2015-12-01 09:00:00 +01:00
2890,NL,STA-NL00016,PM10,9.0,µg/m3,2015-12-01 15:00:00 +01:00
2891,NL,STA-NL00016,PM10,25.5,µg/m3,2015-12-17 04:00:00 +01:00
2892,NL,STA-NL00016,PM10,22.9,µg/m3,2015-12-18 18:00:00 +01:00
2893,NL,STA-NL00016,PM10,18.7,µg/m3,2015-12-18 10:00:00 +01:00
2894,NL,STA-NL00016,PM10,25.5,µg/m3,2015-12-18 07:00:00 +01:00
2895,NL,STA-NL00016,PM10,20.0,µg/m3,2015-12-18 16:00:00 +01:00
2896,NL,STA-NL00016,PM10,20.1,µg/m3,2015-12-17 08:00:00 +01:00
2897,NL,STA-NL00016,PM10,27.3,µg/m3,2015-12-17 05:00:00 +01:00
2898,NL,STA-NL00016,PM10,17.6,µg/m3,2015-12-17 23:00:00 +01:00
2899,NL,STA-NL00016,PM10,13.4,µg/m3,2015-12-16 13:00:00 +01:00
2900,NL,STA-NL00016,PM10,14.6,µg/m3,2015-12-16 05:00:00 +01:00
2901,NL,STA-NL00016,PM10,24.3,µg/m3,2015-12-16 01:00:00 +01:00
2902,NL,STA-NL00016,PM10,11.8,µg/m3,2015-12-16 17:00:00 +01:00
2903,NL,STA-NL00016,PM10,9.5,µg/m3,2015-12-17 00:00:00 +01:00
2904,NL,STA-NL00016,PM10,32.1,µg/m3,2015-12-15 20:00:00 +01:00
2905,NL,STA-NL00016,PM10,37.9,µg/m3,2015-12-15 17:00:00 +01:00
2906,NL,STA-NL00016,PM10,24.9,µg/m3,2015-12-15 21:00:00 +01:00
2907,NL,STA-NL00016,PM10,3.9,µg/m3,2015-12-21 06:00:00 +01:00
2908,NL,STA-NL00016,PM10,27.4,µg/m3,2015-12-19 05:00:00 +01:00
2909,NL,STA-NL00016,PM10,23.9,µg/m3,2015-12-20 14:00:00 +01:00
2910,NL,STA-NL00016,PM10,21.4,µg/m3,2015-12-20 04:00:00 +01:00
2911,NL,STA-NL00016,PM10,18.3,µg/m3,2015-12-19 17:00:00 +01:00
2912,NL,STA-NL00016,PM10,22.0,µg/m3,2015-12-20 16:00:00 +01:00
2913,NL,STA-NL00016,PM10,24.7,µg/m3,2015-12-20 12:00:00 +01:00
2914,NL,STA-NL00016,PM10,22.2,µg/m3,2015-12-20 11:00:00 +01:00
2915,NL,STA-NL00016,PM10,19.5,µg/m3,2015-12-20 20:00:00 +01:00
2916,NL,STA-NL00016,PM10,26.2,µg/m3,2015-12-20 15:00:00 +01:00
2917,NL,STA-NL00016,PM10,19.8,µg/m3,2015-12-18 12:00:00 +01:00
2918,NL,STA-NL00016,PM10,22.9,µg/m3,2015-12-18 01:00:00 +01:00
2919,NL,STA-NL00016,PM10,28.7,µg/m3,2015-12-19 01:00:00 +01:00
2920,NL,STA-NL00016,PM10,20.2,µg/m3,2015-12-18 14:00:00 +01:00
2921,NL,STA-NL00016,PM10,27.6,µg/m3,2015-12-19 09:00:00 +01:00
2922,NL,STA-NL00016,PM10,20.7,µg/m3,2015-12-20 00:00:00 +01:00
2923,NL,STA-NL00016,PM10,21.7,µg/m3,2015-12-18 22:00:00 +01:00
2924,NL,STA-NL00016,PM10,11.2,µg/m3,2015-12-06 08:00:00 +01:00
2925,NL,STA-NL00016,PM10,25.2,µg/m3,2015-12-07 15:00:00 +01:00
2926,NL,STA-NL00016,PM10,10.7,µg/m3,2015-12-07 07:00:00 +01:00
2927,NL,STA-NL00016,PM10,29.2,µg/m3,2015-12-07 19:00:00 +01:00
2928,NL,STA-NL00016,PM10,25.6,µg/m3,2015-12-07 20:00:00 +01:00
2929,NL,STA-NL00016,PM10,29.0,µg/m3,2015-12-07 11:00:00 +01:00
2930,NL,STA-NL00016,PM10,11.5,µg/m3,2015-12-06 07:00:00 +01:00
2931,NL,STA-NL00016,PM10,13.9,µg/m3,2015-12-05 20:00:00 +01:00
2932,NL,STA-NL00016,PM10,12.9,µg/m3,2015-12-05 23:00:00 +01:00
2933,NL,STA-NL00016,PM10,15.7,µg/m3,2015-12-06 09:00:00 +01:00
2934,NL,STA-NL00016,PM10,11.8,µg/m3,2015-12-06 11:00:00 +01:00
2935,NL,STA-NL00016,PM10,14.7,µg/m3,2015-12-06 02:00:00 +01:00
2936,NL,STA-NL00016,PM10,14.7,µg/m3,2015-12-10 12:00:00 +01:00
2937,NL,STA-NL00016,PM10,17.2,µg/m3,2015-12-09 15:00:00 +01:00
2938,NL,STA-NL00016,PM10,22.9,µg/m3,2015-12-09 17:00:00 +01:00
2939,NL,STA-NL00016,PM10,15.3,µg/m3,2015-12-08 06:00:00 +01:00
2940,NL,STA-NL00016,PM10,21.2,µg/m3,2015-12-07 03:00:00 +01:00
2941,NL,STA-NL00016,PM10,16.3,µg/m3,2015-12-08 19:00:00 +01:00
2942,NL,STA-NL00016,PM10,11.9,µg/m3,2015-12-08 20:00:00 +01:00
2943,NL,STA-NL00016,PM10,10.7,µg/m3,2015-12-08 18:00:00 +01:00
2944,NL,STA-NL00016,PM10,18.4,µg/m3,2015-12-08 10:00:00 +01:00
2945,NL,STA-NL00016,PM10,13.1,µg/m3,2015-12-10 23:00:00 +01:00
2946,NL,STA-NL00016,PM10,13.1,µg/m3,2015-12-10 17:00:00 +01:00
2947,NL,STA-NL00016,PM10,17.8,µg/m3,2015-12-11 01:00:00 +01:00
2949,NL,STA-NL00016,PM10,22.9,µg/m3,2015-12-11 10:00:00 +01:00
2950,NL,STA-NL00016,PM10,10.1,µg/m3,2015-12-11 18:00:00 +01:00
2951,NL,STA-NL00016,PM10,19.1,µg/m3,2015-12-11 02:00:00 +01:00
2952,NL,STA-NL00016,PM10,25.1,µg/m3,2015-12-11 03:00:00 +01:00
2953,NL,STA-NL00016,PM10,11.7,µg/m3,2015-12-11 17:00:00 +01:00
2954,NL,STA-NL00016,PM10,8.7,µg/m3,2015-12-11 19:00:00 +01:00
2955,NL,STA-NL00016,PM10,8.3,µg/m3,2015-12-11 14:00:00 +01:00
2956,NL,STA-NL00016,PM10,18.6,µg/m3,2015-12-12 13:00:00 +01:00
2957,NL,STA-NL00016,PM10,19.5,µg/m3,2015-12-12 17:00:00 +01:00
2958,NL,STA-NL00016,PM10,0.1,µg/m3,2015-12-13 01:00:00 +01:00
2959,NL,STA-NL00016,PM10,20.5,µg/m3,2015-12-12 14:00:00 +01:00
2960,NL,STA-NL00016,PM10,5.6,µg/m3,2015-12-13 07:00:00 +01:00
2961,NL,STA-NL00016,PM10,3.8,µg/m3,2015-12-13 04:00:00 +01:00
2962,NL,STA-NL00016,PM10,18.4,µg/m3,2015-12-13 00:00:00 +01:00
2963,NL,STA-NL00016,PM10,17.1,µg/m3,2015-12-12 16:00:00 +01:00
2964,NL,STA-NL00016,PM10,19.3,µg/m3,2015-12-11 08:00:00 +01:00
2965,NL,STA-NL00016,PM10,9.8,µg/m3,2015-12-13 11:00:00 +01:00
2966,NL,STA-NL00016,PM10,22.7,µg/m3,2015-12-14 18:00:00 +01:00
2967,NL,STA-NL00016,PM10,40.2,µg/m3,2015-12-14 06:00:00 +01:00
2968,NL,STA-NL00016,PM10,35.4,µg/m3,2015-12-14 10:00:00 +01:00
2969,NL,STA-NL00016,PM10,30.3,µg/m3,2015-12-14 14:00:00 +01:00
2970,NL,STA-NL00016,PM10,38.5,µg/m3,2015-12-31 20:00:00 +01:00
2971,NL,STA-NL00016,PM10,16.7,µg/m3,2015-12-31 14:00:00 +01:00
2972,NL,STA-NL00016,PM10,10.7,µg/m3,2015-12-31 12:00:00 +01:00
2973,NL,STA-NL00016,PM10,24.0,µg/m3,2015-12-31 01:00:00 +01:00
2974,NL,STA-NL00016,PM10,20.1,µg/m3,2015-12-31 04:00:00 +01:00
2975,NL,STA-NL00016,PM10,14.3,µg/m3,2015-12-30 17:00:00 +01:00
2976,NL,STA-NL00016,PM10,8.9,µg/m3,2015-12-30 09:00:00 +01:00
2977,NL,STA-NL00016,PM10,17.9,µg/m3,2015-12-29 22:00:00 +01:00
2978,NL,STA-NL00016,PM10,59.4,µg/m3,2015-12-29 14:00:00 +01:00
2979,NL,STA-NL00016,PM10,13.9,µg/m3,2015-12-23 07:00:00 +01:00
2980,NL,STA-NL00016,PM10,24.5,µg/m3,2015-12-23 18:00:00 +01:00
2981,NL,STA-NL00016,PM10,18.8,µg/m3,2015-12-23 17:00:00 +01:00
2982,NL,STA-NL00016,PM10,13.2,µg/m3,2015-12-24 19:00:00 +01:00
2983,NL,STA-NL00016,PM10,22.1,µg/m3,2015-12-24 22:00:00 +01:00
2984,NL,STA-NL00016,PM10,19.0,µg/m3,2015-12-24 23:00:00 +01:00
2985,NL,STA-NL00016,PM10,18.9,µg/m3,2015-12-24 09:00:00 +01:00
2986,NL,STA-NL00016,PM10,15.9,µg/m3,2015-12-24 15:00:00 +01:00
2987,NL,STA-NL00016,PM10,20.6,µg/m3,2015-12-23 22:00:00 +01:00
2988,NL,STA-NL00016,PM10,20.5,µg/m3,2015-12-24 03:00:00 +01:00
2989,NL,STA-NL00016,PM10,19.0,µg/m3,2015-12-22 01:00:00 +01:00
2990,NL,STA-NL00016,PM10,8.9,µg/m3,2015-12-22 22:00:00 +01:00
2991,NL,STA-NL00016,PM10,9.6,µg/m3,2015-12-22 20:00:00 +01:00
2992,NL,STA-NL00016,PM10,16.6,µg/m3,2015-12-20 22:00:00 +01:00
2993,NL,STA-NL00016,PM10,6.2,µg/m3,2015-12-21 03:00:00 +01:00
2994,NL,STA-NL00016,PM10,6.7,µg/m3,2015-12-22 12:00:00 +01:00
2995,NL,STA-NL00016,PM10,8.5,µg/m3,2015-12-21 14:00:00 +01:00
2996,NL,STA-NL00016,PM10,27.5,µg/m3,2015-12-28 10:00:00 +01:00
2997,NL,STA-NL00016,PM10,31.1,µg/m3,2015-12-28 07:00:00 +01:00
2998,NL,STA-NL00016,PM10,54.0,µg/m3,2015-12-28 02:00:00 +01:00
2999,NL,STA-NL00016,PM10,32.8,µg/m3,2015-12-28 06:00:00 +01:00
3000,NL,STA-NL00016,PM10,17.7,µg/m3,2015-12-27 04:00:00 +01:00
3001,NL,STA-NL00016,PM10,54.8,µg/m3,2015-12-28 03:00:00 +01:00
3002,NL,STA-NL00016,PM10,11.4,µg/m3,2015-12-25 16:00:00 +01:00
3003,NL,STA-NL00016,PM10,9.4,µg/m3,2015-12-26 13:00:00 +01:00
3004,NL,STA-NL00016,PM10,16.6,µg/m3,2015-12-27 05:00:00 +01:00
3005,NL,STA-NL00016,PM10,8.3,µg/m3,2015-12-25 23:00:00 +01:00
3006,NL,STA-NL00016,PM10,18.8,µg/m3,2015-12-25 19:00:00 +01:00
3007,NL,STA-NL00016,PM10,18.4,µg/m3,2015-12-24 10:00:00 +01:00
3008,NL,STA-NL00016,PM10,21.5,µg/m3,2015-01-04 10:00:00 +01:00
3009,NL,STA-NL00016,PM10,13.3,µg/m3,2015-01-04 04:00:00 +01:00
3010,NL,STA-NL00016,PM10,15.3,µg/m3,2015-01-03 21:00:00 +01:00
3011,NL,STA-NL00016,PM10,16.8,µg/m3,2015-01-04 22:00:00 +01:00
3012,NL,STA-NL00016,PM10,15.7,µg/m3,2015-01-05 04:00:00 +01:00
3013,NL,STA-NL00016,PM10,12.9,µg/m3,2015-01-04 13:00:00 +01:00
3014,NL,STA-NL00016,PM10,13.5,µg/m3,2015-01-05 02:00:00 +01:00
3015,NL,STA-NL00016,PM10,31.6,µg/m3,2015-01-05 11:00:00 +01:00
3016,NL,STA-NL00016,PM10,28.6,µg/m3,2015-01-05 06:00:00 +01:00
3017,NL,STA-NL00016,PM10,23.4,µg/m3,2015-01-05 03:00:00 +01:00
3018,NL,STA-NL00016,PM10,15.9,µg/m3,2015-01-03 03:00:00 +01:00
3019,NL,STA-NL00016,PM10,20.7,µg/m3,2015-01-03 02:00:00 +01:00
3020,NL,STA-NL00016,PM10,17.2,µg/m3,2015-01-03 01:00:00 +01:00
3021,NL,STA-NL00016,PM10,16.8,µg/m3,2015-01-02 01:00:00 +01:00
3022,NL,STA-NL00016,PM10,17.0,µg/m3,2015-01-06 21:00:00 +01:00
3023,NL,STA-NL00016,PM10,15.0,µg/m3,2015-01-08 09:00:00 +01:00
3024,NL,STA-NL00016,PM10,19.0,µg/m3,2015-01-06 04:00:00 +01:00
3025,NL,STA-NL00016,PM10,13.3,µg/m3,2015-01-06 22:00:00 +01:00
3026,NL,STA-NL00016,PM10,19.8,µg/m3,2015-01-06 06:00:00 +01:00
3027,NL,STA-NL00016,PM10,19.9,µg/m3,2015-01-05 21:00:00 +01:00
3028,NL,STA-NL00016,PM10,30.3,µg/m3,2015-01-05 07:00:00 +01:00
3029,NL,STA-NL00016,PM10,37.4,µg/m3,2015-01-05 10:00:00 +01:00
3030,NL,STA-NL00016,PM10,129.9,µg/m3,2015-01-01 03:00:00 +01:00
3031,NL,STA-NL00016,PM10,10.8,µg/m3,2015-01-02 07:00:00 +01:00
3032,NL,STA-NL00016,PM10,16.1,µg/m3,2015-01-02 04:00:00 +01:00
3033,NL,STA-NL00016,PM10,16.9,µg/m3,2015-01-02 16:00:00 +01:00
3034,NL,STA-NL00016,PM10,25.6,µg/m3,2015-01-01 16:00:00 +01:00
3035,NL,STA-NL00016,PM10,29.0,µg/m3,2015-01-01 12:00:00 +01:00
3036,NL,STA-NL00016,PM10,24.0,µg/m3,2015-01-24 21:00:00 +01:00
3037,NL,STA-NL00016,PM10,16.6,µg/m3,2015-01-02 18:00:00 +01:00
3038,NL,STA-NL00016,PM10,25.6,µg/m3,2015-01-24 07:00:00 +01:00
3039,NL,STA-NL00016,PM10,26.7,µg/m3,2015-01-01 21:00:00 +01:00
3040,NL,STA-NL00016,PM10,14.0,µg/m3,2015-01-24 15:00:00 +01:00
3041,NL,STA-NL00016,PM10,21.3,µg/m3,2015-01-01 19:00:00 +01:00
3042,NL,STA-NL00016,PM10,18.6,µg/m3,2015-01-02 00:00:00 +01:00
3043,NL,STA-NL00016,PM10,38.5,µg/m3,2015-01-23 17:00:00 +01:00
3044,NL,STA-NL00016,PM10,15.9,µg/m3,2015-01-02 02:00:00 +01:00
3045,NL,STA-NL00016,PM10,20.2,µg/m3,2015-01-01 23:00:00 +01:00
3046,NL,STA-NL00016,PM10,33.8,µg/m3,2015-01-01 08:00:00 +01:00
3047,NL,STA-NL00016,PM10,69.9,µg/m3,2015-01-01 04:00:00 +01:00
3048,NL,STA-NL00016,PM10,176.2,µg/m3,2015-01-01 00:00:00 +01:00
3049,NL,STA-NL00016,PM10,196.8,µg/m3,2015-01-01 02:00:00 +01:00
3050,NL,STA-NL00016,PM10,40.2,µg/m3,2015-01-23 07:00:00 +01:00
3051,NL,STA-NL00016,PM10,22.2,µg/m3,2015-01-01 13:00:00 +01:00
3052,NL,STA-NL00016,PM10,28.5,µg/m3,2015-01-01 11:00:00 +01:00
3053,NL,STA-NL00016,PM10,26.1,µg/m3,2015-01-23 00:00:00 +01:00
3054,NL,STA-NL00016,PM10,41.8,µg/m3,2015-01-22 03:00:00 +01:00
3055,NL,STA-NL00016,PM10,33.0,µg/m3,2015-01-22 08:00:00 +01:00
3056,NL,STA-NL00016,PM10,29.4,µg/m3,2015-01-22 16:00:00 +01:00
3057,NL,STA-NL00016,PM10,23.3,µg/m3,2015-01-22 22:00:00 +01:00
3058,NL,STA-NL00016,PM10,31.9,µg/m3,2015-01-21 08:00:00 +01:00
3059,NL,STA-NL00016,PM10,38.2,µg/m3,2015-01-21 11:00:00 +01:00
3060,NL,STA-NL00016,PM10,39.2,µg/m3,2015-01-21 03:00:00 +01:00
3061,NL,STA-NL00016,PM10,35.6,µg/m3,2015-01-21 12:00:00 +01:00
3062,NL,STA-NL00016,PM10,34.8,µg/m3,2015-01-20 23:00:00 +01:00
3063,NL,STA-NL00016,PM10,28.9,µg/m3,2015-01-21 07:00:00 +01:00
3064,NL,STA-NL00016,PM10,34.5,µg/m3,2015-01-21 22:00:00 +01:00
3065,NL,STA-NL00016,PM10,34.8,µg/m3,2015-01-22 00:00:00 +01:00
3066,NL,STA-NL00016,PM10,35.3,µg/m3,2015-01-21 16:00:00 +01:00
3067,NL,STA-NL00016,PM10,34.7,µg/m3,2015-01-21 15:00:00 +01:00
3068,NL,STA-NL00016,PM10,10.4,µg/m3,2015-01-19 18:00:00 +01:00
3069,NL,STA-NL00016,PM10,14.4,µg/m3,2015-01-19 17:00:00 +01:00
3070,NL,STA-NL00016,PM10,20.9,µg/m3,2015-01-19 12:00:00 +01:00
3071,NL,STA-NL00016,PM10,17.0,µg/m3,2015-01-19 11:00:00 +01:00
3072,NL,STA-NL00016,PM10,6.3,µg/m3,2015-01-19 20:00:00 +01:00
3073,NL,STA-NL00016,PM10,21.6,µg/m3,2015-01-19 15:00:00 +01:00
3074,NL,STA-NL00016,PM10,19.0,µg/m3,2015-01-19 16:00:00 +01:00
3075,NL,STA-NL00016,PM10,10.7,µg/m3,2015-01-19 23:00:00 +01:00
3076,NL,STA-NL00016,PM10,29.3,µg/m3,2015-01-20 14:00:00 +01:00
3077,NL,STA-NL00016,PM10,8.9,µg/m3,2015-01-20 05:00:00 +01:00
3078,NL,STA-NL00016,PM10,13.1,µg/m3,2015-01-20 04:00:00 +01:00
3079,NL,STA-NL00016,PM10,23.3,µg/m3,2015-01-20 12:00:00 +01:00
3080,NL,STA-NL00016,PM10,21.2,µg/m3,2015-01-20 16:00:00 +01:00
3081,NL,STA-NL00016,PM10,13.1,µg/m3,2015-01-05 01:00:00 +01:00
3082,NL,STA-NL00016,PM10,27.5,µg/m3,2015-01-27 03:00:00 +01:00
3083,NL,STA-NL00016,PM10,17.0,µg/m3,2015-01-04 23:00:00 +01:00
3084,NL,STA-NL00016,PM10,11.5,µg/m3,2015-01-26 16:00:00 +01:00
3085,NL,STA-NL00016,PM10,24.9,µg/m3,2015-01-25 22:00:00 +01:00
3086,NL,STA-NL00016,PM10,23.1,µg/m3,2015-01-05 18:00:00 +01:00
3087,NL,STA-NL00016,PM10,25.4,µg/m3,2015-01-05 20:00:00 +01:00
3088,NL,STA-NL00016,PM10,13.1,µg/m3,2015-01-27 19:00:00 +01:00
3089,NL,STA-NL00016,PM10,25.0,µg/m3,2015-01-05 08:00:00 +01:00
3090,NL,STA-NL00016,PM10,28.6,µg/m3,2015-01-27 11:00:00 +01:00
3091,NL,STA-NL00016,PM10,17.5,µg/m3,2015-01-03 05:00:00 +01:00
3092,NL,STA-NL00016,PM10,28.5,µg/m3,2015-01-25 10:00:00 +01:00
3093,NL,STA-NL00016,PM10,20.8,µg/m3,2015-01-25 07:00:00 +01:00
3094,NL,STA-NL00016,PM10,8.0,µg/m3,2015-01-03 20:00:00 +01:00
3095,NL,STA-NL00016,PM10,4.9,µg/m3,2015-01-03 11:00:00 +01:00
3096,NL,STA-NL00016,PM10,19.6,µg/m3,2015-01-04 08:00:00 +01:00
3097,NL,STA-NL00016,PM10,15.9,µg/m3,2015-01-04 12:00:00 +01:00
3098,NL,STA-NL00016,PM10,9.5,µg/m3,2015-01-26 10:00:00 +01:00
3099,NL,STA-NL00016,PM10,13.1,µg/m3,2015-01-26 09:00:00 +01:00
3100,NL,STA-NL00016,PM10,18.7,µg/m3,2015-01-25 17:00:00 +01:00
3101,NL,STA-NL00016,PM10,19.8,µg/m3,2015-01-26 01:00:00 +01:00
3102,NL,STA-NL00016,PM10,13.1,µg/m3,2015-01-03 09:00:00 +01:00
3103,NL,STA-NL00016,PM10,15.8,µg/m3,2015-01-04 01:00:00 +01:00
3104,NL,STA-NL00016,PM10,12.7,µg/m3,2015-01-26 05:00:00 +01:00
3105,NL,STA-NL00016,PM10,14.1,µg/m3,2015-01-07 05:00:00 +01:00
3106,NL,STA-NL00016,PM10,15.9,µg/m3,2015-01-07 07:00:00 +01:00
3107,NL,STA-NL00016,PM10,13.7,µg/m3,2015-01-07 06:00:00 +01:00
3108,NL,STA-NL00016,PM10,19.0,µg/m3,2015-01-06 05:00:00 +01:00
3110,NL,STA-NL00016,PM10,28.2,µg/m3,2015-01-27 10:00:00 +01:00
3111,NL,STA-NL00016,PM10,30.3,µg/m3,2015-01-05 15:00:00 +01:00
3112,NL,STA-NL00016,PM10,15.8,µg/m3,2015-01-06 07:00:00 +01:00
3113,NL,STA-NL00016,PM10,34.4,µg/m3,2015-01-06 15:00:00 +01:00
3114,NL,STA-NL00016,PM10,22.0,µg/m3,2015-01-06 09:00:00 +01:00
3115,NL,STA-NL00016,PM10,17.0,µg/m3,2015-01-08 04:00:00 +01:00
3116,NL,STA-NL00016,PM10,5.2,µg/m3,2015-01-29 20:00:00 +01:00
3117,NL,STA-NL00016,PM10,1.9,µg/m3,2015-01-29 17:00:00 +01:00
3118,NL,STA-NL00016,PM10,5.6,µg/m3,2015-01-29 12:00:00 +01:00
3119,NL,STA-NL00016,PM10,8.8,µg/m3,2015-01-29 08:00:00 +01:00
3120,NL,STA-NL00016,PM10,15.8,µg/m3,2015-01-08 06:00:00 +01:00
3121,NL,STA-NL00016,PM10,3.4,µg/m3,2015-01-08 15:00:00 +01:00
3122,NL,STA-NL00016,PM10,8.3,µg/m3,2015-01-08 10:00:00 +01:00
3123,NL,STA-NL00016,PM10,3.7,µg/m3,2015-01-08 17:00:00 +01:00
3124,NL,STA-NL00016,PM10,16.2,µg/m3,2015-01-07 22:00:00 +01:00
3125,NL,STA-NL00016,PM10,16.6,µg/m3,2015-01-08 08:00:00 +01:00
3126,NL,STA-NL00016,PM10,9.1,µg/m3,2015-01-29 22:00:00 +01:00
3127,NL,STA-NL00016,PM10,5.1,µg/m3,2015-01-08 13:00:00 +01:00
3128,NL,STA-NL00016,PM10,4.9,µg/m3,2015-01-13 20:00:00 +01:00
3129,NL,STA-NL00016,PM10,7.1,µg/m3,2015-01-13 23:00:00 +01:00
3130,NL,STA-NL00016,PM10,-0.3,µg/m3,2015-01-14 02:00:00 +01:00
3131,NL,STA-NL00016,PM10,4.4,µg/m3,2015-01-14 00:00:00 +01:00
3132,NL,STA-NL00016,PM10,5.1,µg/m3,2015-01-13 19:00:00 +01:00
3133,NL,STA-NL00016,PM10,-1.3,µg/m3,2015-01-14 13:00:00 +01:00
3134,NL,STA-NL00016,PM10,2.0,µg/m3,2015-01-14 08:00:00 +01:00
3135,NL,STA-NL00016,PM10,3.7,µg/m3,2015-01-14 14:00:00 +01:00
3136,NL,STA-NL00016,PM10,8.9,µg/m3,2015-01-15 00:00:00 +01:00
3137,NL,STA-NL00016,PM10,3.5,µg/m3,2015-01-15 03:00:00 +01:00
3138,NL,STA-NL00016,PM10,6.5,µg/m3,2015-01-14 15:00:00 +01:00
3139,NL,STA-NL00016,PM10,6.2,µg/m3,2015-01-15 01:00:00 +01:00
3140,NL,STA-NL00016,PM10,4.3,µg/m3,2015-01-15 20:00:00 +01:00
3141,NL,STA-NL00016,PM10,-1.4,µg/m3,2015-01-15 16:00:00 +01:00
3142,NL,STA-NL00016,PM10,0.5,µg/m3,2015-01-15 17:00:00 +01:00
3143,NL,STA-NL00016,PM10,8.4,µg/m3,2015-01-16 12:00:00 +01:00
3144,NL,STA-NL00016,PM10,9.2,µg/m3,2015-01-16 13:00:00 +01:00
3145,NL,STA-NL00016,PM10,2.1,µg/m3,2015-01-16 20:00:00 +01:00
3146,NL,STA-NL00016,PM10,9.2,µg/m3,2015-01-16 05:00:00 +01:00
3147,NL,STA-NL00016,PM10,-0.5,µg/m3,2015-01-15 06:00:00 +01:00
3148,NL,STA-NL00016,PM10,2.5,µg/m3,2015-01-15 19:00:00 +01:00
3149,NL,STA-NL00016,PM10,2.6,µg/m3,2015-01-15 18:00:00 +01:00
3150,NL,STA-NL00016,PM10,5.6,µg/m3,2015-01-16 01:00:00 +01:00
3151,NL,STA-NL00016,PM10,6.9,µg/m3,2015-01-14 18:00:00 +01:00
3152,NL,STA-NL00016,PM10,1.7,µg/m3,2015-01-15 10:00:00 +01:00
3153,NL,STA-NL00016,PM10,13.2,µg/m3,2015-01-17 23:00:00 +01:00
3154,NL,STA-NL00016,PM10,7.4,µg/m3,2015-01-17 17:00:00 +01:00
3155,NL,STA-NL00016,PM10,9.7,µg/m3,2015-01-17 19:00:00 +01:00
3156,NL,STA-NL00016,PM10,8.8,µg/m3,2015-01-17 03:00:00 +01:00
3157,NL,STA-NL00016,PM10,22.6,µg/m3,2015-01-17 12:00:00 +01:00
3158,NL,STA-NL00016,PM10,5.0,µg/m3,2015-01-16 18:00:00 +01:00
3159,NL,STA-NL00016,PM10,17.2,µg/m3,2015-01-16 17:00:00 +01:00
3160,NL,STA-NL00016,PM10,17.1,µg/m3,2015-01-16 14:00:00 +01:00
3161,NL,STA-NL00016,PM10,14.1,µg/m3,2015-01-18 06:00:00 +01:00
3162,NL,STA-NL00016,PM10,13.2,µg/m3,2015-01-18 09:00:00 +01:00
3163,NL,STA-NL00016,PM10,16.5,µg/m3,2015-01-18 10:00:00 +01:00
3164,NL,STA-NL00016,PM10,17.7,µg/m3,2015-01-18 22:00:00 +01:00
3165,NL,STA-NL00016,PM10,6.8,µg/m3,2015-01-09 11:00:00 +01:00
3166,NL,STA-NL00016,PM10,5.8,µg/m3,2015-01-08 19:00:00 +01:00
3167,NL,STA-NL00016,PM10,18.2,µg/m3,2015-01-08 21:00:00 +01:00
3168,NL,STA-NL00016,PM10,3.5,µg/m3,2015-01-08 14:00:00 +01:00
3169,NL,STA-NL00016,PM10,9.0,µg/m3,2015-01-08 12:00:00 +01:00
3170,NL,STA-NL00016,PM10,9.5,µg/m3,2015-01-11 05:00:00 +01:00
3171,NL,STA-NL00016,PM10,11.3,µg/m3,2015-01-10 15:00:00 +01:00
3172,NL,STA-NL00016,PM10,9.0,µg/m3,2015-01-12 04:00:00 +01:00
3173,NL,STA-NL00016,PM10,12.2,µg/m3,2015-01-12 00:00:00 +01:00
3174,NL,STA-NL00016,PM10,12.4,µg/m3,2015-01-12 01:00:00 +01:00
3175,NL,STA-NL00016,PM10,13.5,µg/m3,2015-01-12 02:00:00 +01:00
3176,NL,STA-NL00016,PM10,22.1,µg/m3,2015-01-11 19:00:00 +01:00
3177,NL,STA-NL00016,PM10,15.4,µg/m3,2015-01-11 20:00:00 +01:00
3178,NL,STA-NL00016,PM10,-1.9,µg/m3,2015-01-13 00:00:00 +01:00
3179,NL,STA-NL00016,PM10,3.6,µg/m3,2015-01-12 19:00:00 +01:00
3180,NL,STA-NL00016,PM10,2.2,µg/m3,2015-01-12 20:00:00 +01:00
3181,NL,STA-NL00016,PM10,7.0,µg/m3,2015-01-12 14:00:00 +01:00
3182,NL,STA-NL00016,PM10,-1.3,µg/m3,2015-01-13 12:00:00 +01:00
3183,NL,STA-NL00016,PM10,13.1,µg/m3,2015-01-12 12:00:00 +01:00
3184,NL,STA-NL00016,PM10,-1.9,µg/m3,2015-01-13 16:00:00 +01:00
3185,NL,STA-NL00016,PM10,-0.3,µg/m3,2015-01-13 15:00:00 +01:00
3186,NL,STA-NL00016,PM10,9.4,µg/m3,2015-01-31 21:00:00 +01:00
3187,NL,STA-NL00016,PM10,10.9,µg/m3,2015-01-31 19:00:00 +01:00
3188,NL,STA-NL00016,PM10,15.9,µg/m3,2015-01-10 03:00:00 +01:00
3189,NL,STA-NL00016,PM10,9.4,µg/m3,2015-02-01 09:00:00 +01:00
3190,NL,STA-NL00016,PM10,6.2,µg/m3,2015-01-10 04:00:00 +01:00
3191,NL,STA-NL00016,PM10,7.4,µg/m3,2015-02-01 11:00:00 +01:00
3192,NL,STA-NL00016,PM10,17.7,µg/m3,2015-01-09 02:00:00 +01:00
3193,NL,STA-NL00016,PM10,17.6,µg/m3,2015-01-09 01:00:00 +01:00
3194,NL,STA-NL00016,PM10,17.6,µg/m3,2015-01-09 05:00:00 +01:00
3195,NL,STA-NL00016,PM10,6.2,µg/m3,2015-01-10 07:00:00 +01:00
3196,NL,STA-NL00016,PM10,10.1,µg/m3,2015-02-02 00:00:00 +01:00
3197,NL,STA-NL00016,PM10,18.2,µg/m3,2015-01-10 19:00:00 +01:00
3198,NL,STA-NL00016,PM10,20.0,µg/m3,2015-01-10 18:00:00 +01:00
3199,NL,STA-NL00016,PM10,8.9,µg/m3,2015-01-10 11:00:00 +01:00
3200,NL,STA-NL00016,PM10,5.0,µg/m3,2015-01-10 05:00:00 +01:00
3201,NL,STA-NL00016,PM10,7.7,µg/m3,2015-01-10 10:00:00 +01:00
3202,NL,STA-NL00016,PM10,3.1,µg/m3,2015-01-10 08:00:00 +01:00
3203,NL,STA-NL00016,PM10,9.0,µg/m3,2015-01-10 23:00:00 +01:00
3204,NL,STA-NL00016,PM10,12.7,µg/m3,2015-01-11 04:00:00 +01:00
3205,NL,STA-NL00016,PM10,31.6,µg/m3,2015-03-05 01:00:00 +01:00
3206,NL,STA-NL00016,PM10,7.8,µg/m3,2015-03-03 04:00:00 +01:00
3208,NL,STA-NL00016,PM10,35.2,µg/m3,2015-02-08 18:00:00 +01:00
3210,NL,STA-NL00016,PM10,20.5,µg/m3,2015-02-09 10:00:00 +01:00
3211,NL,STA-NL00016,PM10,36.5,µg/m3,2015-02-08 10:00:00 +01:00
3212,NL,STA-NL00016,PM10,17.0,µg/m3,2015-02-09 07:00:00 +01:00
3213,NL,STA-NL00016,PM10,28.9,µg/m3,2015-02-08 20:00:00 +01:00
3214,NL,STA-NL00016,PM10,15.5,µg/m3,2015-03-02 12:00:00 +01:00
3215,NL,STA-NL00016,PM10,13.1,µg/m3,2015-03-02 06:00:00 +01:00
3216,NL,STA-NL00016,PM10,16.7,µg/m3,2015-02-04 20:00:00 +01:00
3217,NL,STA-NL00016,PM10,5.2,µg/m3,2015-02-04 17:00:00 +01:00
3218,NL,STA-NL00016,PM10,15.5,µg/m3,2015-03-01 17:00:00 +01:00
3219,NL,STA-NL00016,PM10,9.9,µg/m3,2015-03-01 16:00:00 +01:00
3220,NL,STA-NL00016,PM10,3.2,µg/m3,2015-03-02 15:00:00 +01:00
3221,NL,STA-NL00016,PM10,10.8,µg/m3,2015-02-05 22:00:00 +01:00
3222,NL,STA-NL00016,PM10,21.2,µg/m3,2015-02-06 06:00:00 +01:00
3223,NL,STA-NL00016,PM10,16.4,µg/m3,2015-02-06 15:00:00 +01:00
3224,NL,STA-NL00016,PM10,2.5,µg/m3,2015-03-02 19:00:00 +01:00
3225,NL,STA-NL00016,PM10,7.3,µg/m3,2015-02-05 16:00:00 +01:00
3226,NL,STA-NL00016,PM10,12.4,µg/m3,2015-03-02 13:00:00 +01:00
3227,NL,STA-NL00016,PM10,9.8,µg/m3,2015-02-05 09:00:00 +01:00
3228,NL,STA-NL00016,PM10,31.2,µg/m3,2015-02-07 02:00:00 +01:00
3229,NL,STA-NL00016,PM10,8.8,µg/m3,2015-03-03 22:00:00 +01:00
3230,NL,STA-NL00016,PM10,18.3,µg/m3,2015-02-06 19:00:00 +01:00
3231,NL,STA-NL00016,PM10,24.3,µg/m3,2015-02-06 22:00:00 +01:00
3232,NL,STA-NL00016,PM10,7.8,µg/m3,2015-03-03 17:00:00 +01:00
3233,NL,STA-NL00016,PM10,7.2,µg/m3,2015-03-04 00:00:00 +01:00
3234,NL,STA-NL00016,PM10,16.8,µg/m3,2015-02-06 18:00:00 +01:00
3235,NL,STA-NL00016,PM10,16.6,µg/m3,2015-02-06 10:00:00 +01:00
3236,NL,STA-NL00016,PM10,8.1,µg/m3,2015-03-03 06:00:00 +01:00
3237,NL,STA-NL00016,PM10,15.9,µg/m3,2015-02-06 14:00:00 +01:00
3238,NL,STA-NL00016,PM10,9.1,µg/m3,2015-02-05 14:00:00 +01:00
3239,NL,STA-NL00016,PM10,17.6,µg/m3,2015-03-02 23:00:00 +01:00
3240,NL,STA-NL00016,PM10,25.9,µg/m3,2015-02-07 22:00:00 +01:00
3241,NL,STA-NL00016,PM10,19.1,µg/m3,2015-03-04 13:00:00 +01:00
3242,NL,STA-NL00016,PM10,7.2,µg/m3,2015-02-07 17:00:00 +01:00
3243,NL,STA-NL00016,PM10,15.6,µg/m3,2015-03-04 16:00:00 +01:00
3244,NL,STA-NL00016,PM10,28.5,µg/m3,2015-02-08 06:00:00 +01:00
3245,NL,STA-NL00016,PM10,11.9,µg/m3,2015-02-07 20:00:00 +01:00
3246,NL,STA-NL00016,PM10,29.8,µg/m3,2015-02-08 04:00:00 +01:00
3247,NL,STA-NL00016,PM10,22.8,µg/m3,2015-02-07 12:00:00 +01:00
3248,NL,STA-NL00016,PM10,13.6,µg/m3,2015-03-04 06:00:00 +01:00
3249,NL,STA-NL00016,PM10,8.4,µg/m3,2015-02-07 16:00:00 +01:00
3250,NL,STA-NL00016,PM10,37.8,µg/m3,2015-02-07 06:00:00 +01:00
3251,NL,STA-NL00016,PM10,17.5,µg/m3,2015-01-11 18:00:00 +01:00
3252,NL,STA-NL00016,PM10,16.9,µg/m3,2015-01-11 15:00:00 +01:00
3253,NL,STA-NL00016,PM10,17.8,µg/m3,2015-01-11 14:00:00 +01:00
3254,NL,STA-NL00016,PM10,9.6,µg/m3,2015-02-02 03:00:00 +01:00
3255,NL,STA-NL00016,PM10,3.7,µg/m3,2015-02-03 01:00:00 +01:00
3256,NL,STA-NL00016,PM10,0.3,µg/m3,2015-02-03 04:00:00 +01:00
3257,NL,STA-NL00016,PM10,3.4,µg/m3,2015-02-03 00:00:00 +01:00
3258,NL,STA-NL00016,PM10,9.7,µg/m3,2015-02-04 05:00:00 +01:00
3259,NL,STA-NL00016,PM10,10.7,µg/m3,2015-01-12 13:00:00 +01:00
3260,NL,STA-NL00016,PM10,12.7,µg/m3,2015-02-04 12:00:00 +01:00
3261,NL,STA-NL00016,PM10,12.9,µg/m3,2015-02-04 08:00:00 +01:00
3262,NL,STA-NL00016,PM10,14.9,µg/m3,2015-01-12 09:00:00 +01:00
3263,NL,STA-NL00016,PM10,10.0,µg/m3,2015-01-12 07:00:00 +01:00
3264,NL,STA-NL00016,PM10,9.4,µg/m3,2015-01-12 03:00:00 +01:00
3265,NL,STA-NL00016,PM10,17.2,µg/m3,2015-02-04 00:00:00 +01:00
3266,NL,STA-NL00016,PM10,13.8,µg/m3,2015-02-04 01:00:00 +01:00
3267,NL,STA-NL00016,PM10,21.4,µg/m3,2015-01-11 22:00:00 +01:00
3268,NL,STA-NL00016,PM10,16.4,µg/m3,2015-02-03 14:00:00 +01:00
3269,NL,STA-NL00016,PM10,13.2,µg/m3,2015-02-03 20:00:00 +01:00
3270,NL,STA-NL00016,PM10,7.8,µg/m3,2015-01-13 18:00:00 +01:00
3271,NL,STA-NL00016,PM10,10.2,µg/m3,2015-02-05 18:00:00 +01:00
3272,NL,STA-NL00016,PM10,7.5,µg/m3,2015-01-13 21:00:00 +01:00
3273,NL,STA-NL00016,PM10,8.4,µg/m3,2015-01-13 22:00:00 +01:00
3274,NL,STA-NL00016,PM10,-1.9,µg/m3,2015-01-13 10:00:00 +01:00
3275,NL,STA-NL00016,PM10,2.0,µg/m3,2015-01-13 03:00:00 +01:00
3276,NL,STA-NL00016,PM10,-1.0,µg/m3,2015-01-13 08:00:00 +01:00
3277,NL,STA-NL00016,PM10,7.3,µg/m3,2015-02-05 07:00:00 +01:00
3278,NL,STA-NL00016,PM10,2.1,µg/m3,2015-02-05 03:00:00 +01:00
3279,NL,STA-NL00016,PM10,4.1,µg/m3,2015-02-05 02:00:00 +01:00
3280,NL,STA-NL00016,PM10,19.1,µg/m3,2015-02-04 23:00:00 +01:00
3281,NL,STA-NL00016,PM10,7.0,µg/m3,2015-02-04 14:00:00 +01:00
3282,NL,STA-NL00016,PM10,4.5,µg/m3,2015-01-12 16:00:00 +01:00
3283,NL,STA-NL00016,PM10,10.7,µg/m3,2015-02-04 10:00:00 +01:00
3284,NL,STA-NL00016,PM10,2.3,µg/m3,2015-02-04 16:00:00 +01:00
3285,NL,STA-NL00016,PM10,3.6,µg/m3,2015-01-12 15:00:00 +01:00
3286,NL,STA-NL00016,PM10,21.8,µg/m3,2015-02-06 04:00:00 +01:00
3287,NL,STA-NL00016,PM10,23.2,µg/m3,2015-02-06 08:00:00 +01:00
3288,NL,STA-NL00016,PM10,20.1,µg/m3,2015-02-06 11:00:00 +01:00
3289,NL,STA-NL00016,PM10,4.8,µg/m3,2015-01-14 04:00:00 +01:00
3290,NL,STA-NL00016,PM10,35.1,µg/m3,2015-02-07 03:00:00 +01:00
3291,NL,STA-NL00016,PM10,1.4,µg/m3,2015-01-14 10:00:00 +01:00
3292,NL,STA-NL00016,PM10,2.1,µg/m3,2015-01-15 11:00:00 +01:00
3293,NL,STA-NL00016,PM10,29.9,µg/m3,2015-02-08 00:00:00 +01:00
3294,NL,STA-NL00016,PM10,3.0,µg/m3,2015-02-07 14:00:00 +01:00
3295,NL,STA-NL00016,PM10,33.9,µg/m3,2015-02-07 09:00:00 +01:00
3296,NL,STA-NL00016,PM10,42.2,µg/m3,2015-02-07 08:00:00 +01:00
3297,NL,STA-NL00016,PM10,6.7,µg/m3,2015-01-14 20:00:00 +01:00
3298,NL,STA-NL00016,PM10,9.8,µg/m3,2015-01-14 23:00:00 +01:00
3299,NL,STA-NL00016,PM10,23.3,µg/m3,2015-02-08 21:00:00 +01:00
3300,NL,STA-NL00016,PM10,26.7,µg/m3,2015-02-09 02:00:00 +01:00
3301,NL,STA-NL00016,PM10,13.5,µg/m3,2015-02-09 18:00:00 +01:00
3302,NL,STA-NL00016,PM10,13.1,µg/m3,2015-01-16 09:00:00 +01:00
3303,NL,STA-NL00016,PM10,25.0,µg/m3,2015-02-09 08:00:00 +01:00
3304,NL,STA-NL00016,PM10,1.2,µg/m3,2015-01-15 09:00:00 +01:00
3305,NL,STA-NL00016,PM10,23.6,µg/m3,2015-02-07 21:00:00 +01:00
3306,NL,STA-NL00016,PM10,16.7,µg/m3,2015-01-15 22:00:00 +01:00
3307,NL,STA-NL00016,PM10,34.4,µg/m3,2015-02-08 12:00:00 +01:00
3308,NL,STA-NL00016,PM10,14.2,µg/m3,2015-01-15 23:00:00 +01:00
3309,NL,STA-NL00016,PM10,35.8,µg/m3,2015-02-08 14:00:00 +01:00
3310,NL,STA-NL00016,PM10,9.5,µg/m3,2015-01-16 06:00:00 +01:00
3311,NL,STA-NL00016,PM10,33.6,µg/m3,2015-01-21 09:00:00 +01:00
3313,NL,STA-NL00016,PM10,40.4,µg/m3,2015-01-21 01:00:00 +01:00
3314,NL,STA-NL00016,PM10,43.8,µg/m3,2015-01-20 21:00:00 +01:00
3317,NL,STA-NL00016,PM10,40.2,µg/m3,2015-01-20 19:00:00 +01:00
3318,NL,STA-NL00016,PM10,56.4,µg/m3,2015-02-13 01:00:00 +01:00
3319,NL,STA-NL00016,PM10,16.3,µg/m3,2015-01-20 01:00:00 +01:00
3320,NL,STA-NL00016,PM10,15.9,µg/m3,2015-01-20 08:00:00 +01:00
3322,NL,STA-NL00016,PM10,28.8,µg/m3,2015-01-22 09:00:00 +01:00
3323,NL,STA-NL00016,PM10,34.6,µg/m3,2015-01-22 06:00:00 +01:00
3325,NL,STA-NL00016,PM10,41.3,µg/m3,2015-01-22 04:00:00 +01:00
3327,NL,STA-NL00016,PM10,29.7,µg/m3,2015-01-22 10:00:00 +01:00
3328,NL,STA-NL00016,PM10,32.5,µg/m3,2015-01-22 15:00:00 +01:00
3329,NL,STA-NL00016,PM10,27.0,µg/m3,2015-01-22 14:00:00 +01:00
3330,NL,STA-NL00016,PM10,24.5,µg/m3,2015-01-22 18:00:00 +01:00
3332,NL,STA-NL00016,PM10,39.9,µg/m3,2015-01-21 13:00:00 +01:00
3335,NL,STA-NL00016,PM10,5.5,µg/m3,2015-01-18 18:00:00 +01:00
3336,NL,STA-NL00016,PM10,39.0,µg/m3,2015-02-11 13:00:00 +01:00
3337,NL,STA-NL00016,PM10,11.0,µg/m3,2015-01-19 00:00:00 +01:00
3338,NL,STA-NL00016,PM10,4.6,µg/m3,2015-02-10 14:00:00 +01:00
3339,NL,STA-NL00016,PM10,18.2,µg/m3,2015-01-17 11:00:00 +01:00
3340,NL,STA-NL00016,PM10,5.1,µg/m3,2015-01-18 15:00:00 +01:00
3341,NL,STA-NL00016,PM10,47.2,µg/m3,2015-02-11 17:00:00 +01:00
3342,NL,STA-NL00016,PM10,47.1,µg/m3,2015-02-11 20:00:00 +01:00
3343,NL,STA-NL00016,PM10,46.6,µg/m3,2015-02-11 21:00:00 +01:00
3344,NL,STA-NL00016,PM10,41.0,µg/m3,2015-02-12 02:00:00 +01:00
3345,NL,STA-NL00016,PM10,44.6,µg/m3,2015-02-11 15:00:00 +01:00
3346,NL,STA-NL00016,PM10,47.1,µg/m3,2015-02-12 12:00:00 +01:00
3347,NL,STA-NL00016,PM10,11.7,µg/m3,2015-01-19 22:00:00 +01:00
3348,NL,STA-NL00016,PM10,10.2,µg/m3,2015-01-20 00:00:00 +01:00
3349,NL,STA-NL00016,PM10,41.7,µg/m3,2015-02-12 03:00:00 +01:00
3350,NL,STA-NL00016,PM10,36.4,µg/m3,2015-01-19 10:00:00 +01:00
3351,NL,STA-NL00016,PM10,8.5,µg/m3,2015-01-17 05:00:00 +01:00
3352,NL,STA-NL00016,PM10,14.0,µg/m3,2015-01-16 23:00:00 +01:00
3353,NL,STA-NL00016,PM10,14.7,µg/m3,2015-02-09 11:00:00 +01:00
3354,NL,STA-NL00016,PM10,16.9,µg/m3,2015-01-17 08:00:00 +01:00
3355,NL,STA-NL00016,PM10,9.8,µg/m3,2015-02-10 05:00:00 +01:00
3356,NL,STA-NL00016,PM10,33.7,µg/m3,2015-02-08 16:00:00 +01:00
3357,NL,STA-NL00016,PM10,9.4,µg/m3,2015-01-17 04:00:00 +01:00
3358,NL,STA-NL00016,PM10,13.1,µg/m3,2015-01-17 09:00:00 +01:00
3359,NL,STA-NL00016,PM10,3.0,µg/m3,2015-01-16 21:00:00 +01:00
3360,NL,STA-NL00016,PM10,15.7,µg/m3,2015-01-18 01:00:00 +01:00
3361,NL,STA-NL00016,PM10,9.4,µg/m3,2015-01-17 20:00:00 +01:00
3362,NL,STA-NL00016,PM10,6.5,µg/m3,2015-02-10 16:00:00 +01:00
3363,NL,STA-NL00016,PM10,9.6,µg/m3,2015-02-10 20:00:00 +01:00
3364,NL,STA-NL00016,PM10,9.0,µg/m3,2015-02-10 21:00:00 +01:00
3365,NL,STA-NL00016,PM10,16.0,µg/m3,2015-02-10 22:00:00 +01:00
3366,NL,STA-NL00016,PM10,21.4,µg/m3,2015-01-18 04:00:00 +01:00
3367,NL,STA-NL00016,PM10,7.6,µg/m3,2015-02-11 01:00:00 +01:00
3368,NL,STA-NL00016,PM10,11.2,µg/m3,2015-02-09 16:00:00 +01:00
3369,NL,STA-NL00016,PM10,13.8,µg/m3,2015-02-10 02:00:00 +01:00
3370,NL,STA-NL00016,PM10,13.5,µg/m3,2015-01-17 22:00:00 +01:00
3371,NL,STA-NL00016,PM10,50.0,µg/m3,2015-01-24 05:00:00 +01:00
3372,NL,STA-NL00016,PM10,65.4,µg/m3,2015-02-16 22:00:00 +01:00
3373,NL,STA-NL00016,PM10,25.9,µg/m3,2015-01-23 13:00:00 +01:00
3374,NL,STA-NL00016,PM10,52.9,µg/m3,2015-01-23 21:00:00 +01:00
3375,NL,STA-NL00016,PM10,91.2,µg/m3,2015-02-16 18:00:00 +01:00
3376,NL,STA-NL00016,PM10,68.9,µg/m3,2015-02-17 00:00:00 +01:00
3377,NL,STA-NL00016,PM10,102.2,µg/m3,2015-02-16 12:00:00 +01:00
3378,NL,STA-NL00016,PM10,69.5,µg/m3,2015-02-16 04:00:00 +01:00
3379,NL,STA-NL00016,PM10,26.0,µg/m3,2015-01-22 23:00:00 +01:00
3380,NL,STA-NL00016,PM10,29.6,µg/m3,2015-01-25 11:00:00 +01:00
3381,NL,STA-NL00016,PM10,40.0,µg/m3,2015-02-19 06:00:00 +01:00
3382,NL,STA-NL00016,PM10,32.5,µg/m3,2015-02-19 03:00:00 +01:00
3383,NL,STA-NL00016,PM10,22.9,µg/m3,2015-01-25 05:00:00 +01:00
3384,NL,STA-NL00016,PM10,12.7,µg/m3,2015-01-24 13:00:00 +01:00
3385,NL,STA-NL00016,PM10,22.8,µg/m3,2015-02-18 09:00:00 +01:00
3386,NL,STA-NL00016,PM10,25.6,µg/m3,2015-01-25 09:00:00 +01:00
3387,NL,STA-NL00016,PM10,48.8,µg/m3,2015-02-18 22:00:00 +01:00
3388,NL,STA-NL00016,PM10,21.0,µg/m3,2015-01-24 09:00:00 +01:00
3389,NL,STA-NL00016,PM10,21.5,µg/m3,2015-02-17 21:00:00 +01:00
3390,NL,STA-NL00016,PM10,13.4,µg/m3,2015-02-18 05:00:00 +01:00
3391,NL,STA-NL00016,PM10,24.8,µg/m3,2015-02-18 12:00:00 +01:00
3392,NL,STA-NL00016,PM10,19.2,µg/m3,2015-02-17 23:00:00 +01:00
3393,NL,STA-NL00016,PM10,23.0,µg/m3,2015-02-18 18:00:00 +01:00
3394,NL,STA-NL00016,PM10,17.7,µg/m3,2015-01-24 20:00:00 +01:00
3395,NL,STA-NL00016,PM10,19.0,µg/m3,2015-02-18 07:00:00 +01:00
3396,NL,STA-NL00016,PM10,23.8,µg/m3,2015-02-20 02:00:00 +01:00
3397,NL,STA-NL00016,PM10,20.4,µg/m3,2015-01-25 19:00:00 +01:00
3398,NL,STA-NL00016,PM10,37.3,µg/m3,2015-02-19 18:00:00 +01:00
3399,NL,STA-NL00016,PM10,41.4,µg/m3,2015-02-19 10:00:00 +01:00
3400,NL,STA-NL00016,PM10,8.6,µg/m3,2015-02-20 15:00:00 +01:00
3401,NL,STA-NL00016,PM10,13.8,µg/m3,2015-02-20 14:00:00 +01:00
3402,NL,STA-NL00016,PM10,4.6,µg/m3,2015-02-20 20:00:00 +01:00
3403,NL,STA-NL00016,PM10,19.2,µg/m3,2015-02-20 08:00:00 +01:00
3404,NL,STA-NL00016,PM10,5.2,µg/m3,2015-02-20 22:00:00 +01:00
3405,NL,STA-NL00016,PM10,12.4,µg/m3,2015-01-27 00:00:00 +01:00
3406,NL,STA-NL00016,PM10,16.8,µg/m3,2015-01-26 20:00:00 +01:00
3407,NL,STA-NL00016,PM10,19.3,µg/m3,2015-01-27 02:00:00 +01:00
3408,NL,STA-NL00016,PM10,11.6,µg/m3,2015-02-21 06:00:00 +01:00
3409,NL,STA-NL00016,PM10,6.6,µg/m3,2015-02-21 03:00:00 +01:00
3410,NL,STA-NL00016,PM10,1.5,µg/m3,2015-02-21 01:00:00 +01:00
3411,NL,STA-NL00016,PM10,22.9,µg/m3,2015-02-22 10:00:00 +01:00
3412,NL,STA-NL00016,PM10,12.1,µg/m3,2015-02-22 22:00:00 +01:00
3413,NL,STA-NL00016,PM10,3.5,µg/m3,2015-01-28 13:00:00 +01:00
3414,NL,STA-NL00016,PM10,11.1,µg/m3,2015-02-22 07:00:00 +01:00
3415,NL,STA-NL00016,PM10,4.6,µg/m3,2015-02-21 16:00:00 +01:00
3416,NL,STA-NL00016,PM10,8.5,µg/m3,2015-02-21 13:00:00 +01:00
3417,NL,STA-NL00016,PM10,13.9,µg/m3,2015-01-27 21:00:00 +01:00
3418,NL,STA-NL00016,PM10,6.0,µg/m3,2015-02-21 19:00:00 +01:00
3419,NL,STA-NL00016,PM10,5.8,µg/m3,2015-02-22 03:00:00 +01:00
3420,NL,STA-NL00016,PM10,12.7,µg/m3,2015-02-22 06:00:00 +01:00
3421,NL,STA-NL00016,PM10,6.3,µg/m3,2015-02-21 12:00:00 +01:00
3422,NL,STA-NL00016,PM10,2.1,µg/m3,2015-02-21 17:00:00 +01:00
3423,NL,STA-NL00016,PM10,18.5,µg/m3,2015-01-27 23:00:00 +01:00
3424,NL,STA-NL00016,PM10,8.3,µg/m3,2015-02-02 20:00:00 +01:00
3425,NL,STA-NL00016,PM10,1.8,µg/m3,2015-02-03 02:00:00 +01:00
3426,NL,STA-NL00016,PM10,11.8,µg/m3,2015-02-27 18:00:00 +01:00
3427,NL,STA-NL00016,PM10,6.5,µg/m3,2015-02-02 11:00:00 +01:00
3428,NL,STA-NL00016,PM10,19.5,µg/m3,2015-02-27 00:00:00 +01:00
3429,NL,STA-NL00016,PM10,2.5,µg/m3,2015-02-02 07:00:00 +01:00
3430,NL,STA-NL00016,PM10,18.2,µg/m3,2015-02-27 11:00:00 +01:00
3431,NL,STA-NL00016,PM10,11.9,µg/m3,2015-02-01 18:00:00 +01:00
3432,NL,STA-NL00016,PM10,5.1,µg/m3,2015-02-02 05:00:00 +01:00
3433,NL,STA-NL00016,PM10,8.4,µg/m3,2015-02-02 04:00:00 +01:00
3434,NL,STA-NL00016,PM10,8.3,µg/m3,2015-02-02 02:00:00 +01:00
3435,NL,STA-NL00016,PM10,9.3,µg/m3,2015-02-01 13:00:00 +01:00
3436,NL,STA-NL00016,PM10,9.4,µg/m3,2015-02-01 03:00:00 +01:00
3437,NL,STA-NL00016,PM10,10.2,µg/m3,2015-02-26 23:00:00 +01:00
3438,NL,STA-NL00016,PM10,21.2,µg/m3,2015-02-27 04:00:00 +01:00
3439,NL,STA-NL00016,PM10,26.1,µg/m3,2015-02-26 04:00:00 +01:00
3440,NL,STA-NL00016,PM10,8.9,µg/m3,2015-02-26 16:00:00 +01:00
3441,NL,STA-NL00016,PM10,6.4,µg/m3,2015-02-01 22:00:00 +01:00
3442,NL,STA-NL00016,PM10,3.4,µg/m3,2015-02-01 16:00:00 +01:00
3443,NL,STA-NL00016,PM10,18.2,µg/m3,2015-03-01 09:00:00 +01:00
3444,NL,STA-NL00016,PM10,20.9,µg/m3,2015-02-04 06:00:00 +01:00
3445,NL,STA-NL00016,PM10,13.5,µg/m3,2015-02-04 04:00:00 +01:00
3446,NL,STA-NL00016,PM10,11.5,µg/m3,2015-02-03 16:00:00 +01:00
3447,NL,STA-NL00016,PM10,9.4,µg/m3,2015-02-28 21:00:00 +01:00
3448,NL,STA-NL00016,PM10,16.2,µg/m3,2015-02-03 22:00:00 +01:00
3450,NL,STA-NL00016,PM10,13.7,µg/m3,2015-02-03 23:00:00 +01:00
3451,NL,STA-NL00016,PM10,14.3,µg/m3,2015-02-02 16:00:00 +01:00
3452,NL,STA-NL00016,PM10,13.2,µg/m3,2015-02-02 17:00:00 +01:00
3453,NL,STA-NL00016,PM10,10.8,µg/m3,2015-02-28 23:00:00 +01:00
3454,NL,STA-NL00016,PM10,8.1,µg/m3,2015-02-28 19:00:00 +01:00
3455,NL,STA-NL00016,PM10,7.0,µg/m3,2015-02-03 06:00:00 +01:00
3457,NL,STA-NL00016,PM10,13.5,µg/m3,2015-02-03 07:00:00 +01:00
3459,NL,STA-NL00016,PM10,15.4,µg/m3,2015-02-22 19:00:00 +01:00
3462,NL,STA-NL00016,PM10,7.9,µg/m3,2015-01-29 07:00:00 +01:00
3463,NL,STA-NL00016,PM10,8.3,µg/m3,2015-01-28 23:00:00 +01:00
3464,NL,STA-NL00016,PM10,6.4,µg/m3,2015-01-29 11:00:00 +01:00
3467,NL,STA-NL00016,PM10,5.9,µg/m3,2015-01-29 15:00:00 +01:00
3468,NL,STA-NL00016,PM10,5.3,µg/m3,2015-01-29 19:00:00 +01:00
3470,NL,STA-NL00016,PM10,4.0,µg/m3,2015-01-30 01:00:00 +01:00
3472,NL,STA-NL00016,PM10,17.8,µg/m3,2015-02-24 16:00:00 +01:00
3473,NL,STA-NL00016,PM10,4.7,µg/m3,2015-01-30 14:00:00 +01:00
3475,NL,STA-NL00016,PM10,7.9,µg/m3,2015-01-30 07:00:00 +01:00
3478,NL,STA-NL00016,PM10,31.6,µg/m3,2015-02-26 10:00:00 +01:00
3479,NL,STA-NL00016,PM10,8.7,µg/m3,2015-02-01 08:00:00 +01:00
3480,NL,STA-NL00016,PM10,6.4,µg/m3,2015-02-01 05:00:00 +01:00
3481,NL,STA-NL00016,PM10,20.4,µg/m3,2015-02-25 21:00:00 +01:00
3482,NL,STA-NL00016,PM10,14.0,µg/m3,2015-02-25 17:00:00 +01:00
3483,NL,STA-NL00016,PM10,16.7,µg/m3,2015-01-31 08:00:00 +01:00
3484,NL,STA-NL00016,PM10,4.0,µg/m3,2015-01-31 16:00:00 +01:00
3485,NL,STA-NL00016,PM10,23.8,µg/m3,2015-02-25 20:00:00 +01:00
3486,NL,STA-NL00016,PM10,16.0,µg/m3,2015-01-30 12:00:00 +01:00
3487,NL,STA-NL00016,PM10,14.3,µg/m3,2015-01-30 11:00:00 +01:00
3488,NL,STA-NL00016,PM10,5.0,µg/m3,2015-01-30 15:00:00 +01:00
3490,NL,STA-NL00016,PM10,3.1,µg/m3,2015-02-24 22:00:00 +01:00
3491,NL,STA-NL00016,PM10,17.7,µg/m3,2015-02-25 06:00:00 +01:00
3492,NL,STA-NL00016,PM10,13.7,µg/m3,2015-02-25 00:00:00 +01:00
3493,NL,STA-NL00016,PM10,9.4,µg/m3,2015-01-31 05:00:00 +01:00
3494,NL,STA-NL00016,PM10,28.1,µg/m3,2015-02-25 10:00:00 +01:00
3495,NL,STA-NL00016,PM10,10.7,µg/m3,2015-02-25 01:00:00 +01:00
3496,NL,STA-NL00016,PM10,14.1,µg/m3,2015-01-31 03:00:00 +01:00
3497,NL,STA-NL00016,PM10,21.9,µg/m3,2015-03-29 05:00:00 +01:00
3498,NL,STA-NL00016,PM10,13.6,µg/m3,2015-03-06 16:00:00 +01:00
3499,NL,STA-NL00016,PM10,3.1,µg/m3,2015-03-28 22:00:00 +01:00
3500,NL,STA-NL00016,PM10,14.2,µg/m3,2015-03-06 08:00:00 +01:00
3501,NL,STA-NL00016,PM10,25.4,µg/m3,2015-03-28 01:00:00 +01:00
3502,NL,STA-NL00016,PM10,23.0,µg/m3,2015-03-28 10:00:00 +01:00
3503,NL,STA-NL00016,PM10,8.4,µg/m3,2015-03-06 14:00:00 +01:00
3504,NL,STA-NL00016,PM10,16.4,µg/m3,2015-03-28 11:00:00 +01:00
3505,NL,STA-NL00016,PM10,19.2,µg/m3,2015-03-27 20:00:00 +01:00
3506,NL,STA-NL00016,PM10,8.8,µg/m3,2015-02-26 22:00:00 +01:00
3507,NL,STA-NL00016,PM10,19.2,µg/m3,2015-02-27 07:00:00 +01:00
3508,NL,STA-NL00016,PM10,36.1,µg/m3,2015-03-20 03:00:00 +01:00
3509,NL,STA-NL00016,PM10,19.1,µg/m3,2015-02-27 06:00:00 +01:00
3510,NL,STA-NL00016,PM10,33.0,µg/m3,2015-03-20 17:00:00 +01:00
3511,NL,STA-NL00016,PM10,22.6,µg/m3,2015-03-20 21:00:00 +01:00
3512,NL,STA-NL00016,PM10,7.5,µg/m3,2015-03-21 05:00:00 +01:00
3513,NL,STA-NL00016,PM10,10.0,µg/m3,2015-02-28 18:00:00 +01:00
3514,NL,STA-NL00016,PM10,22.6,µg/m3,2015-02-28 11:00:00 +01:00
3515,NL,STA-NL00016,PM10,28.0,µg/m3,2015-03-21 03:00:00 +01:00
3516,NL,STA-NL00016,PM10,1.8,µg/m3,2015-03-21 13:00:00 +01:00
3517,NL,STA-NL00016,PM10,7.4,µg/m3,2015-02-28 20:00:00 +01:00
3518,NL,STA-NL00016,PM10,1.3,µg/m3,2015-03-21 16:00:00 +01:00
3519,NL,STA-NL00016,PM10,1.6,µg/m3,2015-03-21 15:00:00 +01:00
3520,NL,STA-NL00016,PM10,8.3,µg/m3,2015-03-01 03:00:00 +01:00
3521,NL,STA-NL00016,PM10,11.1,µg/m3,2015-02-28 22:00:00 +01:00
3522,NL,STA-NL00016,PM10,11.5,µg/m3,2015-03-01 14:00:00 +01:00
3523,NL,STA-NL00016,PM10,17.8,µg/m3,2015-03-01 12:00:00 +01:00
3524,NL,STA-NL00016,PM10,10.7,µg/m3,2015-03-22 00:00:00 +01:00
3525,NL,STA-NL00016,PM10,19.8,µg/m3,2015-03-01 18:00:00 +01:00
3526,NL,STA-NL00016,PM10,20.7,µg/m3,2015-03-01 20:00:00 +01:00
3527,NL,STA-NL00016,PM10,21.7,µg/m3,2015-06-17 17:00:00 +01:00
3528,NL,STA-NL00016,PM10,7.8,µg/m3,2015-06-17 21:00:00 +01:00
3529,NL,STA-NL00016,PM10,17.8,µg/m3,2015-06-17 15:00:00 +01:00
3530,NL,STA-NL00016,PM10,15.9,µg/m3,2015-06-18 13:00:00 +01:00
3531,NL,STA-NL00016,PM10,16.4,µg/m3,2015-06-18 08:00:00 +01:00
3532,NL,STA-NL00016,PM10,16.1,µg/m3,2015-06-18 05:00:00 +01:00
3533,NL,STA-NL00016,PM10,16.8,µg/m3,2015-06-17 22:00:00 +01:00
3534,NL,STA-NL00016,PM10,15.1,µg/m3,2015-06-19 05:00:00 +01:00
3535,NL,STA-NL00016,PM10,14.1,µg/m3,2015-06-19 01:00:00 +01:00
3536,NL,STA-NL00016,PM10,14.3,µg/m3,2015-06-19 04:00:00 +01:00
3537,NL,STA-NL00016,PM10,13.8,µg/m3,2015-06-18 21:00:00 +01:00
3538,NL,STA-NL00016,PM10,24.7,µg/m3,2015-06-18 02:00:00 +01:00
3539,NL,STA-NL00016,PM10,16.6,µg/m3,2015-06-18 17:00:00 +01:00
3540,NL,STA-NL00016,PM10,8.6,µg/m3,2015-06-19 16:00:00 +01:00
3541,NL,STA-NL00016,PM10,10.4,µg/m3,2015-06-20 10:00:00 +01:00
3542,NL,STA-NL00016,PM10,8.7,µg/m3,2015-06-20 09:00:00 +01:00
3543,NL,STA-NL00016,PM10,13.3,µg/m3,2015-06-20 05:00:00 +01:00
3544,NL,STA-NL00016,PM10,10.8,µg/m3,2015-06-20 06:00:00 +01:00
3545,NL,STA-NL00016,PM10,15.9,µg/m3,2015-06-19 12:00:00 +01:00
3546,NL,STA-NL00016,PM10,9.6,µg/m3,2015-06-19 14:00:00 +01:00
3547,NL,STA-NL00016,PM10,2.8,µg/m3,2015-06-20 18:00:00 +01:00
3548,NL,STA-NL00016,PM10,10.6,µg/m3,2015-06-21 02:00:00 +01:00
3549,NL,STA-NL00016,PM10,19.3,µg/m3,2015-06-13 11:00:00 +01:00
3550,NL,STA-NL00016,PM10,25.1,µg/m3,2015-06-13 00:00:00 +01:00
3551,NL,STA-NL00016,PM10,24.0,µg/m3,2015-06-13 06:00:00 +01:00
3552,NL,STA-NL00016,PM10,22.6,µg/m3,2015-06-14 12:00:00 +01:00
3553,NL,STA-NL00016,PM10,28.5,µg/m3,2015-06-14 16:00:00 +01:00
3554,NL,STA-NL00016,PM10,7.6,µg/m3,2015-06-15 04:00:00 +01:00
3555,NL,STA-NL00016,PM10,7.4,µg/m3,2015-06-15 00:00:00 +01:00
3556,NL,STA-NL00016,PM10,22.2,µg/m3,2015-06-14 08:00:00 +01:00
3557,NL,STA-NL00016,PM10,43.5,µg/m3,2015-06-13 23:00:00 +01:00
3558,NL,STA-NL00016,PM10,9.3,µg/m3,2015-06-15 12:00:00 +01:00
3559,NL,STA-NL00016,PM10,8.2,µg/m3,2015-06-15 03:00:00 +01:00
3560,NL,STA-NL00016,PM10,8.8,µg/m3,2015-06-15 11:00:00 +01:00
3561,NL,STA-NL00016,PM10,23.5,µg/m3,2015-06-14 20:00:00 +01:00
3562,NL,STA-NL00016,PM10,9.9,µg/m3,2015-06-15 19:00:00 +01:00
3563,NL,STA-NL00016,PM10,30.5,µg/m3,2015-06-15 23:00:00 +01:00
3564,NL,STA-NL00016,PM10,38.2,µg/m3,2015-06-16 01:00:00 +01:00
3565,NL,STA-NL00016,PM10,5.1,µg/m3,2015-06-16 17:00:00 +01:00
3566,NL,STA-NL00016,PM10,7.7,µg/m3,2015-06-15 17:00:00 +01:00
3567,NL,STA-NL00016,PM10,5.9,µg/m3,2015-06-16 09:00:00 +01:00
3568,NL,STA-NL00016,PM10,24.1,µg/m3,2015-06-16 05:00:00 +01:00
3569,NL,STA-NL00016,PM10,16.3,µg/m3,2015-06-17 01:00:00 +01:00
3570,NL,STA-NL00016,PM10,19.3,µg/m3,2015-06-17 04:00:00 +01:00
3571,NL,STA-NL00016,PM10,26.7,µg/m3,2015-06-16 07:00:00 +01:00
3572,NL,STA-NL00016,PM10,38.5,µg/m3,2015-06-17 12:00:00 +01:00
3573,NL,STA-NL00016,PM10,10.9,µg/m3,2015-06-17 03:00:00 +01:00
3574,NL,STA-NL00016,PM10,7.2,µg/m3,2015-06-16 21:00:00 +01:00
3575,NL,STA-NL00016,PM10,37.1,µg/m3,2015-06-16 23:00:00 +01:00
3576,NL,STA-NL00016,PM10,13.5,µg/m3,2015-06-22 06:00:00 +01:00
3577,NL,STA-NL00016,PM10,18.7,µg/m3,2015-06-21 10:00:00 +01:00
3578,NL,STA-NL00016,PM10,24.3,µg/m3,2015-06-21 13:00:00 +01:00
3579,NL,STA-NL00016,PM10,18.3,µg/m3,2015-06-21 14:00:00 +01:00
3580,NL,STA-NL00016,PM10,5.4,µg/m3,2015-06-22 02:00:00 +01:00
3581,NL,STA-NL00016,PM10,6.1,µg/m3,2015-06-22 09:00:00 +01:00
3582,NL,STA-NL00016,PM10,14.6,µg/m3,2015-06-22 13:00:00 +01:00
3583,NL,STA-NL00016,PM10,-1.1,µg/m3,2015-06-22 21:00:00 +01:00
3584,NL,STA-NL00016,PM10,10.0,µg/m3,2015-06-23 01:00:00 +01:00
3585,NL,STA-NL00016,PM10,13.3,µg/m3,2015-06-23 05:00:00 +01:00
3587,NL,STA-NL00016,PM10,15.2,µg/m3,2015-06-25 09:00:00 +01:00
3588,NL,STA-NL00016,PM10,17.4,µg/m3,2015-06-25 13:00:00 +01:00
3590,NL,STA-NL00016,PM10,16.5,µg/m3,2015-06-24 10:00:00 +01:00
3591,NL,STA-NL00016,PM10,13.6,µg/m3,2015-06-24 05:00:00 +01:00
3592,NL,STA-NL00016,PM10,18.1,µg/m3,2015-06-24 13:00:00 +01:00
3593,NL,STA-NL00016,PM10,23.3,µg/m3,2015-06-23 21:00:00 +01:00
3594,NL,STA-NL00016,PM10,15.3,µg/m3,2015-06-24 01:00:00 +01:00
3595,NL,STA-NL00016,PM10,25.1,µg/m3,2015-06-23 17:00:00 +01:00
3596,NL,STA-NL00016,PM10,10.6,µg/m3,2015-06-27 08:00:00 +01:00
3597,NL,STA-NL00016,PM10,10.2,µg/m3,2015-06-26 20:00:00 +01:00
3598,NL,STA-NL00016,PM10,18.7,µg/m3,2015-06-27 07:00:00 +01:00
3599,NL,STA-NL00016,PM10,18.0,µg/m3,2015-06-27 12:00:00 +01:00
3600,NL,STA-NL00016,PM10,14.4,µg/m3,2015-06-26 18:00:00 +01:00
3601,NL,STA-NL00016,PM10,24.4,µg/m3,2015-06-27 04:00:00 +01:00
3602,NL,STA-NL00016,PM10,12.6,µg/m3,2015-06-26 23:00:00 +01:00
3603,NL,STA-NL00016,PM10,26.4,µg/m3,2015-06-26 06:00:00 +01:00
3604,NL,STA-NL00016,PM10,36.7,µg/m3,2015-06-26 09:00:00 +01:00
3605,NL,STA-NL00016,PM10,22.0,µg/m3,2015-06-26 11:00:00 +01:00
3606,NL,STA-NL00016,PM10,4.3,µg/m3,2015-06-26 13:00:00 +01:00
3607,NL,STA-NL00016,PM10,8.9,µg/m3,2015-06-26 01:00:00 +01:00
3608,NL,STA-NL00016,PM10,9.3,µg/m3,2015-06-26 03:00:00 +01:00
3609,NL,STA-NL00016,PM10,12.3,µg/m3,2015-06-25 17:00:00 +01:00
3610,NL,STA-NL00016,PM10,15.6,µg/m3,2015-06-25 19:00:00 +01:00
3611,NL,STA-NL00016,PM10,16.2,µg/m3,2015-06-25 21:00:00 +01:00
3612,NL,STA-NL00016,PM10,15.2,µg/m3,2015-06-28 16:00:00 +01:00
3613,NL,STA-NL00016,PM10,24.2,µg/m3,2015-06-28 08:00:00 +01:00
3614,NL,STA-NL00016,PM10,22.8,µg/m3,2015-06-28 12:00:00 +01:00
3615,NL,STA-NL00016,PM10,11.4,µg/m3,2015-06-28 19:00:00 +01:00
3616,NL,STA-NL00016,PM10,26.2,µg/m3,2015-06-28 11:00:00 +01:00
3617,NL,STA-NL00016,PM10,19.8,µg/m3,2015-06-28 15:00:00 +01:00
3618,NL,STA-NL00016,PM10,28.0,µg/m3,2015-06-28 04:00:00 +01:00
3619,NL,STA-NL00016,PM10,15.1,µg/m3,2015-06-27 19:00:00 +01:00
3620,NL,STA-NL00016,PM10,23.3,µg/m3,2015-06-28 03:00:00 +01:00
3621,NL,STA-NL00016,PM10,21.1,µg/m3,2015-06-27 23:00:00 +01:00
3622,NL,STA-NL00016,PM10,28.4,µg/m3,2015-06-28 00:00:00 +01:00
3623,NL,STA-NL00016,PM10,19.9,µg/m3,2015-07-07 09:00:00 +01:00
3624,NL,STA-NL00016,PM10,12.1,µg/m3,2015-07-08 05:00:00 +01:00
3625,NL,STA-NL00016,PM10,19.8,µg/m3,2015-07-07 22:00:00 +01:00
3626,NL,STA-NL00016,PM10,19.2,µg/m3,2015-07-09 05:00:00 +01:00
3627,NL,STA-NL00016,PM10,14.8,µg/m3,2015-07-09 13:00:00 +01:00
3628,NL,STA-NL00016,PM10,19.1,µg/m3,2015-07-09 01:00:00 +01:00
3629,NL,STA-NL00016,PM10,8.5,µg/m3,2015-07-08 21:00:00 +01:00
3630,NL,STA-NL00016,PM10,5.0,µg/m3,2015-07-08 13:00:00 +01:00
3631,NL,STA-NL00016,PM10,7.1,µg/m3,2015-07-08 09:00:00 +01:00
3632,NL,STA-NL00016,PM10,4.5,µg/m3,2015-07-08 17:00:00 +01:00
3633,NL,STA-NL00016,PM10,23.3,µg/m3,2015-07-11 02:00:00 +01:00
3634,NL,STA-NL00016,PM10,24.3,µg/m3,2015-07-10 22:00:00 +01:00
3635,NL,STA-NL00016,PM10,17.8,µg/m3,2015-07-10 21:00:00 +01:00
3636,NL,STA-NL00016,PM10,24.1,µg/m3,2015-07-11 01:00:00 +01:00
3637,NL,STA-NL00016,PM10,21.9,µg/m3,2015-07-11 10:00:00 +01:00
3638,NL,STA-NL00016,PM10,26.3,µg/m3,2015-07-11 06:00:00 +01:00
3639,NL,STA-NL00016,PM10,25.2,µg/m3,2015-07-11 13:00:00 +01:00
3640,NL,STA-NL00016,PM10,31.4,µg/m3,2015-07-11 17:00:00 +01:00
3641,NL,STA-NL00016,PM10,26.1,µg/m3,2015-07-11 22:00:00 +01:00
3642,NL,STA-NL00016,PM10,27.1,µg/m3,2015-07-11 23:00:00 +01:00
3643,NL,STA-NL00016,PM10,14.0,µg/m3,2015-07-09 10:00:00 +01:00
3644,NL,STA-NL00016,PM10,18.6,µg/m3,2015-07-10 05:00:00 +01:00
3645,NL,STA-NL00016,PM10,15.0,µg/m3,2015-07-09 09:00:00 +01:00
3646,NL,STA-NL00016,PM10,14.5,µg/m3,2015-07-10 14:00:00 +01:00
3647,NL,STA-NL00016,PM10,23.2,µg/m3,2015-07-10 17:00:00 +01:00
3648,NL,STA-NL00016,PM10,14.9,µg/m3,2015-07-12 10:00:00 +01:00
3649,NL,STA-NL00016,PM10,19.1,µg/m3,2015-07-12 12:00:00 +01:00
3650,NL,STA-NL00016,PM10,25.7,µg/m3,2015-07-11 18:00:00 +01:00
3651,NL,STA-NL00016,PM10,26.2,µg/m3,2015-07-12 02:00:00 +01:00
3652,NL,STA-NL00016,PM10,16.7,µg/m3,2015-07-12 06:00:00 +01:00
3653,NL,STA-NL00016,PM10,13.8,µg/m3,2015-07-12 11:00:00 +01:00
3654,NL,STA-NL00016,PM10,18.7,µg/m3,2015-07-12 18:00:00 +01:00
3655,NL,STA-NL00016,PM10,15.2,µg/m3,2015-07-12 14:00:00 +01:00
3656,NL,STA-NL00016,PM10,10.4,µg/m3,2015-07-12 19:00:00 +01:00
3657,NL,STA-NL00016,PM10,11.5,µg/m3,2015-07-12 22:00:00 +01:00
3658,NL,STA-NL00016,PM10,10.7,µg/m3,2015-07-12 20:00:00 +01:00
3659,NL,STA-NL00016,PM10,14.2,µg/m3,2015-07-12 23:00:00 +01:00
3660,NL,STA-NL00016,PM10,12.4,µg/m3,2015-07-12 16:00:00 +01:00
3661,NL,STA-NL00016,PM10,22.6,µg/m3,2015-07-13 04:00:00 +01:00
3662,NL,STA-NL00016,PM10,24.4,µg/m3,2015-07-13 03:00:00 +01:00
3663,NL,STA-NL00016,PM10,19.8,µg/m3,2015-07-13 00:00:00 +01:00
3664,NL,STA-NL00016,PM10,18.3,µg/m3,2015-07-12 15:00:00 +01:00
3665,NL,STA-NL00016,PM10,21.6,µg/m3,2015-07-13 06:00:00 +01:00
3666,NL,STA-NL00016,PM10,22.1,µg/m3,2015-07-13 02:00:00 +01:00
3667,NL,STA-NL00016,PM10,12.9,µg/m3,2015-07-13 15:00:00 +01:00
3668,NL,STA-NL00016,PM10,15.6,µg/m3,2015-07-13 07:00:00 +01:00
3669,NL,STA-NL00016,PM10,5.5,µg/m3,2015-07-13 08:00:00 +01:00
3670,NL,STA-NL00016,PM10,14.3,µg/m3,2015-07-13 11:00:00 +01:00
3671,NL,STA-NL00016,PM10,2.5,µg/m3,2015-07-14 20:00:00 +01:00
3672,NL,STA-NL00016,PM10,6.2,µg/m3,2015-07-14 16:00:00 +01:00
3673,NL,STA-NL00016,PM10,5.6,µg/m3,2015-07-15 00:00:00 +01:00
3674,NL,STA-NL00016,PM10,1.6,µg/m3,2015-07-14 19:00:00 +01:00
3675,NL,STA-NL00016,PM10,2.2,µg/m3,2015-07-14 23:00:00 +01:00
3676,NL,STA-NL00016,PM10,30.0,µg/m3,2015-07-15 08:00:00 +01:00
3677,NL,STA-NL00016,PM10,20.5,µg/m3,2015-07-15 11:00:00 +01:00
3678,NL,STA-NL00016,PM10,19.8,µg/m3,2015-07-15 03:00:00 +01:00
3679,NL,STA-NL00016,PM10,27.9,µg/m3,2015-07-15 04:00:00 +01:00
3680,NL,STA-NL00016,PM10,20.0,µg/m3,2015-07-14 03:00:00 +01:00
3681,NL,STA-NL00016,PM10,22.5,µg/m3,2015-07-14 00:00:00 +01:00
3682,NL,STA-NL00016,PM10,0.4,µg/m3,2015-07-14 12:00:00 +01:00
3683,NL,STA-NL00016,PM10,12.7,µg/m3,2015-07-14 11:00:00 +01:00
3684,NL,STA-NL00016,PM10,6.2,µg/m3,2015-07-14 15:00:00 +01:00
3685,NL,STA-NL00016,PM10,10.7,µg/m3,2015-07-13 16:00:00 +01:00
3686,NL,STA-NL00016,PM10,9.2,µg/m3,2015-07-13 12:00:00 +01:00
3687,NL,STA-NL00016,PM10,0.4,µg/m3,2015-07-13 19:00:00 +01:00
3688,NL,STA-NL00016,PM10,15.4,µg/m3,2015-07-14 04:00:00 +01:00
3689,NL,STA-NL00016,PM10,4.5,µg/m3,2015-07-13 23:00:00 +01:00
3690,NL,STA-NL00016,PM10,14.0,µg/m3,2015-07-14 07:00:00 +01:00
3691,NL,STA-NL00016,PM10,14.5,µg/m3,2015-07-14 08:00:00 +01:00
3692,NL,STA-NL00016,PM10,21.9,µg/m3,2015-07-04 01:00:00 +01:00
3693,NL,STA-NL00016,PM10,20.9,µg/m3,2015-07-04 00:00:00 +01:00
3694,NL,STA-NL00016,PM10,40.2,µg/m3,2015-07-03 12:00:00 +01:00
3695,NL,STA-NL00016,PM10,13.2,µg/m3,2015-07-03 17:00:00 +01:00
3696,NL,STA-NL00016,PM10,12.7,µg/m3,2015-07-04 21:00:00 +01:00
3697,NL,STA-NL00016,PM10,15.5,µg/m3,2015-07-05 02:00:00 +01:00
3698,NL,STA-NL00016,PM10,23.6,µg/m3,2015-07-04 17:00:00 +01:00
3699,NL,STA-NL00016,PM10,37.6,µg/m3,2015-07-04 09:00:00 +01:00
3700,NL,STA-NL00016,PM10,34.0,µg/m3,2015-07-04 13:00:00 +01:00
3701,NL,STA-NL00016,PM10,14.5,µg/m3,2015-07-06 01:00:00 +01:00
3702,NL,STA-NL00016,PM10,7.6,µg/m3,2015-07-05 22:00:00 +01:00
3703,NL,STA-NL00016,PM10,12.7,µg/m3,2015-07-06 02:00:00 +01:00
3704,NL,STA-NL00016,PM10,13.8,µg/m3,2015-07-06 05:00:00 +01:00
3705,NL,STA-NL00016,PM10,3.0,µg/m3,2015-07-05 18:00:00 +01:00
3706,NL,STA-NL00016,PM10,14.7,µg/m3,2015-07-05 09:00:00 +01:00
3707,NL,STA-NL00016,PM10,11.8,µg/m3,2015-07-04 22:00:00 +01:00
3708,NL,STA-NL00016,PM10,7.7,µg/m3,2015-07-06 21:00:00 +01:00
3709,NL,STA-NL00016,PM10,15.5,µg/m3,2015-07-06 17:00:00 +01:00
3710,NL,STA-NL00016,PM10,9.7,µg/m3,2015-07-06 13:00:00 +01:00
3711,NL,STA-NL00016,PM10,13.0,µg/m3,2015-07-06 14:00:00 +01:00
3712,NL,STA-NL00016,PM10,17.0,µg/m3,2015-07-06 09:00:00 +01:00
3713,NL,STA-NL00016,PM10,25.7,µg/m3,2015-07-07 05:00:00 +01:00
3714,NL,STA-NL00016,PM10,31.8,µg/m3,2015-06-29 07:00:00 +01:00
3715,NL,STA-NL00016,PM10,17.9,µg/m3,2015-06-29 15:00:00 +01:00
3716,NL,STA-NL00016,PM10,1.3,µg/m3,2015-06-29 23:00:00 +01:00
3717,NL,STA-NL00016,PM10,8.7,µg/m3,2015-06-29 19:00:00 +01:00
3718,NL,STA-NL00016,PM10,10.2,µg/m3,2015-06-30 19:00:00 +01:00
3719,NL,STA-NL00016,PM10,14.3,µg/m3,2015-06-30 15:00:00 +01:00
3720,NL,STA-NL00016,PM10,24.4,µg/m3,2015-06-30 11:00:00 +01:00
3721,NL,STA-NL00016,PM10,12.9,µg/m3,2015-06-30 03:00:00 +01:00
3722,NL,STA-NL00016,PM10,16.8,µg/m3,2015-06-30 16:00:00 +01:00
3723,NL,STA-NL00016,PM10,37.4,µg/m3,2015-07-02 09:00:00 +01:00
3724,NL,STA-NL00016,PM10,24.8,µg/m3,2015-07-02 05:00:00 +01:00
3725,NL,STA-NL00016,PM10,43.0,µg/m3,2015-07-02 10:00:00 +01:00
3726,NL,STA-NL00016,PM10,33.3,µg/m3,2015-07-02 08:00:00 +01:00
3727,NL,STA-NL00016,PM10,35.3,µg/m3,2015-07-02 13:00:00 +01:00
3728,NL,STA-NL00016,PM10,45.5,µg/m3,2015-07-02 17:00:00 +01:00
3729,NL,STA-NL00016,PM10,23.8,µg/m3,2015-07-03 02:00:00 +01:00
3730,NL,STA-NL00016,PM10,24.3,µg/m3,2015-07-03 01:00:00 +01:00
3731,NL,STA-NL00016,PM10,21.3,µg/m3,2015-07-02 22:00:00 +01:00
3732,NL,STA-NL00016,PM10,26.1,µg/m3,2015-07-03 00:00:00 +01:00
3733,NL,STA-NL00016,PM10,20.3,µg/m3,2015-07-01 17:00:00 +01:00
3734,NL,STA-NL00016,PM10,15.7,µg/m3,2015-07-02 00:00:00 +01:00
3735,NL,STA-NL00016,PM10,15.2,µg/m3,2015-07-01 03:00:00 +01:00
3736,NL,STA-NL00016,PM10,10.5,µg/m3,2015-07-01 01:00:00 +01:00
3737,NL,STA-NL00016,PM10,20.3,µg/m3,2015-07-01 05:00:00 +01:00
3738,NL,STA-NL00016,PM10,39.3,µg/m3,2015-07-01 13:00:00 +01:00
3739,NL,STA-NL00016,PM10,6.0,µg/m3,2015-07-01 04:00:00 +01:00
3740,NL,STA-NL00016,PM10,4.5,µg/m3,2015-07-19 18:00:00 +01:00
3741,NL,STA-NL00016,PM10,15.7,µg/m3,2015-07-20 05:00:00 +01:00
3742,NL,STA-NL00016,PM10,2.9,µg/m3,2015-07-19 17:00:00 +01:00
3743,NL,STA-NL00016,PM10,31.0,µg/m3,2015-07-20 10:00:00 +01:00
3744,NL,STA-NL00016,PM10,22.3,µg/m3,2015-07-20 09:00:00 +01:00
3745,NL,STA-NL00016,PM10,17.0,µg/m3,2015-07-20 13:00:00 +01:00
3746,NL,STA-NL00016,PM10,9.1,µg/m3,2015-07-20 01:00:00 +01:00
3747,NL,STA-NL00016,PM10,15.0,µg/m3,2015-07-20 02:00:00 +01:00
3748,NL,STA-NL00016,PM10,17.8,µg/m3,2015-07-20 06:00:00 +01:00
3749,NL,STA-NL00016,PM10,12.6,µg/m3,2015-07-19 09:00:00 +01:00
3750,NL,STA-NL00016,PM10,12.1,µg/m3,2015-07-19 13:00:00 +01:00
3751,NL,STA-NL00016,PM10,10.1,µg/m3,2015-07-19 02:00:00 +01:00
3752,NL,STA-NL00016,PM10,7.0,µg/m3,2015-07-19 14:00:00 +01:00
3753,NL,STA-NL00016,PM10,22.6,µg/m3,2015-07-19 10:00:00 +01:00
3754,NL,STA-NL00016,PM10,9.0,µg/m3,2015-07-19 21:00:00 +01:00
3755,NL,STA-NL00016,PM10,9.3,µg/m3,2015-07-19 22:00:00 +01:00
3756,NL,STA-NL00016,PM10,2.7,µg/m3,2015-07-19 16:00:00 +01:00
3757,NL,STA-NL00016,PM10,5.1,µg/m3,2015-07-19 06:00:00 +01:00
3758,NL,STA-NL00016,PM10,8.8,µg/m3,2015-07-19 05:00:00 +01:00
3759,NL,STA-NL00016,PM10,6.8,µg/m3,2015-07-19 01:00:00 +01:00
3760,NL,STA-NL00016,PM10,4.7,µg/m3,2015-07-18 17:00:00 +01:00
3761,NL,STA-NL00016,PM10,9.4,µg/m3,2015-07-18 22:00:00 +01:00
3762,NL,STA-NL00016,PM10,4.4,µg/m3,2015-07-18 18:00:00 +01:00
3763,NL,STA-NL00016,PM10,1.2,µg/m3,2015-07-21 01:00:00 +01:00
3764,NL,STA-NL00016,PM10,5.2,µg/m3,2015-07-20 21:00:00 +01:00
3765,NL,STA-NL00016,PM10,7.3,µg/m3,2015-07-20 14:00:00 +01:00
3766,NL,STA-NL00016,PM10,6.7,µg/m3,2015-07-20 17:00:00 +01:00
3767,NL,STA-NL00016,PM10,13.7,µg/m3,2015-07-18 09:00:00 +01:00
3768,NL,STA-NL00016,PM10,14.8,µg/m3,2015-07-18 06:00:00 +01:00
3769,NL,STA-NL00016,PM10,22.4,µg/m3,2015-07-18 10:00:00 +01:00
3770,NL,STA-NL00016,PM10,43.8,µg/m3,2015-07-17 10:00:00 +01:00
3771,NL,STA-NL00016,PM10,6.5,µg/m3,2015-07-18 13:00:00 +01:00
3772,NL,STA-NL00016,PM10,6.9,µg/m3,2015-07-18 21:00:00 +01:00
3773,NL,STA-NL00016,PM10,10.1,µg/m3,2015-07-18 05:00:00 +01:00
3774,NL,STA-NL00016,PM10,4.8,µg/m3,2015-07-18 14:00:00 +01:00
3775,NL,STA-NL00016,PM10,22.6,µg/m3,2015-07-17 14:00:00 +01:00
3776,NL,STA-NL00016,PM10,50.6,µg/m3,2015-07-17 09:00:00 +01:00
3778,NL,STA-NL00016,PM10,60.4,µg/m3,2015-07-17 08:00:00 +01:00
3779,NL,STA-NL00016,PM10,9.8,µg/m3,2015-07-17 16:00:00 +01:00
3780,NL,STA-NL00016,PM10,20.5,µg/m3,2015-07-17 13:00:00 +01:00
3781,NL,STA-NL00016,PM10,12.5,µg/m3,2015-07-17 18:00:00 +01:00
3782,NL,STA-NL00016,PM10,11.2,µg/m3,2015-07-17 17:00:00 +01:00
3783,NL,STA-NL00016,PM10,30.2,µg/m3,2015-07-18 02:00:00 +01:00
3784,NL,STA-NL00016,PM10,9.5,µg/m3,2015-07-17 21:00:00 +01:00
3785,NL,STA-NL00016,PM10,21.3,µg/m3,2015-07-18 01:00:00 +01:00
3786,NL,STA-NL00016,PM10,3.2,µg/m3,2015-07-16 20:00:00 +01:00
3787,NL,STA-NL00016,PM10,7.3,µg/m3,2015-07-17 22:00:00 +01:00
3788,NL,STA-NL00016,PM10,8.0,µg/m3,2015-07-15 12:00:00 +01:00
3789,NL,STA-NL00016,PM10,38.7,µg/m3,2015-07-15 07:00:00 +01:00
3790,NL,STA-NL00016,PM10,1.2,µg/m3,2015-07-15 16:00:00 +01:00
3791,NL,STA-NL00016,PM10,0.7,µg/m3,2015-07-15 15:00:00 +01:00
3792,NL,STA-NL00016,PM10,5.7,µg/m3,2015-07-15 19:00:00 +01:00
3793,NL,STA-NL00016,PM10,15.2,µg/m3,2015-07-16 12:00:00 +01:00
3794,NL,STA-NL00016,PM10,18.9,µg/m3,2015-07-16 11:00:00 +01:00
3795,NL,STA-NL00016,PM10,10.4,µg/m3,2015-07-16 08:00:00 +01:00
3796,NL,STA-NL00016,PM10,9.9,µg/m3,2015-07-16 04:00:00 +01:00
3797,NL,STA-NL00016,PM10,10.9,µg/m3,2015-07-16 00:00:00 +01:00
3798,NL,STA-NL00016,PM10,13.7,µg/m3,2015-07-15 23:00:00 +01:00
3799,NL,STA-NL00016,PM10,7.8,µg/m3,2015-07-15 20:00:00 +01:00
3800,NL,STA-NL00016,PM10,33.5,µg/m3,2015-07-17 07:00:00 +01:00
3801,NL,STA-NL00016,PM10,16.8,µg/m3,2015-07-17 04:00:00 +01:00
3802,NL,STA-NL00016,PM10,17.7,µg/m3,2015-07-17 05:00:00 +01:00
3803,NL,STA-NL00016,PM10,9.8,µg/m3,2015-07-17 01:00:00 +01:00
3804,NL,STA-NL00016,PM10,17.3,µg/m3,2015-07-17 03:00:00 +01:00
3805,NL,STA-NL00016,PM10,10.0,µg/m3,2015-07-16 03:00:00 +01:00
3806,NL,STA-NL00016,PM10,6.3,µg/m3,2015-07-16 19:00:00 +01:00
3807,NL,STA-NL00016,PM10,12.5,µg/m3,2015-07-16 07:00:00 +01:00
3808,NL,STA-NL00016,PM10,10.4,µg/m3,2015-07-16 15:00:00 +01:00
3809,NL,STA-NL00016,PM10,10.9,µg/m3,2015-07-16 16:00:00 +01:00
3810,NL,STA-NL00016,PM10,2.9,µg/m3,2015-07-16 21:00:00 +01:00
3811,NL,STA-NL00016,PM10,4.9,µg/m3,2015-07-16 23:00:00 +01:00
3812,NL,STA-NL00016,PM10,8.5,µg/m3,2015-07-17 00:00:00 +01:00
3813,NL,STA-NL00016,PM10,18.1,µg/m3,2015-08-04 19:00:00 +01:00
3814,NL,STA-NL00016,PM10,6.7,µg/m3,2015-08-04 12:00:00 +01:00
3815,NL,STA-NL00016,PM10,10.8,µg/m3,2015-08-04 15:00:00 +01:00
3816,NL,STA-NL00016,PM10,13.2,µg/m3,2015-08-04 05:00:00 +01:00
3817,NL,STA-NL00016,PM10,3.2,µg/m3,2015-08-04 11:00:00 +01:00
3818,NL,STA-NL00016,PM10,14.6,µg/m3,2015-08-04 01:00:00 +01:00
3819,NL,STA-NL00016,PM10,10.1,µg/m3,2015-08-04 14:00:00 +01:00
3820,NL,STA-NL00016,PM10,15.0,µg/m3,2015-08-04 16:00:00 +01:00
3821,NL,STA-NL00016,PM10,18.0,µg/m3,2015-08-04 20:00:00 +01:00
3822,NL,STA-NL00016,PM10,21.0,µg/m3,2015-08-05 00:00:00 +01:00
3823,NL,STA-NL00016,PM10,18.4,µg/m3,2015-08-04 23:00:00 +01:00
3824,NL,STA-NL00016,PM10,20.0,µg/m3,2015-08-05 03:00:00 +01:00
3825,NL,STA-NL00016,PM10,14.8,µg/m3,2015-08-05 04:00:00 +01:00
3826,NL,STA-NL00016,PM10,20.9,µg/m3,2015-08-05 08:00:00 +01:00
3827,NL,STA-NL00016,PM10,27.2,µg/m3,2015-08-05 07:00:00 +01:00
3828,NL,STA-NL00016,PM10,18.1,µg/m3,2015-08-05 15:00:00 +01:00
3829,NL,STA-NL00016,PM10,19.3,µg/m3,2015-08-05 16:00:00 +01:00
3830,NL,STA-NL00016,PM10,29.3,µg/m3,2015-08-05 11:00:00 +01:00
3831,NL,STA-NL00016,PM10,22.4,µg/m3,2015-08-05 19:00:00 +01:00
3832,NL,STA-NL00016,PM10,7.8,µg/m3,2015-08-05 12:00:00 +01:00
3833,NL,STA-NL00016,PM10,22.4,µg/m3,2015-08-02 09:00:00 +01:00
3834,NL,STA-NL00016,PM10,20.7,µg/m3,2015-08-02 22:00:00 +01:00
3835,NL,STA-NL00016,PM10,20.3,µg/m3,2015-08-02 17:00:00 +01:00
3836,NL,STA-NL00016,PM10,31.3,µg/m3,2015-08-02 21:00:00 +01:00
3837,NL,STA-NL00016,PM10,20.2,µg/m3,2015-08-02 14:00:00 +01:00
3838,NL,STA-NL00016,PM10,20.6,µg/m3,2015-08-03 06:00:00 +01:00
3839,NL,STA-NL00016,PM10,19.4,µg/m3,2015-08-03 13:00:00 +01:00
3840,NL,STA-NL00016,PM10,15.8,µg/m3,2015-08-03 05:00:00 +01:00
3841,NL,STA-NL00016,PM10,18.3,µg/m3,2015-08-03 10:00:00 +01:00
3842,NL,STA-NL00016,PM10,17.7,µg/m3,2015-08-03 02:00:00 +01:00
3843,NL,STA-NL00016,PM10,15.1,µg/m3,2015-08-03 01:00:00 +01:00
3844,NL,STA-NL00016,PM10,6.6,µg/m3,2015-08-03 21:00:00 +01:00
3845,NL,STA-NL00016,PM10,7.8,µg/m3,2015-08-04 07:00:00 +01:00
3846,NL,STA-NL00016,PM10,14.1,µg/m3,2015-08-04 10:00:00 +01:00
3847,NL,STA-NL00016,PM10,11.2,µg/m3,2015-08-04 02:00:00 +01:00
3848,NL,STA-NL00016,PM10,4.7,µg/m3,2015-08-04 06:00:00 +01:00
3849,NL,STA-NL00016,PM10,18.5,µg/m3,2015-08-04 03:00:00 +01:00
3850,NL,STA-NL00016,PM10,8.9,µg/m3,2015-08-03 23:00:00 +01:00
3851,NL,STA-NL00016,PM10,14.0,µg/m3,2015-08-03 22:00:00 +01:00
3852,NL,STA-NL00016,PM10,23.8,µg/m3,2015-08-03 09:00:00 +01:00
3853,NL,STA-NL00016,PM10,9.0,µg/m3,2015-08-03 17:00:00 +01:00
3854,NL,STA-NL00016,PM10,8.7,µg/m3,2015-08-03 18:00:00 +01:00
3855,NL,STA-NL00016,PM10,7.7,µg/m3,2015-08-03 19:00:00 +01:00
3856,NL,STA-NL00016,PM10,14.6,µg/m3,2015-08-03 15:00:00 +01:00
3857,NL,STA-NL00016,PM10,16.1,µg/m3,2015-08-03 14:00:00 +01:00
3858,NL,STA-NL00016,PM10,22.1,µg/m3,2015-08-06 13:00:00 +01:00
3859,NL,STA-NL00016,PM10,10.2,µg/m3,2015-08-06 15:00:00 +01:00
3860,NL,STA-NL00016,PM10,42.5,µg/m3,2015-08-06 08:00:00 +01:00
3861,NL,STA-NL00016,PM10,18.4,µg/m3,2015-08-06 12:00:00 +01:00
3863,NL,STA-NL00016,PM10,41.8,µg/m3,2015-08-06 07:00:00 +01:00
3864,NL,STA-NL00016,PM10,18.2,µg/m3,2015-08-05 23:00:00 +01:00
3865,NL,STA-NL00016,PM10,18.8,µg/m3,2015-08-05 20:00:00 +01:00
3866,NL,STA-NL00016,PM10,21.6,µg/m3,2015-08-05 21:00:00 +01:00
3867,NL,STA-NL00016,PM10,15.5,µg/m3,2015-08-06 03:00:00 +01:00
3868,NL,STA-NL00016,PM10,16.2,µg/m3,2015-08-06 00:00:00 +01:00
3869,NL,STA-NL00016,PM10,16.8,µg/m3,2015-08-06 04:00:00 +01:00
3870,NL,STA-NL00016,PM10,9.3,µg/m3,2015-08-06 17:00:00 +01:00
3871,NL,STA-NL00016,PM10,9.4,µg/m3,2015-08-06 19:00:00 +01:00
3872,NL,STA-NL00016,PM10,13.9,µg/m3,2015-08-06 22:00:00 +01:00
3873,NL,STA-NL00016,PM10,7.3,µg/m3,2015-08-06 20:00:00 +01:00
3874,NL,STA-NL00016,PM10,11.9,µg/m3,2015-08-07 00:00:00 +01:00
3875,NL,STA-NL00016,PM10,11.8,µg/m3,2015-08-07 02:00:00 +01:00
3876,NL,STA-NL00016,PM10,21.6,µg/m3,2015-08-06 11:00:00 +01:00
3877,NL,STA-NL00016,PM10,26.6,µg/m3,2015-08-07 08:00:00 +01:00
3878,NL,STA-NL00016,PM10,17.3,µg/m3,2015-08-07 05:00:00 +01:00
3879,NL,STA-NL00016,PM10,15.0,µg/m3,2015-08-07 01:00:00 +01:00
3880,NL,STA-NL00016,PM10,16.8,µg/m3,2015-08-07 04:00:00 +01:00
3881,NL,STA-NL00016,PM10,17.9,µg/m3,2015-08-07 06:00:00 +01:00
3882,NL,STA-NL00016,PM10,5.7,µg/m3,2015-08-06 21:00:00 +01:00
3883,NL,STA-NL00016,PM10,9.0,µg/m3,2015-08-06 16:00:00 +01:00
3884,NL,STA-NL00016,PM10,18.6,µg/m3,2015-08-09 09:00:00 +01:00
3885,NL,STA-NL00016,PM10,3.5,µg/m3,2015-08-08 21:00:00 +01:00
3886,NL,STA-NL00016,PM10,1.8,µg/m3,2015-08-08 22:00:00 +01:00
3887,NL,STA-NL00016,PM10,5.7,µg/m3,2015-08-08 17:00:00 +01:00
3888,NL,STA-NL00016,PM10,6.9,µg/m3,2015-08-09 01:00:00 +01:00
3889,NL,STA-NL00016,PM10,10.2,µg/m3,2015-08-09 06:00:00 +01:00
3890,NL,STA-NL00016,PM10,7.0,µg/m3,2015-08-09 00:00:00 +01:00
3891,NL,STA-NL00016,PM10,7.4,µg/m3,2015-08-09 02:00:00 +01:00
3892,NL,STA-NL00016,PM10,3.8,µg/m3,2015-08-08 18:00:00 +01:00
3893,NL,STA-NL00016,PM10,2.3,µg/m3,2015-08-08 14:00:00 +01:00
3894,NL,STA-NL00016,PM10,31.7,µg/m3,2015-08-08 02:00:00 +01:00
3895,NL,STA-NL00016,PM10,5.5,µg/m3,2015-08-08 12:00:00 +01:00
3896,NL,STA-NL00016,PM10,8.4,µg/m3,2015-08-08 10:00:00 +01:00
3897,NL,STA-NL00016,PM10,16.6,µg/m3,2015-08-08 08:00:00 +01:00
3898,NL,STA-NL00016,PM10,6.1,µg/m3,2015-08-08 16:00:00 +01:00
3899,NL,STA-NL00016,PM10,4.4,µg/m3,2015-08-08 13:00:00 +01:00
3900,NL,STA-NL00016,PM10,8.0,µg/m3,2015-08-08 09:00:00 +01:00
3901,NL,STA-NL00016,PM10,18.5,µg/m3,2015-08-07 20:00:00 +01:00
3902,NL,STA-NL00016,PM10,30.8,µg/m3,2015-08-08 04:00:00 +01:00
3903,NL,STA-NL00016,PM10,29.4,µg/m3,2015-08-08 05:00:00 +01:00
3904,NL,STA-NL00016,PM10,26.1,µg/m3,2015-08-08 06:00:00 +01:00
3905,NL,STA-NL00016,PM10,25.0,µg/m3,2015-08-07 21:00:00 +01:00
3906,NL,STA-NL00016,PM10,35.4,µg/m3,2015-08-07 09:00:00 +01:00
3907,NL,STA-NL00016,PM10,29.4,µg/m3,2015-08-08 01:00:00 +01:00
3908,NL,STA-NL00016,PM10,15.5,µg/m3,2015-08-07 14:00:00 +01:00
3909,NL,STA-NL00016,PM10,32.0,µg/m3,2015-08-07 22:00:00 +01:00
3910,NL,STA-NL00016,PM10,35.6,µg/m3,2015-08-08 00:00:00 +01:00
3911,NL,STA-NL00016,PM10,14.2,µg/m3,2015-08-07 18:00:00 +01:00
3912,NL,STA-NL00016,PM10,22.4,µg/m3,2015-08-07 12:00:00 +01:00
3913,NL,STA-NL00016,PM10,14.3,µg/m3,2015-08-07 10:00:00 +01:00
3914,NL,STA-NL00016,PM10,23.1,µg/m3,2015-08-07 13:00:00 +01:00
3915,NL,STA-NL00016,PM10,15.2,µg/m3,2015-08-07 16:00:00 +01:00
3916,NL,STA-NL00016,PM10,12.8,µg/m3,2015-08-07 17:00:00 +01:00
3917,NL,STA-NL00016,PM10,10.9,µg/m3,2015-08-09 22:00:00 +01:00
3918,NL,STA-NL00016,PM10,25.4,µg/m3,2015-08-09 21:00:00 +01:00
3919,NL,STA-NL00016,PM10,14.1,µg/m3,2015-08-09 18:00:00 +01:00
3920,NL,STA-NL00016,PM10,10.2,µg/m3,2015-08-09 17:00:00 +01:00
3921,NL,STA-NL00016,PM10,10.5,µg/m3,2015-08-10 01:00:00 +01:00
3922,NL,STA-NL00016,PM10,10.6,µg/m3,2015-08-09 13:00:00 +01:00
3923,NL,STA-NL00016,PM10,11.6,µg/m3,2015-08-10 06:00:00 +01:00
3924,NL,STA-NL00016,PM10,9.6,µg/m3,2015-08-09 05:00:00 +01:00
3925,NL,STA-NL00016,PM10,21.9,µg/m3,2015-08-09 10:00:00 +01:00
3926,NL,STA-NL00016,PM10,10.6,µg/m3,2015-08-09 14:00:00 +01:00
3927,NL,STA-NL00016,PM10,19.6,µg/m3,2015-08-10 14:00:00 +01:00
3928,NL,STA-NL00016,PM10,16.5,µg/m3,2015-08-10 13:00:00 +01:00
3929,NL,STA-NL00016,PM10,17.3,µg/m3,2015-08-10 05:00:00 +01:00
3930,NL,STA-NL00016,PM10,26.2,µg/m3,2015-08-10 02:00:00 +01:00
3931,NL,STA-NL00016,PM10,20.3,µg/m3,2015-08-10 09:00:00 +01:00
3932,NL,STA-NL00016,PM10,15.7,µg/m3,2015-08-10 17:00:00 +01:00
3933,NL,STA-NL00016,PM10,18.1,µg/m3,2015-08-10 15:00:00 +01:00
3934,NL,STA-NL00016,PM10,13.0,µg/m3,2015-08-10 19:00:00 +01:00
3935,NL,STA-NL00016,PM10,20.0,µg/m3,2015-08-10 10:00:00 +01:00
3936,NL,STA-NL00016,PM10,10.6,µg/m3,2015-08-01 00:00:00 +01:00
3937,NL,STA-NL00016,PM10,9.5,µg/m3,2015-08-01 04:00:00 +01:00
3938,NL,STA-NL00016,PM10,10.6,µg/m3,2015-08-01 01:00:00 +01:00
3939,NL,STA-NL00016,PM10,-2.7,µg/m3,2015-07-31 21:00:00 +01:00
3940,NL,STA-NL00016,PM10,3.8,µg/m3,2015-07-31 20:00:00 +01:00
3941,NL,STA-NL00016,PM10,10.4,µg/m3,2015-07-31 04:00:00 +01:00
3942,NL,STA-NL00016,PM10,9.2,µg/m3,2015-07-31 13:00:00 +01:00
3943,NL,STA-NL00016,PM10,8.9,µg/m3,2015-07-31 17:00:00 +01:00
3944,NL,STA-NL00016,PM10,9.1,µg/m3,2015-07-31 15:00:00 +01:00
3945,NL,STA-NL00016,PM10,9.8,µg/m3,2015-07-31 16:00:00 +01:00
3946,NL,STA-NL00016,PM10,10.8,µg/m3,2015-07-31 12:00:00 +01:00
3947,NL,STA-NL00016,PM10,11.6,µg/m3,2015-07-31 08:00:00 +01:00
3948,NL,STA-NL00016,PM10,14.9,µg/m3,2015-07-31 11:00:00 +01:00
3949,NL,STA-NL00016,PM10,12.7,µg/m3,2015-07-31 00:00:00 +01:00
3950,NL,STA-NL00016,PM10,10.4,µg/m3,2015-07-30 23:00:00 +01:00
3951,NL,STA-NL00016,PM10,16.7,µg/m3,2015-07-31 07:00:00 +01:00
3952,NL,STA-NL00016,PM10,9.4,µg/m3,2015-07-31 03:00:00 +01:00
3953,NL,STA-NL00016,PM10,10.9,µg/m3,2015-07-31 09:00:00 +01:00
3954,NL,STA-NL00016,PM10,5.0,µg/m3,2015-07-29 14:00:00 +01:00
3955,NL,STA-NL00016,PM10,13.2,µg/m3,2015-07-30 15:00:00 +01:00
3956,NL,STA-NL00016,PM10,10.0,µg/m3,2015-07-30 19:00:00 +01:00
3957,NL,STA-NL00016,PM10,11.3,µg/m3,2015-07-30 21:00:00 +01:00
3958,NL,STA-NL00016,PM10,23.3,µg/m3,2015-07-30 16:00:00 +01:00
3959,NL,STA-NL00016,PM10,10.3,µg/m3,2015-07-30 20:00:00 +01:00
3960,NL,STA-NL00016,PM10,10.6,µg/m3,2015-08-01 17:00:00 +01:00
3961,NL,STA-NL00016,PM10,15.8,µg/m3,2015-08-01 09:00:00 +01:00
3962,NL,STA-NL00016,PM10,12.7,µg/m3,2015-08-01 08:00:00 +01:00
3963,NL,STA-NL00016,PM10,11.8,µg/m3,2015-08-01 06:00:00 +01:00
3964,NL,STA-NL00016,PM10,12.7,µg/m3,2015-08-01 05:00:00 +01:00
3965,NL,STA-NL00016,PM10,20.7,µg/m3,2015-08-01 14:00:00 +01:00
3966,NL,STA-NL00016,PM10,15.1,µg/m3,2015-08-01 13:00:00 +01:00
3967,NL,STA-NL00016,PM10,19.6,µg/m3,2015-08-01 10:00:00 +01:00
3968,NL,STA-NL00016,PM10,22.1,µg/m3,2015-08-02 01:00:00 +01:00
3969,NL,STA-NL00016,PM10,10.7,µg/m3,2015-08-01 12:00:00 +01:00
3970,NL,STA-NL00016,PM10,16.7,µg/m3,2015-08-01 22:00:00 +01:00
3971,NL,STA-NL00016,PM10,10.9,µg/m3,2015-08-01 18:00:00 +01:00
3972,NL,STA-NL00016,PM10,24.5,µg/m3,2015-08-02 02:00:00 +01:00
3973,NL,STA-NL00016,PM10,36.3,µg/m3,2015-08-02 05:00:00 +01:00
3974,NL,STA-NL00016,PM10,31.1,µg/m3,2015-08-02 06:00:00 +01:00
3975,NL,STA-NL00016,PM10,16.4,µg/m3,2015-08-02 13:00:00 +01:00
3976,NL,STA-NL00016,PM10,17.7,µg/m3,2015-08-01 21:00:00 +01:00
3977,NL,STA-NL00016,PM10,24.5,µg/m3,2015-08-02 10:00:00 +01:00
3978,NL,STA-NL00016,PM10,19.3,µg/m3,2015-08-02 18:00:00 +01:00
3979,NL,STA-NL00016,PM10,5.4,µg/m3,2015-07-29 16:00:00 +01:00
3980,NL,STA-NL00016,PM10,13.3,µg/m3,2015-07-29 23:00:00 +01:00
3981,NL,STA-NL00016,PM10,9.8,µg/m3,2015-07-29 20:00:00 +01:00
3982,NL,STA-NL00016,PM10,15.0,µg/m3,2015-07-30 03:00:00 +01:00
3983,NL,STA-NL00016,PM10,10.7,µg/m3,2015-07-30 00:00:00 +01:00
3984,NL,STA-NL00016,PM10,14.8,µg/m3,2015-07-30 04:00:00 +01:00
3985,NL,STA-NL00016,PM10,10.0,µg/m3,2015-07-30 12:00:00 +01:00
3986,NL,STA-NL00016,PM10,16.7,µg/m3,2015-07-30 08:00:00 +01:00
3987,NL,STA-NL00016,PM10,19.3,µg/m3,2015-07-30 07:00:00 +01:00
3988,NL,STA-NL00016,PM10,10.4,µg/m3,2015-07-30 11:00:00 +01:00
3989,NL,STA-NL00016,PM10,3.1,µg/m3,2015-07-29 15:00:00 +01:00
3990,NL,STA-NL00016,PM10,12.7,µg/m3,2015-07-29 10:00:00 +01:00
3991,NL,STA-NL00016,PM10,4.3,µg/m3,2015-07-29 12:00:00 +01:00
3992,NL,STA-NL00016,PM10,8.0,µg/m3,2015-07-29 06:00:00 +01:00
3993,NL,STA-NL00016,PM10,20.6,µg/m3,2015-07-29 11:00:00 +01:00
3994,NL,STA-NL00016,PM10,12.7,µg/m3,2015-07-29 19:00:00 +01:00
3995,NL,STA-NL00016,PM10,5.1,µg/m3,2015-07-29 05:00:00 +01:00
3996,NL,STA-NL00016,PM10,5.4,µg/m3,2015-07-29 03:00:00 +01:00
3997,NL,STA-NL00016,PM10,9.0,µg/m3,2015-07-29 07:00:00 +01:00
3998,NL,STA-NL00016,PM10,8.8,µg/m3,2015-07-28 18:00:00 +01:00
3999,NL,STA-NL00016,PM10,9.3,µg/m3,2015-07-28 17:00:00 +01:00
4000,NL,STA-NL00016,PM10,-2.9,µg/m3,2015-07-28 23:00:00 +01:00
4001,NL,STA-NL00016,PM10,1.3,µg/m3,2015-07-29 01:00:00 +01:00
4002,NL,STA-NL00016,PM10,0.4,µg/m3,2015-07-28 22:00:00 +01:00
4003,NL,STA-NL00016,PM10,5.7,µg/m3,2015-07-29 02:00:00 +01:00
4004,NL,STA-NL00016,PM10,18.4,µg/m3,2015-07-27 17:00:00 +01:00
4005,NL,STA-NL00016,PM10,14.4,µg/m3,2015-07-27 21:00:00 +01:00
4006,NL,STA-NL00016,PM10,13.3,µg/m3,2015-07-27 22:00:00 +01:00
4007,NL,STA-NL00016,PM10,9.2,µg/m3,2015-07-27 10:00:00 +01:00
4008,NL,STA-NL00016,PM10,17.5,µg/m3,2015-07-27 18:00:00 +01:00
4009,NL,STA-NL00016,PM10,14.4,µg/m3,2015-07-27 09:00:00 +01:00
4010,NL,STA-NL00016,PM10,5.0,µg/m3,2015-07-27 04:00:00 +01:00
4011,NL,STA-NL00016,PM10,7.8,µg/m3,2015-07-27 05:00:00 +01:00
4012,NL,STA-NL00016,PM10,9.4,µg/m3,2015-07-27 06:00:00 +01:00
4013,NL,STA-NL00016,PM10,7.7,µg/m3,2015-07-27 13:00:00 +01:00
4014,NL,STA-NL00016,PM10,5.7,µg/m3,2015-07-27 14:00:00 +01:00
4015,NL,STA-NL00016,PM10,7.7,µg/m3,2015-07-27 08:00:00 +01:00
4016,NL,STA-NL00016,PM10,15.3,µg/m3,2015-07-28 19:00:00 +01:00
4017,NL,STA-NL00016,PM10,9.8,µg/m3,2015-07-28 14:00:00 +01:00
4018,NL,STA-NL00016,PM10,6.1,µg/m3,2015-07-28 21:00:00 +01:00
4019,NL,STA-NL00016,PM10,8.8,µg/m3,2015-07-28 13:00:00 +01:00
4020,NL,STA-NL00016,PM10,9.5,µg/m3,2015-07-28 09:00:00 +01:00
4021,NL,STA-NL00016,PM10,12.7,µg/m3,2015-07-28 05:00:00 +01:00
4022,NL,STA-NL00016,PM10,4.5,µg/m3,2015-07-28 06:00:00 +01:00
4023,NL,STA-NL00016,PM10,5.0,µg/m3,2015-07-28 01:00:00 +01:00
4024,NL,STA-NL00016,PM10,7.7,µg/m3,2015-07-28 10:00:00 +01:00
4025,NL,STA-NL00016,PM10,13.7,µg/m3,2015-07-28 02:00:00 +01:00
4026,NL,STA-NL00016,PM10,10.6,µg/m3,2015-07-21 07:00:00 +01:00
4027,NL,STA-NL00016,PM10,2.3,µg/m3,2015-07-20 22:00:00 +01:00
4028,NL,STA-NL00016,PM10,4.5,µg/m3,2015-07-20 18:00:00 +01:00
4029,NL,STA-NL00016,PM10,-0.3,µg/m3,2015-07-21 02:00:00 +01:00
4030,NL,STA-NL00016,PM10,9.3,µg/m3,2015-07-21 09:00:00 +01:00
4031,NL,STA-NL00016,PM10,12.7,µg/m3,2015-07-21 10:00:00 +01:00
4032,NL,STA-NL00016,PM10,5.0,µg/m3,2015-07-21 13:00:00 +01:00
4033,NL,STA-NL00016,PM10,3.6,µg/m3,2015-07-21 15:00:00 +01:00
4034,NL,STA-NL00016,PM10,4.4,µg/m3,2015-07-21 14:00:00 +01:00
4035,NL,STA-NL00016,PM10,4.8,µg/m3,2015-07-21 11:00:00 +01:00
4036,NL,STA-NL00016,PM10,6.2,µg/m3,2015-07-21 05:00:00 +01:00
4037,NL,STA-NL00016,PM10,9.8,µg/m3,2015-07-21 06:00:00 +01:00
4038,NL,STA-NL00016,PM10,13.2,µg/m3,2015-07-22 02:00:00 +01:00
4039,NL,STA-NL00016,PM10,15.1,µg/m3,2015-07-22 03:00:00 +01:00
4040,NL,STA-NL00016,PM10,9.7,µg/m3,2015-07-22 11:00:00 +01:00
4041,NL,STA-NL00016,PM10,29.0,µg/m3,2015-07-22 06:00:00 +01:00
4042,NL,STA-NL00016,PM10,5.4,µg/m3,2015-07-22 16:00:00 +01:00
4043,NL,STA-NL00016,PM10,19.6,µg/m3,2015-07-22 08:00:00 +01:00
4044,NL,STA-NL00016,PM10,21.3,µg/m3,2015-07-22 07:00:00 +01:00
4045,NL,STA-NL00016,PM10,10.2,µg/m3,2015-07-21 19:00:00 +01:00
4046,NL,STA-NL00016,PM10,10.2,µg/m3,2015-07-21 18:00:00 +01:00
4047,NL,STA-NL00016,PM10,9.0,µg/m3,2015-07-21 20:00:00 +01:00
4048,NL,STA-NL00016,PM10,8.7,µg/m3,2015-07-21 22:00:00 +01:00
4049,NL,STA-NL00016,PM10,9.0,µg/m3,2015-07-21 23:00:00 +01:00
4050,NL,STA-NL00016,PM10,18.7,µg/m3,2015-07-22 04:00:00 +01:00
4051,NL,STA-NL00016,PM10,13.4,µg/m3,2015-07-23 11:00:00 +01:00
4052,NL,STA-NL00016,PM10,9.7,µg/m3,2015-07-23 07:00:00 +01:00
4053,NL,STA-NL00016,PM10,9.4,µg/m3,2015-07-23 08:00:00 +01:00
4054,NL,STA-NL00016,PM10,4.3,µg/m3,2015-07-23 15:00:00 +01:00
4055,NL,STA-NL00016,PM10,7.2,µg/m3,2015-07-23 12:00:00 +01:00
4056,NL,STA-NL00016,PM10,4.4,µg/m3,2015-07-23 20:00:00 +01:00
4057,NL,STA-NL00016,PM10,5.1,µg/m3,2015-07-24 04:00:00 +01:00
4058,NL,STA-NL00016,PM10,3.7,µg/m3,2015-07-23 19:00:00 +01:00
4059,NL,STA-NL00016,PM10,3.2,µg/m3,2015-07-23 23:00:00 +01:00
4060,NL,STA-NL00016,PM10,3.0,µg/m3,2015-07-24 00:00:00 +01:00
4061,NL,STA-NL00016,PM10,9.5,µg/m3,2015-07-22 20:00:00 +01:00
4062,NL,STA-NL00016,PM10,6.4,µg/m3,2015-07-22 14:00:00 +01:00
4063,NL,STA-NL00016,PM10,9.5,µg/m3,2015-07-22 19:00:00 +01:00
4064,NL,STA-NL00016,PM10,9.6,µg/m3,2015-07-22 10:00:00 +01:00
4065,NL,STA-NL00016,PM10,9.1,µg/m3,2015-07-22 12:00:00 +01:00
4066,NL,STA-NL00016,PM10,5.7,µg/m3,2015-07-22 15:00:00 +01:00
4067,NL,STA-NL00016,PM10,5.4,µg/m3,2015-07-23 04:00:00 +01:00
4068,NL,STA-NL00016,PM10,5.3,µg/m3,2015-07-23 03:00:00 +01:00
4069,NL,STA-NL00016,PM10,16.9,µg/m3,2015-07-23 00:00:00 +01:00
4070,NL,STA-NL00016,PM10,18.0,µg/m3,2015-07-22 23:00:00 +01:00
4071,NL,STA-NL00016,PM10,26.8,µg/m3,2015-07-24 23:00:00 +01:00
4072,NL,STA-NL00016,PM10,24.8,µg/m3,2015-07-25 03:00:00 +01:00
4073,NL,STA-NL00016,PM10,35.0,µg/m3,2015-07-25 05:00:00 +01:00
4074,NL,STA-NL00016,PM10,18.3,µg/m3,2015-07-25 00:00:00 +01:00
4075,NL,STA-NL00016,PM10,12.6,µg/m3,2015-07-25 07:00:00 +01:00
4076,NL,STA-NL00016,PM10,22.3,µg/m3,2015-07-25 04:00:00 +01:00
4077,NL,STA-NL00016,PM10,10.7,µg/m3,2015-07-25 11:00:00 +01:00
4078,NL,STA-NL00016,PM10,22.4,µg/m3,2015-07-24 15:00:00 +01:00
4079,NL,STA-NL00016,PM10,11.9,µg/m3,2015-07-25 08:00:00 +01:00
4080,NL,STA-NL00016,PM10,11.3,µg/m3,2015-07-25 12:00:00 +01:00
4081,NL,STA-NL00016,PM10,10.7,µg/m3,2015-07-25 13:00:00 +01:00
4082,NL,STA-NL00016,PM10,14.6,µg/m3,2015-07-24 07:00:00 +01:00
4083,NL,STA-NL00016,PM10,25.6,µg/m3,2015-07-24 11:00:00 +01:00
4084,NL,STA-NL00016,PM10,4.5,µg/m3,2015-07-24 03:00:00 +01:00
4085,NL,STA-NL00016,PM10,8.9,µg/m3,2015-07-24 19:00:00 +01:00
4086,NL,STA-NL00016,PM10,25.6,µg/m3,2015-07-24 12:00:00 +01:00
4087,NL,STA-NL00016,PM10,16.7,µg/m3,2015-07-24 08:00:00 +01:00
4088,NL,STA-NL00016,PM10,13.8,µg/m3,2015-07-24 20:00:00 +01:00
4089,NL,STA-NL00016,PM10,27.6,µg/m3,2015-07-24 16:00:00 +01:00
4090,NL,STA-NL00016,PM10,7.5,µg/m3,2015-07-25 17:00:00 +01:00
4091,NL,STA-NL00016,PM10,4.6,µg/m3,2015-07-26 16:00:00 +01:00
4092,NL,STA-NL00016,PM10,10.5,µg/m3,2015-07-26 12:00:00 +01:00
4093,NL,STA-NL00016,PM10,9.8,µg/m3,2015-07-26 14:00:00 +01:00
4094,NL,STA-NL00016,PM10,4.2,µg/m3,2015-07-26 18:00:00 +01:00
4095,NL,STA-NL00016,PM10,3.9,µg/m3,2015-07-26 17:00:00 +01:00
4096,NL,STA-NL00016,PM10,8.5,µg/m3,2015-07-26 22:00:00 +01:00
4097,NL,STA-NL00016,PM10,13.3,µg/m3,2015-07-27 01:00:00 +01:00
4098,NL,STA-NL00016,PM10,3.2,µg/m3,2015-07-27 00:00:00 +01:00
4099,NL,STA-NL00016,PM10,7.4,µg/m3,2015-07-26 21:00:00 +01:00
4100,NL,STA-NL00016,PM10,7.3,µg/m3,2015-07-26 20:00:00 +01:00
4101,NL,STA-NL00016,PM10,8.4,µg/m3,2015-07-27 02:00:00 +01:00
4102,NL,STA-NL00016,PM10,19.7,µg/m3,2015-07-25 19:00:00 +01:00
4103,NL,STA-NL00016,PM10,10.3,µg/m3,2015-07-26 05:00:00 +01:00
4104,NL,STA-NL00016,PM10,10.3,µg/m3,2015-07-26 04:00:00 +01:00
4105,NL,STA-NL00016,PM10,26.3,µg/m3,2015-07-26 08:00:00 +01:00
4106,NL,STA-NL00016,PM10,15.1,µg/m3,2015-07-26 01:00:00 +01:00
4107,NL,STA-NL00016,PM10,22.6,µg/m3,2015-07-26 09:00:00 +01:00
4108,NL,STA-NL00016,PM10,12.0,µg/m3,2015-07-26 06:00:00 +01:00
4109,NL,STA-NL00016,PM10,9.1,µg/m3,2015-07-26 13:00:00 +01:00
4110,NL,STA-NL00016,PM10,15.2,µg/m3,2015-07-26 07:00:00 +01:00
4111,NL,STA-NL00016,PM10,16.3,µg/m3,2015-07-25 23:00:00 +01:00
4112,NL,STA-NL00016,PM10,17.1,µg/m3,2015-07-25 21:00:00 +01:00
4113,NL,STA-NL00016,PM10,3.1,µg/m3,2015-07-25 15:00:00 +01:00
4114,NL,STA-NL00016,PM10,3.1,µg/m3,2015-07-25 16:00:00 +01:00
4115,NL,STA-NL00016,PM10,15.0,µg/m3,2015-07-26 00:00:00 +01:00
4116,NL,STA-NL00016,PM10,15.9,µg/m3,2015-07-25 20:00:00 +01:00
4117,NL,STA-NL00016,PM10,26.7,µg/m3,2015-08-23 00:00:00 +01:00
4118,NL,STA-NL00016,PM10,24.6,µg/m3,2015-08-22 23:00:00 +01:00
4119,NL,STA-NL00016,PM10,23.1,µg/m3,2015-08-23 03:00:00 +01:00
4120,NL,STA-NL00016,PM10,26.2,µg/m3,2015-08-22 20:00:00 +01:00
4121,NL,STA-NL00016,PM10,26.1,µg/m3,2015-08-22 19:00:00 +01:00
4122,NL,STA-NL00016,PM10,23.4,µg/m3,2015-08-22 12:00:00 +01:00
4123,NL,STA-NL00016,PM10,31.9,µg/m3,2015-08-22 07:00:00 +01:00
4124,NL,STA-NL00016,PM10,27.7,µg/m3,2015-08-22 08:00:00 +01:00
4125,NL,STA-NL00016,PM10,18.3,µg/m3,2015-08-22 11:00:00 +01:00
4126,NL,STA-NL00016,PM10,21.7,µg/m3,2015-08-22 15:00:00 +01:00
4127,NL,STA-NL00016,PM10,13.7,µg/m3,2015-08-21 11:00:00 +01:00
4128,NL,STA-NL00016,PM10,21.9,µg/m3,2015-08-22 16:00:00 +01:00
4129,NL,STA-NL00016,PM10,24.3,µg/m3,2015-08-23 04:00:00 +01:00
4130,NL,STA-NL00016,PM10,37.9,µg/m3,2015-08-23 07:00:00 +01:00
4131,NL,STA-NL00016,PM10,23.5,µg/m3,2015-08-22 21:00:00 +01:00
4132,NL,STA-NL00016,PM10,31.0,µg/m3,2015-08-23 08:00:00 +01:00
4133,NL,STA-NL00016,PM10,26.6,µg/m3,2015-08-23 16:00:00 +01:00
4134,NL,STA-NL00016,PM10,37.5,µg/m3,2015-08-23 15:00:00 +01:00
4135,NL,STA-NL00016,PM10,18.1,µg/m3,2015-08-23 21:00:00 +01:00
4136,NL,STA-NL00016,PM10,22.8,µg/m3,2015-08-24 00:00:00 +01:00
4137,NL,STA-NL00016,PM10,23.9,µg/m3,2015-08-24 01:00:00 +01:00
4138,NL,STA-NL00016,PM10,33.2,µg/m3,2015-08-23 12:00:00 +01:00
4139,NL,STA-NL00016,PM10,16.0,µg/m3,2015-08-23 20:00:00 +01:00
4140,NL,STA-NL00016,PM10,32.8,µg/m3,2015-08-23 11:00:00 +01:00
4141,NL,STA-NL00016,PM10,24.3,µg/m3,2015-08-23 17:00:00 +01:00
4142,NL,STA-NL00016,PM10,15.7,µg/m3,2015-08-23 19:00:00 +01:00
4143,NL,STA-NL00016,PM10,29.6,µg/m3,2015-08-22 04:00:00 +01:00
4144,NL,STA-NL00016,PM10,43.3,µg/m3,2015-08-22 00:00:00 +01:00
4145,NL,STA-NL00016,PM10,39.1,µg/m3,2015-08-21 23:00:00 +01:00
4146,NL,STA-NL00016,PM10,28.7,µg/m3,2015-08-22 03:00:00 +01:00
4147,NL,STA-NL00016,PM10,9.1,µg/m3,2015-08-21 12:00:00 +01:00
4148,NL,STA-NL00016,PM10,22.4,µg/m3,2015-08-21 19:00:00 +01:00
4149,NL,STA-NL00016,PM10,29.1,µg/m3,2015-08-21 08:00:00 +01:00
4150,NL,STA-NL00016,PM10,16.5,µg/m3,2015-08-21 16:00:00 +01:00
4151,NL,STA-NL00016,PM10,28.8,µg/m3,2015-08-21 20:00:00 +01:00
4152,NL,STA-NL00016,PM10,7.9,µg/m3,2015-08-21 15:00:00 +01:00
4153,NL,STA-NL00016,PM10,14.8,µg/m3,2015-08-20 15:00:00 +01:00
4154,NL,STA-NL00016,PM10,24.8,µg/m3,2015-08-20 19:00:00 +01:00
4155,NL,STA-NL00016,PM10,38.9,µg/m3,2015-08-21 03:00:00 +01:00
4156,NL,STA-NL00016,PM10,25.7,µg/m3,2015-08-20 20:00:00 +01:00
4157,NL,STA-NL00016,PM10,38.2,µg/m3,2015-08-21 00:00:00 +01:00
4158,NL,STA-NL00016,PM10,25.9,µg/m3,2015-08-20 23:00:00 +01:00
4159,NL,STA-NL00016,PM10,37.5,µg/m3,2015-08-21 07:00:00 +01:00
4160,NL,STA-NL00016,PM10,40.1,µg/m3,2015-08-21 04:00:00 +01:00
4161,NL,STA-NL00016,PM10,8.5,µg/m3,2015-08-18 19:00:00 +01:00
4162,NL,STA-NL00016,PM10,7.7,µg/m3,2015-08-18 22:00:00 +01:00
4163,NL,STA-NL00016,PM10,12.7,µg/m3,2015-08-18 16:00:00 +01:00
4164,NL,STA-NL00016,PM10,9.3,µg/m3,2015-08-18 10:00:00 +01:00
4165,NL,STA-NL00016,PM10,5.7,µg/m3,2015-08-18 07:00:00 +01:00
4166,NL,STA-NL00016,PM10,13.8,µg/m3,2015-08-18 15:00:00 +01:00
4167,NL,STA-NL00016,PM10,15.1,µg/m3,2015-08-18 14:00:00 +01:00
4168,NL,STA-NL00016,PM10,9.4,µg/m3,2015-08-18 11:00:00 +01:00
4169,NL,STA-NL00016,PM10,6.8,µg/m3,2015-08-18 09:00:00 +01:00
4170,NL,STA-NL00016,PM10,1.5,µg/m3,2015-08-18 06:00:00 +01:00
4171,NL,STA-NL00016,PM10,-1.4,µg/m3,2015-08-18 05:00:00 +01:00
4172,NL,STA-NL00016,PM10,3.0,µg/m3,2015-08-18 03:00:00 +01:00
4173,NL,STA-NL00016,PM10,3.3,µg/m3,2015-08-18 02:00:00 +01:00
4174,NL,STA-NL00016,PM10,5.6,µg/m3,2015-08-17 23:00:00 +01:00
4175,NL,STA-NL00016,PM10,1.3,µg/m3,2015-08-18 01:00:00 +01:00
4176,NL,STA-NL00016,PM10,5.7,µg/m3,2015-08-17 22:00:00 +01:00
4177,NL,STA-NL00016,PM10,9.5,µg/m3,2015-08-17 17:00:00 +01:00
4178,NL,STA-NL00016,PM10,2.2,µg/m3,2015-08-17 18:00:00 +01:00
4179,NL,STA-NL00016,PM10,4.9,µg/m3,2015-08-17 21:00:00 +01:00
4180,NL,STA-NL00016,PM10,6.6,µg/m3,2015-08-17 14:00:00 +01:00
4181,NL,STA-NL00016,PM10,9.8,µg/m3,2015-08-17 05:00:00 +01:00
4182,NL,STA-NL00016,PM10,5.5,µg/m3,2015-08-17 06:00:00 +01:00
4183,NL,STA-NL00016,PM10,7.2,µg/m3,2015-08-17 10:00:00 +01:00
4184,NL,STA-NL00016,PM10,7.0,µg/m3,2015-08-17 09:00:00 +01:00
4185,NL,STA-NL00016,PM10,5.3,µg/m3,2015-08-17 13:00:00 +01:00
4186,NL,STA-NL00016,PM10,4.7,µg/m3,2015-08-17 02:00:00 +01:00
4187,NL,STA-NL00016,PM10,25.0,µg/m3,2015-08-19 16:00:00 +01:00
4188,NL,STA-NL00016,PM10,20.4,µg/m3,2015-08-19 18:00:00 +01:00
4189,NL,STA-NL00016,PM10,23.6,µg/m3,2015-08-19 12:00:00 +01:00
4190,NL,STA-NL00016,PM10,29.0,µg/m3,2015-08-19 08:00:00 +01:00
4191,NL,STA-NL00016,PM10,27.2,µg/m3,2015-08-19 11:00:00 +01:00
4192,NL,STA-NL00016,PM10,13.0,µg/m3,2015-08-19 00:00:00 +01:00
4193,NL,STA-NL00016,PM10,11.2,µg/m3,2015-08-18 18:00:00 +01:00
4194,NL,STA-NL00016,PM10,7.7,µg/m3,2015-08-18 20:00:00 +01:00
4195,NL,STA-NL00016,PM10,21.9,µg/m3,2015-08-19 02:00:00 +01:00
4196,NL,STA-NL00016,PM10,19.1,µg/m3,2015-08-19 04:00:00 +01:00
4197,NL,STA-NL00016,PM10,27.4,µg/m3,2015-08-19 07:00:00 +01:00
4198,NL,STA-NL00016,PM10,30.2,µg/m3,2015-08-19 06:00:00 +01:00
4199,NL,STA-NL00016,PM10,24.6,µg/m3,2015-08-19 03:00:00 +01:00
4200,NL,STA-NL00016,PM10,6.0,µg/m3,2015-08-18 23:00:00 +01:00
4201,NL,STA-NL00016,PM10,12.2,µg/m3,2015-08-19 20:00:00 +01:00
4202,NL,STA-NL00016,PM10,12.5,µg/m3,2015-08-19 19:00:00 +01:00
4203,NL,STA-NL00016,PM10,31.5,µg/m3,2015-08-19 14:00:00 +01:00
4204,NL,STA-NL00016,PM10,21.7,µg/m3,2015-08-19 15:00:00 +01:00
4205,NL,STA-NL00016,PM10,31.4,µg/m3,2015-08-20 04:00:00 +01:00
4206,NL,STA-NL00016,PM10,30.7,µg/m3,2015-08-20 03:00:00 +01:00
4207,NL,STA-NL00016,PM10,28.0,µg/m3,2015-08-19 23:00:00 +01:00
4208,NL,STA-NL00016,PM10,30.0,µg/m3,2015-08-20 00:00:00 +01:00
4209,NL,STA-NL00016,PM10,11.1,µg/m3,2015-08-20 12:00:00 +01:00
4210,NL,STA-NL00016,PM10,14.7,µg/m3,2015-08-20 16:00:00 +01:00
4212,NL,STA-NL00016,PM10,28.6,µg/m3,2015-08-20 08:00:00 +01:00
4213,NL,STA-NL00016,PM10,38.7,µg/m3,2015-08-20 07:00:00 +01:00
4214,NL,STA-NL00016,PM10,12.8,µg/m3,2015-08-15 09:00:00 +01:00
4215,NL,STA-NL00016,PM10,1.6,µg/m3,2015-08-15 02:00:00 +01:00
4216,NL,STA-NL00016,PM10,3.5,µg/m3,2015-08-15 06:00:00 +01:00
4217,NL,STA-NL00016,PM10,16.5,µg/m3,2015-08-15 01:00:00 +01:00
4218,NL,STA-NL00016,PM10,-1.3,µg/m3,2015-08-15 05:00:00 +01:00
4219,NL,STA-NL00016,PM10,13.2,µg/m3,2015-08-14 18:00:00 +01:00
4220,NL,STA-NL00016,PM10,17.9,µg/m3,2015-08-14 17:00:00 +01:00
4221,NL,STA-NL00016,PM10,9.8,µg/m3,2015-08-14 22:00:00 +01:00
4222,NL,STA-NL00016,PM10,11.8,µg/m3,2015-08-14 16:00:00 +01:00
4223,NL,STA-NL00016,PM10,14.5,µg/m3,2015-08-14 21:00:00 +01:00
4224,NL,STA-NL00016,PM10,18.4,µg/m3,2015-08-14 09:00:00 +01:00
4225,NL,STA-NL00016,PM10,6.9,µg/m3,2015-08-14 05:00:00 +01:00
4226,NL,STA-NL00016,PM10,5.6,µg/m3,2015-08-14 03:00:00 +01:00
4227,NL,STA-NL00016,PM10,22.4,µg/m3,2015-08-13 11:00:00 +01:00
4228,NL,STA-NL00016,PM10,13.2,µg/m3,2015-08-14 14:00:00 +01:00
4229,NL,STA-NL00016,PM10,16.9,µg/m3,2015-08-14 08:00:00 +01:00
4230,NL,STA-NL00016,PM10,3.9,µg/m3,2015-08-14 04:00:00 +01:00
4231,NL,STA-NL00016,PM10,11.3,µg/m3,2015-08-14 13:00:00 +01:00
4232,NL,STA-NL00016,PM10,15.7,µg/m3,2015-08-14 12:00:00 +01:00
4233,NL,STA-NL00016,PM10,15.4,µg/m3,2015-08-14 07:00:00 +01:00
4234,NL,STA-NL00016,PM10,3.1,µg/m3,2015-08-13 23:00:00 +01:00
4235,NL,STA-NL00016,PM10,8.3,µg/m3,2015-08-16 10:00:00 +01:00
4236,NL,STA-NL00016,PM10,8.5,µg/m3,2015-08-16 13:00:00 +01:00
4237,NL,STA-NL00016,PM10,17.0,µg/m3,2015-08-16 01:00:00 +01:00
4238,NL,STA-NL00016,PM10,11.4,µg/m3,2015-08-16 06:00:00 +01:00
4239,NL,STA-NL00016,PM10,10.7,µg/m3,2015-08-16 09:00:00 +01:00
4240,NL,STA-NL00016,PM10,8.8,µg/m3,2015-08-16 14:00:00 +01:00
4241,NL,STA-NL00016,PM10,16.7,µg/m3,2015-08-16 17:00:00 +01:00
4242,NL,STA-NL00016,PM10,15.5,µg/m3,2015-08-16 18:00:00 +01:00
4243,NL,STA-NL00016,PM10,8.8,µg/m3,2015-08-16 21:00:00 +01:00
4244,NL,STA-NL00016,PM10,6.2,µg/m3,2015-08-17 01:00:00 +01:00
4245,NL,STA-NL00016,PM10,8.2,µg/m3,2015-08-16 22:00:00 +01:00
4246,NL,STA-NL00016,PM10,12.1,µg/m3,2015-08-15 22:00:00 +01:00
4247,NL,STA-NL00016,PM10,6.5,µg/m3,2015-08-15 13:00:00 +01:00
4248,NL,STA-NL00016,PM10,12.0,µg/m3,2015-08-16 05:00:00 +01:00
4249,NL,STA-NL00016,PM10,18.4,µg/m3,2015-08-16 02:00:00 +01:00
4250,NL,STA-NL00016,PM10,3.1,µg/m3,2015-08-15 17:00:00 +01:00
4251,NL,STA-NL00016,PM10,8.1,µg/m3,2015-08-15 21:00:00 +01:00
4252,NL,STA-NL00016,PM10,11.2,µg/m3,2015-08-15 10:00:00 +01:00
4253,NL,STA-NL00016,PM10,2.6,µg/m3,2015-08-15 18:00:00 +01:00
4254,NL,STA-NL00016,PM10,2.4,µg/m3,2015-08-15 14:00:00 +01:00
4255,NL,STA-NL00016,PM10,12.1,µg/m3,2015-08-13 02:00:00 +01:00
4256,NL,STA-NL00016,PM10,13.6,µg/m3,2015-08-13 04:00:00 +01:00
4257,NL,STA-NL00016,PM10,5.9,µg/m3,2015-08-12 23:00:00 +01:00
4258,NL,STA-NL00016,PM10,8.1,µg/m3,2015-08-12 19:00:00 +01:00
4259,NL,STA-NL00016,PM10,8.2,µg/m3,2015-08-12 20:00:00 +01:00
4260,NL,STA-NL00016,PM10,8.0,µg/m3,2015-08-13 00:00:00 +01:00
4261,NL,STA-NL00016,PM10,14.3,µg/m3,2015-08-12 11:00:00 +01:00
4262,NL,STA-NL00016,PM10,16.2,µg/m3,2015-08-12 15:00:00 +01:00
4263,NL,STA-NL00016,PM10,14.3,µg/m3,2015-08-12 16:00:00 +01:00
4264,NL,STA-NL00016,PM10,9.7,µg/m3,2015-08-12 07:00:00 +01:00
4265,NL,STA-NL00016,PM10,6.8,µg/m3,2015-08-12 08:00:00 +01:00
4266,NL,STA-NL00016,PM10,17.5,µg/m3,2015-08-12 12:00:00 +01:00
4267,NL,STA-NL00016,PM10,24.3,µg/m3,2015-08-13 12:00:00 +01:00
4268,NL,STA-NL00016,PM10,18.8,µg/m3,2015-08-13 08:00:00 +01:00
4269,NL,STA-NL00016,PM10,15.5,µg/m3,2015-08-13 07:00:00 +01:00
4270,NL,STA-NL00016,PM10,10.2,µg/m3,2015-08-13 03:00:00 +01:00
4271,NL,STA-NL00016,PM10,22.3,µg/m3,2015-08-13 20:00:00 +01:00
4272,NL,STA-NL00016,PM10,19.2,µg/m3,2015-08-13 16:00:00 +01:00
4273,NL,STA-NL00016,PM10,19.7,µg/m3,2015-08-13 15:00:00 +01:00
4274,NL,STA-NL00016,PM10,19.1,µg/m3,2015-08-13 19:00:00 +01:00
4275,NL,STA-NL00016,PM10,12.7,µg/m3,2015-08-11 18:00:00 +01:00
4276,NL,STA-NL00016,PM10,7.9,µg/m3,2015-08-11 12:00:00 +01:00
4277,NL,STA-NL00016,PM10,13.3,µg/m3,2015-08-11 11:00:00 +01:00
4278,NL,STA-NL00016,PM10,18.5,µg/m3,2015-08-11 19:00:00 +01:00
4279,NL,STA-NL00016,PM10,15.0,µg/m3,2015-08-11 15:00:00 +01:00
4280,NL,STA-NL00016,PM10,11.6,µg/m3,2015-08-11 16:00:00 +01:00
4281,NL,STA-NL00016,PM10,13.9,µg/m3,2015-08-12 03:00:00 +01:00
4282,NL,STA-NL00016,PM10,12.8,µg/m3,2015-08-12 04:00:00 +01:00
4283,NL,STA-NL00016,PM10,15.5,µg/m3,2015-08-11 20:00:00 +01:00
4284,NL,STA-NL00016,PM10,18.6,µg/m3,2015-08-12 00:00:00 +01:00
4285,NL,STA-NL00016,PM10,17.8,µg/m3,2015-08-11 23:00:00 +01:00
4286,NL,STA-NL00016,PM10,20.3,µg/m3,2015-08-11 14:00:00 +01:00
4287,NL,STA-NL00016,PM10,18.9,µg/m3,2015-08-11 07:00:00 +01:00
4288,NL,STA-NL00016,PM10,17.9,µg/m3,2015-08-11 10:00:00 +01:00
4289,NL,STA-NL00016,PM10,14.5,µg/m3,2015-08-11 03:00:00 +01:00
4290,NL,STA-NL00016,PM10,17.8,µg/m3,2015-08-11 06:00:00 +01:00
4291,NL,STA-NL00016,PM10,22.3,µg/m3,2015-08-11 08:00:00 +01:00
4292,NL,STA-NL00016,PM10,10.1,µg/m3,2015-08-11 02:00:00 +01:00
4293,NL,STA-NL00016,PM10,9.1,µg/m3,2015-08-11 01:00:00 +01:00
4294,NL,STA-NL00016,PM10,19.8,µg/m3,2015-08-10 23:00:00 +01:00
4295,NL,STA-NL00016,PM10,23.3,µg/m3,2015-08-10 22:00:00 +01:00
4296,NL,STA-NL00016,PM10,17.8,µg/m3,2015-08-10 21:00:00 +01:00
4297,NL,STA-NL00016,PM10,5.1,µg/m3,2015-08-25 01:00:00 +01:00
4298,NL,STA-NL00016,PM10,3.5,µg/m3,2015-08-24 22:00:00 +01:00
4299,NL,STA-NL00016,PM10,4.2,µg/m3,2015-08-24 21:00:00 +01:00
4300,NL,STA-NL00016,PM10,4.2,µg/m3,2015-08-25 02:00:00 +01:00
4301,NL,STA-NL00016,PM10,7.7,µg/m3,2015-08-25 05:00:00 +01:00
4302,NL,STA-NL00016,PM10,8.8,µg/m3,2015-08-25 06:00:00 +01:00
4303,NL,STA-NL00016,PM10,7.6,µg/m3,2015-08-24 04:00:00 +01:00
4304,NL,STA-NL00016,PM10,15.6,µg/m3,2015-08-23 23:00:00 +01:00
4305,NL,STA-NL00016,PM10,17.6,µg/m3,2015-08-24 08:00:00 +01:00
4306,NL,STA-NL00016,PM10,11.9,µg/m3,2015-08-24 09:00:00 +01:00
4307,NL,STA-NL00016,PM10,2.2,µg/m3,2015-08-24 17:00:00 +01:00
4308,NL,STA-NL00016,PM10,19.9,µg/m3,2015-08-24 13:00:00 +01:00
4309,NL,STA-NL00016,PM10,14.2,µg/m3,2015-08-24 14:00:00 +01:00
4310,NL,STA-NL00016,PM10,16.2,µg/m3,2015-08-24 10:00:00 +01:00
4311,NL,STA-NL00016,PM10,15.9,µg/m3,2015-08-24 06:00:00 +01:00
4312,NL,STA-NL00016,PM10,6.7,µg/m3,2015-08-24 05:00:00 +01:00
4313,NL,STA-NL00016,PM10,1.9,µg/m3,2015-08-24 18:00:00 +01:00
4314,NL,STA-NL00016,PM10,13.4,µg/m3,2015-08-24 12:00:00 +01:00
4315,NL,STA-NL00016,PM10,15.5,µg/m3,2015-08-31 08:00:00 +01:00
4316,NL,STA-NL00016,PM10,6.0,µg/m3,2015-08-31 11:00:00 +01:00
4317,NL,STA-NL00016,PM10,25.1,µg/m3,2015-08-31 03:00:00 +01:00
4318,NL,STA-NL00016,PM10,27.9,µg/m3,2015-08-31 04:00:00 +01:00
4319,NL,STA-NL00016,PM10,31.3,µg/m3,2015-08-31 07:00:00 +01:00
4320,NL,STA-NL00016,PM10,39.0,µg/m3,2015-08-31 00:00:00 +01:00
4321,NL,STA-NL00016,PM10,13.9,µg/m3,2015-08-30 15:00:00 +01:00
4322,NL,STA-NL00016,PM10,25.7,µg/m3,2015-08-30 23:00:00 +01:00
4323,NL,STA-NL00016,PM10,14.8,µg/m3,2015-08-30 20:00:00 +01:00
4324,NL,STA-NL00016,PM10,12.3,µg/m3,2015-08-30 19:00:00 +01:00
4325,NL,STA-NL00016,PM10,18.2,µg/m3,2015-08-31 20:00:00 +01:00
4326,NL,STA-NL00016,PM10,25.6,µg/m3,2015-08-31 16:00:00 +01:00
4327,NL,STA-NL00016,PM10,12.1,µg/m3,2015-08-31 19:00:00 +01:00
4328,NL,STA-NL00016,PM10,9.5,µg/m3,2015-08-31 23:00:00 +01:00
4329,NL,STA-NL00016,PM10,23.8,µg/m3,2015-08-31 15:00:00 +01:00
4330,NL,STA-NL00016,PM10,6.1,µg/m3,2015-08-31 12:00:00 +01:00
4331,NL,STA-NL00016,PM10,13.6,µg/m3,2015-09-01 00:00:00 +01:00
4332,NL,STA-NL00016,PM10,5.1,µg/m3,2015-09-01 04:00:00 +01:00
4333,NL,STA-NL00016,PM10,15.9,µg/m3,2015-09-01 08:00:00 +01:00
4334,NL,STA-NL00016,PM10,14.7,µg/m3,2015-09-01 03:00:00 +01:00
4335,NL,STA-NL00016,PM10,10.6,µg/m3,2015-08-29 23:00:00 +01:00
4336,NL,STA-NL00016,PM10,11.4,µg/m3,2015-08-30 03:00:00 +01:00
4337,NL,STA-NL00016,PM10,10.5,µg/m3,2015-08-30 04:00:00 +01:00
4338,NL,STA-NL00016,PM10,14.8,µg/m3,2015-08-29 19:00:00 +01:00
4339,NL,STA-NL00016,PM10,9.1,µg/m3,2015-08-29 20:00:00 +01:00
4340,NL,STA-NL00016,PM10,18.1,µg/m3,2015-08-29 15:00:00 +01:00
4341,NL,STA-NL00016,PM10,16.1,µg/m3,2015-08-29 16:00:00 +01:00
4342,NL,STA-NL00016,PM10,17.0,µg/m3,2015-08-30 00:00:00 +01:00
4343,NL,STA-NL00016,PM10,18.4,µg/m3,2015-08-30 08:00:00 +01:00
4344,NL,STA-NL00016,PM10,19.2,µg/m3,2015-08-30 07:00:00 +01:00
4345,NL,STA-NL00016,PM10,17.9,µg/m3,2015-08-30 12:00:00 +01:00
4346,NL,STA-NL00016,PM10,15.7,µg/m3,2015-08-30 16:00:00 +01:00
4347,NL,STA-NL00016,PM10,22.0,µg/m3,2015-08-30 11:00:00 +01:00
4348,NL,STA-NL00016,PM10,12.9,µg/m3,2015-08-29 03:00:00 +01:00
4349,NL,STA-NL00016,PM10,16.3,µg/m3,2015-08-29 04:00:00 +01:00
4350,NL,STA-NL00016,PM10,16.5,µg/m3,2015-08-28 23:00:00 +01:00
4351,NL,STA-NL00016,PM10,18.8,µg/m3,2015-08-29 00:00:00 +01:00
4352,NL,STA-NL00016,PM10,14.3,µg/m3,2015-08-28 16:00:00 +01:00
4353,NL,STA-NL00016,PM10,15.9,µg/m3,2015-08-29 07:00:00 +01:00
4354,NL,STA-NL00016,PM10,15.1,µg/m3,2015-08-29 08:00:00 +01:00
4355,NL,STA-NL00016,PM10,9.4,µg/m3,2015-08-29 12:00:00 +01:00
4356,NL,STA-NL00016,PM10,10.2,µg/m3,2015-08-29 11:00:00 +01:00
4357,NL,STA-NL00016,PM10,9.8,µg/m3,2015-08-26 05:00:00 +01:00
4358,NL,STA-NL00016,PM10,7.9,µg/m3,2015-08-26 02:00:00 +01:00
4359,NL,STA-NL00016,PM10,7.7,µg/m3,2015-08-26 03:00:00 +01:00
4360,NL,STA-NL00016,PM10,10.2,µg/m3,2015-08-26 09:00:00 +01:00
4361,NL,STA-NL00016,PM10,10.7,µg/m3,2015-08-26 06:00:00 +01:00
4362,NL,STA-NL00016,PM10,10.4,µg/m3,2015-08-26 07:00:00 +01:00
4363,NL,STA-NL00016,PM10,9.9,µg/m3,2015-08-26 12:00:00 +01:00
4364,NL,STA-NL00016,PM10,2.8,µg/m3,2015-08-26 14:00:00 +01:00
4365,NL,STA-NL00016,PM10,6.4,µg/m3,2015-08-26 11:00:00 +01:00
4366,NL,STA-NL00016,PM10,6.2,µg/m3,2015-08-26 10:00:00 +01:00
4367,NL,STA-NL00016,PM10,1.0,µg/m3,2015-08-27 02:00:00 +01:00
4368,NL,STA-NL00016,PM10,4.3,µg/m3,2015-08-27 00:00:00 +01:00
4369,NL,STA-NL00016,PM10,-0.3,µg/m3,2015-08-26 22:00:00 +01:00
4370,NL,STA-NL00016,PM10,4.5,µg/m3,2015-08-26 18:00:00 +01:00
4371,NL,STA-NL00016,PM10,3.9,µg/m3,2015-08-26 15:00:00 +01:00
4372,NL,STA-NL00016,PM10,4.8,µg/m3,2015-08-26 19:00:00 +01:00
4373,NL,STA-NL00016,PM10,3.0,µg/m3,2015-08-26 20:00:00 +01:00
4374,NL,STA-NL00016,PM10,14.2,µg/m3,2015-08-25 17:00:00 +01:00
4375,NL,STA-NL00016,PM10,7.7,µg/m3,2015-08-25 14:00:00 +01:00
4376,NL,STA-NL00016,PM10,8.2,µg/m3,2015-08-25 13:00:00 +01:00
4377,NL,STA-NL00016,PM10,18.1,µg/m3,2015-08-25 10:00:00 +01:00
4378,NL,STA-NL00016,PM10,19.8,µg/m3,2015-08-25 09:00:00 +01:00
4379,NL,STA-NL00016,PM10,2.4,µg/m3,2015-08-25 18:00:00 +01:00
4380,NL,STA-NL00016,PM10,0.9,µg/m3,2015-08-25 21:00:00 +01:00
4382,NL,STA-NL00016,PM10,6.2,µg/m3,2015-08-25 22:00:00 +01:00
4383,NL,STA-NL00016,PM10,9.8,µg/m3,2015-08-25 23:00:00 +01:00
4384,NL,STA-NL00016,PM10,10.9,µg/m3,2015-08-26 01:00:00 +01:00
4385,NL,STA-NL00016,PM10,7.0,µg/m3,2015-08-27 19:00:00 +01:00
4386,NL,STA-NL00016,PM10,9.2,µg/m3,2015-08-27 20:00:00 +01:00
4387,NL,STA-NL00016,PM10,0.4,µg/m3,2015-08-27 15:00:00 +01:00
4388,NL,STA-NL00016,PM10,-0.6,µg/m3,2015-08-27 16:00:00 +01:00
4389,NL,STA-NL00016,PM10,15.8,µg/m3,2015-08-27 08:00:00 +01:00
4390,NL,STA-NL00016,PM10,13.3,µg/m3,2015-08-27 07:00:00 +01:00
4391,NL,STA-NL00016,PM10,9.4,µg/m3,2015-08-27 12:00:00 +01:00
4392,NL,STA-NL00016,PM10,3.5,µg/m3,2015-08-27 14:00:00 +01:00
4393,NL,STA-NL00016,PM10,15.5,µg/m3,2015-08-27 11:00:00 +01:00
4394,NL,STA-NL00016,PM10,3.7,µg/m3,2015-08-26 23:00:00 +01:00
4395,NL,STA-NL00016,PM10,3.3,µg/m3,2015-08-27 03:00:00 +01:00
4396,NL,STA-NL00016,PM10,12.7,µg/m3,2015-08-27 10:00:00 +01:00
4397,NL,STA-NL00016,PM10,5.5,µg/m3,2015-08-27 04:00:00 +01:00
4398,NL,STA-NL00016,PM10,6.4,µg/m3,2015-08-26 16:00:00 +01:00
4399,NL,STA-NL00016,PM10,25.1,µg/m3,2015-08-28 07:00:00 +01:00
4400,NL,STA-NL00016,PM10,8.6,µg/m3,2015-08-28 12:00:00 +01:00
4401,NL,STA-NL00016,PM10,7.8,µg/m3,2015-08-28 15:00:00 +01:00
4402,NL,STA-NL00016,PM10,15.0,µg/m3,2015-08-28 03:00:00 +01:00
4403,NL,STA-NL00016,PM10,2.9,µg/m3,2015-08-28 19:00:00 +01:00
4404,NL,STA-NL00016,PM10,24.0,µg/m3,2015-08-28 08:00:00 +01:00
4405,NL,STA-NL00016,PM10,3.3,µg/m3,2015-08-28 20:00:00 +01:00
4406,NL,STA-NL00016,PM10,10.9,µg/m3,2015-08-28 00:00:00 +01:00
4407,NL,STA-NL00016,PM10,16.1,µg/m3,2015-08-28 02:00:00 +01:00
4408,NL,STA-NL00016,PM10,10.1,µg/m3,2015-08-27 23:00:00 +01:00
4409,NL,STA-NL00016,PM10,17.7,µg/m3,2015-08-28 04:00:00 +01:00
4410,NL,STA-NL00016,PM10,7.7,µg/m3,2015-08-28 11:00:00 +01:00
4411,NL,STA-NL00016,PM10,10.0,µg/m3,2015-09-04 00:00:00 +01:00
4412,NL,STA-NL00016,PM10,9.2,µg/m3,2015-09-03 21:00:00 +01:00
4413,NL,STA-NL00016,PM10,11.0,µg/m3,2015-09-03 22:00:00 +01:00
4414,NL,STA-NL00016,PM10,4.8,µg/m3,2015-09-03 19:00:00 +01:00
4415,NL,STA-NL00016,PM10,9.1,µg/m3,2015-09-03 00:00:00 +01:00
4416,NL,STA-NL00016,PM10,6.0,µg/m3,2015-09-03 13:00:00 +01:00
4417,NL,STA-NL00016,PM10,5.4,µg/m3,2015-09-03 12:00:00 +01:00
4418,NL,STA-NL00016,PM10,6.1,µg/m3,2015-09-03 17:00:00 +01:00
4419,NL,STA-NL00016,PM10,10.9,µg/m3,2015-09-03 07:00:00 +01:00
4420,NL,STA-NL00016,PM10,3.9,µg/m3,2015-09-03 16:00:00 +01:00
4421,NL,STA-NL00016,PM10,5.1,µg/m3,2015-09-03 15:00:00 +01:00
4422,NL,STA-NL00016,PM10,8.0,µg/m3,2015-09-03 04:00:00 +01:00
4423,NL,STA-NL00016,PM10,6.1,µg/m3,2015-09-03 03:00:00 +01:00
4424,NL,STA-NL00016,PM10,11.4,µg/m3,2015-09-03 05:00:00 +01:00
4425,NL,STA-NL00016,PM10,6.9,µg/m3,2015-09-03 11:00:00 +01:00
4426,NL,STA-NL00016,PM10,6.2,µg/m3,2015-09-03 09:00:00 +01:00
4427,NL,STA-NL00016,PM10,9.2,µg/m3,2015-09-03 08:00:00 +01:00
4428,NL,STA-NL00016,PM10,5.5,µg/m3,2015-09-03 20:00:00 +01:00
4429,NL,STA-NL00016,PM10,9.3,µg/m3,2015-09-04 08:00:00 +01:00
4430,NL,STA-NL00016,PM10,9.3,µg/m3,2015-09-04 01:00:00 +01:00
4431,NL,STA-NL00016,PM10,10.2,µg/m3,2015-09-04 07:00:00 +01:00
4432,NL,STA-NL00016,PM10,5.5,µg/m3,2015-09-04 11:00:00 +01:00
4433,NL,STA-NL00016,PM10,9.8,µg/m3,2015-09-04 12:00:00 +01:00
4434,NL,STA-NL00016,PM10,6.5,µg/m3,2015-09-04 03:00:00 +01:00
4435,NL,STA-NL00016,PM10,4.5,µg/m3,2015-09-04 04:00:00 +01:00
4436,NL,STA-NL00016,PM10,10.9,µg/m3,2015-09-04 13:00:00 +01:00
4437,NL,STA-NL00016,PM10,5.4,µg/m3,2015-09-04 05:00:00 +01:00
4438,NL,STA-NL00016,PM10,23.6,µg/m3,2015-09-04 21:00:00 +01:00
4439,NL,STA-NL00016,PM10,9.1,µg/m3,2015-09-04 16:00:00 +01:00
4440,NL,STA-NL00016,PM10,16.1,µg/m3,2015-09-04 17:00:00 +01:00
4441,NL,STA-NL00016,PM10,5.1,µg/m3,2015-09-04 15:00:00 +01:00
4442,NL,STA-NL00016,PM10,10.7,µg/m3,2015-09-04 09:00:00 +01:00
4443,NL,STA-NL00016,PM10,6.9,µg/m3,2015-09-02 07:00:00 +01:00
4444,NL,STA-NL00016,PM10,5.4,µg/m3,2015-09-02 03:00:00 +01:00
4445,NL,STA-NL00016,PM10,8.2,µg/m3,2015-09-01 23:00:00 +01:00
4446,NL,STA-NL00016,PM10,5.5,µg/m3,2015-09-01 20:00:00 +01:00
4447,NL,STA-NL00016,PM10,7.9,µg/m3,2015-09-02 00:00:00 +01:00
4448,NL,STA-NL00016,PM10,3.7,µg/m3,2015-09-01 19:00:00 +01:00
4449,NL,STA-NL00016,PM10,8.6,µg/m3,2015-09-01 16:00:00 +01:00
4450,NL,STA-NL00016,PM10,7.0,µg/m3,2015-09-01 15:00:00 +01:00
4451,NL,STA-NL00016,PM10,9.2,µg/m3,2015-09-01 07:00:00 +01:00
4452,NL,STA-NL00016,PM10,16.8,µg/m3,2015-09-01 11:00:00 +01:00
4453,NL,STA-NL00016,PM10,18.1,µg/m3,2015-09-01 12:00:00 +01:00
4454,NL,STA-NL00016,PM10,13.1,µg/m3,2015-09-02 19:00:00 +01:00
4455,NL,STA-NL00016,PM10,10.3,µg/m3,2015-09-02 20:00:00 +01:00
4456,NL,STA-NL00016,PM10,11.8,µg/m3,2015-09-02 23:00:00 +01:00
4457,NL,STA-NL00016,PM10,15.0,µg/m3,2015-09-02 21:00:00 +01:00
4458,NL,STA-NL00016,PM10,6.2,µg/m3,2015-09-02 12:00:00 +01:00
4459,NL,STA-NL00016,PM10,13.6,µg/m3,2015-09-02 13:00:00 +01:00
4460,NL,STA-NL00016,PM10,7.8,µg/m3,2015-09-02 11:00:00 +01:00
4461,NL,STA-NL00016,PM10,7.8,µg/m3,2015-09-02 04:00:00 +01:00
4462,NL,STA-NL00016,PM10,9.9,µg/m3,2015-09-02 08:00:00 +01:00
4463,NL,STA-NL00016,PM10,10.9,µg/m3,2015-09-02 16:00:00 +01:00
4464,NL,STA-NL00016,PM10,13.5,µg/m3,2015-09-02 17:00:00 +01:00
4465,NL,STA-NL00016,PM10,10.2,µg/m3,2015-09-02 15:00:00 +01:00
4466,NL,STA-NL00016,PM10,8.1,µg/m3,2015-09-07 18:00:00 +01:00
4467,NL,STA-NL00016,PM10,14.4,µg/m3,2015-09-07 17:00:00 +01:00
4468,NL,STA-NL00016,PM10,9.1,µg/m3,2015-09-07 21:00:00 +01:00
4469,NL,STA-NL00016,PM10,10.3,µg/m3,2015-09-07 14:00:00 +01:00
4470,NL,STA-NL00016,PM10,7.8,µg/m3,2015-09-07 09:00:00 +01:00
4471,NL,STA-NL00016,PM10,9.4,µg/m3,2015-09-07 13:00:00 +01:00
4472,NL,STA-NL00016,PM10,14.8,µg/m3,2015-09-07 22:00:00 +01:00
4473,NL,STA-NL00016,PM10,12.7,µg/m3,2015-09-08 01:00:00 +01:00
4474,NL,STA-NL00016,PM10,6.0,µg/m3,2015-09-07 05:00:00 +01:00
4475,NL,STA-NL00016,PM10,8.2,µg/m3,2015-09-07 06:00:00 +01:00
4476,NL,STA-NL00016,PM10,8.7,µg/m3,2015-09-07 01:00:00 +01:00
4477,NL,STA-NL00016,PM10,7.3,µg/m3,2015-09-07 10:00:00 +01:00
4478,NL,STA-NL00016,PM10,8.8,µg/m3,2015-09-07 02:00:00 +01:00
4479,NL,STA-NL00016,PM10,8.9,µg/m3,2015-09-06 22:00:00 +01:00
4480,NL,STA-NL00016,PM10,8.0,µg/m3,2015-09-06 21:00:00 +01:00
4481,NL,STA-NL00016,PM10,4.3,µg/m3,2015-09-06 18:00:00 +01:00
4482,NL,STA-NL00016,PM10,4.9,µg/m3,2015-09-06 17:00:00 +01:00
4483,NL,STA-NL00016,PM10,16.0,µg/m3,2015-09-06 14:00:00 +01:00
4484,NL,STA-NL00016,PM10,12.7,µg/m3,2015-09-05 05:00:00 +01:00
4485,NL,STA-NL00016,PM10,9.1,µg/m3,2015-09-05 02:00:00 +01:00
4486,NL,STA-NL00016,PM10,12.7,µg/m3,2015-09-05 04:00:00 +01:00
4487,NL,STA-NL00016,PM10,9.2,µg/m3,2015-09-04 20:00:00 +01:00
4488,NL,STA-NL00016,PM10,10.8,µg/m3,2015-09-04 18:00:00 +01:00
4489,NL,STA-NL00016,PM10,19.8,µg/m3,2015-09-04 22:00:00 +01:00
4490,NL,STA-NL00016,PM10,7.9,µg/m3,2015-09-05 01:00:00 +01:00
4491,NL,STA-NL00016,PM10,20.3,µg/m3,2015-09-05 00:00:00 +01:00
4492,NL,STA-NL00016,PM10,14.6,µg/m3,2015-09-05 10:00:00 +01:00
4493,NL,STA-NL00016,PM10,6.2,µg/m3,2015-09-05 12:00:00 +01:00
4494,NL,STA-NL00016,PM10,6.9,µg/m3,2015-09-05 09:00:00 +01:00
4495,NL,STA-NL00016,PM10,16.5,µg/m3,2015-09-05 08:00:00 +01:00
4496,NL,STA-NL00016,PM10,4.5,µg/m3,2015-09-05 06:00:00 +01:00
4497,NL,STA-NL00016,PM10,11.0,µg/m3,2015-09-05 14:00:00 +01:00
4498,NL,STA-NL00016,PM10,12.0,µg/m3,2015-09-05 17:00:00 +01:00
4499,NL,STA-NL00016,PM10,14.6,µg/m3,2015-09-05 16:00:00 +01:00
4500,NL,STA-NL00016,PM10,14.3,µg/m3,2015-09-05 18:00:00 +01:00
4501,NL,STA-NL00016,PM10,16.6,µg/m3,2015-09-05 13:00:00 +01:00
4502,NL,STA-NL00016,PM10,5.5,µg/m3,2015-09-05 20:00:00 +01:00
4503,NL,STA-NL00016,PM10,15.3,µg/m3,2015-09-05 22:00:00 +01:00
4504,NL,STA-NL00016,PM10,17.8,µg/m3,2015-09-06 02:00:00 +01:00
4505,NL,STA-NL00016,PM10,14.8,µg/m3,2015-09-06 01:00:00 +01:00
4506,NL,STA-NL00016,PM10,6.6,µg/m3,2015-09-06 05:00:00 +01:00
4507,NL,STA-NL00016,PM10,14.7,µg/m3,2015-09-06 06:00:00 +01:00
4508,NL,STA-NL00016,PM10,15.4,µg/m3,2015-09-06 00:00:00 +01:00
4509,NL,STA-NL00016,PM10,9.3,µg/m3,2015-09-06 13:00:00 +01:00
4510,NL,STA-NL00016,PM10,15.9,µg/m3,2015-09-06 10:00:00 +01:00
4511,NL,STA-NL00016,PM10,16.5,µg/m3,2015-09-06 09:00:00 +01:00
4512,NL,STA-NL00016,PM10,7.8,µg/m3,2015-09-05 21:00:00 +01:00
4513,NL,STA-NL00016,PM10,10.7,µg/m3,2015-09-08 18:00:00 +01:00
4514,NL,STA-NL00016,PM10,18.1,µg/m3,2015-09-08 21:00:00 +01:00
4515,NL,STA-NL00016,PM10,22.1,µg/m3,2015-09-08 22:00:00 +01:00
4516,NL,STA-NL00016,PM10,9.5,µg/m3,2015-09-09 02:00:00 +01:00
4517,NL,STA-NL00016,PM10,17.3,µg/m3,2015-09-09 06:00:00 +01:00
4518,NL,STA-NL00016,PM10,9.4,µg/m3,2015-09-09 01:00:00 +01:00
4519,NL,STA-NL00016,PM10,10.1,µg/m3,2015-09-08 17:00:00 +01:00
4520,NL,STA-NL00016,PM10,4.3,µg/m3,2015-09-08 14:00:00 +01:00
4521,NL,STA-NL00016,PM10,15.3,µg/m3,2015-09-08 06:00:00 +01:00
4522,NL,STA-NL00016,PM10,6.8,µg/m3,2015-09-08 13:00:00 +01:00
4523,NL,STA-NL00016,PM10,11.8,µg/m3,2015-09-08 09:00:00 +01:00
4524,NL,STA-NL00016,PM10,7.0,µg/m3,2015-09-08 10:00:00 +01:00
4525,NL,STA-NL00016,PM10,10.1,µg/m3,2015-09-08 05:00:00 +01:00
4526,NL,STA-NL00016,PM10,8.1,µg/m3,2015-09-09 05:00:00 +01:00
4527,NL,STA-NL00016,PM10,10.0,µg/m3,2015-09-18 02:00:00 +01:00
4528,NL,STA-NL00016,PM10,16.2,µg/m3,2015-09-18 05:00:00 +01:00
4529,NL,STA-NL00016,PM10,3.2,µg/m3,2015-09-17 10:00:00 +01:00
4530,NL,STA-NL00016,PM10,14.7,µg/m3,2015-09-18 06:00:00 +01:00
4531,NL,STA-NL00016,PM10,11.9,µg/m3,2015-09-18 13:00:00 +01:00
4532,NL,STA-NL00016,PM10,12.9,µg/m3,2015-09-18 09:00:00 +01:00
4533,NL,STA-NL00016,PM10,7.1,µg/m3,2015-09-19 02:00:00 +01:00
4534,NL,STA-NL00016,PM10,5.1,µg/m3,2015-09-18 21:00:00 +01:00
4535,NL,STA-NL00016,PM10,17.1,µg/m3,2015-09-18 10:00:00 +01:00
4536,NL,STA-NL00016,PM10,11.1,µg/m3,2015-09-18 14:00:00 +01:00
4537,NL,STA-NL00016,PM10,9.0,µg/m3,2015-09-18 18:00:00 +01:00
4538,NL,STA-NL00016,PM10,8.7,µg/m3,2015-09-18 17:00:00 +01:00
4539,NL,STA-NL00016,PM10,11.4,µg/m3,2015-09-19 14:00:00 +01:00
4540,NL,STA-NL00016,PM10,7.5,µg/m3,2015-09-19 17:00:00 +01:00
4541,NL,STA-NL00016,PM10,7.6,µg/m3,2015-09-19 16:00:00 +01:00
4542,NL,STA-NL00016,PM10,8.5,µg/m3,2015-09-19 15:00:00 +01:00
4543,NL,STA-NL00016,PM10,24.0,µg/m3,2015-09-19 06:00:00 +01:00
4544,NL,STA-NL00016,PM10,11.5,µg/m3,2015-09-19 10:00:00 +01:00
4545,NL,STA-NL00016,PM10,19.3,µg/m3,2015-09-19 09:00:00 +01:00
4546,NL,STA-NL00016,PM10,17.7,µg/m3,2015-09-19 05:00:00 +01:00
4547,NL,STA-NL00016,PM10,22.2,µg/m3,2015-09-18 20:00:00 +01:00
4548,NL,STA-NL00016,PM10,6.3,µg/m3,2015-09-19 01:00:00 +01:00
4549,NL,STA-NL00016,PM10,3.5,µg/m3,2015-09-18 22:00:00 +01:00
4550,NL,STA-NL00016,PM10,16.7,µg/m3,2015-09-17 17:00:00 +01:00
4551,NL,STA-NL00016,PM10,15.9,µg/m3,2015-09-18 01:00:00 +01:00
4552,NL,STA-NL00016,PM10,14.0,µg/m3,2015-09-17 21:00:00 +01:00
4553,NL,STA-NL00016,PM10,18.3,µg/m3,2015-09-18 00:00:00 +01:00
4554,NL,STA-NL00016,PM10,14.9,µg/m3,2015-09-17 14:00:00 +01:00
4555,NL,STA-NL00016,PM10,13.8,µg/m3,2015-09-17 18:00:00 +01:00
4556,NL,STA-NL00016,PM10,14.2,µg/m3,2015-09-17 22:00:00 +01:00
4557,NL,STA-NL00016,PM10,14.3,µg/m3,2015-09-17 13:00:00 +01:00
4558,NL,STA-NL00016,PM10,4.8,µg/m3,2015-09-17 06:00:00 +01:00
4559,NL,STA-NL00016,PM10,5.3,µg/m3,2015-09-17 09:00:00 +01:00
4560,NL,STA-NL00016,PM10,6.1,µg/m3,2015-09-17 08:00:00 +01:00
4561,NL,STA-NL00016,PM10,3.0,µg/m3,2015-09-17 05:00:00 +01:00
4562,NL,STA-NL00016,PM10,5.6,µg/m3,2015-09-16 13:00:00 +01:00
4563,NL,STA-NL00016,PM10,2.7,µg/m3,2015-09-16 15:00:00 +01:00
4564,NL,STA-NL00016,PM10,6.7,µg/m3,2015-09-16 07:00:00 +01:00
4565,NL,STA-NL00016,PM10,4.2,µg/m3,2015-09-16 04:00:00 +01:00
4566,NL,STA-NL00016,PM10,6.4,µg/m3,2015-09-15 20:00:00 +01:00
4567,NL,STA-NL00016,PM10,-2.2,µg/m3,2015-09-16 17:00:00 +01:00
4568,NL,STA-NL00016,PM10,1.3,µg/m3,2015-09-16 20:00:00 +01:00
4569,NL,STA-NL00016,PM10,2.5,µg/m3,2015-09-17 00:00:00 +01:00
4570,NL,STA-NL00016,PM10,-0.3,µg/m3,2015-09-16 16:00:00 +01:00
4571,NL,STA-NL00016,PM10,0.3,µg/m3,2015-09-17 01:00:00 +01:00
4572,NL,STA-NL00016,PM10,1.9,µg/m3,2015-09-16 22:00:00 +01:00
4573,NL,STA-NL00016,PM10,0.4,µg/m3,2015-09-17 02:00:00 +01:00
4574,NL,STA-NL00016,PM10,0.6,µg/m3,2015-09-16 21:00:00 +01:00
4575,NL,STA-NL00016,PM10,4.8,µg/m3,2015-09-20 06:00:00 +01:00
4576,NL,STA-NL00016,PM10,10.4,µg/m3,2015-09-19 13:00:00 +01:00
4577,NL,STA-NL00016,PM10,8.8,µg/m3,2015-09-20 10:00:00 +01:00
4578,NL,STA-NL00016,PM10,7.7,µg/m3,2015-09-20 09:00:00 +01:00
4579,NL,STA-NL00016,PM10,8.8,µg/m3,2015-09-20 08:00:00 +01:00
4580,NL,STA-NL00016,PM10,6.5,µg/m3,2015-09-20 05:00:00 +01:00
4581,NL,STA-NL00016,PM10,3.8,µg/m3,2015-09-20 01:00:00 +01:00
4582,NL,STA-NL00016,PM10,5.2,µg/m3,2015-09-20 07:00:00 +01:00
4583,NL,STA-NL00016,PM10,14.0,µg/m3,2015-09-19 21:00:00 +01:00
4584,NL,STA-NL00016,PM10,10.7,µg/m3,2015-09-19 22:00:00 +01:00
4585,NL,STA-NL00016,PM10,10.4,µg/m3,2015-09-19 19:00:00 +01:00
4586,NL,STA-NL00016,PM10,14.4,µg/m3,2015-09-20 14:00:00 +01:00
4587,NL,STA-NL00016,PM10,16.7,µg/m3,2015-09-20 13:00:00 +01:00
4588,NL,STA-NL00016,PM10,11.4,µg/m3,2015-09-20 18:00:00 +01:00
4589,NL,STA-NL00016,PM10,21.2,µg/m3,2015-09-21 00:00:00 +01:00
4590,NL,STA-NL00016,PM10,18.0,µg/m3,2015-09-20 22:00:00 +01:00
4591,NL,STA-NL00016,PM10,20.9,µg/m3,2015-09-20 21:00:00 +01:00
4592,NL,STA-NL00016,PM10,15.4,µg/m3,2015-09-21 01:00:00 +01:00
4593,NL,STA-NL00016,PM10,12.4,µg/m3,2015-09-21 02:00:00 +01:00
4594,NL,STA-NL00016,PM10,27.1,µg/m3,2015-09-21 06:00:00 +01:00
4595,NL,STA-NL00016,PM10,18.6,µg/m3,2015-09-21 03:00:00 +01:00
4596,NL,STA-NL00016,PM10,31.3,µg/m3,2015-09-21 09:00:00 +01:00
4597,NL,STA-NL00016,PM10,26.3,µg/m3,2015-09-21 07:00:00 +01:00
4598,NL,STA-NL00016,PM10,13.7,µg/m3,2015-09-21 15:00:00 +01:00
4599,NL,STA-NL00016,PM10,14.1,µg/m3,2015-09-21 11:00:00 +01:00
4600,NL,STA-NL00016,PM10,20.2,µg/m3,2015-09-21 10:00:00 +01:00
4601,NL,STA-NL00016,PM10,11.2,µg/m3,2015-09-20 17:00:00 +01:00
4602,NL,STA-NL00016,PM10,18.0,µg/m3,2015-09-21 05:00:00 +01:00
4603,NL,STA-NL00016,PM10,10.7,µg/m3,2015-09-21 19:00:00 +01:00
4604,NL,STA-NL00016,PM10,14.3,µg/m3,2015-09-21 23:00:00 +01:00
4605,NL,STA-NL00016,PM10,8.7,µg/m3,2015-09-21 14:00:00 +01:00
4609,NL,STA-NL00016,PM10,10.4,µg/m3,2015-09-10 09:00:00 +01:00
4610,NL,STA-NL00016,PM10,13.5,µg/m3,2015-09-10 10:00:00 +01:00
4619,NL,STA-NL00016,PM10,18.5,µg/m3,2015-09-09 09:00:00 +01:00
4620,NL,STA-NL00016,PM10,8.7,µg/m3,2015-09-09 18:00:00 +01:00
4621,NL,STA-NL00016,PM10,8.0,µg/m3,2015-09-09 13:00:00 +01:00
4622,NL,STA-NL00016,PM10,17.2,µg/m3,2015-09-09 10:00:00 +01:00
4623,NL,STA-NL00016,PM10,8.5,µg/m3,2015-09-10 02:00:00 +01:00
4624,NL,STA-NL00016,PM10,15.6,µg/m3,2015-09-10 05:00:00 +01:00
4625,NL,STA-NL00016,PM10,12.0,µg/m3,2015-09-10 06:00:00 +01:00
4626,NL,STA-NL00016,PM10,12.1,µg/m3,2015-09-09 21:00:00 +01:00
4627,NL,STA-NL00016,PM10,11.8,µg/m3,2015-09-09 17:00:00 +01:00
4628,NL,STA-NL00016,PM10,11.7,µg/m3,2015-09-09 22:00:00 +01:00
4629,NL,STA-NL00016,PM10,8.9,µg/m3,2015-09-10 01:00:00 +01:00
4630,NL,STA-NL00016,PM10,7.5,µg/m3,2015-09-09 14:00:00 +01:00
4631,NL,STA-NL00016,PM10,26.0,µg/m3,2015-09-12 10:00:00 +01:00
4632,NL,STA-NL00016,PM10,18.4,µg/m3,2015-09-11 15:00:00 +01:00
4633,NL,STA-NL00016,PM10,34.4,µg/m3,2015-09-12 06:00:00 +01:00
4634,NL,STA-NL00016,PM10,33.4,µg/m3,2015-09-12 02:00:00 +01:00
4635,NL,STA-NL00016,PM10,25.9,µg/m3,2015-09-11 23:00:00 +01:00
4636,NL,STA-NL00016,PM10,23.3,µg/m3,2015-09-12 11:00:00 +01:00
4637,NL,STA-NL00016,PM10,30.9,µg/m3,2015-09-12 07:00:00 +01:00
4638,NL,STA-NL00016,PM10,25.6,µg/m3,2015-09-12 08:00:00 +01:00
4639,NL,STA-NL00016,PM10,20.3,µg/m3,2015-09-12 19:00:00 +01:00
4640,NL,STA-NL00016,PM10,20.0,µg/m3,2015-09-12 20:00:00 +01:00
4641,NL,STA-NL00016,PM10,18.8,µg/m3,2015-09-12 16:00:00 +01:00
4642,NL,STA-NL00016,PM10,34.0,µg/m3,2015-09-12 12:00:00 +01:00
4643,NL,STA-NL00016,PM10,24.9,µg/m3,2015-09-12 14:00:00 +01:00
4644,NL,STA-NL00016,PM10,25.3,µg/m3,2015-09-12 15:00:00 +01:00
4645,NL,STA-NL00016,PM10,9.3,µg/m3,2015-09-13 04:00:00 +01:00
4650,NL,STA-NL00016,PM10,13.3,µg/m3,2015-09-11 20:00:00 +01:00
4651,NL,STA-NL00016,PM10,14.0,µg/m3,2015-09-11 13:00:00 +01:00
4653,NL,STA-NL00016,PM10,14.7,µg/m3,2015-09-11 11:00:00 +01:00
4654,NL,STA-NL00016,PM10,16.2,µg/m3,2015-09-11 14:00:00 +01:00
4655,NL,STA-NL00016,PM10,21.0,µg/m3,2015-09-11 18:00:00 +01:00
4656,NL,STA-NL00016,PM10,20.6,µg/m3,2015-09-11 17:00:00 +01:00
4657,NL,STA-NL00016,PM10,32.0,µg/m3,2015-09-12 04:00:00 +01:00
4658,NL,STA-NL00016,PM10,14.4,µg/m3,2015-09-11 19:00:00 +01:00
4659,NL,STA-NL00016,PM10,26.2,µg/m3,2015-09-12 03:00:00 +01:00
4660,NL,STA-NL00016,PM10,6.6,µg/m3,2015-09-16 00:00:00 +01:00
4661,NL,STA-NL00016,PM10,3.4,µg/m3,2015-09-15 23:00:00 +01:00
4662,NL,STA-NL00016,PM10,2.8,µg/m3,2015-09-16 05:00:00 +01:00
4663,NL,STA-NL00016,PM10,5.4,µg/m3,2015-09-16 03:00:00 +01:00
4664,NL,STA-NL00016,PM10,9.2,µg/m3,2015-09-16 08:00:00 +01:00
4665,NL,STA-NL00016,PM10,5.1,µg/m3,2015-09-16 11:00:00 +01:00
4666,NL,STA-NL00016,PM10,5.0,µg/m3,2015-09-16 12:00:00 +01:00
4667,NL,STA-NL00016,PM10,6.2,µg/m3,2015-09-16 09:00:00 +01:00
4668,NL,STA-NL00016,PM10,7.5,µg/m3,2015-09-15 21:00:00 +01:00
4669,NL,STA-NL00016,PM10,4.5,µg/m3,2015-09-15 19:00:00 +01:00
4670,NL,STA-NL00016,PM10,1.6,µg/m3,2015-09-15 12:00:00 +01:00
4671,NL,STA-NL00016,PM10,5.5,µg/m3,2015-09-15 11:00:00 +01:00
4672,NL,STA-NL00016,PM10,3.2,µg/m3,2015-09-15 15:00:00 +01:00
4673,NL,STA-NL00016,PM10,4.5,µg/m3,2015-09-15 16:00:00 +01:00
4674,NL,STA-NL00016,PM10,2.8,µg/m3,2015-09-15 07:00:00 +01:00
4675,NL,STA-NL00016,PM10,3.2,µg/m3,2015-09-15 08:00:00 +01:00
4676,NL,STA-NL00016,PM10,0.2,µg/m3,2015-09-14 15:00:00 +01:00
4677,NL,STA-NL00016,PM10,2.8,µg/m3,2015-09-14 16:00:00 +01:00
4678,NL,STA-NL00016,PM10,4.4,µg/m3,2015-09-15 03:00:00 +01:00
4679,NL,STA-NL00016,PM10,0.0,µg/m3,2015-09-15 04:00:00 +01:00
4680,NL,STA-NL00016,PM10,4.6,µg/m3,2015-09-14 20:00:00 +01:00
4681,NL,STA-NL00016,PM10,9.2,µg/m3,2015-09-14 23:00:00 +01:00
4682,NL,STA-NL00016,PM10,5.6,µg/m3,2015-09-14 11:00:00 +01:00
4683,NL,STA-NL00016,PM10,5.0,µg/m3,2015-09-14 19:00:00 +01:00
4684,NL,STA-NL00016,PM10,7.9,µg/m3,2015-09-14 04:00:00 +01:00
4685,NL,STA-NL00016,PM10,2.9,µg/m3,2015-09-14 12:00:00 +01:00
4686,NL,STA-NL00016,PM10,6.8,µg/m3,2015-09-14 03:00:00 +01:00
4688,NL,STA-NL00016,PM10,30.1,µg/m3,2015-09-14 07:00:00 +01:00
4689,NL,STA-NL00016,PM10,5.0,µg/m3,2015-09-14 00:00:00 +01:00
4690,NL,STA-NL00016,PM10,7.0,µg/m3,2015-09-13 23:00:00 +01:00
4691,NL,STA-NL00016,PM10,16.9,µg/m3,2015-09-13 03:00:00 +01:00
4692,NL,STA-NL00016,PM10,19.7,µg/m3,2015-09-13 19:00:00 +01:00
4693,NL,STA-NL00016,PM10,7.5,µg/m3,2015-09-13 20:00:00 +01:00
4694,NL,STA-NL00016,PM10,13.4,µg/m3,2015-09-13 16:00:00 +01:00
4695,NL,STA-NL00016,PM10,16.7,µg/m3,2015-09-13 08:00:00 +01:00
4696,NL,STA-NL00016,PM10,14.3,µg/m3,2015-09-13 15:00:00 +01:00
4697,NL,STA-NL00016,PM10,10.7,µg/m3,2015-09-13 07:00:00 +01:00
4698,NL,STA-NL00016,PM10,15.1,µg/m3,2015-09-13 11:00:00 +01:00
4699,NL,STA-NL00016,PM10,12.2,µg/m3,2015-09-13 00:00:00 +01:00
4700,NL,STA-NL00016,PM10,17.1,µg/m3,2015-09-13 12:00:00 +01:00
4701,NL,STA-NL00016,PM10,12.7,µg/m3,2015-09-12 23:00:00 +01:00
4702,NL,STA-NL00016,PM10,15.6,µg/m3,2015-09-25 08:00:00 +01:00
4703,NL,STA-NL00016,PM10,6.2,µg/m3,2015-09-25 03:00:00 +01:00
4704,NL,STA-NL00016,PM10,5.2,µg/m3,2015-09-25 04:00:00 +01:00
4705,NL,STA-NL00016,PM10,2.8,µg/m3,2015-09-24 19:00:00 +01:00
4706,NL,STA-NL00016,PM10,15.7,µg/m3,2015-09-25 00:00:00 +01:00
4707,NL,STA-NL00016,PM10,14.5,µg/m3,2015-09-24 23:00:00 +01:00
4708,NL,STA-NL00016,PM10,1.1,µg/m3,2015-09-24 16:00:00 +01:00
4709,NL,STA-NL00016,PM10,15.3,µg/m3,2015-09-25 07:00:00 +01:00
4710,NL,STA-NL00016,PM10,14.8,µg/m3,2015-09-25 11:00:00 +01:00
4711,NL,STA-NL00016,PM10,8.2,µg/m3,2015-09-25 16:00:00 +01:00
4712,NL,STA-NL00016,PM10,15.3,µg/m3,2015-09-25 19:00:00 +01:00
4713,NL,STA-NL00016,PM10,9.4,µg/m3,2015-09-25 20:00:00 +01:00
4714,NL,STA-NL00016,PM10,12.0,µg/m3,2015-09-25 12:00:00 +01:00
4715,NL,STA-NL00016,PM10,8.7,µg/m3,2015-09-25 15:00:00 +01:00
4716,NL,STA-NL00016,PM10,24.6,µg/m3,2015-09-26 00:00:00 +01:00
4717,NL,STA-NL00016,PM10,24.2,µg/m3,2015-09-25 23:00:00 +01:00
4718,NL,STA-NL00016,PM10,29.1,µg/m3,2015-09-26 07:00:00 +01:00
4719,NL,STA-NL00016,PM10,23.8,µg/m3,2015-09-26 03:00:00 +01:00
4720,NL,STA-NL00016,PM10,18.9,µg/m3,2015-09-26 04:00:00 +01:00
4721,NL,STA-NL00016,PM10,15.3,µg/m3,2015-09-26 12:00:00 +01:00
4722,NL,STA-NL00016,PM10,9.5,µg/m3,2015-09-26 16:00:00 +01:00
4723,NL,STA-NL00016,PM10,29.3,µg/m3,2015-09-26 08:00:00 +01:00
4724,NL,STA-NL00016,PM10,10.2,µg/m3,2015-09-26 11:00:00 +01:00
4725,NL,STA-NL00016,PM10,7.4,µg/m3,2015-09-26 15:00:00 +01:00
4726,NL,STA-NL00016,PM10,4.4,µg/m3,2015-09-27 01:00:00 +01:00
4727,NL,STA-NL00016,PM10,5.4,µg/m3,2015-09-27 00:00:00 +01:00
4728,NL,STA-NL00016,PM10,13.0,µg/m3,2015-09-26 13:00:00 +01:00
4729,NL,STA-NL00016,PM10,9.3,µg/m3,2015-09-26 17:00:00 +01:00
4730,NL,STA-NL00016,PM10,13.7,µg/m3,2015-09-26 20:00:00 +01:00
4731,NL,STA-NL00016,PM10,-0.3,µg/m3,2015-09-26 19:00:00 +01:00
4732,NL,STA-NL00016,PM10,6.5,µg/m3,2015-09-26 21:00:00 +01:00
4733,NL,STA-NL00016,PM10,6.0,µg/m3,2015-09-26 23:00:00 +01:00
4734,NL,STA-NL00016,PM10,10.0,µg/m3,2015-09-27 05:00:00 +01:00
4735,NL,STA-NL00016,PM10,4.1,µg/m3,2015-09-27 13:00:00 +01:00
4736,NL,STA-NL00016,PM10,6.5,µg/m3,2015-09-27 18:00:00 +01:00
4737,NL,STA-NL00016,PM10,4.1,µg/m3,2015-09-27 09:00:00 +01:00
4738,NL,STA-NL00016,PM10,5.2,µg/m3,2015-09-27 16:00:00 +01:00
4739,NL,STA-NL00016,PM10,6.4,µg/m3,2015-09-27 20:00:00 +01:00
4740,NL,STA-NL00016,PM10,6.8,µg/m3,2015-09-27 17:00:00 +01:00
4741,NL,STA-NL00016,PM10,13.1,µg/m3,2015-09-27 07:00:00 +01:00
4742,NL,STA-NL00016,PM10,6.5,µg/m3,2015-09-27 04:00:00 +01:00
4743,NL,STA-NL00016,PM10,5.6,µg/m3,2015-09-27 03:00:00 +01:00
4744,NL,STA-NL00016,PM10,2.9,µg/m3,2015-09-27 10:00:00 +01:00
4745,NL,STA-NL00016,PM10,6.5,µg/m3,2015-09-27 08:00:00 +01:00
4746,NL,STA-NL00016,PM10,6.2,µg/m3,2015-09-27 12:00:00 +01:00
4747,NL,STA-NL00016,PM10,12.8,µg/m3,2015-09-22 22:00:00 +01:00
4748,NL,STA-NL00016,PM10,14.7,µg/m3,2015-09-22 19:00:00 +01:00
4749,NL,STA-NL00016,PM10,16.6,µg/m3,2015-09-22 23:00:00 +01:00
4750,NL,STA-NL00016,PM10,1.1,µg/m3,2015-09-23 02:00:00 +01:00
4751,NL,STA-NL00016,PM10,17.9,µg/m3,2015-09-22 18:00:00 +01:00
4752,NL,STA-NL00016,PM10,10.7,µg/m3,2015-09-22 11:00:00 +01:00
4753,NL,STA-NL00016,PM10,11.3,µg/m3,2015-09-22 20:00:00 +01:00
4754,NL,STA-NL00016,PM10,-1.1,µg/m3,2015-09-22 05:00:00 +01:00
4755,NL,STA-NL00016,PM10,4.2,µg/m3,2015-09-22 07:00:00 +01:00
4756,NL,STA-NL00016,PM10,-1.6,µg/m3,2015-09-23 03:00:00 +01:00
4757,NL,STA-NL00016,PM10,3.7,µg/m3,2015-09-23 06:00:00 +01:00
4758,NL,STA-NL00016,PM10,7.4,µg/m3,2015-09-23 00:00:00 +01:00
4759,NL,STA-NL00016,PM10,6.9,µg/m3,2015-09-22 15:00:00 +01:00
4760,NL,STA-NL00016,PM10,0.5,µg/m3,2015-09-23 04:00:00 +01:00
4761,NL,STA-NL00016,PM10,8.3,µg/m3,2015-09-22 01:00:00 +01:00
4762,NL,STA-NL00016,PM10,13.6,µg/m3,2015-09-21 22:00:00 +01:00
4763,NL,STA-NL00016,PM10,11.1,µg/m3,2015-09-21 21:00:00 +01:00
4764,NL,STA-NL00016,PM10,13.6,µg/m3,2015-09-22 02:00:00 +01:00
4765,NL,STA-NL00016,PM10,12.8,µg/m3,2015-09-22 03:00:00 +01:00
4766,NL,STA-NL00016,PM10,11.6,µg/m3,2015-09-21 18:00:00 +01:00
4767,NL,STA-NL00016,PM10,2.4,µg/m3,2015-09-22 06:00:00 +01:00
4768,NL,STA-NL00016,PM10,14.1,µg/m3,2015-09-22 16:00:00 +01:00
4769,NL,STA-NL00016,PM10,8.8,µg/m3,2015-09-22 12:00:00 +01:00
4770,NL,STA-NL00016,PM10,7.4,µg/m3,2015-09-22 08:00:00 +01:00
4771,NL,STA-NL00016,PM10,14.2,µg/m3,2015-09-22 10:00:00 +01:00
4772,NL,STA-NL00016,PM10,4.1,µg/m3,2015-09-23 12:00:00 +01:00
4773,NL,STA-NL00016,PM10,1.2,µg/m3,2015-09-23 14:00:00 +01:00
4774,NL,STA-NL00016,PM10,7.1,µg/m3,2015-09-23 11:00:00 +01:00
4775,NL,STA-NL00016,PM10,10.9,µg/m3,2015-09-23 08:00:00 +01:00
4776,NL,STA-NL00016,PM10,10.1,µg/m3,2015-09-23 07:00:00 +01:00
4777,NL,STA-NL00016,PM10,3.7,µg/m3,2015-09-23 15:00:00 +01:00
4778,NL,STA-NL00016,PM10,8.0,µg/m3,2015-09-23 16:00:00 +01:00
4779,NL,STA-NL00016,PM10,13.4,µg/m3,2015-09-23 20:00:00 +01:00
4780,NL,STA-NL00016,PM10,14.7,µg/m3,2015-09-23 19:00:00 +01:00
4781,NL,STA-NL00016,PM10,7.6,µg/m3,2015-09-23 10:00:00 +01:00
4782,NL,STA-NL00016,PM10,14.0,µg/m3,2015-09-23 23:00:00 +01:00
4783,NL,STA-NL00016,PM10,12.5,µg/m3,2015-09-24 00:00:00 +01:00
4784,NL,STA-NL00016,PM10,15.6,µg/m3,2015-09-24 02:00:00 +01:00
4785,NL,STA-NL00016,PM10,14.7,µg/m3,2015-09-24 04:00:00 +01:00
4786,NL,STA-NL00016,PM10,12.3,µg/m3,2015-09-24 03:00:00 +01:00
4787,NL,STA-NL00016,PM10,8.6,µg/m3,2015-09-24 11:00:00 +01:00
4788,NL,STA-NL00016,PM10,14.8,µg/m3,2015-09-24 07:00:00 +01:00
4789,NL,STA-NL00016,PM10,15.3,µg/m3,2015-09-24 06:00:00 +01:00
4790,NL,STA-NL00016,PM10,12.7,µg/m3,2015-09-24 10:00:00 +01:00
4791,NL,STA-NL00016,PM10,11.6,µg/m3,2015-09-24 08:00:00 +01:00
4792,NL,STA-NL00016,PM10,8.8,µg/m3,2015-09-24 12:00:00 +01:00
4793,NL,STA-NL00016,PM10,2.9,µg/m3,2015-09-24 14:00:00 +01:00
4794,NL,STA-NL00016,PM10,3.0,µg/m3,2015-09-24 15:00:00 +01:00
4795,NL,STA-NL00016,PM10,4.5,µg/m3,2015-09-24 20:00:00 +01:00
4796,NL,STA-NL00016,PM10,6.5,µg/m3,2015-09-30 03:00:00 +01:00
4797,NL,STA-NL00016,PM10,7.7,µg/m3,2015-09-30 10:00:00 +01:00
4798,NL,STA-NL00016,PM10,6.3,µg/m3,2015-09-29 18:00:00 +01:00
4799,NL,STA-NL00016,PM10,15.0,µg/m3,2015-09-30 07:00:00 +01:00
4800,NL,STA-NL00016,PM10,14.4,µg/m3,2015-09-30 05:00:00 +01:00
4801,NL,STA-NL00016,PM10,14.1,µg/m3,2015-09-30 11:00:00 +01:00
4802,NL,STA-NL00016,PM10,7.6,µg/m3,2015-09-30 15:00:00 +01:00
4803,NL,STA-NL00016,PM10,7.2,µg/m3,2015-09-29 21:00:00 +01:00
4804,NL,STA-NL00016,PM10,11.1,µg/m3,2015-09-29 10:00:00 +01:00
4805,NL,STA-NL00016,PM10,9.1,µg/m3,2015-09-29 14:00:00 +01:00
4806,NL,STA-NL00016,PM10,6.9,µg/m3,2015-09-30 02:00:00 +01:00
4807,NL,STA-NL00016,PM10,6.0,µg/m3,2015-09-29 22:00:00 +01:00
4808,NL,STA-NL00016,PM10,7.2,µg/m3,2015-09-30 01:00:00 +01:00
4809,NL,STA-NL00016,PM10,9.8,µg/m3,2015-09-30 16:00:00 +01:00
4810,NL,STA-NL00016,PM10,14.8,µg/m3,2015-09-30 09:00:00 +01:00
4811,NL,STA-NL00016,PM10,7.6,µg/m3,2015-09-30 13:00:00 +01:00
4812,NL,STA-NL00016,PM10,10.9,µg/m3,2015-09-30 17:00:00 +01:00
4813,NL,STA-NL00016,PM10,10.2,µg/m3,2015-09-30 21:00:00 +01:00
4814,NL,STA-NL00016,PM10,14.0,µg/m3,2015-09-30 22:00:00 +01:00
4815,NL,STA-NL00016,PM10,14.9,µg/m3,2015-09-30 06:00:00 +01:00
4816,NL,STA-NL00016,PM10,7.1,µg/m3,2015-09-30 23:00:00 +01:00
4817,NL,STA-NL00016,PM10,7.5,µg/m3,2015-09-30 19:00:00 +01:00
4818,NL,STA-NL00016,PM10,20.4,µg/m3,2015-10-01 06:00:00 +01:00
4819,NL,STA-NL00016,PM10,14.4,µg/m3,2015-10-01 02:00:00 +01:00
4820,NL,STA-NL00016,PM10,20.8,µg/m3,2015-10-01 07:00:00 +01:00
4821,NL,STA-NL00016,PM10,22.6,µg/m3,2015-10-01 05:00:00 +01:00
4822,NL,STA-NL00016,PM10,14.7,µg/m3,2015-10-01 08:00:00 +01:00
4823,NL,STA-NL00016,PM10,11.0,µg/m3,2015-10-01 01:00:00 +01:00
4824,NL,STA-NL00016,PM10,10.1,µg/m3,2015-09-28 21:00:00 +01:00
4825,NL,STA-NL00016,PM10,16.5,µg/m3,2015-09-29 05:00:00 +01:00
4826,NL,STA-NL00016,PM10,8.0,µg/m3,2015-09-28 17:00:00 +01:00
4827,NL,STA-NL00016,PM10,8.2,µg/m3,2015-09-28 22:00:00 +01:00
4828,NL,STA-NL00016,PM10,7.8,µg/m3,2015-09-29 13:00:00 +01:00
4829,NL,STA-NL00016,PM10,8.1,µg/m3,2015-09-29 17:00:00 +01:00
4830,NL,STA-NL00016,PM10,18.5,µg/m3,2015-09-29 06:00:00 +01:00
4831,NL,STA-NL00016,PM10,11.0,µg/m3,2015-09-29 09:00:00 +01:00
4832,NL,STA-NL00016,PM10,10.4,µg/m3,2015-09-29 01:00:00 +01:00
4833,NL,STA-NL00016,PM10,9.4,µg/m3,2015-09-29 02:00:00 +01:00
4834,NL,STA-NL00016,PM10,5.6,µg/m3,2015-09-28 13:00:00 +01:00
4835,NL,STA-NL00016,PM10,6.2,µg/m3,2015-09-28 14:00:00 +01:00
4836,NL,STA-NL00016,PM10,7.9,µg/m3,2015-09-28 18:00:00 +01:00
4837,NL,STA-NL00016,PM10,7.5,µg/m3,2015-09-28 10:00:00 +01:00
4838,NL,STA-NL00016,PM10,6.4,µg/m3,2015-09-28 09:00:00 +01:00
4839,NL,STA-NL00016,PM10,20.7,µg/m3,2015-09-28 06:00:00 +01:00
4840,NL,STA-NL00016,PM10,9.5,µg/m3,2015-09-28 05:00:00 +01:00
4841,NL,STA-NL00016,PM10,11.6,µg/m3,2015-09-28 02:00:00 +01:00
4842,NL,STA-NL00016,PM10,69.1,µg/m3,2015-09-28 01:00:00 +01:00
4843,NL,STA-NL00016,PM10,4.3,µg/m3,2015-09-27 21:00:00 +01:00
4844,NL,STA-NL00016,PM10,6.1,µg/m3,2015-09-27 22:00:00 +01:00
4845,NL,STA-NL00016,PM10,35.1,µg/m3,2015-10-03 02:00:00 +01:00
4846,NL,STA-NL00016,PM10,33.5,µg/m3,2015-10-02 22:00:00 +01:00
4847,NL,STA-NL00016,PM10,28.6,µg/m3,2015-10-03 06:00:00 +01:00
4848,NL,STA-NL00016,PM10,32.7,µg/m3,2015-10-03 04:00:00 +01:00
4849,NL,STA-NL00016,PM10,21.1,µg/m3,2015-10-02 16:00:00 +01:00
4850,NL,STA-NL00016,PM10,38.7,µg/m3,2015-10-03 00:00:00 +01:00
4851,NL,STA-NL00016,PM10,32.8,µg/m3,2015-10-03 03:00:00 +01:00
4852,NL,STA-NL00016,PM10,21.3,µg/m3,2015-10-02 20:00:00 +01:00
4853,NL,STA-NL00016,PM10,29.3,µg/m3,2015-10-02 23:00:00 +01:00
4854,NL,STA-NL00016,PM10,37.6,µg/m3,2015-10-03 07:00:00 +01:00
4855,NL,STA-NL00016,PM10,35.6,µg/m3,2015-10-03 11:00:00 +01:00
4856,NL,STA-NL00016,PM10,21.1,µg/m3,2015-10-02 19:00:00 +01:00
4857,NL,STA-NL00016,PM10,19.4,µg/m3,2015-10-02 18:00:00 +01:00
4858,NL,STA-NL00016,PM10,21.0,µg/m3,2015-10-02 12:00:00 +01:00
4859,NL,STA-NL00016,PM10,25.4,µg/m3,2015-10-02 10:00:00 +01:00
4860,NL,STA-NL00016,PM10,21.4,µg/m3,2015-10-02 15:00:00 +01:00
4861,NL,STA-NL00016,PM10,14.2,µg/m3,2015-10-02 05:00:00 +01:00
4862,NL,STA-NL00016,PM10,25.4,µg/m3,2015-10-02 02:00:00 +01:00
4863,NL,STA-NL00016,PM10,28.7,µg/m3,2015-10-02 07:00:00 +01:00
4864,NL,STA-NL00016,PM10,18.9,µg/m3,2015-10-02 11:00:00 +01:00
4865,NL,STA-NL00016,PM10,19.7,µg/m3,2015-10-01 15:00:00 +01:00
4866,NL,STA-NL00016,PM10,15.4,µg/m3,2015-10-01 03:00:00 +01:00
4867,NL,STA-NL00016,PM10,11.5,µg/m3,2015-10-01 17:00:00 +01:00
4868,NL,STA-NL00016,PM10,13.3,µg/m3,2015-10-01 10:00:00 +01:00
4869,NL,STA-NL00016,PM10,12.8,µg/m3,2015-10-01 14:00:00 +01:00
4870,NL,STA-NL00016,PM10,12.0,µg/m3,2015-10-01 11:00:00 +01:00
4871,NL,STA-NL00016,PM10,18.4,µg/m3,2015-10-01 21:00:00 +01:00
4872,NL,STA-NL00016,PM10,7.2,µg/m3,2015-10-01 19:00:00 +01:00
4873,NL,STA-NL00016,PM10,9.4,µg/m3,2015-10-01 18:00:00 +01:00
4874,NL,STA-NL00016,PM10,29.8,µg/m3,2015-10-02 06:00:00 +01:00
4875,NL,STA-NL00016,PM10,27.0,µg/m3,2015-10-02 03:00:00 +01:00
4876,NL,STA-NL00016,PM10,19.8,µg/m3,2015-10-01 22:00:00 +01:00
4877,NL,STA-NL00016,PM10,22.0,µg/m3,2015-10-02 01:00:00 +01:00
4878,NL,STA-NL00016,PM10,23.9,µg/m3,2015-10-01 23:00:00 +01:00
4879,NL,STA-NL00016,PM10,28.1,µg/m3,2015-10-05 04:00:00 +01:00
4880,NL,STA-NL00016,PM10,13.3,µg/m3,2015-10-05 15:00:00 +01:00
4881,NL,STA-NL00016,PM10,17.1,µg/m3,2015-10-05 16:00:00 +01:00
4882,NL,STA-NL00016,PM10,12.1,µg/m3,2015-10-05 10:00:00 +01:00
4883,NL,STA-NL00016,PM10,15.7,µg/m3,2015-10-05 11:00:00 +01:00
4886,NL,STA-NL00016,PM10,53.5,µg/m3,2015-10-05 03:00:00 +01:00
4887,NL,STA-NL00016,PM10,71.4,µg/m3,2015-10-04 23:00:00 +01:00
4888,NL,STA-NL00016,PM10,57.5,µg/m3,2015-10-05 00:00:00 +01:00
4889,NL,STA-NL00016,PM10,11.8,µg/m3,2015-10-05 14:00:00 +01:00
4890,NL,STA-NL00016,PM10,18.0,µg/m3,2015-10-05 19:00:00 +01:00
4891,NL,STA-NL00016,PM10,19.1,µg/m3,2015-10-05 20:00:00 +01:00
4892,NL,STA-NL00016,PM10,6.1,µg/m3,2015-10-06 08:00:00 +01:00
4893,NL,STA-NL00016,PM10,3.5,µg/m3,2015-10-06 11:00:00 +01:00
4894,NL,STA-NL00016,PM10,15.0,µg/m3,2015-10-06 00:00:00 +01:00
4895,NL,STA-NL00016,PM10,13.3,µg/m3,2015-10-06 04:00:00 +01:00
4896,NL,STA-NL00016,PM10,13.5,µg/m3,2015-10-05 23:00:00 +01:00
4897,NL,STA-NL00016,PM10,46.0,µg/m3,2015-10-04 18:00:00 +01:00
4898,NL,STA-NL00016,PM10,47.4,µg/m3,2015-10-04 19:00:00 +01:00
4899,NL,STA-NL00016,PM10,31.9,µg/m3,2015-10-04 16:00:00 +01:00
4900,NL,STA-NL00016,PM10,58.9,µg/m3,2015-10-04 11:00:00 +01:00
4901,NL,STA-NL00016,PM10,31.6,µg/m3,2015-10-04 15:00:00 +01:00
4902,NL,STA-NL00016,PM10,49.1,µg/m3,2015-10-04 12:00:00 +01:00
4903,NL,STA-NL00016,PM10,40.1,µg/m3,2015-10-04 14:00:00 +01:00
4904,NL,STA-NL00016,PM10,57.9,µg/m3,2015-10-03 23:00:00 +01:00
4905,NL,STA-NL00016,PM10,32.4,µg/m3,2015-10-04 07:00:00 +01:00
4906,NL,STA-NL00016,PM10,41.4,µg/m3,2015-10-04 08:00:00 +01:00
4907,NL,STA-NL00016,PM10,50.7,µg/m3,2015-10-04 04:00:00 +01:00
4908,NL,STA-NL00016,PM10,55.3,µg/m3,2015-10-04 10:00:00 +01:00
4909,NL,STA-NL00016,PM10,39.0,µg/m3,2015-10-03 15:00:00 +01:00
4910,NL,STA-NL00016,PM10,51.1,µg/m3,2015-10-03 19:00:00 +01:00
4911,NL,STA-NL00016,PM10,35.3,µg/m3,2015-10-03 08:00:00 +01:00
4912,NL,STA-NL00016,PM10,41.5,µg/m3,2015-10-03 16:00:00 +01:00
4913,NL,STA-NL00016,PM10,38.3,µg/m3,2015-10-03 14:00:00 +01:00
4914,NL,STA-NL00016,PM10,39.4,µg/m3,2015-10-03 10:00:00 +01:00
4915,NL,STA-NL00016,PM10,56.8,µg/m3,2015-10-04 00:00:00 +01:00
4916,NL,STA-NL00016,PM10,56.3,µg/m3,2015-10-03 20:00:00 +01:00
4917,NL,STA-NL00016,PM10,53.5,µg/m3,2015-10-04 02:00:00 +01:00
4918,NL,STA-NL00016,PM10,46.6,µg/m3,2015-10-04 03:00:00 +01:00
4919,NL,STA-NL00016,PM10,50.5,µg/m3,2015-10-03 18:00:00 +01:00
4920,NL,STA-NL00016,PM10,9.3,µg/m3,2015-10-08 13:00:00 +01:00
4921,NL,STA-NL00016,PM10,9.5,µg/m3,2015-10-08 14:00:00 +01:00
4922,NL,STA-NL00016,PM10,15.3,µg/m3,2015-10-08 09:00:00 +01:00
4923,NL,STA-NL00016,PM10,9.0,µg/m3,2015-10-09 02:00:00 +01:00
4924,NL,STA-NL00016,PM10,8.8,µg/m3,2015-10-08 17:00:00 +01:00
4925,NL,STA-NL00016,PM10,8.4,µg/m3,2015-10-09 01:00:00 +01:00
4926,NL,STA-NL00016,PM10,6.2,µg/m3,2015-10-07 20:00:00 +01:00
4927,NL,STA-NL00016,PM10,8.2,µg/m3,2015-10-07 18:00:00 +01:00
4928,NL,STA-NL00016,PM10,2.9,µg/m3,2015-10-07 16:00:00 +01:00
4929,NL,STA-NL00016,PM10,5.0,µg/m3,2015-10-07 14:00:00 +01:00
4930,NL,STA-NL00016,PM10,9.0,µg/m3,2015-10-08 01:00:00 +01:00
4931,NL,STA-NL00016,PM10,10.1,µg/m3,2015-10-08 00:00:00 +01:00
4932,NL,STA-NL00016,PM10,3.9,µg/m3,2015-10-07 22:00:00 +01:00
4933,NL,STA-NL00016,PM10,18.0,µg/m3,2015-10-08 04:00:00 +01:00
4934,NL,STA-NL00016,PM10,6.2,µg/m3,2015-10-07 17:00:00 +01:00
4935,NL,STA-NL00016,PM10,13.2,µg/m3,2015-10-08 02:00:00 +01:00
4936,NL,STA-NL00016,PM10,8.7,µg/m3,2015-10-07 13:00:00 +01:00
4937,NL,STA-NL00016,PM10,17.4,µg/m3,2015-10-08 06:00:00 +01:00
4938,NL,STA-NL00016,PM10,13.2,µg/m3,2015-10-08 08:00:00 +01:00
4939,NL,STA-NL00016,PM10,14.7,µg/m3,2015-10-08 10:00:00 +01:00
4940,NL,STA-NL00016,PM10,15.9,µg/m3,2015-10-08 05:00:00 +01:00
4941,NL,STA-NL00016,PM10,2.7,µg/m3,2015-10-07 00:00:00 +01:00
4942,NL,STA-NL00016,PM10,3.3,µg/m3,2015-10-07 01:00:00 +01:00
4943,NL,STA-NL00016,PM10,12.8,µg/m3,2015-10-06 20:00:00 +01:00
4944,NL,STA-NL00016,PM10,12.8,µg/m3,2015-10-06 21:00:00 +01:00
4945,NL,STA-NL00016,PM10,12.6,µg/m3,2015-10-06 17:00:00 +01:00
4946,NL,STA-NL00016,PM10,11.9,µg/m3,2015-10-06 19:00:00 +01:00
4947,NL,STA-NL00016,PM10,13.6,µg/m3,2015-10-06 16:00:00 +01:00
4948,NL,STA-NL00016,PM10,12.0,µg/m3,2015-10-06 15:00:00 +01:00
4949,NL,STA-NL00016,PM10,4.5,µg/m3,2015-10-06 12:00:00 +01:00
4950,NL,STA-NL00016,PM10,11.9,µg/m3,2015-10-06 02:00:00 +01:00
4951,NL,STA-NL00016,PM10,13.0,µg/m3,2015-10-06 03:00:00 +01:00
4952,NL,STA-NL00016,PM10,11.0,µg/m3,2015-10-06 07:00:00 +01:00
4953,NL,STA-NL00016,PM10,7.1,µg/m3,2015-10-07 04:00:00 +01:00
4954,NL,STA-NL00016,PM10,11.0,µg/m3,2015-10-07 09:00:00 +01:00
4955,NL,STA-NL00016,PM10,9.3,µg/m3,2015-10-07 07:00:00 +01:00
4956,NL,STA-NL00016,PM10,5.6,µg/m3,2015-10-07 05:00:00 +01:00
4957,NL,STA-NL00016,PM10,6.4,µg/m3,2015-10-06 23:00:00 +01:00
4958,NL,STA-NL00016,PM10,10.4,µg/m3,2015-10-07 12:00:00 +01:00
4959,NL,STA-NL00016,PM10,6.4,µg/m3,2015-10-07 03:00:00 +01:00
4960,NL,STA-NL00016,PM10,8.7,µg/m3,2015-10-07 08:00:00 +01:00
4961,NL,STA-NL00016,PM10,5.2,µg/m3,2015-10-07 21:00:00 +01:00
4962,NL,STA-NL00016,PM10,20.4,µg/m3,2015-10-12 06:00:00 +01:00
4963,NL,STA-NL00016,PM10,30.0,µg/m3,2015-10-12 10:00:00 +01:00
4964,NL,STA-NL00016,PM10,16.8,µg/m3,2015-10-12 05:00:00 +01:00
4965,NL,STA-NL00016,PM10,13.9,µg/m3,2015-10-11 21:00:00 +01:00
4966,NL,STA-NL00016,PM10,15.0,µg/m3,2015-10-11 22:00:00 +01:00
4967,NL,STA-NL00016,PM10,16.0,µg/m3,2015-10-11 17:00:00 +01:00
4968,NL,STA-NL00016,PM10,14.3,µg/m3,2015-10-12 01:00:00 +01:00
4969,NL,STA-NL00016,PM10,14.5,µg/m3,2015-10-12 02:00:00 +01:00
4970,NL,STA-NL00016,PM10,29.4,µg/m3,2015-10-13 02:00:00 +01:00
4971,NL,STA-NL00016,PM10,20.7,µg/m3,2015-10-13 01:00:00 +01:00
4972,NL,STA-NL00016,PM10,36.2,µg/m3,2015-10-12 13:00:00 +01:00
4973,NL,STA-NL00016,PM10,27.3,µg/m3,2015-10-12 09:00:00 +01:00
4974,NL,STA-NL00016,PM10,23.5,µg/m3,2015-10-12 17:00:00 +01:00
4976,NL,STA-NL00016,PM10,26.6,µg/m3,2015-10-12 18:00:00 +01:00
4977,NL,STA-NL00016,PM10,26.4,µg/m3,2015-10-13 07:00:00 +01:00
4978,NL,STA-NL00016,PM10,29.9,µg/m3,2015-10-13 10:00:00 +01:00
4979,NL,STA-NL00016,PM10,25.0,µg/m3,2015-10-12 22:00:00 +01:00
4980,NL,STA-NL00016,PM10,25.8,µg/m3,2015-10-13 06:00:00 +01:00
4981,NL,STA-NL00016,PM10,34.7,µg/m3,2015-10-13 05:00:00 +01:00
4982,NL,STA-NL00016,PM10,11.2,µg/m3,2015-10-09 05:00:00 +01:00
4983,NL,STA-NL00016,PM10,8.4,µg/m3,2015-10-08 21:00:00 +01:00
4984,NL,STA-NL00016,PM10,7.4,µg/m3,2015-10-08 18:00:00 +01:00
4985,NL,STA-NL00016,PM10,22.0,µg/m3,2015-10-09 06:00:00 +01:00
4986,NL,STA-NL00016,PM10,9.5,µg/m3,2015-10-09 00:00:00 +01:00
4987,NL,STA-NL00016,PM10,15.9,µg/m3,2015-10-08 22:00:00 +01:00
4988,NL,STA-NL00016,PM10,14.9,µg/m3,2015-10-09 12:00:00 +01:00
4989,NL,STA-NL00016,PM10,16.6,µg/m3,2015-10-09 14:00:00 +01:00
4990,NL,STA-NL00016,PM10,16.7,µg/m3,2015-10-09 13:00:00 +01:00
4991,NL,STA-NL00016,PM10,32.6,µg/m3,2015-10-09 09:00:00 +01:00
4992,NL,STA-NL00016,PM10,18.1,µg/m3,2015-10-09 10:00:00 +01:00
4993,NL,STA-NL00016,PM10,6.2,µg/m3,2015-10-10 02:00:00 +01:00
4994,NL,STA-NL00016,PM10,21.5,µg/m3,2015-10-10 05:00:00 +01:00
4995,NL,STA-NL00016,PM10,17.4,µg/m3,2015-10-10 06:00:00 +01:00
4996,NL,STA-NL00016,PM10,6.8,µg/m3,2015-10-10 01:00:00 +01:00
4997,NL,STA-NL00016,PM10,2.7,µg/m3,2015-10-09 22:00:00 +01:00
4998,NL,STA-NL00016,PM10,5.0,µg/m3,2015-10-10 00:00:00 +01:00
4999,NL,STA-NL00016,PM10,7.2,µg/m3,2015-10-09 21:00:00 +01:00
5000,NL,STA-NL00016,PM10,5.1,µg/m3,2015-10-09 17:00:00 +01:00
5001,NL,STA-NL00016,PM10,2.6,µg/m3,2015-10-09 18:00:00 +01:00
5002,NL,STA-NL00016,PM10,35.4,µg/m3,2015-10-10 13:00:00 +01:00
5003,NL,STA-NL00016,PM10,16.9,µg/m3,2015-10-10 10:00:00 +01:00
5004,NL,STA-NL00016,PM10,16.5,µg/m3,2015-10-10 09:00:00 +01:00
5005,NL,STA-NL00016,PM10,35.0,µg/m3,2015-10-10 14:00:00 +01:00
5006,NL,STA-NL00016,PM10,34.0,µg/m3,2015-10-10 17:00:00 +01:00
5007,NL,STA-NL00016,PM10,29.2,µg/m3,2015-10-10 22:00:00 +01:00
5008,NL,STA-NL00016,PM10,19.1,µg/m3,2015-10-11 01:00:00 +01:00
5009,NL,STA-NL00016,PM10,31.4,µg/m3,2015-10-10 21:00:00 +01:00
5010,NL,STA-NL00016,PM10,23.4,µg/m3,2015-10-11 02:00:00 +01:00
5011,NL,STA-NL00016,PM10,16.3,µg/m3,2015-10-11 18:00:00 +01:00
5012,NL,STA-NL00016,PM10,23.4,µg/m3,2015-10-11 13:00:00 +01:00
5013,NL,STA-NL00016,PM10,25.9,µg/m3,2015-10-11 09:00:00 +01:00
5014,NL,STA-NL00016,PM10,21.8,µg/m3,2015-10-11 14:00:00 +01:00
5015,NL,STA-NL00016,PM10,13.5,µg/m3,2015-10-11 05:00:00 +01:00
5016,NL,STA-NL00016,PM10,35.0,µg/m3,2015-10-10 18:00:00 +01:00
5017,NL,STA-NL00016,PM10,18.4,µg/m3,2015-10-11 06:00:00 +01:00
5018,NL,STA-NL00016,PM10,29.7,µg/m3,2015-10-11 10:00:00 +01:00
5019,NL,STA-NL00016,PM10,19.1,µg/m3,2015-10-16 12:00:00 +01:00
5020,NL,STA-NL00016,PM10,28.9,µg/m3,2015-10-16 16:00:00 +01:00
5021,NL,STA-NL00016,PM10,26.9,µg/m3,2015-10-16 19:00:00 +01:00
5022,NL,STA-NL00016,PM10,10.0,µg/m3,2015-10-17 02:00:00 +01:00
5023,NL,STA-NL00016,PM10,28.4,µg/m3,2015-10-16 15:00:00 +01:00
5024,NL,STA-NL00016,PM10,27.0,µg/m3,2015-10-16 11:00:00 +01:00
5025,NL,STA-NL00016,PM10,8.6,µg/m3,2015-10-17 00:00:00 +01:00
5026,NL,STA-NL00016,PM10,5.1,µg/m3,2015-10-17 04:00:00 +01:00
5027,NL,STA-NL00016,PM10,7.3,µg/m3,2015-10-16 23:00:00 +01:00
5028,NL,STA-NL00016,PM10,28.4,µg/m3,2015-10-16 07:00:00 +01:00
5029,NL,STA-NL00016,PM10,26.0,µg/m3,2015-10-16 08:00:00 +01:00
5030,NL,STA-NL00016,PM10,18.4,µg/m3,2015-10-16 03:00:00 +01:00
5031,NL,STA-NL00016,PM10,17.6,µg/m3,2015-10-16 04:00:00 +01:00
5032,NL,STA-NL00016,PM10,25.4,µg/m3,2015-10-16 00:00:00 +01:00
5033,NL,STA-NL00016,PM10,25.2,µg/m3,2015-10-15 15:00:00 +01:00
5034,NL,STA-NL00016,PM10,19.8,µg/m3,2015-10-17 14:00:00 +01:00
5035,NL,STA-NL00016,PM10,23.7,µg/m3,2015-10-17 15:00:00 +01:00
5036,NL,STA-NL00016,PM10,9.1,µg/m3,2015-10-17 09:00:00 +01:00
5037,NL,STA-NL00016,PM10,12.5,µg/m3,2015-10-17 11:00:00 +01:00
5038,NL,STA-NL00016,PM10,21.2,µg/m3,2015-10-17 20:00:00 +01:00
5039,NL,STA-NL00016,PM10,25.6,µg/m3,2015-10-17 18:00:00 +01:00
5040,NL,STA-NL00016,PM10,8.1,µg/m3,2015-10-17 07:00:00 +01:00
5041,NL,STA-NL00016,PM10,6.6,µg/m3,2015-10-17 08:00:00 +01:00
5042,NL,STA-NL00016,PM10,8.3,µg/m3,2015-10-17 03:00:00 +01:00
5043,NL,STA-NL00016,PM10,4.3,µg/m3,2015-10-17 05:00:00 +01:00
5044,NL,STA-NL00016,PM10,14.0,µg/m3,2015-10-17 13:00:00 +01:00
5045,NL,STA-NL00016,PM10,11.6,µg/m3,2015-10-17 12:00:00 +01:00
5046,NL,STA-NL00016,PM10,21.2,µg/m3,2015-10-17 21:00:00 +01:00
5047,NL,STA-NL00016,PM10,15.7,µg/m3,2015-10-17 22:00:00 +01:00
5048,NL,STA-NL00016,PM10,14.8,µg/m3,2015-10-17 17:00:00 +01:00
5049,NL,STA-NL00016,PM10,13.2,µg/m3,2015-10-18 02:00:00 +01:00
5050,NL,STA-NL00016,PM10,17.0,µg/m3,2015-10-18 01:00:00 +01:00
5051,NL,STA-NL00016,PM10,19.1,µg/m3,2015-10-18 00:00:00 +01:00
5052,NL,STA-NL00016,PM10,10.4,µg/m3,2015-10-18 04:00:00 +01:00
5053,NL,STA-NL00016,PM10,25.5,µg/m3,2015-10-18 08:00:00 +01:00
5054,NL,STA-NL00016,PM10,16.9,µg/m3,2015-10-18 06:00:00 +01:00
5055,NL,STA-NL00016,PM10,22.1,µg/m3,2015-10-18 09:00:00 +01:00
5056,NL,STA-NL00016,PM10,22.7,µg/m3,2015-10-18 12:00:00 +01:00
5057,NL,STA-NL00016,PM10,14.5,µg/m3,2015-10-18 13:00:00 +01:00
5058,NL,STA-NL00016,PM10,12.8,µg/m3,2015-10-18 05:00:00 +01:00
5059,NL,STA-NL00016,PM10,25.0,µg/m3,2015-10-18 10:00:00 +01:00
5062,NL,STA-NL00016,PM10,19.0,µg/m3,2015-10-14 15:00:00 +01:00
5063,NL,STA-NL00016,PM10,15.6,µg/m3,2015-10-14 14:00:00 +01:00
5064,NL,STA-NL00016,PM10,17.3,µg/m3,2015-10-14 12:00:00 +01:00
5065,NL,STA-NL00016,PM10,9.0,µg/m3,2015-10-14 20:00:00 +01:00
5066,NL,STA-NL00016,PM10,16.3,µg/m3,2015-10-14 08:00:00 +01:00
5067,NL,STA-NL00016,PM10,12.3,µg/m3,2015-10-14 04:00:00 +01:00
5068,NL,STA-NL00016,PM10,26.6,µg/m3,2015-10-14 06:00:00 +01:00
5069,NL,STA-NL00016,PM10,25.3,µg/m3,2015-10-14 07:00:00 +01:00
5070,NL,STA-NL00016,PM10,23.9,µg/m3,2015-10-14 03:00:00 +01:00
5071,NL,STA-NL00016,PM10,26.0,µg/m3,2015-10-13 09:00:00 +01:00
5072,NL,STA-NL00016,PM10,24.5,µg/m3,2015-10-13 13:00:00 +01:00
5073,NL,STA-NL00016,PM10,12.8,µg/m3,2015-10-13 17:00:00 +01:00
5074,NL,STA-NL00016,PM10,18.5,µg/m3,2015-10-13 18:00:00 +01:00
5075,NL,STA-NL00016,PM10,23.1,µg/m3,2015-10-13 12:00:00 +01:00
5076,NL,STA-NL00016,PM10,20.2,µg/m3,2015-10-13 15:00:00 +01:00
5077,NL,STA-NL00016,PM10,29.4,µg/m3,2015-10-13 11:00:00 +01:00
5078,NL,STA-NL00016,PM10,21.9,µg/m3,2015-10-13 14:00:00 +01:00
5079,NL,STA-NL00016,PM10,24.5,µg/m3,2015-10-13 21:00:00 +01:00
5080,NL,STA-NL00016,PM10,25.6,µg/m3,2015-10-14 01:00:00 +01:00
5081,NL,STA-NL00016,PM10,19.2,µg/m3,2015-10-13 23:00:00 +01:00
5082,NL,STA-NL00016,PM10,13.8,µg/m3,2015-10-13 19:00:00 +01:00
5083,NL,STA-NL00016,PM10,32.0,µg/m3,2015-10-13 22:00:00 +01:00
5084,NL,STA-NL00016,PM10,24.2,µg/m3,2015-10-14 02:00:00 +01:00
5085,NL,STA-NL00016,PM10,13.5,µg/m3,2015-10-15 00:00:00 +01:00
5086,NL,STA-NL00016,PM10,19.1,µg/m3,2015-10-15 04:00:00 +01:00
5087,NL,STA-NL00016,PM10,31.9,µg/m3,2015-10-15 08:00:00 +01:00
5088,NL,STA-NL00016,PM10,13.7,µg/m3,2015-10-14 19:00:00 +01:00
5089,NL,STA-NL00016,PM10,10.2,µg/m3,2015-10-14 16:00:00 +01:00
5090,NL,STA-NL00016,PM10,12.4,µg/m3,2015-10-14 23:00:00 +01:00
5091,NL,STA-NL00016,PM10,17.1,µg/m3,2015-10-15 03:00:00 +01:00
5092,NL,STA-NL00016,PM10,31.7,µg/m3,2015-10-15 11:00:00 +01:00
5093,NL,STA-NL00016,PM10,32.4,µg/m3,2015-10-15 07:00:00 +01:00
5094,NL,STA-NL00016,PM10,14.9,µg/m3,2015-10-15 12:00:00 +01:00
5095,NL,STA-NL00016,PM10,58.7,µg/m3,2015-10-15 20:00:00 +01:00
5096,NL,STA-NL00016,PM10,27.6,µg/m3,2015-10-15 16:00:00 +01:00
5097,NL,STA-NL00016,PM10,24.9,µg/m3,2015-10-15 19:00:00 +01:00
5098,NL,STA-NL00016,PM10,53.0,µg/m3,2015-10-15 23:00:00 +01:00
5099,NL,STA-NL00016,PM10,6.5,µg/m3,2015-10-20 13:00:00 +01:00
5100,NL,STA-NL00016,PM10,27.7,µg/m3,2015-10-19 20:00:00 +01:00
5101,NL,STA-NL00016,PM10,14.0,µg/m3,2015-10-20 17:00:00 +01:00
5102,NL,STA-NL00016,PM10,23.6,µg/m3,2015-10-19 22:00:00 +01:00
5103,NL,STA-NL00016,PM10,7.9,µg/m3,2015-10-20 14:00:00 +01:00
5104,NL,STA-NL00016,PM10,10.5,µg/m3,2015-10-20 04:00:00 +01:00
5105,NL,STA-NL00016,PM10,9.1,µg/m3,2015-10-20 05:00:00 +01:00
5106,NL,STA-NL00016,PM10,11.1,µg/m3,2015-10-20 02:00:00 +01:00
5107,NL,STA-NL00016,PM10,15.7,µg/m3,2015-10-20 08:00:00 +01:00
5108,NL,STA-NL00016,PM10,12.4,µg/m3,2015-10-20 09:00:00 +01:00
5109,NL,STA-NL00016,PM10,14.8,µg/m3,2015-10-21 06:00:00 +01:00
5110,NL,STA-NL00016,PM10,8.9,µg/m3,2015-10-21 04:00:00 +01:00
5111,NL,STA-NL00016,PM10,14.1,µg/m3,2015-10-21 05:00:00 +01:00
5112,NL,STA-NL00016,PM10,23.9,µg/m3,2015-10-21 10:00:00 +01:00
5113,NL,STA-NL00016,PM10,13.1,µg/m3,2015-10-21 00:00:00 +01:00
5114,NL,STA-NL00016,PM10,26.6,µg/m3,2015-10-20 22:00:00 +01:00
5115,NL,STA-NL00016,PM10,9.6,µg/m3,2015-10-20 18:00:00 +01:00
5116,NL,STA-NL00016,PM10,27.6,µg/m3,2015-10-20 20:00:00 +01:00
5117,NL,STA-NL00016,PM10,9.0,µg/m3,2015-10-21 02:00:00 +01:00
5118,NL,STA-NL00016,PM10,9.1,µg/m3,2015-10-21 01:00:00 +01:00
5119,NL,STA-NL00016,PM10,25.4,µg/m3,2015-10-19 08:00:00 +01:00
5120,NL,STA-NL00016,PM10,21.4,µg/m3,2015-10-19 06:00:00 +01:00
5121,NL,STA-NL00016,PM10,39.2,µg/m3,2015-10-19 10:00:00 +01:00
5122,NL,STA-NL00016,PM10,16.3,µg/m3,2015-10-19 04:00:00 +01:00
5123,NL,STA-NL00016,PM10,17.4,µg/m3,2015-10-19 05:00:00 +01:00
5124,NL,STA-NL00016,PM10,20.0,µg/m3,2015-10-19 01:00:00 +01:00
5125,NL,STA-NL00016,PM10,16.2,µg/m3,2015-10-18 14:00:00 +01:00
5126,NL,STA-NL00016,PM10,23.3,µg/m3,2015-10-18 20:00:00 +01:00
5127,NL,STA-NL00016,PM10,13.8,µg/m3,2015-10-18 17:00:00 +01:00
5128,NL,STA-NL00016,PM10,23.6,µg/m3,2015-10-18 18:00:00 +01:00
5129,NL,STA-NL00016,PM10,17.0,µg/m3,2015-10-18 22:00:00 +01:00
5130,NL,STA-NL00016,PM10,20.0,µg/m3,2015-10-19 18:00:00 +01:00
5131,NL,STA-NL00016,PM10,20.0,µg/m3,2015-10-20 00:00:00 +01:00
5132,NL,STA-NL00016,PM10,22.2,µg/m3,2015-10-20 01:00:00 +01:00
5133,NL,STA-NL00016,PM10,22.1,µg/m3,2015-10-19 21:00:00 +01:00
5134,NL,STA-NL00016,PM10,27.5,µg/m3,2015-10-19 17:00:00 +01:00
5135,NL,STA-NL00016,PM10,24.5,µg/m3,2015-10-19 16:00:00 +01:00
5136,NL,STA-NL00016,PM10,23.9,µg/m3,2015-10-19 00:00:00 +01:00
5137,NL,STA-NL00016,PM10,35.5,µg/m3,2015-10-19 13:00:00 +01:00
5138,NL,STA-NL00016,PM10,35.8,µg/m3,2015-10-19 09:00:00 +01:00
5139,NL,STA-NL00016,PM10,34.8,µg/m3,2015-10-19 14:00:00 +01:00
5140,NL,STA-NL00016,PM10,19.1,µg/m3,2015-10-18 21:00:00 +01:00
5141,NL,STA-NL00016,PM10,35.4,µg/m3,2015-10-19 12:00:00 +01:00
5142,NL,STA-NL00016,PM10,10.2,µg/m3,2015-10-21 18:00:00 +01:00
5143,NL,STA-NL00016,PM10,7.8,µg/m3,2015-10-21 17:00:00 +01:00
5144,NL,STA-NL00016,PM10,21.1,µg/m3,2015-10-21 13:00:00 +01:00
5145,NL,STA-NL00016,PM10,10.1,µg/m3,2015-10-22 03:00:00 +01:00
5146,NL,STA-NL00016,PM10,6.2,µg/m3,2015-10-21 22:00:00 +01:00
5147,NL,STA-NL00016,PM10,12.0,µg/m3,2015-10-21 19:00:00 +01:00
5148,NL,STA-NL00016,PM10,11.5,µg/m3,2015-10-20 16:00:00 +01:00
5149,NL,STA-NL00016,PM10,22.4,µg/m3,2015-10-21 09:00:00 +01:00
5150,NL,STA-NL00016,PM10,11.0,µg/m3,2015-10-21 14:00:00 +01:00
5151,NL,STA-NL00016,PM10,25.5,µg/m3,2015-10-20 21:00:00 +01:00
5152,NL,STA-NL00016,PM10,3.7,µg/m3,2015-10-22 09:00:00 +01:00
5153,NL,STA-NL00016,PM10,6.6,µg/m3,2015-10-22 10:00:00 +01:00
5154,NL,STA-NL00016,PM10,7.8,µg/m3,2015-10-22 06:00:00 +01:00
5155,NL,STA-NL00016,PM10,5.6,µg/m3,2015-10-21 23:00:00 +01:00
5156,NL,STA-NL00016,PM10,9.5,µg/m3,2015-10-22 02:00:00 +01:00
5157,NL,STA-NL00016,PM10,10.5,µg/m3,2015-10-22 05:00:00 +01:00
5158,NL,STA-NL00016,PM10,5.4,µg/m3,2015-10-22 07:00:00 +01:00
5159,NL,STA-NL00016,PM10,17.9,µg/m3,2015-10-22 18:00:00 +01:00
5160,NL,STA-NL00016,PM10,16.3,µg/m3,2015-10-22 14:00:00 +01:00
5161,NL,STA-NL00016,PM10,16.4,µg/m3,2015-10-22 19:00:00 +01:00
5162,NL,STA-NL00016,PM10,7.0,µg/m3,2015-10-22 11:00:00 +01:00
5163,NL,STA-NL00016,PM10,34.4,µg/m3,2015-10-23 08:00:00 +01:00
5164,NL,STA-NL00016,PM10,23.9,µg/m3,2015-10-23 22:00:00 +01:00
5165,NL,STA-NL00016,PM10,19.9,µg/m3,2015-10-23 16:00:00 +01:00
5166,NL,STA-NL00016,PM10,23.1,µg/m3,2015-10-23 19:00:00 +01:00
5167,NL,STA-NL00016,PM10,18.0,µg/m3,2015-10-23 18:00:00 +01:00
5168,NL,STA-NL00016,PM10,21.8,µg/m3,2015-10-23 20:00:00 +01:00
5169,NL,STA-NL00016,PM10,12.1,µg/m3,2015-10-23 02:00:00 +01:00
5170,NL,STA-NL00016,PM10,17.9,µg/m3,2015-10-23 23:00:00 +01:00
5171,NL,STA-NL00016,PM10,18.5,µg/m3,2015-10-24 06:00:00 +01:00
5172,NL,STA-NL00016,PM10,19.2,µg/m3,2015-10-24 10:00:00 +01:00
5173,NL,STA-NL00016,PM10,20.8,µg/m3,2015-10-24 08:00:00 +01:00
5174,NL,STA-NL00016,PM10,16.1,µg/m3,2015-10-23 15:00:00 +01:00
5175,NL,STA-NL00016,PM10,16.5,µg/m3,2015-10-24 12:00:00 +01:00
5176,NL,STA-NL00016,PM10,16.6,µg/m3,2015-10-24 11:00:00 +01:00
5177,NL,STA-NL00016,PM10,18.9,µg/m3,2015-10-24 07:00:00 +01:00
5178,NL,STA-NL00016,PM10,19.9,µg/m3,2015-10-24 00:00:00 +01:00
5179,NL,STA-NL00016,PM10,18.7,µg/m3,2015-10-24 02:00:00 +01:00
5180,NL,STA-NL00016,PM10,22.6,µg/m3,2015-10-24 03:00:00 +01:00
5181,NL,STA-NL00016,PM10,27.9,µg/m3,2015-10-23 06:00:00 +01:00
5182,NL,STA-NL00016,PM10,14.4,µg/m3,2015-10-23 03:00:00 +01:00
5183,NL,STA-NL00016,PM10,20.8,µg/m3,2015-10-22 20:00:00 +01:00
5184,NL,STA-NL00016,PM10,16.3,µg/m3,2015-10-22 15:00:00 +01:00
5185,NL,STA-NL00016,PM10,23.0,µg/m3,2015-10-22 23:00:00 +01:00
5186,NL,STA-NL00016,PM10,26.0,µg/m3,2015-10-23 10:00:00 +01:00
5187,NL,STA-NL00016,PM10,30.5,µg/m3,2015-10-23 07:00:00 +01:00
5188,NL,STA-NL00016,PM10,28.3,µg/m3,2015-10-23 11:00:00 +01:00
5189,NL,STA-NL00016,PM10,15.6,µg/m3,2015-10-23 05:00:00 +01:00
5190,NL,STA-NL00016,PM10,23.3,µg/m3,2015-10-23 12:00:00 +01:00
5191,NL,STA-NL00016,PM10,19.1,µg/m3,2015-10-23 14:00:00 +01:00
5192,NL,STA-NL00016,PM10,12.2,µg/m3,2015-10-24 15:00:00 +01:00
5193,NL,STA-NL00016,PM10,24.7,µg/m3,2015-10-24 04:00:00 +01:00
5194,NL,STA-NL00016,PM10,15.8,µg/m3,2015-10-30 07:00:00 +01:00
5195,NL,STA-NL00016,PM10,31.8,µg/m3,2015-10-29 08:00:00 +01:00
5196,NL,STA-NL00016,PM10,20.8,µg/m3,2015-10-30 08:00:00 +01:00
5197,NL,STA-NL00016,PM10,22.4,µg/m3,2015-10-30 10:00:00 +01:00
5198,NL,STA-NL00016,PM10,24.3,µg/m3,2015-10-30 15:00:00 +01:00
5199,NL,STA-NL00016,PM10,23.8,µg/m3,2015-10-30 12:00:00 +01:00
5200,NL,STA-NL00016,PM10,22.5,µg/m3,2015-10-30 11:00:00 +01:00
5201,NL,STA-NL00016,PM10,22.3,µg/m3,2015-10-30 16:00:00 +01:00
5202,NL,STA-NL00016,PM10,11.8,µg/m3,2015-10-30 03:00:00 +01:00
5203,NL,STA-NL00016,PM10,24.1,µg/m3,2015-10-29 19:00:00 +01:00
5204,NL,STA-NL00016,PM10,19.1,µg/m3,2015-10-30 00:00:00 +01:00
5205,NL,STA-NL00016,PM10,9.2,µg/m3,2015-10-30 05:00:00 +01:00
5206,NL,STA-NL00016,PM10,11.7,µg/m3,2015-10-30 04:00:00 +01:00
5207,NL,STA-NL00016,PM10,28.5,µg/m3,2015-10-29 11:00:00 +01:00
5208,NL,STA-NL00016,PM10,14.3,µg/m3,2015-10-29 15:00:00 +01:00
5209,NL,STA-NL00016,PM10,10.7,µg/m3,2015-10-29 16:00:00 +01:00
5210,NL,STA-NL00016,PM10,19.8,µg/m3,2015-10-29 23:00:00 +01:00
5211,NL,STA-NL00016,PM10,13.4,µg/m3,2015-10-29 04:00:00 +01:00
5212,NL,STA-NL00016,PM10,29.9,µg/m3,2015-10-29 10:00:00 +01:00
5213,NL,STA-NL00016,PM10,25.5,µg/m3,2015-10-29 07:00:00 +01:00
5214,NL,STA-NL00016,PM10,24.8,µg/m3,2015-10-29 12:00:00 +01:00
5215,NL,STA-NL00016,PM10,13.5,µg/m3,2015-10-29 03:00:00 +01:00
5216,NL,STA-NL00016,PM10,23.6,µg/m3,2015-10-28 23:00:00 +01:00
5217,NL,STA-NL00016,PM10,47.2,µg/m3,2015-10-27 16:00:00 +01:00
5218,NL,STA-NL00016,PM10,44.2,µg/m3,2015-10-27 12:00:00 +01:00
5219,NL,STA-NL00016,PM10,51.9,µg/m3,2015-10-27 15:00:00 +01:00
5220,NL,STA-NL00016,PM10,35.2,µg/m3,2015-10-27 20:00:00 +01:00
5221,NL,STA-NL00016,PM10,35.3,µg/m3,2015-10-27 19:00:00 +01:00
5222,NL,STA-NL00016,PM10,28.0,µg/m3,2015-10-28 08:00:00 +01:00
5223,NL,STA-NL00016,PM10,27.1,µg/m3,2015-10-28 04:00:00 +01:00
5224,NL,STA-NL00016,PM10,29.1,µg/m3,2015-10-28 03:00:00 +01:00
5225,NL,STA-NL00016,PM10,29.6,µg/m3,2015-10-28 00:00:00 +01:00
5226,NL,STA-NL00016,PM10,28.1,µg/m3,2015-10-27 23:00:00 +01:00
5227,NL,STA-NL00016,PM10,42.0,µg/m3,2015-10-28 15:00:00 +01:00
5228,NL,STA-NL00016,PM10,29.9,µg/m3,2015-10-28 16:00:00 +01:00
5229,NL,STA-NL00016,PM10,36.1,µg/m3,2015-10-28 12:00:00 +01:00
5230,NL,STA-NL00016,PM10,27.7,µg/m3,2015-10-28 19:00:00 +01:00
5231,NL,STA-NL00016,PM10,25.6,µg/m3,2015-10-29 00:00:00 +01:00
5232,NL,STA-NL00016,PM10,32.3,µg/m3,2015-10-28 20:00:00 +01:00
5233,NL,STA-NL00016,PM10,34.6,µg/m3,2015-10-28 07:00:00 +01:00
5234,NL,STA-NL00016,PM10,40.1,µg/m3,2015-10-28 11:00:00 +01:00
5235,NL,STA-NL00016,PM10,31.1,µg/m3,2015-10-27 08:00:00 +01:00
5236,NL,STA-NL00016,PM10,14.6,µg/m3,2015-10-25 22:00:00 +01:00
5237,NL,STA-NL00016,PM10,12.0,µg/m3,2015-10-25 15:00:00 +01:00
5238,NL,STA-NL00016,PM10,10.3,µg/m3,2015-10-25 23:00:00 +01:00
5239,NL,STA-NL00016,PM10,10.7,µg/m3,2015-10-25 18:00:00 +01:00
5240,NL,STA-NL00016,PM10,10.1,µg/m3,2015-10-25 10:00:00 +01:00
5241,NL,STA-NL00016,PM10,22.4,µg/m3,2015-10-24 22:00:00 +01:00
5242,NL,STA-NL00016,PM10,19.9,µg/m3,2015-10-24 23:00:00 +01:00
5243,NL,STA-NL00016,PM10,8.2,µg/m3,2015-10-25 07:00:00 +01:00
5244,NL,STA-NL00016,PM10,19.4,µg/m3,2015-10-24 20:00:00 +01:00
5245,NL,STA-NL00016,PM10,16.5,µg/m3,2015-10-24 19:00:00 +01:00
5246,NL,STA-NL00016,PM10,13.5,µg/m3,2015-10-24 16:00:00 +01:00
5247,NL,STA-NL00016,PM10,13.2,µg/m3,2015-10-24 18:00:00 +01:00
5248,NL,STA-NL00016,PM10,6.6,µg/m3,2015-10-25 02:00:00 +01:00
5249,NL,STA-NL00016,PM10,15.6,µg/m3,2015-10-25 08:00:00 +01:00
5250,NL,STA-NL00016,PM10,8.5,µg/m3,2015-10-25 03:00:00 +01:00
5251,NL,STA-NL00016,PM10,7.3,µg/m3,2015-10-25 04:00:00 +01:00
5252,NL,STA-NL00016,PM10,13.8,µg/m3,2015-10-25 00:00:00 +01:00
5253,NL,STA-NL00016,PM10,26.2,µg/m3,2015-10-27 07:00:00 +01:00
5254,NL,STA-NL00016,PM10,35.7,µg/m3,2015-10-27 11:00:00 +01:00
5255,NL,STA-NL00016,PM10,21.4,µg/m3,2015-10-27 03:00:00 +01:00
5256,NL,STA-NL00016,PM10,22.2,µg/m3,2015-10-27 04:00:00 +01:00
5257,NL,STA-NL00016,PM10,32.0,µg/m3,2015-10-26 14:00:00 +01:00
5258,NL,STA-NL00016,PM10,25.3,µg/m3,2015-10-26 11:00:00 +01:00
5259,NL,STA-NL00016,PM10,13.9,µg/m3,2015-10-26 20:00:00 +01:00
5260,NL,STA-NL00016,PM10,24.1,µg/m3,2015-10-27 00:00:00 +01:00
5261,NL,STA-NL00016,PM10,30.7,µg/m3,2015-10-26 16:00:00 +01:00
5262,NL,STA-NL00016,PM10,20.6,µg/m3,2015-10-26 23:00:00 +01:00
5263,NL,STA-NL00016,PM10,22.6,µg/m3,2015-10-26 19:00:00 +01:00
5264,NL,STA-NL00016,PM10,13.2,µg/m3,2015-10-26 04:00:00 +01:00
5265,NL,STA-NL00016,PM10,19.1,µg/m3,2015-10-26 06:00:00 +01:00
5266,NL,STA-NL00016,PM10,11.3,µg/m3,2015-10-26 00:00:00 +01:00
5267,NL,STA-NL00016,PM10,9.4,µg/m3,2015-10-25 16:00:00 +01:00
5268,NL,STA-NL00016,PM10,13.0,µg/m3,2015-10-25 20:00:00 +01:00
5269,NL,STA-NL00016,PM10,13.6,µg/m3,2015-10-25 19:00:00 +01:00
5270,NL,STA-NL00016,PM10,9.9,µg/m3,2015-10-25 11:00:00 +01:00
5271,NL,STA-NL00016,PM10,12.5,µg/m3,2015-10-26 02:00:00 +01:00
5272,NL,STA-NL00016,PM10,29.9,µg/m3,2015-10-26 15:00:00 +01:00
5273,NL,STA-NL00016,PM10,30.9,µg/m3,2015-10-26 12:00:00 +01:00
5274,NL,STA-NL00016,PM10,34.0,µg/m3,2015-10-26 10:00:00 +01:00
5275,NL,STA-NL00016,PM10,27.4,µg/m3,2015-10-26 07:00:00 +01:00
5276,NL,STA-NL00016,PM10,25.6,µg/m3,2015-10-26 08:00:00 +01:00
5277,NL,STA-NL00016,PM10,13.9,µg/m3,2015-10-26 03:00:00 +01:00
5278,NL,STA-NL00016,PM10,31.2,µg/m3,2015-11-02 09:00:00 +01:00
5279,NL,STA-NL00016,PM10,9.3,µg/m3,2015-11-02 05:00:00 +01:00
5280,NL,STA-NL00016,PM10,16.6,µg/m3,2015-11-02 06:00:00 +01:00
5281,NL,STA-NL00016,PM10,25.7,µg/m3,2015-11-02 18:00:00 +01:00
5282,NL,STA-NL00016,PM10,23.4,µg/m3,2015-11-02 21:00:00 +01:00
5283,NL,STA-NL00016,PM10,63.4,µg/m3,2015-11-02 13:00:00 +01:00
5284,NL,STA-NL00016,PM10,34.2,µg/m3,2015-11-02 17:00:00 +01:00
5285,NL,STA-NL00016,PM10,33.2,µg/m3,2015-11-02 10:00:00 +01:00
5286,NL,STA-NL00016,PM10,57.2,µg/m3,2015-11-02 14:00:00 +01:00
5287,NL,STA-NL00016,PM10,48.1,µg/m3,2015-11-01 13:00:00 +01:00
5288,NL,STA-NL00016,PM10,29.3,µg/m3,2015-11-01 05:00:00 +01:00
5289,NL,STA-NL00016,PM10,31.3,µg/m3,2015-11-01 06:00:00 +01:00
5290,NL,STA-NL00016,PM10,37.8,µg/m3,2015-11-01 10:00:00 +01:00
5291,NL,STA-NL00016,PM10,60.9,µg/m3,2015-11-01 14:00:00 +01:00
5292,NL,STA-NL00016,PM10,10.2,µg/m3,2015-11-01 22:00:00 +01:00
5293,NL,STA-NL00016,PM10,13.4,µg/m3,2015-11-02 01:00:00 +01:00
5294,NL,STA-NL00016,PM10,17.9,µg/m3,2015-11-02 02:00:00 +01:00
5295,NL,STA-NL00016,PM10,17.3,µg/m3,2015-11-01 21:00:00 +01:00
5296,NL,STA-NL00016,PM10,29.0,µg/m3,2015-11-01 18:00:00 +01:00
5297,NL,STA-NL00016,PM10,30.6,µg/m3,2015-11-01 17:00:00 +01:00
5298,NL,STA-NL00016,PM10,28.7,µg/m3,2015-10-31 14:00:00 +01:00
5299,NL,STA-NL00016,PM10,40.4,µg/m3,2015-10-31 12:00:00 +01:00
5300,NL,STA-NL00016,PM10,37.6,µg/m3,2015-10-31 17:00:00 +01:00
5301,NL,STA-NL00016,PM10,28.7,µg/m3,2015-10-31 09:00:00 +01:00
5302,NL,STA-NL00016,PM10,30.9,µg/m3,2015-10-31 13:00:00 +01:00
5303,NL,STA-NL00016,PM10,36.6,µg/m3,2015-10-31 10:00:00 +01:00
5304,NL,STA-NL00016,PM10,34.7,µg/m3,2015-10-31 21:00:00 +01:00
5305,NL,STA-NL00016,PM10,41.6,µg/m3,2015-10-31 20:00:00 +01:00
5306,NL,STA-NL00016,PM10,29.2,µg/m3,2015-11-01 09:00:00 +01:00
5307,NL,STA-NL00016,PM10,34.3,µg/m3,2015-11-01 02:00:00 +01:00
5308,NL,STA-NL00016,PM10,33.5,µg/m3,2015-11-01 01:00:00 +01:00
5309,NL,STA-NL00016,PM10,31.9,µg/m3,2015-10-31 16:00:00 +01:00
5310,NL,STA-NL00016,PM10,34.4,µg/m3,2015-11-01 00:00:00 +01:00
5311,NL,STA-NL00016,PM10,32.4,µg/m3,2015-10-31 22:00:00 +01:00
5312,NL,STA-NL00016,PM10,38.5,µg/m3,2015-10-31 18:00:00 +01:00
5313,NL,STA-NL00016,PM10,16.6,µg/m3,2015-10-30 17:00:00 +01:00
5314,NL,STA-NL00016,PM10,43.5,µg/m3,2015-10-30 20:00:00 +01:00
5315,NL,STA-NL00016,PM10,30.8,µg/m3,2015-10-30 21:00:00 +01:00
5316,NL,STA-NL00016,PM10,28.2,µg/m3,2015-10-30 19:00:00 +01:00
5317,NL,STA-NL00016,PM10,25.2,µg/m3,2015-10-30 22:00:00 +01:00
5318,NL,STA-NL00016,PM10,25.8,µg/m3,2015-10-31 00:00:00 +01:00
5319,NL,STA-NL00016,PM10,25.6,µg/m3,2015-10-31 05:00:00 +01:00
5320,NL,STA-NL00016,PM10,26.7,µg/m3,2015-10-31 01:00:00 +01:00
5321,NL,STA-NL00016,PM10,22.0,µg/m3,2015-10-30 13:00:00 +01:00
5322,NL,STA-NL00016,PM10,22.2,µg/m3,2015-10-31 02:00:00 +01:00
5323,NL,STA-NL00016,PM10,29.8,µg/m3,2015-10-30 23:00:00 +01:00
5324,NL,STA-NL00016,PM10,18.9,µg/m3,2015-10-31 06:00:00 +01:00
5325,NL,STA-NL00016,PM10,23.5,µg/m3,2015-10-31 04:00:00 +01:00
5326,NL,STA-NL00016,PM10,28.6,µg/m3,2015-11-03 07:00:00 +01:00
5327,NL,STA-NL00016,PM10,34.7,µg/m3,2015-11-03 06:00:00 +01:00
5328,NL,STA-NL00016,PM10,28.3,µg/m3,2015-11-03 08:00:00 +01:00
5329,NL,STA-NL00016,PM10,27.3,µg/m3,2015-11-03 10:00:00 +01:00
5330,NL,STA-NL00016,PM10,29.0,µg/m3,2015-11-03 01:00:00 +01:00
5331,NL,STA-NL00016,PM10,27.6,µg/m3,2015-11-03 02:00:00 +01:00
5332,NL,STA-NL00016,PM10,30.5,µg/m3,2015-11-03 05:00:00 +01:00
5333,NL,STA-NL00016,PM10,22.6,µg/m3,2015-11-02 22:00:00 +01:00
5334,NL,STA-NL00016,PM10,35.2,µg/m3,2015-11-03 09:00:00 +01:00
5335,NL,STA-NL00016,PM10,39.5,µg/m3,2015-11-03 17:00:00 +01:00
5336,NL,STA-NL00016,PM10,27.3,µg/m3,2015-11-03 15:00:00 +01:00
5337,NL,STA-NL00016,PM10,29.4,µg/m3,2015-11-03 21:00:00 +01:00
5338,NL,STA-NL00016,PM10,43.0,µg/m3,2015-11-03 18:00:00 +01:00
5339,NL,STA-NL00016,PM10,37.4,µg/m3,2015-11-03 19:00:00 +01:00
5340,NL,STA-NL00016,PM10,15.6,µg/m3,2015-11-04 09:00:00 +01:00
5341,NL,STA-NL00016,PM10,15.7,µg/m3,2015-11-04 03:00:00 +01:00
5342,NL,STA-NL00016,PM10,19.0,µg/m3,2015-11-04 07:00:00 +01:00
5343,NL,STA-NL00016,PM10,13.4,µg/m3,2015-11-04 14:00:00 +01:00
5344,NL,STA-NL00016,PM10,16.7,µg/m3,2015-11-04 10:00:00 +01:00
5345,NL,STA-NL00016,PM10,25.8,µg/m3,2015-11-03 22:00:00 +01:00
5346,NL,STA-NL00016,PM10,26.2,µg/m3,2015-11-03 14:00:00 +01:00
5347,NL,STA-NL00016,PM10,11.0,µg/m3,2015-11-04 01:00:00 +01:00
5348,NL,STA-NL00016,PM10,15.5,µg/m3,2015-11-04 06:00:00 +01:00
5349,NL,STA-NL00016,PM10,18.2,µg/m3,2015-11-04 02:00:00 +01:00
5350,NL,STA-NL00016,PM10,25.1,µg/m3,2015-11-03 23:00:00 +01:00
5351,NL,STA-NL00016,PM10,26.7,µg/m3,2015-11-03 13:00:00 +01:00
5352,NL,STA-NL00016,PM10,15.4,µg/m3,2015-11-05 06:00:00 +01:00
5353,NL,STA-NL00016,PM10,12.5,µg/m3,2015-11-05 03:00:00 +01:00
5354,NL,STA-NL00016,PM10,19.3,µg/m3,2015-11-05 05:00:00 +01:00
5355,NL,STA-NL00016,PM10,17.3,µg/m3,2015-11-05 07:00:00 +01:00
5356,NL,STA-NL00016,PM10,16.4,µg/m3,2015-11-04 15:00:00 +01:00
5357,NL,STA-NL00016,PM10,19.4,µg/m3,2015-11-04 11:00:00 +01:00
5358,NL,STA-NL00016,PM10,14.6,µg/m3,2015-11-04 22:00:00 +01:00
5359,NL,STA-NL00016,PM10,18.7,µg/m3,2015-11-05 01:00:00 +01:00
5360,NL,STA-NL00016,PM10,12.0,µg/m3,2015-11-04 23:00:00 +01:00
5361,NL,STA-NL00016,PM10,12.6,µg/m3,2015-11-05 02:00:00 +01:00
5362,NL,STA-NL00016,PM10,32.7,µg/m3,2015-11-05 10:00:00 +01:00
5363,NL,STA-NL00016,PM10,6.1,µg/m3,2015-11-04 18:00:00 +01:00
5364,NL,STA-NL00016,PM10,13.1,µg/m3,2015-11-04 19:00:00 +01:00
5365,NL,STA-NL00016,PM10,22.8,µg/m3,2015-11-05 12:00:00 +01:00
5366,NL,STA-NL00016,PM10,8.3,µg/m3,2015-11-04 20:00:00 +01:00
5367,NL,STA-NL00016,PM10,11.4,µg/m3,2015-11-05 20:00:00 +01:00
5368,NL,STA-NL00016,PM10,17.1,µg/m3,2015-11-05 19:00:00 +01:00
5369,NL,STA-NL00016,PM10,6.4,µg/m3,2015-11-06 03:00:00 +01:00
5370,NL,STA-NL00016,PM10,10.8,µg/m3,2015-11-06 00:00:00 +01:00
5371,NL,STA-NL00016,PM10,16.4,µg/m3,2015-11-05 15:00:00 +01:00
5372,NL,STA-NL00016,PM10,22.3,µg/m3,2015-11-05 14:00:00 +01:00
5373,NL,STA-NL00016,PM10,30.9,µg/m3,2015-11-05 11:00:00 +01:00
5374,NL,STA-NL00016,PM10,9.4,µg/m3,2015-11-05 23:00:00 +01:00
5375,NL,STA-NL00016,PM10,4.7,µg/m3,2015-11-06 07:00:00 +01:00
5376,NL,STA-NL00016,PM10,7.6,µg/m3,2015-11-06 16:00:00 +01:00
5377,NL,STA-NL00016,PM10,5.2,µg/m3,2015-11-06 08:00:00 +01:00
5378,NL,STA-NL00016,PM10,5.9,µg/m3,2015-11-06 04:00:00 +01:00
5379,NL,STA-NL00016,PM10,2.6,µg/m3,2015-11-06 11:00:00 +01:00
5380,NL,STA-NL00016,PM10,6.7,µg/m3,2015-11-06 15:00:00 +01:00
5381,NL,STA-NL00016,PM10,9.4,µg/m3,2015-11-06 19:00:00 +01:00
5382,NL,STA-NL00016,PM10,7.8,µg/m3,2015-11-06 12:00:00 +01:00
5383,NL,STA-NL00016,PM10,7.7,µg/m3,2015-11-06 20:00:00 +01:00
5384,NL,STA-NL00016,PM10,3.6,µg/m3,2015-11-06 23:00:00 +01:00
5385,NL,STA-NL00016,PM10,8.7,µg/m3,2015-11-13 22:00:00 +01:00
5386,NL,STA-NL00016,PM10,5.5,µg/m3,2015-11-13 19:00:00 +01:00
5387,NL,STA-NL00016,PM10,15.1,µg/m3,2015-11-13 09:00:00 +01:00
5388,NL,STA-NL00016,PM10,6.6,µg/m3,2015-11-13 23:00:00 +01:00
5389,NL,STA-NL00016,PM10,9.3,µg/m3,2015-11-13 21:00:00 +01:00
5390,NL,STA-NL00016,PM10,21.2,µg/m3,2015-11-13 10:00:00 +01:00
5391,NL,STA-NL00016,PM10,16.2,µg/m3,2015-11-13 13:00:00 +01:00
5392,NL,STA-NL00016,PM10,8.0,µg/m3,2015-11-13 18:00:00 +01:00
5393,NL,STA-NL00016,PM10,19.1,µg/m3,2015-11-13 14:00:00 +01:00
5394,NL,STA-NL00016,PM10,17.3,µg/m3,2015-11-13 02:00:00 +01:00
5395,NL,STA-NL00016,PM10,13.0,µg/m3,2015-11-13 05:00:00 +01:00
5396,NL,STA-NL00016,PM10,18.9,µg/m3,2015-11-12 22:00:00 +01:00
5397,NL,STA-NL00016,PM10,20.3,µg/m3,2015-11-13 01:00:00 +01:00
5398,NL,STA-NL00016,PM10,16.0,µg/m3,2015-11-12 14:00:00 +01:00
5399,NL,STA-NL00016,PM10,12.4,µg/m3,2015-11-12 17:00:00 +01:00
5400,NL,STA-NL00016,PM10,15.4,µg/m3,2015-11-13 06:00:00 +01:00
5401,NL,STA-NL00016,PM10,20.1,µg/m3,2015-11-13 04:00:00 +01:00
5402,NL,STA-NL00016,PM10,10.9,µg/m3,2015-11-12 06:00:00 +01:00
5403,NL,STA-NL00016,PM10,15.1,µg/m3,2015-11-12 05:00:00 +01:00
5404,NL,STA-NL00016,PM10,11.9,µg/m3,2015-11-12 21:00:00 +01:00
5405,NL,STA-NL00016,PM10,11.6,µg/m3,2015-11-12 18:00:00 +01:00
5406,NL,STA-NL00016,PM10,8.0,µg/m3,2015-11-12 00:00:00 +01:00
5407,NL,STA-NL00016,PM10,15.4,µg/m3,2015-11-11 22:00:00 +01:00
5408,NL,STA-NL00016,PM10,8.4,µg/m3,2015-11-12 01:00:00 +01:00
5409,NL,STA-NL00016,PM10,15.7,µg/m3,2015-11-11 20:00:00 +01:00
5410,NL,STA-NL00016,PM10,11.5,µg/m3,2015-11-10 18:00:00 +01:00
5411,NL,STA-NL00016,PM10,17.2,µg/m3,2015-11-11 12:00:00 +01:00
5412,NL,STA-NL00016,PM10,17.5,µg/m3,2015-11-11 18:00:00 +01:00
5413,NL,STA-NL00016,PM10,12.3,µg/m3,2015-11-11 17:00:00 +01:00
5414,NL,STA-NL00016,PM10,16.9,µg/m3,2015-11-12 09:00:00 +01:00
5415,NL,STA-NL00016,PM10,15.2,µg/m3,2015-11-12 02:00:00 +01:00
5416,NL,STA-NL00016,PM10,14.5,µg/m3,2015-11-11 21:00:00 +01:00
5417,NL,STA-NL00016,PM10,9.9,µg/m3,2015-11-12 08:00:00 +01:00
5418,NL,STA-NL00016,PM10,11.1,µg/m3,2015-11-12 10:00:00 +01:00
5419,NL,STA-NL00016,PM10,9.7,µg/m3,2015-11-12 13:00:00 +01:00
5420,NL,STA-NL00016,PM10,8.8,µg/m3,2015-11-11 09:00:00 +01:00
5421,NL,STA-NL00016,PM10,14.7,µg/m3,2015-11-11 05:00:00 +01:00
5422,NL,STA-NL00016,PM10,18.1,µg/m3,2015-11-11 13:00:00 +01:00
5423,NL,STA-NL00016,PM10,19.8,µg/m3,2015-11-11 06:00:00 +01:00
5424,NL,STA-NL00016,PM10,14.4,µg/m3,2015-11-11 14:00:00 +01:00
5425,NL,STA-NL00016,PM10,21.4,µg/m3,2015-11-10 22:00:00 +01:00
5426,NL,STA-NL00016,PM10,9.6,µg/m3,2015-11-10 13:00:00 +01:00
5427,NL,STA-NL00016,PM10,15.4,µg/m3,2015-11-11 01:00:00 +01:00
5428,NL,STA-NL00016,PM10,14.0,µg/m3,2015-11-10 17:00:00 +01:00
5429,NL,STA-NL00016,PM10,22.7,µg/m3,2015-11-10 21:00:00 +01:00
5430,NL,STA-NL00016,PM10,20.9,µg/m3,2015-11-11 04:00:00 +01:00
5431,NL,STA-NL00016,PM10,13.5,µg/m3,2015-11-11 02:00:00 +01:00
5432,NL,STA-NL00016,PM10,20.1,µg/m3,2015-11-10 05:00:00 +01:00
5433,NL,STA-NL00016,PM10,16.2,µg/m3,2015-11-10 06:00:00 +01:00
5434,NL,STA-NL00016,PM10,19.4,µg/m3,2015-11-10 02:00:00 +01:00
5435,NL,STA-NL00016,PM10,14.8,µg/m3,2015-11-10 10:00:00 +01:00
5436,NL,STA-NL00016,PM10,16.4,µg/m3,2015-11-10 09:00:00 +01:00
5437,NL,STA-NL00016,PM10,10.0,µg/m3,2015-11-10 14:00:00 +01:00
5438,NL,STA-NL00016,PM10,27.6,µg/m3,2015-11-09 22:00:00 +01:00
5439,NL,STA-NL00016,PM10,22.9,µg/m3,2015-11-10 01:00:00 +01:00
5440,NL,STA-NL00016,PM10,19.1,µg/m3,2015-11-09 21:00:00 +01:00
5441,NL,STA-NL00016,PM10,13.3,µg/m3,2015-11-09 14:00:00 +01:00
5442,NL,STA-NL00016,PM10,12.1,µg/m3,2015-11-09 18:00:00 +01:00
5443,NL,STA-NL00016,PM10,14.9,µg/m3,2015-11-09 17:00:00 +01:00
5444,NL,STA-NL00016,PM10,8.4,µg/m3,2015-11-09 01:00:00 +01:00
5445,NL,STA-NL00016,PM10,15.0,µg/m3,2015-11-09 02:00:00 +01:00
5446,NL,STA-NL00016,PM10,16.2,µg/m3,2015-11-09 05:00:00 +01:00
5448,NL,STA-NL00016,PM10,9.4,µg/m3,2015-11-08 21:00:00 +01:00
5450,NL,STA-NL00016,PM10,10.1,µg/m3,2015-11-08 22:00:00 +01:00
5451,NL,STA-NL00016,PM10,12.2,µg/m3,2015-11-09 10:00:00 +01:00
5452,NL,STA-NL00016,PM10,9.7,µg/m3,2015-11-09 06:00:00 +01:00
5453,NL,STA-NL00016,PM10,8.5,µg/m3,2015-11-09 00:00:00 +01:00
5454,NL,STA-NL00016,PM10,10.9,µg/m3,2015-11-09 13:00:00 +01:00
5455,NL,STA-NL00016,PM10,2.8,µg/m3,2015-11-07 16:00:00 +01:00
5456,NL,STA-NL00016,PM10,4.7,µg/m3,2015-11-07 19:00:00 +01:00
5457,NL,STA-NL00016,PM10,1.9,µg/m3,2015-11-07 17:00:00 +01:00
5458,NL,STA-NL00016,PM10,1.4,µg/m3,2015-11-07 18:00:00 +01:00
5459,NL,STA-NL00016,PM10,11.4,µg/m3,2015-11-07 21:00:00 +01:00
5460,NL,STA-NL00016,PM10,9.9,µg/m3,2015-11-07 20:00:00 +01:00
5461,NL,STA-NL00016,PM10,3.6,µg/m3,2015-11-07 14:00:00 +01:00
5462,NL,STA-NL00016,PM10,3.4,µg/m3,2015-11-07 15:00:00 +01:00
5463,NL,STA-NL00016,PM10,5.3,µg/m3,2015-11-07 12:00:00 +01:00
5464,NL,STA-NL00016,PM10,4.6,µg/m3,2015-11-07 13:00:00 +01:00
5465,NL,STA-NL00016,PM10,8.5,µg/m3,2015-11-07 11:00:00 +01:00
5466,NL,STA-NL00016,PM10,6.1,µg/m3,2015-11-07 02:00:00 +01:00
5467,NL,STA-NL00016,PM10,6.5,µg/m3,2015-11-07 03:00:00 +01:00
5468,NL,STA-NL00016,PM10,2.9,µg/m3,2015-11-07 08:00:00 +01:00
5469,NL,STA-NL00016,PM10,14.2,µg/m3,2015-11-07 04:00:00 +01:00
5470,NL,STA-NL00016,PM10,4.8,µg/m3,2015-11-07 07:00:00 +01:00
5471,NL,STA-NL00016,PM10,6.8,µg/m3,2015-11-08 17:00:00 +01:00
5472,NL,STA-NL00016,PM10,8.1,µg/m3,2015-11-08 18:00:00 +01:00
5473,NL,STA-NL00016,PM10,13.7,µg/m3,2015-11-08 16:00:00 +01:00
5474,NL,STA-NL00016,PM10,22.4,µg/m3,2015-11-08 12:00:00 +01:00
5475,NL,STA-NL00016,PM10,10.3,µg/m3,2015-11-08 14:00:00 +01:00
5476,NL,STA-NL00016,PM10,15.5,µg/m3,2015-11-08 13:00:00 +01:00
5477,NL,STA-NL00016,PM10,12.7,µg/m3,2015-11-08 06:00:00 +01:00
5478,NL,STA-NL00016,PM10,9.3,µg/m3,2015-11-08 08:00:00 +01:00
5479,NL,STA-NL00016,PM10,12.4,µg/m3,2015-11-08 05:00:00 +01:00
5480,NL,STA-NL00016,PM10,9.2,µg/m3,2015-11-08 09:00:00 +01:00
5481,NL,STA-NL00016,PM10,13.4,µg/m3,2015-11-08 10:00:00 +01:00
5482,NL,STA-NL00016,PM10,11.7,µg/m3,2015-11-08 02:00:00 +01:00
5483,NL,STA-NL00016,PM10,11.5,µg/m3,2015-11-08 00:00:00 +01:00
5484,NL,STA-NL00016,PM10,10.6,µg/m3,2015-11-08 03:00:00 +01:00
5485,NL,STA-NL00016,PM10,13.9,µg/m3,2015-11-08 04:00:00 +01:00
5486,NL,STA-NL00016,PM10,10.8,µg/m3,2015-11-07 23:00:00 +01:00
5487,NL,STA-NL00016,PM10,14.6,µg/m3,2015-11-08 01:00:00 +01:00
5488,NL,STA-NL00016,PM10,11.1,µg/m3,2015-11-18 19:00:00 +01:00
5489,NL,STA-NL00016,PM10,19.9,µg/m3,2015-11-19 04:00:00 +01:00
5490,NL,STA-NL00016,PM10,19.3,µg/m3,2015-11-19 00:00:00 +01:00
5491,NL,STA-NL00016,PM10,19.2,µg/m3,2015-11-18 11:00:00 +01:00
5492,NL,STA-NL00016,PM10,21.5,µg/m3,2015-11-18 15:00:00 +01:00
5493,NL,STA-NL00016,PM10,18.3,µg/m3,2015-11-18 16:00:00 +01:00
5494,NL,STA-NL00016,PM10,9.0,µg/m3,2015-11-18 20:00:00 +01:00
5495,NL,STA-NL00016,PM10,18.1,µg/m3,2015-11-19 05:00:00 +01:00
5496,NL,STA-NL00016,PM10,18.3,µg/m3,2015-11-19 03:00:00 +01:00
5497,NL,STA-NL00016,PM10,14.6,µg/m3,2015-11-19 07:00:00 +01:00
5498,NL,STA-NL00016,PM10,14.6,µg/m3,2015-11-19 09:00:00 +01:00
5499,NL,STA-NL00016,PM10,16.6,µg/m3,2015-11-19 08:00:00 +01:00
5500,NL,STA-NL00016,PM10,16.8,µg/m3,2015-11-19 10:00:00 +01:00
5501,NL,STA-NL00016,PM10,17.4,µg/m3,2015-11-18 23:00:00 +01:00
5502,NL,STA-NL00016,PM10,15.9,µg/m3,2015-11-19 12:00:00 +01:00
5503,NL,STA-NL00016,PM10,19.2,µg/m3,2015-11-19 13:00:00 +01:00
5504,NL,STA-NL00016,PM10,8.0,µg/m3,2015-11-19 17:00:00 +01:00
5505,NL,STA-NL00016,PM10,5.0,µg/m3,2015-11-17 08:00:00 +01:00
5506,NL,STA-NL00016,PM10,3.9,µg/m3,2015-11-17 19:00:00 +01:00
5507,NL,STA-NL00016,PM10,20.8,µg/m3,2015-11-17 16:00:00 +01:00
5508,NL,STA-NL00016,PM10,1.2,µg/m3,2015-11-17 12:00:00 +01:00
5509,NL,STA-NL00016,PM10,1.4,µg/m3,2015-11-17 04:00:00 +01:00
5510,NL,STA-NL00016,PM10,4.2,µg/m3,2015-11-17 07:00:00 +01:00
5511,NL,STA-NL00016,PM10,19.1,µg/m3,2015-11-17 15:00:00 +01:00
5512,NL,STA-NL00016,PM10,11.3,µg/m3,2015-11-17 00:00:00 +01:00
5513,NL,STA-NL00016,PM10,1.8,µg/m3,2015-11-17 03:00:00 +01:00
5514,NL,STA-NL00016,PM10,-0.6,µg/m3,2015-11-17 11:00:00 +01:00
5515,NL,STA-NL00016,PM10,13.1,µg/m3,2015-11-18 07:00:00 +01:00
5516,NL,STA-NL00016,PM10,10.2,µg/m3,2015-11-18 08:00:00 +01:00
5517,NL,STA-NL00016,PM10,9.3,µg/m3,2015-11-18 04:00:00 +01:00
5518,NL,STA-NL00016,PM10,19.0,µg/m3,2015-11-18 12:00:00 +01:00
5519,NL,STA-NL00016,PM10,14.9,µg/m3,2015-11-17 20:00:00 +01:00
5520,NL,STA-NL00016,PM10,25.3,µg/m3,2015-11-17 23:00:00 +01:00
5521,NL,STA-NL00016,PM10,21.5,µg/m3,2015-11-18 00:00:00 +01:00
5522,NL,STA-NL00016,PM10,13.6,µg/m3,2015-11-18 03:00:00 +01:00
5523,NL,STA-NL00016,PM10,10.6,µg/m3,2015-11-14 09:00:00 +01:00
5524,NL,STA-NL00016,PM10,9.1,µg/m3,2015-11-14 05:00:00 +01:00
5525,NL,STA-NL00016,PM10,8.4,µg/m3,2015-11-13 17:00:00 +01:00
5526,NL,STA-NL00016,PM10,11.8,µg/m3,2015-11-14 01:00:00 +01:00
5527,NL,STA-NL00016,PM10,10.3,µg/m3,2015-11-14 03:00:00 +01:00
5528,NL,STA-NL00016,PM10,12.3,µg/m3,2015-11-14 02:00:00 +01:00
5529,NL,STA-NL00016,PM10,14.7,µg/m3,2015-11-14 13:00:00 +01:00
5530,NL,STA-NL00016,PM10,8.6,µg/m3,2015-11-14 06:00:00 +01:00
5531,NL,STA-NL00016,PM10,5.3,µg/m3,2015-11-14 14:00:00 +01:00
5532,NL,STA-NL00016,PM10,16.0,µg/m3,2015-11-14 11:00:00 +01:00
5533,NL,STA-NL00016,PM10,7.3,µg/m3,2015-11-14 17:00:00 +01:00
5534,NL,STA-NL00016,PM10,5.1,µg/m3,2015-11-14 18:00:00 +01:00
5535,NL,STA-NL00016,PM10,3.6,µg/m3,2015-11-14 22:00:00 +01:00
5536,NL,STA-NL00016,PM10,6.5,µg/m3,2015-11-15 02:00:00 +01:00
5537,NL,STA-NL00016,PM10,5.6,µg/m3,2015-11-14 21:00:00 +01:00
5538,NL,STA-NL00016,PM10,10.9,µg/m3,2015-11-14 07:00:00 +01:00
5539,NL,STA-NL00016,PM10,13.4,µg/m3,2015-11-14 10:00:00 +01:00
5540,NL,STA-NL00016,PM10,8.5,µg/m3,2015-11-14 19:00:00 +01:00
5541,NL,STA-NL00016,PM10,7.9,µg/m3,2015-11-15 05:00:00 +01:00
5542,NL,STA-NL00016,PM10,12.9,µg/m3,2015-11-15 06:00:00 +01:00
5543,NL,STA-NL00016,PM10,9.6,µg/m3,2015-11-15 01:00:00 +01:00
5544,NL,STA-NL00016,PM10,5.1,µg/m3,2015-11-15 03:00:00 +01:00
5545,NL,STA-NL00016,PM10,4.9,µg/m3,2015-11-14 23:00:00 +01:00
5546,NL,STA-NL00016,PM10,6.2,µg/m3,2015-11-14 15:00:00 +01:00
5547,NL,STA-NL00016,PM10,21.2,µg/m3,2015-11-15 15:00:00 +01:00
5548,NL,STA-NL00016,PM10,24.1,µg/m3,2015-11-15 10:00:00 +01:00
5549,NL,STA-NL00016,PM10,19.0,µg/m3,2015-11-15 07:00:00 +01:00
5550,NL,STA-NL00016,PM10,24.4,µg/m3,2015-11-15 11:00:00 +01:00
5551,NL,STA-NL00016,PM10,19.2,µg/m3,2015-11-15 16:00:00 +01:00
5552,NL,STA-NL00016,PM10,22.1,µg/m3,2015-11-15 18:00:00 +01:00
5553,NL,STA-NL00016,PM10,17.5,µg/m3,2015-11-15 19:00:00 +01:00
5554,NL,STA-NL00016,PM10,9.3,µg/m3,2015-11-16 12:00:00 +01:00
5555,NL,STA-NL00016,PM10,9.4,µg/m3,2015-11-16 11:00:00 +01:00
5556,NL,STA-NL00016,PM10,22.4,µg/m3,2015-11-15 14:00:00 +01:00
5557,NL,STA-NL00016,PM10,12.2,µg/m3,2015-11-16 07:00:00 +01:00
5558,NL,STA-NL00016,PM10,16.3,µg/m3,2015-11-16 03:00:00 +01:00
5559,NL,STA-NL00016,PM10,13.8,µg/m3,2015-11-15 20:00:00 +01:00
5560,NL,STA-NL00016,PM10,22.0,µg/m3,2015-11-15 12:00:00 +01:00
5561,NL,STA-NL00016,PM10,11.3,µg/m3,2015-11-15 22:00:00 +01:00
5562,NL,STA-NL00016,PM10,19.0,µg/m3,2015-11-16 02:00:00 +01:00
5563,NL,STA-NL00016,PM10,11.9,µg/m3,2015-11-16 06:00:00 +01:00
5564,NL,STA-NL00016,PM10,10.3,µg/m3,2015-11-16 00:00:00 +01:00
5565,NL,STA-NL00016,PM10,11.1,µg/m3,2015-11-15 23:00:00 +01:00
5566,NL,STA-NL00016,PM10,11.0,µg/m3,2015-11-16 16:00:00 +01:00
5567,NL,STA-NL00016,PM10,10.8,µg/m3,2015-11-16 08:00:00 +01:00
5568,NL,STA-NL00016,PM10,16.4,µg/m3,2015-11-16 04:00:00 +01:00
5569,NL,STA-NL00016,PM10,16.8,µg/m3,2015-11-16 19:00:00 +01:00
5570,NL,STA-NL00016,PM10,6.8,µg/m3,2015-11-16 15:00:00 +01:00
5571,NL,STA-NL00016,PM10,13.2,µg/m3,2015-11-16 20:00:00 +01:00
5572,NL,STA-NL00016,PM10,16.5,µg/m3,2015-11-16 23:00:00 +01:00
5573,NL,STA-NL00016,PM10,25.6,µg/m3,2015-11-27 06:00:00 +01:00
5574,NL,STA-NL00016,PM10,12.7,µg/m3,2015-11-27 02:00:00 +01:00
5575,NL,STA-NL00016,PM10,26.1,µg/m3,2015-11-27 07:00:00 +01:00
5576,NL,STA-NL00016,PM10,28.5,µg/m3,2015-11-27 08:00:00 +01:00
5577,NL,STA-NL00016,PM10,25.5,µg/m3,2015-11-27 09:00:00 +01:00
5578,NL,STA-NL00016,PM10,27.4,µg/m3,2015-11-27 14:00:00 +01:00
5579,NL,STA-NL00016,PM10,28.2,µg/m3,2015-11-27 12:00:00 +01:00
5580,NL,STA-NL00016,PM10,18.2,µg/m3,2015-11-26 22:00:00 +01:00
5581,NL,STA-NL00016,PM10,17.7,µg/m3,2015-11-26 14:00:00 +01:00
5582,NL,STA-NL00016,PM10,18.3,µg/m3,2015-11-27 04:00:00 +01:00
5583,NL,STA-NL00016,PM10,11.5,µg/m3,2015-11-27 01:00:00 +01:00
5584,NL,STA-NL00016,PM10,19.5,µg/m3,2015-11-27 05:00:00 +01:00
5585,NL,STA-NL00016,PM10,14.5,µg/m3,2015-11-27 03:00:00 +01:00
5586,NL,STA-NL00016,PM10,21.0,µg/m3,2015-11-26 20:00:00 +01:00
5587,NL,STA-NL00016,PM10,28.8,µg/m3,2015-11-26 17:00:00 +01:00
5588,NL,STA-NL00016,PM10,16.9,µg/m3,2015-11-26 09:00:00 +01:00
5589,NL,STA-NL00016,PM10,10.5,µg/m3,2015-11-26 06:00:00 +01:00
5590,NL,STA-NL00016,PM10,20.2,µg/m3,2015-11-26 10:00:00 +01:00
5591,NL,STA-NL00016,PM10,14.6,µg/m3,2015-11-26 11:00:00 +01:00
5592,NL,STA-NL00016,PM10,14.8,µg/m3,2015-11-26 03:00:00 +01:00
5593,NL,STA-NL00016,PM10,8.6,µg/m3,2015-11-25 07:00:00 +01:00
5594,NL,STA-NL00016,PM10,8.6,µg/m3,2015-11-25 06:00:00 +01:00
5595,NL,STA-NL00016,PM10,11.2,µg/m3,2015-11-25 09:00:00 +01:00
5596,NL,STA-NL00016,PM10,7.4,µg/m3,2015-11-25 05:00:00 +01:00
5597,NL,STA-NL00016,PM10,11.2,µg/m3,2015-11-25 08:00:00 +01:00
5598,NL,STA-NL00016,PM10,9.9,µg/m3,2015-11-25 02:00:00 +01:00
5599,NL,STA-NL00016,PM10,7.9,µg/m3,2015-11-25 03:00:00 +01:00
5600,NL,STA-NL00016,PM10,19.8,µg/m3,2015-11-24 21:00:00 +01:00
5601,NL,STA-NL00016,PM10,12.5,µg/m3,2015-11-24 23:00:00 +01:00
5602,NL,STA-NL00016,PM10,17.7,µg/m3,2015-11-24 20:00:00 +01:00
5603,NL,STA-NL00016,PM10,10.1,µg/m3,2015-11-25 13:00:00 +01:00
5604,NL,STA-NL00016,PM10,8.1,µg/m3,2015-11-25 18:00:00 +01:00
5605,NL,STA-NL00016,PM10,12.3,µg/m3,2015-11-25 14:00:00 +01:00
5606,NL,STA-NL00016,PM10,7.1,µg/m3,2015-11-25 20:00:00 +01:00
5607,NL,STA-NL00016,PM10,9.6,µg/m3,2015-11-25 17:00:00 +01:00
5608,NL,STA-NL00016,PM10,5.1,µg/m3,2015-11-25 19:00:00 +01:00
5609,NL,STA-NL00016,PM10,20.9,µg/m3,2015-11-26 00:00:00 +01:00
5610,NL,STA-NL00016,PM10,15.1,µg/m3,2015-11-26 01:00:00 +01:00
5611,NL,STA-NL00016,PM10,12.8,µg/m3,2015-11-27 20:00:00 +01:00
5612,NL,STA-NL00016,PM10,16.8,µg/m3,2015-11-27 19:00:00 +01:00
5613,NL,STA-NL00016,PM10,15.9,µg/m3,2015-11-27 18:00:00 +01:00
5614,NL,STA-NL00016,PM10,13.0,µg/m3,2015-11-27 22:00:00 +01:00
5615,NL,STA-NL00016,PM10,14.3,µg/m3,2015-11-27 17:00:00 +01:00
5616,NL,STA-NL00016,PM10,31.7,µg/m3,2015-11-27 13:00:00 +01:00
5617,NL,STA-NL00016,PM10,6.2,µg/m3,2015-11-28 04:00:00 +01:00
5618,NL,STA-NL00016,PM10,4.3,µg/m3,2015-11-28 03:00:00 +01:00
5619,NL,STA-NL00016,PM10,12.2,µg/m3,2015-11-28 14:00:00 +01:00
5620,NL,STA-NL00016,PM10,20.2,µg/m3,2015-11-28 15:00:00 +01:00
5621,NL,STA-NL00016,PM10,13.7,µg/m3,2015-11-28 12:00:00 +01:00
5622,NL,STA-NL00016,PM10,15.3,µg/m3,2015-11-28 09:00:00 +01:00
5623,NL,STA-NL00016,PM10,13.6,µg/m3,2015-11-28 08:00:00 +01:00
5624,NL,STA-NL00016,PM10,13.1,µg/m3,2015-11-28 10:00:00 +01:00
5625,NL,STA-NL00016,PM10,1.9,µg/m3,2015-11-28 05:00:00 +01:00
5626,NL,STA-NL00016,PM10,1.3,µg/m3,2015-11-28 06:00:00 +01:00
5627,NL,STA-NL00016,PM10,12.7,µg/m3,2015-11-28 11:00:00 +01:00
5628,NL,STA-NL00016,PM10,15.0,µg/m3,2015-11-28 00:00:00 +01:00
5629,NL,STA-NL00016,PM10,27.3,µg/m3,2015-11-29 16:00:00 +01:00
5630,NL,STA-NL00016,PM10,6.8,µg/m3,2015-11-29 12:00:00 +01:00
5631,NL,STA-NL00016,PM10,4.0,µg/m3,2015-11-28 20:00:00 +01:00
5632,NL,STA-NL00016,PM10,19.9,µg/m3,2015-11-29 17:00:00 +01:00
5633,NL,STA-NL00016,PM10,21.1,µg/m3,2015-11-29 14:00:00 +01:00
5634,NL,STA-NL00016,PM10,16.3,µg/m3,2015-11-29 11:00:00 +01:00
5635,NL,STA-NL00016,PM10,28.1,µg/m3,2015-11-29 18:00:00 +01:00
5636,NL,STA-NL00016,PM10,20.8,µg/m3,2015-11-29 22:00:00 +01:00
5637,NL,STA-NL00016,PM10,15.3,µg/m3,2015-11-29 13:00:00 +01:00
5638,NL,STA-NL00016,PM10,8.6,µg/m3,2015-11-29 08:00:00 +01:00
5639,NL,STA-NL00016,PM10,13.4,µg/m3,2015-11-29 10:00:00 +01:00
5640,NL,STA-NL00016,PM10,7.5,µg/m3,2015-11-29 07:00:00 +01:00
5641,NL,STA-NL00016,PM10,16.7,µg/m3,2015-11-29 06:00:00 +01:00
5642,NL,STA-NL00016,PM10,12.5,µg/m3,2015-11-29 05:00:00 +01:00
5643,NL,STA-NL00016,PM10,5.0,µg/m3,2015-11-29 00:00:00 +01:00
5644,NL,STA-NL00016,PM10,17.6,µg/m3,2015-11-29 01:00:00 +01:00
5645,NL,STA-NL00016,PM10,8.8,µg/m3,2015-11-29 02:00:00 +01:00
5646,NL,STA-NL00016,PM10,13.0,µg/m3,2015-11-28 19:00:00 +01:00
5647,NL,STA-NL00016,PM10,7.5,µg/m3,2015-11-28 23:00:00 +01:00
5648,NL,STA-NL00016,PM10,14.2,µg/m3,2015-11-24 09:00:00 +01:00
5649,NL,STA-NL00016,PM10,14.0,µg/m3,2015-11-24 04:00:00 +01:00
5650,NL,STA-NL00016,PM10,13.0,µg/m3,2015-11-24 05:00:00 +01:00
5651,NL,STA-NL00016,PM10,14.7,µg/m3,2015-11-24 10:00:00 +01:00
5652,NL,STA-NL00016,PM10,12.1,µg/m3,2015-11-24 11:00:00 +01:00
5653,NL,STA-NL00016,PM10,17.8,µg/m3,2015-11-24 19:00:00 +01:00
5654,NL,STA-NL00016,PM10,10.6,µg/m3,2015-11-24 16:00:00 +01:00
5655,NL,STA-NL00016,PM10,12.6,µg/m3,2015-11-24 06:00:00 +01:00
5656,NL,STA-NL00016,PM10,11.9,µg/m3,2015-11-25 00:00:00 +01:00
5657,NL,STA-NL00016,PM10,14.9,µg/m3,2015-11-24 22:00:00 +01:00
5658,NL,STA-NL00016,PM10,10.8,µg/m3,2015-11-24 17:00:00 +01:00
5659,NL,STA-NL00016,PM10,13.2,µg/m3,2015-11-23 13:00:00 +01:00
5660,NL,STA-NL00016,PM10,18.9,µg/m3,2015-11-23 22:00:00 +01:00
5661,NL,STA-NL00016,PM10,16.9,µg/m3,2015-11-24 02:00:00 +01:00
5662,NL,STA-NL00016,PM10,19.5,µg/m3,2015-11-24 01:00:00 +01:00
5663,NL,STA-NL00016,PM10,5.2,µg/m3,2015-11-23 17:00:00 +01:00
5664,NL,STA-NL00016,PM10,24.6,µg/m3,2015-11-23 07:00:00 +01:00
5665,NL,STA-NL00016,PM10,7.7,µg/m3,2015-11-23 20:00:00 +01:00
5666,NL,STA-NL00016,PM10,11.4,µg/m3,2015-11-23 21:00:00 +01:00
5667,NL,STA-NL00016,PM10,8.4,µg/m3,2015-11-22 23:00:00 +01:00
5668,NL,STA-NL00016,PM10,5.7,µg/m3,2015-11-23 01:00:00 +01:00
5669,NL,STA-NL00016,PM10,12.7,µg/m3,2015-11-22 22:00:00 +01:00
5670,NL,STA-NL00016,PM10,7.1,µg/m3,2015-11-23 03:00:00 +01:00
5671,NL,STA-NL00016,PM10,8.9,µg/m3,2015-11-23 05:00:00 +01:00
5672,NL,STA-NL00016,PM10,12.3,µg/m3,2015-11-23 11:00:00 +01:00
5673,NL,STA-NL00016,PM10,9.5,µg/m3,2015-11-23 14:00:00 +01:00
5674,NL,STA-NL00016,PM10,8.6,µg/m3,2015-11-23 06:00:00 +01:00
5675,NL,STA-NL00016,PM10,1.6,µg/m3,2015-11-22 08:00:00 +01:00
5676,NL,STA-NL00016,PM10,5.1,µg/m3,2015-11-22 10:00:00 +01:00
5677,NL,STA-NL00016,PM10,6.2,µg/m3,2015-11-22 02:00:00 +01:00
5678,NL,STA-NL00016,PM10,8.0,µg/m3,2015-11-23 00:00:00 +01:00
5679,NL,STA-NL00016,PM10,8.2,µg/m3,2015-11-22 20:00:00 +01:00
5680,NL,STA-NL00016,PM10,7.1,µg/m3,2015-11-22 19:00:00 +01:00
5681,NL,STA-NL00016,PM10,6.3,µg/m3,2015-11-22 17:00:00 +01:00
5682,NL,STA-NL00016,PM10,10.4,µg/m3,2015-11-22 16:00:00 +01:00
5683,NL,STA-NL00016,PM10,4.5,µg/m3,2015-11-21 13:00:00 +01:00
5684,NL,STA-NL00016,PM10,-1.3,µg/m3,2015-11-21 18:00:00 +01:00
5685,NL,STA-NL00016,PM10,3.0,µg/m3,2015-11-21 16:00:00 +01:00
5686,NL,STA-NL00016,PM10,8.3,µg/m3,2015-11-22 05:00:00 +01:00
5687,NL,STA-NL00016,PM10,4.6,µg/m3,2015-11-22 03:00:00 +01:00
5688,NL,STA-NL00016,PM10,7.4,µg/m3,2015-11-22 04:00:00 +01:00
5689,NL,STA-NL00016,PM10,4.9,µg/m3,2015-11-21 22:00:00 +01:00
5690,NL,STA-NL00016,PM10,-3.1,µg/m3,2015-11-21 19:00:00 +01:00
5691,NL,STA-NL00016,PM10,7.6,µg/m3,2015-11-20 20:00:00 +01:00
5692,NL,STA-NL00016,PM10,5.7,µg/m3,2015-11-21 03:00:00 +01:00
5693,NL,STA-NL00016,PM10,1.9,µg/m3,2015-11-21 08:00:00 +01:00
5694,NL,STA-NL00016,PM10,7.9,µg/m3,2015-11-21 04:00:00 +01:00
5695,NL,STA-NL00016,PM10,3.4,µg/m3,2015-11-21 10:00:00 +01:00
5696,NL,STA-NL00016,PM10,3.4,µg/m3,2015-11-21 02:00:00 +01:00
5697,NL,STA-NL00016,PM10,1.4,µg/m3,2015-11-21 07:00:00 +01:00
5698,NL,STA-NL00016,PM10,2.5,µg/m3,2015-11-21 15:00:00 +01:00
5699,NL,STA-NL00016,PM10,5.2,µg/m3,2015-11-21 11:00:00 +01:00
5700,NL,STA-NL00016,PM10,7.1,µg/m3,2015-11-21 12:00:00 +01:00
5701,NL,STA-NL00016,PM10,9.9,µg/m3,2015-11-20 04:00:00 +01:00
5702,NL,STA-NL00016,PM10,14.4,µg/m3,2015-11-20 09:00:00 +01:00
5703,NL,STA-NL00016,PM10,13.5,µg/m3,2015-11-20 07:00:00 +01:00
5704,NL,STA-NL00016,PM10,9.3,µg/m3,2015-11-20 11:00:00 +01:00
5705,NL,STA-NL00016,PM10,8.5,µg/m3,2015-11-20 15:00:00 +01:00
5706,NL,STA-NL00016,PM10,4.7,µg/m3,2015-11-20 18:00:00 +01:00
5707,NL,STA-NL00016,PM10,3.2,µg/m3,2015-11-21 01:00:00 +01:00
5708,NL,STA-NL00016,PM10,2.6,µg/m3,2015-11-20 22:00:00 +01:00
5709,NL,STA-NL00016,PM10,3.6,µg/m3,2015-11-20 21:00:00 +01:00
5710,NL,STA-NL00016,PM10,4.5,µg/m3,2015-11-20 17:00:00 +01:00
5711,NL,STA-NL00016,PM10,13.0,µg/m3,2015-11-20 16:00:00 +01:00
5712,NL,STA-NL00016,PM10,10.0,µg/m3,2015-11-20 14:00:00 +01:00
5713,NL,STA-NL00016,PM10,9.1,µg/m3,2015-11-20 12:00:00 +01:00
5714,NL,STA-NL00016,PM10,6.4,µg/m3,2015-11-20 01:00:00 +01:00
5715,NL,STA-NL00016,PM10,10.7,µg/m3,2015-11-20 06:00:00 +01:00
5716,NL,STA-NL00016,PM10,10.9,µg/m3,2015-11-20 05:00:00 +01:00
5717,NL,STA-NL00016,PM10,5.4,µg/m3,2015-11-19 21:00:00 +01:00
5718,NL,STA-NL00016,PM10,18.4,µg/m3,2015-11-19 14:00:00 +01:00
5719,NL,STA-NL00016,PM10,5.9,µg/m3,2015-11-19 20:00:00 +01:00
5720,NL,STA-NL00016,PM10,18.0,µg/m3,2015-12-10 20:00:00 +01:00
5721,NL,STA-NL00016,PM10,12.5,µg/m3,2015-12-10 19:00:00 +01:00
5722,NL,STA-NL00016,PM10,10.7,µg/m3,2015-12-10 21:00:00 +01:00
5723,NL,STA-NL00016,PM10,14.5,µg/m3,2015-12-10 18:00:00 +01:00
5724,NL,STA-NL00016,PM10,2.3,µg/m3,2015-02-04 15:00:00 +01:00
5725,NL,STA-NL00016,PM10,17.3,µg/m3,2015-12-11 00:00:00 +01:00
5726,NL,STA-NL00016,PM10,21.8,µg/m3,2015-12-10 05:00:00 +01:00
5727,NL,STA-NL00016,PM10,7.6,µg/m3,2015-02-04 19:00:00 +01:00
5728,NL,STA-NL00016,PM10,15.1,µg/m3,2015-02-04 11:00:00 +01:00
5729,NL,STA-NL00016,PM10,11.4,µg/m3,2015-12-11 04:00:00 +01:00
5730,NL,STA-NL00016,PM10,6.4,µg/m3,2015-02-05 12:00:00 +01:00
5731,NL,STA-NL00016,PM10,7.5,µg/m3,2015-02-05 11:00:00 +01:00
5732,NL,STA-NL00016,PM10,10.4,µg/m3,2015-12-11 15:00:00 +01:00
5733,NL,STA-NL00016,PM10,15.5,µg/m3,2015-12-10 14:00:00 +01:00
5734,NL,STA-NL00016,PM10,18.1,µg/m3,2015-12-11 07:00:00 +01:00
5735,NL,STA-NL00016,PM10,18.1,µg/m3,2015-02-06 07:00:00 +01:00
5736,NL,STA-NL00016,PM10,20.7,µg/m3,2015-02-06 20:00:00 +01:00
5737,NL,STA-NL00016,PM10,18.7,µg/m3,2015-12-12 12:00:00 +01:00
5738,NL,STA-NL00016,PM10,22.4,µg/m3,2015-12-12 11:00:00 +01:00
5739,NL,STA-NL00016,PM10,19.7,µg/m3,2015-12-12 08:00:00 +01:00
5740,NL,STA-NL00016,PM10,17.7,µg/m3,2015-12-12 10:00:00 +01:00
5741,NL,STA-NL00016,PM10,19.8,µg/m3,2015-12-12 15:00:00 +01:00
5742,NL,STA-NL00016,PM10,39.1,µg/m3,2015-02-07 07:00:00 +01:00
5743,NL,STA-NL00016,PM10,24.7,µg/m3,2015-12-12 09:00:00 +01:00
5744,NL,STA-NL00016,PM10,16.6,µg/m3,2015-12-12 06:00:00 +01:00
5745,NL,STA-NL00016,PM10,12.9,µg/m3,2015-02-06 03:00:00 +01:00
5746,NL,STA-NL00016,PM10,15.9,µg/m3,2015-12-12 00:00:00 +01:00
5747,NL,STA-NL00016,PM10,15.8,µg/m3,2015-12-10 22:00:00 +01:00
5748,NL,STA-NL00016,PM10,19.3,µg/m3,2015-12-12 04:00:00 +01:00
5749,NL,STA-NL00016,PM10,9.3,µg/m3,2015-02-05 19:00:00 +01:00
5750,NL,STA-NL00016,PM10,18.0,µg/m3,2015-02-06 12:00:00 +01:00
5751,NL,STA-NL00016,PM10,17.5,µg/m3,2015-12-11 23:00:00 +01:00
5752,NL,STA-NL00016,PM10,14.0,µg/m3,2015-12-11 20:00:00 +01:00
5753,NL,STA-NL00016,PM10,15.7,µg/m3,2015-12-11 16:00:00 +01:00
5754,NL,STA-NL00016,PM10,8.9,µg/m3,2015-02-05 15:00:00 +01:00
5755,NL,STA-NL00016,PM10,9.6,µg/m3,2015-12-11 22:00:00 +01:00
5756,NL,STA-NL00016,PM10,13.2,µg/m3,2015-02-05 23:00:00 +01:00
5757,NL,STA-NL00016,PM10,7.7,µg/m3,2015-12-13 03:00:00 +01:00
5758,NL,STA-NL00016,PM10,1.4,µg/m3,2015-12-13 05:00:00 +01:00
5759,NL,STA-NL00016,PM10,13.1,µg/m3,2015-12-13 10:00:00 +01:00
5760,NL,STA-NL00016,PM10,2.3,µg/m3,2015-12-13 06:00:00 +01:00
5761,NL,STA-NL00016,PM10,8.8,µg/m3,2015-12-13 09:00:00 +01:00
5762,NL,STA-NL00016,PM10,21.5,µg/m3,2015-02-09 03:00:00 +01:00
5763,NL,STA-NL00016,PM10,6.1,µg/m3,2015-12-13 12:00:00 +01:00
5764,NL,STA-NL00016,PM10,15.9,µg/m3,2015-12-12 03:00:00 +01:00
5765,NL,STA-NL00016,PM10,15.4,µg/m3,2015-12-12 23:00:00 +01:00
5766,NL,STA-NL00016,PM10,28.7,µg/m3,2015-02-08 08:00:00 +01:00
5767,NL,STA-NL00016,PM10,8.4,µg/m3,2015-12-12 22:00:00 +01:00
5768,NL,STA-NL00016,PM10,22.2,µg/m3,2015-12-14 00:00:00 +01:00
5769,NL,STA-NL00016,PM10,11.9,µg/m3,2015-12-13 20:00:00 +01:00
5770,NL,STA-NL00016,PM10,10.4,µg/m3,2015-02-10 00:00:00 +01:00
5771,NL,STA-NL00016,PM10,14.2,µg/m3,2015-12-13 21:00:00 +01:00
5772,NL,STA-NL00016,PM10,13.9,µg/m3,2015-12-13 23:00:00 +01:00
5773,NL,STA-NL00016,PM10,10.5,µg/m3,2015-12-13 17:00:00 +01:00
5774,NL,STA-NL00016,PM10,18.4,µg/m3,2015-12-10 10:00:00 +01:00
5775,NL,STA-NL00016,PM10,-0.5,µg/m3,2015-02-03 03:00:00 +01:00
5776,NL,STA-NL00016,PM10,18.8,µg/m3,2015-12-10 06:00:00 +01:00
5777,NL,STA-NL00016,PM10,6.2,µg/m3,2015-02-02 23:00:00 +01:00
5778,NL,STA-NL00016,PM10,19.1,µg/m3,2015-12-10 09:00:00 +01:00
5779,NL,STA-NL00016,PM10,16.2,µg/m3,2015-02-02 19:00:00 +01:00
5780,NL,STA-NL00016,PM10,13.7,µg/m3,2015-12-10 13:00:00 +01:00
5781,NL,STA-NL00016,PM10,11.5,µg/m3,2015-02-03 15:00:00 +01:00
5782,NL,STA-NL00016,PM10,21.1,µg/m3,2015-12-10 07:00:00 +01:00
5783,NL,STA-NL00016,PM10,20.8,µg/m3,2015-12-10 01:00:00 +01:00
5784,NL,STA-NL00016,PM10,20.6,µg/m3,2015-12-10 00:00:00 +01:00
5785,NL,STA-NL00016,PM10,20.8,µg/m3,2015-12-10 02:00:00 +01:00
5786,NL,STA-NL00016,PM10,25.3,µg/m3,2015-12-10 04:00:00 +01:00
5787,NL,STA-NL00016,PM10,19.7,µg/m3,2015-12-09 23:00:00 +01:00
5788,NL,STA-NL00016,PM10,24.4,µg/m3,2015-12-09 01:00:00 +01:00
5789,NL,STA-NL00016,PM10,13.3,µg/m3,2015-12-09 03:00:00 +01:00
5790,NL,STA-NL00016,PM10,1.6,µg/m3,2015-01-30 05:00:00 +01:00
5791,NL,STA-NL00016,PM10,17.9,µg/m3,2015-12-09 02:00:00 +01:00
5792,NL,STA-NL00016,PM10,3.3,µg/m3,2015-01-30 17:00:00 +01:00
5793,NL,STA-NL00016,PM10,26.4,µg/m3,2015-12-09 08:00:00 +01:00
5794,NL,STA-NL00016,PM10,17.4,µg/m3,2015-12-09 05:00:00 +01:00
5795,NL,STA-NL00016,PM10,1.0,µg/m3,2015-01-30 18:00:00 +01:00
5796,NL,STA-NL00016,PM10,10.3,µg/m3,2015-01-31 06:00:00 +01:00
5797,NL,STA-NL00016,PM10,6.2,µg/m3,2015-01-30 22:00:00 +01:00
5798,NL,STA-NL00016,PM10,21.7,µg/m3,2015-12-09 11:00:00 +01:00
5799,NL,STA-NL00016,PM10,15.1,µg/m3,2015-12-09 04:00:00 +01:00
5800,NL,STA-NL00016,PM10,20.9,µg/m3,2015-12-09 07:00:00 +01:00
5801,NL,STA-NL00016,PM10,6.3,µg/m3,2015-01-30 21:00:00 +01:00
5802,NL,STA-NL00016,PM10,4.8,µg/m3,2015-01-31 14:00:00 +01:00
5803,NL,STA-NL00016,PM10,8.2,µg/m3,2015-01-31 02:00:00 +01:00
5804,NL,STA-NL00016,PM10,23.3,µg/m3,2015-12-09 10:00:00 +01:00
5805,NL,STA-NL00016,PM10,3.9,µg/m3,2015-01-30 09:00:00 +01:00
5806,NL,STA-NL00016,PM10,6.6,µg/m3,2015-01-30 13:00:00 +01:00
5807,NL,STA-NL00016,PM10,13.4,µg/m3,2015-01-31 22:00:00 +01:00
5808,NL,STA-NL00016,PM10,7.8,µg/m3,2015-02-01 02:00:00 +01:00
5809,NL,STA-NL00016,PM10,8.4,µg/m3,2015-01-31 18:00:00 +01:00
5810,NL,STA-NL00016,PM10,21.7,µg/m3,2015-12-09 19:00:00 +01:00
5811,NL,STA-NL00016,PM10,18.2,µg/m3,2015-12-09 14:00:00 +01:00
5812,NL,STA-NL00016,PM10,17.3,µg/m3,2015-12-09 18:00:00 +01:00
5813,NL,STA-NL00016,PM10,17.9,µg/m3,2015-12-09 21:00:00 +01:00
5814,NL,STA-NL00016,PM10,16.4,µg/m3,2015-12-09 22:00:00 +01:00
5815,NL,STA-NL00016,PM10,28.4,µg/m3,2015-12-07 09:00:00 +01:00
5816,NL,STA-NL00016,PM10,28.5,µg/m3,2015-12-07 10:00:00 +01:00
5817,NL,STA-NL00016,PM10,58.8,µg/m3,2015-01-24 02:00:00 +01:00
5818,NL,STA-NL00016,PM10,31.7,µg/m3,2015-01-24 06:00:00 +01:00
5819,NL,STA-NL00016,PM10,9.4,µg/m3,2015-12-07 06:00:00 +01:00
5820,NL,STA-NL00016,PM10,30.8,µg/m3,2015-12-07 12:00:00 +01:00
5821,NL,STA-NL00016,PM10,27.3,µg/m3,2015-12-07 14:00:00 +01:00
5822,NL,STA-NL00016,PM10,20.9,µg/m3,2015-12-08 05:00:00 +01:00
5823,NL,STA-NL00016,PM10,20.5,µg/m3,2015-12-08 03:00:00 +01:00
5824,NL,STA-NL00016,PM10,25.4,µg/m3,2015-12-08 00:00:00 +01:00
5825,NL,STA-NL00016,PM10,14.1,µg/m3,2015-12-08 04:00:00 +01:00
5826,NL,STA-NL00016,PM10,21.3,µg/m3,2015-12-08 01:00:00 +01:00
5827,NL,STA-NL00016,PM10,24.4,µg/m3,2015-12-07 23:00:00 +01:00
5828,NL,STA-NL00016,PM10,21.3,µg/m3,2015-12-07 21:00:00 +01:00
5829,NL,STA-NL00016,PM10,28.8,µg/m3,2015-12-07 17:00:00 +01:00
5830,NL,STA-NL00016,PM10,12.8,µg/m3,2015-01-28 00:00:00 +01:00
5831,NL,STA-NL00016,PM10,10.9,µg/m3,2015-01-27 20:00:00 +01:00
5832,NL,STA-NL00016,PM10,18.7,µg/m3,2015-01-27 15:00:00 +01:00
5833,NL,STA-NL00016,PM10,17.8,µg/m3,2015-12-08 07:00:00 +01:00
5834,NL,STA-NL00016,PM10,21.4,µg/m3,2015-01-27 07:00:00 +01:00
5835,NL,STA-NL00016,PM10,13.1,µg/m3,2015-01-28 08:00:00 +01:00
5836,NL,STA-NL00016,PM10,18.5,µg/m3,2015-12-08 13:00:00 +01:00
5837,NL,STA-NL00016,PM10,20.5,µg/m3,2015-12-08 15:00:00 +01:00
5838,NL,STA-NL00016,PM10,20.8,µg/m3,2015-12-08 12:00:00 +01:00
5839,NL,STA-NL00016,PM10,25.5,µg/m3,2015-01-28 04:00:00 +01:00
5840,NL,STA-NL00016,PM10,17.0,µg/m3,2015-12-08 08:00:00 +01:00
5841,NL,STA-NL00016,PM10,32.6,µg/m3,2015-12-07 16:00:00 +01:00
5842,NL,STA-NL00016,PM10,15.6,µg/m3,2015-12-08 16:00:00 +01:00
5843,NL,STA-NL00016,PM10,19.2,µg/m3,2015-12-08 23:00:00 +01:00
5844,NL,STA-NL00016,PM10,20.5,µg/m3,2015-12-09 00:00:00 +01:00
5845,NL,STA-NL00016,PM10,39.0,µg/m3,2015-01-01 05:00:00 +01:00
5846,NL,STA-NL00016,PM10,19.5,µg/m3,2015-01-01 17:00:00 +01:00
5847,NL,STA-NL00016,PM10,5.5,µg/m3,2015-11-30 04:00:00 +01:00
5848,NL,STA-NL00016,PM10,15.9,µg/m3,2015-11-30 12:00:00 +01:00
5849,NL,STA-NL00016,PM10,10.8,µg/m3,2015-11-30 18:00:00 +01:00
5850,NL,STA-NL00016,PM10,11.0,µg/m3,2015-11-30 15:00:00 +01:00
5851,NL,STA-NL00016,PM10,10.3,µg/m3,2015-01-02 09:00:00 +01:00
5852,NL,STA-NL00016,PM10,18.0,µg/m3,2015-01-02 06:00:00 +01:00
5853,NL,STA-NL00016,PM10,30.3,µg/m3,2015-01-01 09:00:00 +01:00
5854,NL,STA-NL00016,PM10,15.7,µg/m3,2015-11-30 10:00:00 +01:00
5855,NL,STA-NL00016,PM10,11.0,µg/m3,2015-11-30 13:00:00 +01:00
5856,NL,STA-NL00016,PM10,19.1,µg/m3,2015-11-30 06:00:00 +01:00
5857,NL,STA-NL00016,PM10,20.1,µg/m3,2015-11-30 09:00:00 +01:00
5858,NL,STA-NL00016,PM10,6.6,µg/m3,2015-11-30 03:00:00 +01:00
5859,NL,STA-NL00016,PM10,13.2,µg/m3,2015-11-29 21:00:00 +01:00
5860,NL,STA-NL00016,PM10,15.2,µg/m3,2015-12-01 08:00:00 +01:00
5861,NL,STA-NL00016,PM10,15.5,µg/m3,2015-01-04 16:00:00 +01:00
5862,NL,STA-NL00016,PM10,12.6,µg/m3,2015-01-05 00:00:00 +01:00
5863,NL,STA-NL00016,PM10,19.6,µg/m3,2015-01-04 11:00:00 +01:00
5864,NL,STA-NL00016,PM10,15.8,µg/m3,2015-12-01 07:00:00 +01:00
5865,NL,STA-NL00016,PM10,18.7,µg/m3,2015-01-04 15:00:00 +01:00
5866,NL,STA-NL00016,PM10,7.5,µg/m3,2015-12-01 05:00:00 +01:00
5867,NL,STA-NL00016,PM10,12.5,µg/m3,2015-01-04 20:00:00 +01:00
5868,NL,STA-NL00016,PM10,17.1,µg/m3,2015-01-02 14:00:00 +01:00
5869,NL,STA-NL00016,PM10,12.5,µg/m3,2015-12-01 12:00:00 +01:00
5870,NL,STA-NL00016,PM10,11.0,µg/m3,2015-11-30 20:00:00 +01:00
5871,NL,STA-NL00016,PM10,11.8,µg/m3,2015-11-30 19:00:00 +01:00
5872,NL,STA-NL00016,PM10,8.7,µg/m3,2015-01-03 19:00:00 +01:00
5873,NL,STA-NL00016,PM10,7.9,µg/m3,2015-12-01 00:00:00 +01:00
5874,NL,STA-NL00016,PM10,5.5,µg/m3,2015-12-01 01:00:00 +01:00
5875,NL,STA-NL00016,PM10,5.6,µg/m3,2015-12-01 04:00:00 +01:00
5876,NL,STA-NL00016,PM10,10.6,µg/m3,2015-01-03 23:00:00 +01:00
5877,NL,STA-NL00016,PM10,5.9,µg/m3,2015-01-03 15:00:00 +01:00
5878,NL,STA-NL00016,PM10,8.9,µg/m3,2015-12-02 06:00:00 +01:00
5879,NL,STA-NL00016,PM10,17.5,µg/m3,2015-01-07 02:00:00 +01:00
5880,NL,STA-NL00016,PM10,39.1,µg/m3,2015-01-06 18:00:00 +01:00
5881,NL,STA-NL00016,PM10,9.8,µg/m3,2015-12-02 08:00:00 +01:00
5882,NL,STA-NL00016,PM10,7.7,µg/m3,2015-12-02 09:00:00 +01:00
5883,NL,STA-NL00016,PM10,16.4,µg/m3,2015-12-02 02:00:00 +01:00
5884,NL,STA-NL00016,PM10,13.4,µg/m3,2015-01-07 10:00:00 +01:00
5885,NL,STA-NL00016,PM10,20.7,µg/m3,2015-12-01 21:00:00 +01:00
5886,NL,STA-NL00016,PM10,14.5,µg/m3,2015-12-01 17:00:00 +01:00
5887,NL,STA-NL00016,PM10,12.2,µg/m3,2015-12-01 13:00:00 +01:00
5888,NL,STA-NL00016,PM10,14.5,µg/m3,2015-01-04 07:00:00 +01:00
5889,NL,STA-NL00016,PM10,29.3,µg/m3,2015-01-05 12:00:00 +01:00
5890,NL,STA-NL00016,PM10,8.7,µg/m3,2015-12-01 18:00:00 +01:00
5891,NL,STA-NL00016,PM10,23.0,µg/m3,2015-12-01 20:00:00 +01:00
5892,NL,STA-NL00016,PM10,10.5,µg/m3,2015-12-01 16:00:00 +01:00
5893,NL,STA-NL00016,PM10,17.9,µg/m3,2015-12-01 23:00:00 +01:00
5894,NL,STA-NL00016,PM10,17.8,µg/m3,2015-12-02 00:00:00 +01:00
5895,NL,STA-NL00016,PM10,14.6,µg/m3,2015-01-07 01:00:00 +01:00
5896,NL,STA-NL00016,PM10,9.3,µg/m3,2015-12-02 22:00:00 +01:00
5897,NL,STA-NL00016,PM10,13.3,µg/m3,2015-01-09 23:00:00 +01:00
5898,NL,STA-NL00016,PM10,6.9,µg/m3,2015-01-09 12:00:00 +01:00
5899,NL,STA-NL00016,PM10,3.5,µg/m3,2015-01-09 20:00:00 +01:00
5900,NL,STA-NL00016,PM10,7.6,µg/m3,2015-12-02 19:00:00 +01:00
5901,NL,STA-NL00016,PM10,19.1,µg/m3,2015-12-03 00:00:00 +01:00
5902,NL,STA-NL00016,PM10,11.9,µg/m3,2015-01-09 15:00:00 +01:00
5903,NL,STA-NL00016,PM10,5.5,µg/m3,2015-01-09 19:00:00 +01:00
5904,NL,STA-NL00016,PM10,7.8,µg/m3,2015-12-02 21:00:00 +01:00
5905,NL,STA-NL00016,PM10,8.7,µg/m3,2015-12-02 07:00:00 +01:00
5906,NL,STA-NL00016,PM10,13.9,µg/m3,2015-12-02 14:00:00 +01:00
5907,NL,STA-NL00016,PM10,14.6,µg/m3,2015-12-02 11:00:00 +01:00
5908,NL,STA-NL00016,PM10,13.4,µg/m3,2015-12-02 16:00:00 +01:00
5909,NL,STA-NL00016,PM10,20.5,µg/m3,2015-12-03 04:00:00 +01:00
5910,NL,STA-NL00016,PM10,10.9,µg/m3,2015-01-10 21:00:00 +01:00
5911,NL,STA-NL00016,PM10,23.2,µg/m3,2015-12-03 07:00:00 +01:00
5912,NL,STA-NL00016,PM10,22.8,µg/m3,2015-12-03 10:00:00 +01:00
5913,NL,STA-NL00016,PM10,9.7,µg/m3,2015-01-11 10:00:00 +01:00
5914,NL,STA-NL00016,PM10,20.6,µg/m3,2015-12-03 06:00:00 +01:00
5915,NL,STA-NL00016,PM10,18.0,µg/m3,2015-12-03 03:00:00 +01:00
5916,NL,STA-NL00016,PM10,18.9,µg/m3,2015-01-04 03:00:00 +01:00
5917,NL,STA-NL00016,PM10,22.3,µg/m3,2015-12-03 02:00:00 +01:00
5918,NL,STA-NL00016,PM10,15.8,µg/m3,2015-01-11 01:00:00 +01:00
5919,NL,STA-NL00016,PM10,10.5,µg/m3,2015-01-09 16:00:00 +01:00
5920,NL,STA-NL00016,PM10,13.2,µg/m3,2015-01-10 00:00:00 +01:00
5921,NL,STA-NL00016,PM10,15.2,µg/m3,2015-12-02 23:00:00 +01:00
5922,NL,STA-NL00016,PM10,15.3,µg/m3,2015-12-06 00:00:00 +01:00
5923,NL,STA-NL00016,PM10,62.2,µg/m3,2015-01-23 22:00:00 +01:00
5924,NL,STA-NL00016,PM10,16.8,µg/m3,2015-12-07 04:00:00 +01:00
5925,NL,STA-NL00016,PM10,34.5,µg/m3,2015-01-23 14:00:00 +01:00
5926,NL,STA-NL00016,PM10,8.1,µg/m3,2015-12-07 02:00:00 +01:00
5927,NL,STA-NL00016,PM10,16.5,µg/m3,2015-12-06 01:00:00 +01:00
5928,NL,STA-NL00016,PM10,8.2,µg/m3,2015-12-07 01:00:00 +01:00
5929,NL,STA-NL00016,PM10,5.2,µg/m3,2015-12-06 21:00:00 +01:00
5930,NL,STA-NL00016,PM10,22.0,µg/m3,2015-01-22 21:00:00 +01:00
5931,NL,STA-NL00016,PM10,7.4,µg/m3,2015-12-06 17:00:00 +01:00
5932,NL,STA-NL00016,PM10,28.6,µg/m3,2015-01-23 06:00:00 +01:00
5933,NL,STA-NL00016,PM10,28.9,µg/m3,2015-01-23 01:00:00 +01:00
5934,NL,STA-NL00016,PM10,9.2,µg/m3,2015-12-06 22:00:00 +01:00
5935,NL,STA-NL00016,PM10,27.9,µg/m3,2015-01-22 13:00:00 +01:00
5936,NL,STA-NL00016,PM10,34.4,µg/m3,2015-01-23 02:00:00 +01:00
5937,NL,STA-NL00016,PM10,4.4,µg/m3,2015-12-06 20:00:00 +01:00
5938,NL,STA-NL00016,PM10,35.4,µg/m3,2015-01-23 10:00:00 +01:00
5939,NL,STA-NL00016,PM10,14.0,µg/m3,2015-12-06 23:00:00 +01:00
5940,NL,STA-NL00016,PM10,48.2,µg/m3,2015-01-23 09:00:00 +01:00
5941,NL,STA-NL00016,PM10,41.0,µg/m3,2015-01-23 18:00:00 +01:00
5942,NL,STA-NL00016,PM10,11.9,µg/m3,2015-12-07 00:00:00 +01:00
5943,NL,STA-NL00016,PM10,11.1,µg/m3,2015-12-06 15:00:00 +01:00
5944,NL,STA-NL00016,PM10,35.5,µg/m3,2015-01-21 17:00:00 +01:00
5945,NL,STA-NL00016,PM10,12.6,µg/m3,2015-12-06 10:00:00 +01:00
5946,NL,STA-NL00016,PM10,11.3,µg/m3,2015-12-06 12:00:00 +01:00
5947,NL,STA-NL00016,PM10,34.7,µg/m3,2015-01-21 21:00:00 +01:00
5948,NL,STA-NL00016,PM10,38.9,µg/m3,2015-01-22 17:00:00 +01:00
5949,NL,STA-NL00016,PM10,15.9,µg/m3,2015-12-06 13:00:00 +01:00
5950,NL,STA-NL00016,PM10,40.6,µg/m3,2015-01-22 02:00:00 +01:00
5951,NL,STA-NL00016,PM10,8.2,µg/m3,2015-12-06 18:00:00 +01:00
5952,NL,STA-NL00016,PM10,32.0,µg/m3,2015-01-22 01:00:00 +01:00
5953,NL,STA-NL00016,PM10,10.4,µg/m3,2015-12-06 16:00:00 +01:00
5954,NL,STA-NL00016,PM10,10.1,µg/m3,2015-12-06 14:00:00 +01:00
5955,NL,STA-NL00016,PM10,14.9,µg/m3,2015-12-06 05:00:00 +01:00
5956,NL,STA-NL00016,PM10,15.0,µg/m3,2015-12-06 06:00:00 +01:00
5957,NL,STA-NL00016,PM10,10.4,µg/m3,2015-12-05 18:00:00 +01:00
5958,NL,STA-NL00016,PM10,14.9,µg/m3,2015-12-06 04:00:00 +01:00
5959,NL,STA-NL00016,PM10,15.7,µg/m3,2015-12-05 08:00:00 +01:00
5960,NL,STA-NL00016,PM10,10.1,µg/m3,2015-12-05 21:00:00 +01:00
5961,NL,STA-NL00016,PM10,12.0,µg/m3,2015-12-05 16:00:00 +01:00
5962,NL,STA-NL00016,PM10,16.0,µg/m3,2015-12-05 22:00:00 +01:00
5963,NL,STA-NL00016,PM10,13.3,µg/m3,2015-12-05 14:00:00 +01:00
5964,NL,STA-NL00016,PM10,17.1,µg/m3,2015-12-05 12:00:00 +01:00
5965,NL,STA-NL00016,PM10,11.7,µg/m3,2015-12-05 13:00:00 +01:00
5966,NL,STA-NL00016,PM10,12.7,µg/m3,2015-12-05 17:00:00 +01:00
5967,NL,STA-NL00016,PM10,19.4,µg/m3,2015-12-05 10:00:00 +01:00
5968,NL,STA-NL00016,PM10,11.1,µg/m3,2015-12-05 05:00:00 +01:00
5969,NL,STA-NL00016,PM10,9.4,µg/m3,2015-12-05 06:00:00 +01:00
5970,NL,STA-NL00016,PM10,11.7,µg/m3,2015-12-05 04:00:00 +01:00
5971,NL,STA-NL00016,PM10,11.8,µg/m3,2015-01-18 00:00:00 +01:00
5972,NL,STA-NL00016,PM10,4.5,µg/m3,2015-12-04 07:00:00 +01:00
5973,NL,STA-NL00016,PM10,7.9,µg/m3,2015-12-04 10:00:00 +01:00
5974,NL,STA-NL00016,PM10,-1.2,µg/m3,2015-01-15 07:00:00 +01:00
5975,NL,STA-NL00016,PM10,7.5,µg/m3,2015-12-04 06:00:00 +01:00
5976,NL,STA-NL00016,PM10,17.7,µg/m3,2015-12-03 16:00:00 +01:00
5977,NL,STA-NL00016,PM10,3.2,µg/m3,2015-01-15 15:00:00 +01:00
5978,NL,STA-NL00016,PM10,19.1,µg/m3,2015-12-04 15:00:00 +01:00
5979,NL,STA-NL00016,PM10,15.5,µg/m3,2015-12-04 09:00:00 +01:00
5980,NL,STA-NL00016,PM10,13.9,µg/m3,2015-12-04 14:00:00 +01:00
5981,NL,STA-NL00016,PM10,16.0,µg/m3,2015-12-04 18:00:00 +01:00
5982,NL,STA-NL00016,PM10,13.3,µg/m3,2015-12-05 02:00:00 +01:00
5983,NL,STA-NL00016,PM10,15.0,µg/m3,2015-12-04 17:00:00 +01:00
5984,NL,STA-NL00016,PM10,20.1,µg/m3,2015-01-16 03:00:00 +01:00
5985,NL,STA-NL00016,PM10,21.4,µg/m3,2015-12-04 19:00:00 +01:00
5986,NL,STA-NL00016,PM10,19.5,µg/m3,2015-01-16 04:00:00 +01:00
5987,NL,STA-NL00016,PM10,11.4,µg/m3,2015-12-05 01:00:00 +01:00
5988,NL,STA-NL00016,PM10,15.3,µg/m3,2015-01-16 11:00:00 +01:00
5989,NL,STA-NL00016,PM10,14.8,µg/m3,2015-01-16 15:00:00 +01:00
5990,NL,STA-NL00016,PM10,4.2,µg/m3,2015-01-16 19:00:00 +01:00
5991,NL,STA-NL00016,PM10,16.3,µg/m3,2015-12-04 22:00:00 +01:00
5992,NL,STA-NL00016,PM10,18.6,µg/m3,2015-12-04 23:00:00 +01:00
5993,NL,STA-NL00016,PM10,-0.4,µg/m3,2015-01-15 12:00:00 +01:00
5994,NL,STA-NL00016,PM10,17.5,µg/m3,2015-01-16 16:00:00 +01:00
5995,NL,STA-NL00016,PM10,14.7,µg/m3,2015-12-03 18:00:00 +01:00
5996,NL,STA-NL00016,PM10,16.7,µg/m3,2015-12-03 17:00:00 +01:00
5997,NL,STA-NL00016,PM10,14.5,µg/m3,2015-12-03 19:00:00 +01:00
5998,NL,STA-NL00016,PM10,24.2,µg/m3,2015-12-03 12:00:00 +01:00
5999,NL,STA-NL00016,PM10,23.7,µg/m3,2015-12-03 11:00:00 +01:00
6000,NL,STA-NL00016,PM10,23.2,µg/m3,2015-12-03 08:00:00 +01:00
6001,NL,STA-NL00016,PM10,23.1,µg/m3,2015-12-03 14:00:00 +01:00
6002,NL,STA-NL00016,PM10,10.7,µg/m3,2015-01-12 06:00:00 +01:00
6003,NL,STA-NL00016,PM10,15.6,µg/m3,2015-12-04 02:00:00 +01:00
6004,NL,STA-NL00016,PM10,10.4,µg/m3,2015-12-04 05:00:00 +01:00
6005,NL,STA-NL00016,PM10,19.1,µg/m3,2015-12-03 15:00:00 +01:00
6006,NL,STA-NL00016,PM10,13.6,µg/m3,2015-12-04 03:00:00 +01:00
6007,NL,STA-NL00016,PM10,18.6,µg/m3,2015-12-03 20:00:00 +01:00
6008,NL,STA-NL00016,PM10,15.1,µg/m3,2015-12-03 22:00:00 +01:00
6009,NL,STA-NL00016,PM10,15.1,µg/m3,2015-12-04 01:00:00 +01:00
6010,NL,STA-NL00016,PM10,11.0,µg/m3,2015-12-04 04:00:00 +01:00
6011,NL,STA-NL00016,PM10,13.7,µg/m3,2015-12-03 23:00:00 +01:00
6012,NL,STA-NL00016,PM10,17.4,µg/m3,2015-12-24 21:00:00 +01:00
6013,NL,STA-NL00016,PM10,18.6,µg/m3,2015-12-24 18:00:00 +01:00
6014,NL,STA-NL00016,PM10,13.8,µg/m3,2015-12-24 16:00:00 +01:00
6015,NL,STA-NL00016,PM10,29.2,µg/m3,2015-03-12 14:00:00 +01:00
6016,NL,STA-NL00016,PM10,17.0,µg/m3,2015-12-24 13:00:00 +01:00
6017,NL,STA-NL00016,PM10,14.2,µg/m3,2015-12-24 14:00:00 +01:00
6018,NL,STA-NL00016,PM10,11.5,µg/m3,2015-03-12 02:00:00 +01:00
6019,NL,STA-NL00016,PM10,14.0,µg/m3,2015-03-11 18:00:00 +01:00
6020,NL,STA-NL00016,PM10,21.7,µg/m3,2015-03-10 21:00:00 +01:00
6021,NL,STA-NL00016,PM10,20.9,µg/m3,2015-03-12 06:00:00 +01:00
6022,NL,STA-NL00016,PM10,16.1,µg/m3,2015-12-25 05:00:00 +01:00
6023,NL,STA-NL00016,PM10,19.0,µg/m3,2015-12-25 07:00:00 +01:00
6024,NL,STA-NL00016,PM10,23.6,µg/m3,2015-03-14 08:00:00 +01:00
6025,NL,STA-NL00016,PM10,18.4,µg/m3,2015-12-25 00:00:00 +01:00
6026,NL,STA-NL00016,PM10,17.9,µg/m3,2015-03-14 04:00:00 +01:00
6027,NL,STA-NL00016,PM10,19.7,µg/m3,2015-12-25 01:00:00 +01:00
6028,NL,STA-NL00016,PM10,17.1,µg/m3,2015-12-24 12:00:00 +01:00
6029,NL,STA-NL00016,PM10,14.8,µg/m3,2015-12-25 04:00:00 +01:00
6030,NL,STA-NL00016,PM10,13.4,µg/m3,2015-12-24 20:00:00 +01:00
6031,NL,STA-NL00016,PM10,11.6,µg/m3,2015-03-13 16:00:00 +01:00
6032,NL,STA-NL00016,PM10,24.3,µg/m3,2015-03-13 08:00:00 +01:00
6033,NL,STA-NL00016,PM10,20.5,µg/m3,2015-12-23 15:00:00 +01:00
6034,NL,STA-NL00016,PM10,23.7,µg/m3,2015-12-23 19:00:00 +01:00
6035,NL,STA-NL00016,PM10,35.9,µg/m3,2015-03-09 21:00:00 +01:00
6036,NL,STA-NL00016,PM10,17.7,µg/m3,2015-12-23 14:00:00 +01:00
6037,NL,STA-NL00016,PM10,8.3,µg/m3,2015-12-23 04:00:00 +01:00
6038,NL,STA-NL00016,PM10,15.8,µg/m3,2015-12-23 12:00:00 +01:00
6039,NL,STA-NL00016,PM10,26.7,µg/m3,2015-03-08 04:00:00 +01:00
6040,NL,STA-NL00016,PM10,17.9,µg/m3,2015-12-23 13:00:00 +01:00
6041,NL,STA-NL00016,PM10,6.2,µg/m3,2015-12-23 05:00:00 +01:00
6042,NL,STA-NL00016,PM10,23.6,µg/m3,2015-03-10 18:00:00 +01:00
6043,NL,STA-NL00016,PM10,17.4,µg/m3,2015-12-24 07:00:00 +01:00
6044,NL,STA-NL00016,PM10,25.5,µg/m3,2015-03-11 02:00:00 +01:00
6045,NL,STA-NL00016,PM10,23.6,µg/m3,2015-03-10 17:00:00 +01:00
6046,NL,STA-NL00016,PM10,12.2,µg/m3,2015-12-24 08:00:00 +01:00
6047,NL,STA-NL00016,PM10,18.4,µg/m3,2015-12-24 05:00:00 +01:00
6048,NL,STA-NL00016,PM10,15.5,µg/m3,2015-12-24 06:00:00 +01:00
6049,NL,STA-NL00016,PM10,17.6,µg/m3,2015-03-10 22:00:00 +01:00
6050,NL,STA-NL00016,PM10,26.5,µg/m3,2015-12-24 01:00:00 +01:00
6051,NL,STA-NL00016,PM10,20.2,µg/m3,2015-12-23 16:00:00 +01:00
6052,NL,STA-NL00016,PM10,26.0,µg/m3,2015-03-10 14:00:00 +01:00
6053,NL,STA-NL00016,PM10,25.5,µg/m3,2015-03-10 13:00:00 +01:00
6054,NL,STA-NL00016,PM10,20.8,µg/m3,2015-03-10 10:00:00 +01:00
6055,NL,STA-NL00016,PM10,20.1,µg/m3,2015-12-24 02:00:00 +01:00
6056,NL,STA-NL00016,PM10,20.1,µg/m3,2015-12-23 23:00:00 +01:00
6057,NL,STA-NL00016,PM10,21.9,µg/m3,2015-12-23 20:00:00 +01:00
6059,NL,STA-NL00016,PM10,9.0,µg/m3,2015-12-23 01:00:00 +01:00
6060,NL,STA-NL00016,PM10,9.0,µg/m3,2015-12-23 02:00:00 +01:00
6061,NL,STA-NL00016,PM10,16.5,µg/m3,2015-12-23 11:00:00 +01:00
6062,NL,STA-NL00016,PM10,26.0,µg/m3,2015-03-08 07:00:00 +01:00
6063,NL,STA-NL00016,PM10,31.3,µg/m3,2015-03-08 12:00:00 +01:00
6064,NL,STA-NL00016,PM10,21.5,µg/m3,2015-12-23 09:00:00 +01:00
6065,NL,STA-NL00016,PM10,27.9,µg/m3,2015-03-08 08:00:00 +01:00
6066,NL,STA-NL00016,PM10,20.2,µg/m3,2015-12-23 08:00:00 +01:00
6067,NL,STA-NL00016,PM10,9.4,µg/m3,2015-12-22 18:00:00 +01:00
6068,NL,STA-NL00016,PM10,6.8,µg/m3,2015-12-22 17:00:00 +01:00
6069,NL,STA-NL00016,PM10,9.2,µg/m3,2015-12-22 15:00:00 +01:00
6070,NL,STA-NL00016,PM10,9.1,µg/m3,2015-12-22 21:00:00 +01:00
6071,NL,STA-NL00016,PM10,9.4,µg/m3,2015-12-23 00:00:00 +01:00
6072,NL,STA-NL00016,PM10,8.6,µg/m3,2015-12-22 06:00:00 +01:00
6073,NL,STA-NL00016,PM10,8.2,µg/m3,2015-12-22 14:00:00 +01:00
6074,NL,STA-NL00016,PM10,6.2,µg/m3,2015-12-22 13:00:00 +01:00
6075,NL,STA-NL00016,PM10,18.2,µg/m3,2015-12-22 03:00:00 +01:00
6076,NL,STA-NL00016,PM10,7.6,µg/m3,2015-12-22 10:00:00 +01:00
6077,NL,STA-NL00016,PM10,9.9,µg/m3,2015-03-05 06:00:00 +01:00
6078,NL,STA-NL00016,PM10,7.6,µg/m3,2015-12-22 11:00:00 +01:00
6079,NL,STA-NL00016,PM10,29.9,µg/m3,2015-03-05 10:00:00 +01:00
6080,NL,STA-NL00016,PM10,12.7,µg/m3,2015-12-22 04:00:00 +01:00
6081,NL,STA-NL00016,PM10,21.1,µg/m3,2015-12-22 00:00:00 +01:00
6082,NL,STA-NL00016,PM10,16.7,µg/m3,2015-12-22 02:00:00 +01:00
6083,NL,STA-NL00016,PM10,4.6,µg/m3,2015-12-22 07:00:00 +01:00
6084,NL,STA-NL00016,PM10,11.8,µg/m3,2015-12-22 05:00:00 +01:00
6085,NL,STA-NL00016,PM10,44.9,µg/m3,2015-03-04 22:00:00 +01:00
6086,NL,STA-NL00016,PM10,4.9,µg/m3,2015-12-22 08:00:00 +01:00
6087,NL,STA-NL00016,PM10,21.5,µg/m3,2015-03-05 02:00:00 +01:00
6088,NL,STA-NL00016,PM10,7.0,µg/m3,2015-12-22 09:00:00 +01:00
6089,NL,STA-NL00016,PM10,8.8,µg/m3,2015-12-21 16:00:00 +01:00
6090,NL,STA-NL00016,PM10,13.4,µg/m3,2015-12-21 15:00:00 +01:00
6091,NL,STA-NL00016,PM10,13.6,µg/m3,2015-12-21 20:00:00 +01:00
6092,NL,STA-NL00016,PM10,8.8,µg/m3,2015-12-21 18:00:00 +01:00
6093,NL,STA-NL00016,PM10,7.7,µg/m3,2015-12-21 13:00:00 +01:00
6094,NL,STA-NL00016,PM10,21.5,µg/m3,2015-12-21 23:00:00 +01:00
6095,NL,STA-NL00016,PM10,15.6,µg/m3,2015-12-21 21:00:00 +01:00
6096,NL,STA-NL00016,PM10,14.3,µg/m3,2015-12-21 22:00:00 +01:00
6097,NL,STA-NL00016,PM10,9.3,µg/m3,2015-12-21 19:00:00 +01:00
6098,NL,STA-NL00016,PM10,8.6,µg/m3,2015-12-21 17:00:00 +01:00
6099,NL,STA-NL00016,PM10,-0.1,µg/m3,2015-03-22 05:00:00 +01:00
6100,NL,STA-NL00016,PM10,56.0,µg/m3,2015-12-28 01:00:00 +01:00
6101,NL,STA-NL00016,PM10,55.7,µg/m3,2015-12-28 00:00:00 +01:00
6102,NL,STA-NL00016,PM10,5.8,µg/m3,2015-03-22 09:00:00 +01:00
6103,NL,STA-NL00016,PM10,43.5,µg/m3,2015-12-28 05:00:00 +01:00
6104,NL,STA-NL00016,PM10,9.1,µg/m3,2015-03-22 01:00:00 +01:00
6105,NL,STA-NL00016,PM10,1.4,µg/m3,2015-03-21 17:00:00 +01:00
6106,NL,STA-NL00016,PM10,15.3,µg/m3,2015-12-26 22:00:00 +01:00
6107,NL,STA-NL00016,PM10,-0.3,µg/m3,2015-03-21 21:00:00 +01:00
6108,NL,STA-NL00016,PM10,67.6,µg/m3,2015-12-27 20:00:00 +01:00
6109,NL,STA-NL00016,PM10,70.6,µg/m3,2015-12-27 21:00:00 +01:00
6110,NL,STA-NL00016,PM10,4.5,µg/m3,2015-03-21 18:00:00 +01:00
6111,NL,STA-NL00016,PM10,64.8,µg/m3,2015-12-27 17:00:00 +01:00
6112,NL,STA-NL00016,PM10,56.5,µg/m3,2015-12-27 16:00:00 +01:00
6113,NL,STA-NL00016,PM10,57.9,µg/m3,2015-12-27 18:00:00 +01:00
6114,NL,STA-NL00016,PM10,57.9,µg/m3,2015-12-27 14:00:00 +01:00
6115,NL,STA-NL00016,PM10,22.6,µg/m3,2015-12-27 09:00:00 +01:00
6116,NL,STA-NL00016,PM10,21.4,µg/m3,2015-12-27 10:00:00 +01:00
6117,NL,STA-NL00016,PM10,15.3,µg/m3,2015-12-27 06:00:00 +01:00
6118,NL,STA-NL00016,PM10,58.2,µg/m3,2015-12-27 13:00:00 +01:00
6119,NL,STA-NL00016,PM10,41.3,µg/m3,2015-12-27 12:00:00 +01:00
6120,NL,STA-NL00016,PM10,11.7,µg/m3,2015-03-23 01:00:00 +01:00
6121,NL,STA-NL00016,PM10,50.6,µg/m3,2015-03-17 19:00:00 +01:00
6122,NL,STA-NL00016,PM10,42.1,µg/m3,2015-03-23 09:00:00 +01:00
6123,NL,STA-NL00016,PM10,36.2,µg/m3,2015-12-28 11:00:00 +01:00
6124,NL,STA-NL00016,PM10,30.1,µg/m3,2015-12-28 08:00:00 +01:00
6125,NL,STA-NL00016,PM10,10.7,µg/m3,2015-12-26 03:00:00 +01:00
6126,NL,STA-NL00016,PM10,74.4,µg/m3,2015-03-17 11:00:00 +01:00
6127,NL,STA-NL00016,PM10,12.9,µg/m3,2015-12-25 18:00:00 +01:00
6128,NL,STA-NL00016,PM10,16.2,µg/m3,2015-03-16 02:00:00 +01:00
6129,NL,STA-NL00016,PM10,12.7,µg/m3,2015-03-15 22:00:00 +01:00
6130,NL,STA-NL00016,PM10,29.2,µg/m3,2015-03-16 06:00:00 +01:00
6131,NL,STA-NL00016,PM10,9.5,µg/m3,2015-12-26 04:00:00 +01:00
6132,NL,STA-NL00016,PM10,8.6,µg/m3,2015-12-26 01:00:00 +01:00
6133,NL,STA-NL00016,PM10,12.1,µg/m3,2015-12-25 21:00:00 +01:00
6134,NL,STA-NL00016,PM10,3.6,µg/m3,2015-03-14 00:00:00 +01:00
6135,NL,STA-NL00016,PM10,11.6,µg/m3,2015-12-25 17:00:00 +01:00
6136,NL,STA-NL00016,PM10,11.1,µg/m3,2015-12-25 15:00:00 +01:00
6137,NL,STA-NL00016,PM10,21.2,µg/m3,2015-12-25 11:00:00 +01:00
6138,NL,STA-NL00016,PM10,10.6,µg/m3,2015-12-25 14:00:00 +01:00
6139,NL,STA-NL00016,PM10,15.0,µg/m3,2015-12-25 02:00:00 +01:00
6140,NL,STA-NL00016,PM10,24.3,µg/m3,2015-03-15 14:00:00 +01:00
6141,NL,STA-NL00016,PM10,14.9,µg/m3,2015-12-25 09:00:00 +01:00
6142,NL,STA-NL00016,PM10,21.8,µg/m3,2015-03-14 21:00:00 +01:00
6143,NL,STA-NL00016,PM10,17.9,µg/m3,2015-12-25 10:00:00 +01:00
6144,NL,STA-NL00016,PM10,18.5,µg/m3,2015-12-25 06:00:00 +01:00
6145,NL,STA-NL00016,PM10,21.1,µg/m3,2015-12-25 13:00:00 +01:00
6146,NL,STA-NL00016,PM10,13.0,µg/m3,2015-12-26 17:00:00 +01:00
6147,NL,STA-NL00016,PM10,16.3,µg/m3,2015-12-26 20:00:00 +01:00
6148,NL,STA-NL00016,PM10,63.9,µg/m3,2015-03-18 16:00:00 +01:00
6149,NL,STA-NL00016,PM10,53.0,µg/m3,2015-03-19 00:00:00 +01:00
6150,NL,STA-NL00016,PM10,64.3,µg/m3,2015-03-18 15:00:00 +01:00
6151,NL,STA-NL00016,PM10,10.1,µg/m3,2015-12-26 12:00:00 +01:00
6152,NL,STA-NL00016,PM10,19.2,µg/m3,2015-03-15 18:00:00 +01:00
6153,NL,STA-NL00016,PM10,10.2,µg/m3,2015-12-26 14:00:00 +01:00
6154,NL,STA-NL00016,PM10,13.2,µg/m3,2015-12-26 16:00:00 +01:00
6155,NL,STA-NL00016,PM10,47.7,µg/m3,2015-03-18 11:00:00 +01:00
6156,NL,STA-NL00016,PM10,12.1,µg/m3,2015-12-26 15:00:00 +01:00
6157,NL,STA-NL00016,PM10,15.1,µg/m3,2015-12-26 11:00:00 +01:00
6158,NL,STA-NL00016,PM10,8.4,µg/m3,2015-12-26 10:00:00 +01:00
6159,NL,STA-NL00016,PM10,57.3,µg/m3,2015-03-17 23:00:00 +01:00
6160,NL,STA-NL00016,PM10,11.7,µg/m3,2015-12-26 06:00:00 +01:00
6161,NL,STA-NL00016,PM10,10.5,µg/m3,2015-12-25 22:00:00 +01:00
6162,NL,STA-NL00016,PM10,16.6,µg/m3,2015-12-27 08:00:00 +01:00
6163,NL,STA-NL00016,PM10,11.1,µg/m3,2015-12-26 07:00:00 +01:00
6164,NL,STA-NL00016,PM10,52.6,µg/m3,2015-03-19 12:00:00 +01:00
6165,NL,STA-NL00016,PM10,15.5,µg/m3,2015-12-27 02:00:00 +01:00
6166,NL,STA-NL00016,PM10,62.7,µg/m3,2015-03-18 19:00:00 +01:00
6167,NL,STA-NL00016,PM10,11.0,µg/m3,2015-12-26 18:00:00 +01:00
6168,NL,STA-NL00016,PM10,15.0,µg/m3,2015-12-26 19:00:00 +01:00
6169,NL,STA-NL00016,PM10,50.1,µg/m3,2015-03-19 16:00:00 +01:00
6170,NL,STA-NL00016,PM10,13.8,µg/m3,2015-12-26 21:00:00 +01:00
6171,NL,STA-NL00016,PM10,15.3,µg/m3,2015-12-27 01:00:00 +01:00
6172,NL,STA-NL00016,PM10,45.3,µg/m3,2015-03-19 04:00:00 +01:00
6173,NL,STA-NL00016,PM10,15.9,µg/m3,2015-12-26 23:00:00 +01:00
6174,NL,STA-NL00016,PM10,12.6,µg/m3,2015-12-16 06:00:00 +01:00
6175,NL,STA-NL00016,PM10,17.4,µg/m3,2015-12-16 10:00:00 +01:00
6177,NL,STA-NL00016,PM10,18.3,µg/m3,2015-12-16 03:00:00 +01:00
6178,NL,STA-NL00016,PM10,18.6,µg/m3,2015-12-16 09:00:00 +01:00
6179,NL,STA-NL00016,PM10,22.5,µg/m3,2015-12-16 11:00:00 +01:00
6180,NL,STA-NL00016,PM10,10.8,µg/m3,2015-12-16 22:00:00 +01:00
6181,NL,STA-NL00016,PM10,14.1,µg/m3,2015-12-16 15:00:00 +01:00
6182,NL,STA-NL00016,PM10,34.0,µg/m3,2015-12-17 13:00:00 +01:00
6183,NL,STA-NL00016,PM10,15.6,µg/m3,2015-02-18 01:00:00 +01:00
6184,NL,STA-NL00016,PM10,41.1,µg/m3,2015-12-17 14:00:00 +01:00
6185,NL,STA-NL00016,PM10,23.2,µg/m3,2015-12-17 10:00:00 +01:00
6186,NL,STA-NL00016,PM10,31.6,µg/m3,2015-12-17 17:00:00 +01:00
6187,NL,STA-NL00016,PM10,35.6,µg/m3,2015-12-17 12:00:00 +01:00
6188,NL,STA-NL00016,PM10,30.0,µg/m3,2015-12-17 18:00:00 +01:00
6189,NL,STA-NL00016,PM10,25.0,µg/m3,2015-12-17 21:00:00 +01:00
6190,NL,STA-NL00016,PM10,36.0,µg/m3,2015-12-17 16:00:00 +01:00
6191,NL,STA-NL00016,PM10,27.4,µg/m3,2015-12-17 19:00:00 +01:00
6192,NL,STA-NL00016,PM10,9.3,µg/m3,2015-12-16 23:00:00 +01:00
6193,NL,STA-NL00016,PM10,11.7,µg/m3,2015-12-16 19:00:00 +01:00
6194,NL,STA-NL00016,PM10,18.1,µg/m3,2015-12-17 02:00:00 +01:00
6195,NL,STA-NL00016,PM10,19.6,µg/m3,2015-12-17 01:00:00 +01:00
6196,NL,STA-NL00016,PM10,23.0,µg/m3,2015-12-17 06:00:00 +01:00
6197,NL,STA-NL00016,PM10,25.7,µg/m3,2015-12-17 09:00:00 +01:00
6198,NL,STA-NL00016,PM10,23.9,µg/m3,2015-12-15 23:00:00 +01:00
6199,NL,STA-NL00016,PM10,34.2,µg/m3,2015-12-15 18:00:00 +01:00
6200,NL,STA-NL00016,PM10,36.9,µg/m3,2015-12-15 19:00:00 +01:00
6201,NL,STA-NL00016,PM10,27.8,µg/m3,2015-12-15 22:00:00 +01:00
6202,NL,STA-NL00016,PM10,43.7,µg/m3,2015-12-15 16:00:00 +01:00
6203,NL,STA-NL00016,PM10,48.4,µg/m3,2015-12-15 15:00:00 +01:00
6204,NL,STA-NL00016,PM10,23.8,µg/m3,2015-12-14 20:00:00 +01:00
6205,NL,STA-NL00016,PM10,41.7,µg/m3,2015-12-15 11:00:00 +01:00
6206,NL,STA-NL00016,PM10,53.6,µg/m3,2015-12-15 14:00:00 +01:00
6207,NL,STA-NL00016,PM10,43.0,µg/m3,2015-12-15 12:00:00 +01:00
6208,NL,STA-NL00016,PM10,40.6,µg/m3,2015-12-15 06:00:00 +01:00
6209,NL,STA-NL00016,PM10,38.4,µg/m3,2015-12-15 08:00:00 +01:00
6210,NL,STA-NL00016,PM10,38.6,µg/m3,2015-12-15 07:00:00 +01:00
6211,NL,STA-NL00016,PM10,36.5,µg/m3,2015-12-15 03:00:00 +01:00
6212,NL,STA-NL00016,PM10,16.4,µg/m3,2015-03-01 15:00:00 +01:00
6213,NL,STA-NL00016,PM10,2.9,µg/m3,2015-03-22 03:00:00 +01:00
6214,NL,STA-NL00016,PM10,8.0,µg/m3,2015-03-02 02:00:00 +01:00
6216,NL,STA-NL00016,PM10,11.4,µg/m3,2015-03-02 04:00:00 +01:00
6217,NL,STA-NL00016,PM10,14.4,µg/m3,2015-03-02 05:00:00 +01:00
6218,NL,STA-NL00016,PM10,62.2,µg/m3,2015-03-18 02:00:00 +01:00
6219,NL,STA-NL00016,PM10,57.1,µg/m3,2015-03-17 15:00:00 +01:00
6220,NL,STA-NL00016,PM10,51.8,µg/m3,2015-03-18 05:00:00 +01:00
6221,NL,STA-NL00016,PM10,3.3,µg/m3,2015-02-24 18:00:00 +01:00
6222,NL,STA-NL00016,PM10,57.8,µg/m3,2015-03-18 14:00:00 +01:00
6223,NL,STA-NL00016,PM10,68.9,µg/m3,2015-03-18 08:00:00 +01:00
6225,NL,STA-NL00016,PM10,52.4,µg/m3,2015-03-17 06:00:00 +01:00
6226,NL,STA-NL00016,PM10,68.0,µg/m3,2015-03-17 07:00:00 +01:00
6229,NL,STA-NL00016,PM10,62.6,µg/m3,2015-03-17 13:00:00 +01:00
6230,NL,STA-NL00016,PM10,50.5,µg/m3,2015-03-17 05:00:00 +01:00
6232,NL,STA-NL00016,PM10,64.5,µg/m3,2015-03-18 22:00:00 +01:00
6233,NL,STA-NL00016,PM10,45.3,µg/m3,2015-03-18 10:00:00 +01:00
6234,NL,STA-NL00016,PM10,21.7,µg/m3,2015-02-25 08:00:00 +01:00
6235,NL,STA-NL00016,PM10,30.3,µg/m3,2015-02-25 09:00:00 +01:00
6236,NL,STA-NL00016,PM10,61.9,µg/m3,2015-03-19 06:00:00 +01:00
6237,NL,STA-NL00016,PM10,7.1,µg/m3,2015-02-26 18:00:00 +01:00
6238,NL,STA-NL00016,PM10,48.5,µg/m3,2015-03-19 13:00:00 +01:00
6239,NL,STA-NL00016,PM10,19.9,µg/m3,2015-02-26 01:00:00 +01:00
6240,NL,STA-NL00016,PM10,20.5,µg/m3,2015-02-25 23:00:00 +01:00
6241,NL,STA-NL00016,PM10,11.5,µg/m3,2015-03-02 10:00:00 +01:00
6242,NL,STA-NL00016,PM10,5.8,µg/m3,2015-03-22 18:00:00 +01:00
6243,NL,STA-NL00016,PM10,3.9,µg/m3,2015-03-22 14:00:00 +01:00
6244,NL,STA-NL00016,PM10,7.8,µg/m3,2015-03-22 22:00:00 +01:00
6245,NL,STA-NL00016,PM10,8.5,µg/m3,2015-03-02 17:00:00 +01:00
6246,NL,STA-NL00016,PM10,3.8,µg/m3,2015-03-22 19:00:00 +01:00
6247,NL,STA-NL00016,PM10,13.6,µg/m3,2015-03-03 03:00:00 +01:00
6248,NL,STA-NL00016,PM10,7.6,µg/m3,2015-03-02 14:00:00 +01:00
6249,NL,STA-NL00016,PM10,13.2,µg/m3,2015-03-03 02:00:00 +01:00
6250,NL,STA-NL00016,PM10,18.0,µg/m3,2015-03-02 21:00:00 +01:00
6251,NL,STA-NL00016,PM10,32.2,µg/m3,2015-03-24 01:00:00 +01:00
6252,NL,STA-NL00016,PM10,17.7,µg/m3,2015-03-03 00:00:00 +01:00
6253,NL,STA-NL00016,PM10,8.7,µg/m3,2015-03-02 18:00:00 +01:00
6254,NL,STA-NL00016,PM10,17.3,µg/m3,2015-03-02 22:00:00 +01:00
6255,NL,STA-NL00016,PM10,33.6,µg/m3,2015-03-24 16:00:00 +01:00
6256,NL,STA-NL00016,PM10,39.6,µg/m3,2015-03-24 14:00:00 +01:00
6257,NL,STA-NL00016,PM10,17.2,µg/m3,2015-03-23 20:00:00 +01:00
6258,NL,STA-NL00016,PM10,10.8,µg/m3,2015-03-04 03:00:00 +01:00
6259,NL,STA-NL00016,PM10,5.5,µg/m3,2015-03-03 13:00:00 +01:00
6260,NL,STA-NL00016,PM10,13.6,µg/m3,2015-03-04 11:00:00 +01:00
6261,NL,STA-NL00016,PM10,18.6,µg/m3,2015-03-04 23:00:00 +01:00
6262,NL,STA-NL00016,PM10,24.5,µg/m3,2015-03-04 21:00:00 +01:00
6263,NL,STA-NL00016,PM10,15.1,µg/m3,2015-03-06 00:00:00 +01:00
6264,NL,STA-NL00016,PM10,9.4,µg/m3,2015-03-27 05:00:00 +01:00
6265,NL,STA-NL00016,PM10,22.4,µg/m3,2015-03-27 01:00:00 +01:00
6266,NL,STA-NL00016,PM10,15.9,µg/m3,2015-03-05 23:00:00 +01:00
6267,NL,STA-NL00016,PM10,13.7,µg/m3,2015-03-06 02:00:00 +01:00
6268,NL,STA-NL00016,PM10,13.5,µg/m3,2015-03-05 16:00:00 +01:00
6269,NL,STA-NL00016,PM10,16.3,µg/m3,2015-03-27 18:00:00 +01:00
6270,NL,STA-NL00016,PM10,18.1,µg/m3,2015-03-06 05:00:00 +01:00
6271,NL,STA-NL00016,PM10,23.7,µg/m3,2015-03-28 04:00:00 +01:00
6272,NL,STA-NL00016,PM10,19.7,µg/m3,2015-03-05 14:00:00 +01:00
6273,NL,STA-NL00016,PM10,16.5,µg/m3,2015-03-25 16:00:00 +01:00
6274,NL,STA-NL00016,PM10,13.9,µg/m3,2015-03-05 15:00:00 +01:00
6275,NL,STA-NL00016,PM10,37.6,µg/m3,2015-03-25 09:00:00 +01:00
6276,NL,STA-NL00016,PM10,15.0,µg/m3,2015-03-04 17:00:00 +01:00
6277,NL,STA-NL00016,PM10,28.8,µg/m3,2015-03-25 11:00:00 +01:00
6278,NL,STA-NL00016,PM10,39.7,µg/m3,2015-03-25 06:00:00 +01:00
6279,NL,STA-NL00016,PM10,28.9,µg/m3,2015-03-04 19:00:00 +01:00
6280,NL,STA-NL00016,PM10,8.0,µg/m3,2015-03-25 23:00:00 +01:00
6281,NL,STA-NL00016,PM10,32.8,µg/m3,2015-02-19 16:00:00 +01:00
6282,NL,STA-NL00016,PM10,36.9,µg/m3,2015-02-19 12:00:00 +01:00
6283,NL,STA-NL00016,PM10,37.1,µg/m3,2015-02-19 22:00:00 +01:00
6284,NL,STA-NL00016,PM10,18.5,µg/m3,2015-03-14 05:00:00 +01:00
6285,NL,STA-NL00016,PM10,20.2,µg/m3,2015-02-18 16:00:00 +01:00
6286,NL,STA-NL00016,PM10,23.6,µg/m3,2015-02-18 11:00:00 +01:00
6287,NL,STA-NL00016,PM10,15.9,µg/m3,2015-02-18 04:00:00 +01:00
6288,NL,STA-NL00016,PM10,20.6,µg/m3,2015-02-18 08:00:00 +01:00
6289,NL,STA-NL00016,PM10,46.4,µg/m3,2015-02-18 21:00:00 +01:00
6291,NL,STA-NL00016,PM10,10.7,µg/m3,2015-03-12 21:00:00 +01:00
6292,NL,STA-NL00016,PM10,18.5,µg/m3,2015-03-13 01:00:00 +01:00
6293,NL,STA-NL00016,PM10,47.5,µg/m3,2015-02-19 00:00:00 +01:00
6294,NL,STA-NL00016,PM10,22.5,µg/m3,2015-02-18 17:00:00 +01:00
6295,NL,STA-NL00016,PM10,21.1,µg/m3,2015-03-11 10:00:00 +01:00
6296,NL,STA-NL00016,PM10,15.3,µg/m3,2015-03-11 12:00:00 +01:00
6297,NL,STA-NL00016,PM10,84.7,µg/m3,2015-02-16 10:00:00 +01:00
6298,NL,STA-NL00016,PM10,93.8,µg/m3,2015-02-16 11:00:00 +01:00
6299,NL,STA-NL00016,PM10,45.4,µg/m3,2015-02-17 02:00:00 +01:00
6300,NL,STA-NL00016,PM10,80.1,µg/m3,2015-02-16 20:00:00 +01:00
6301,NL,STA-NL00016,PM10,19.4,µg/m3,2015-03-10 19:00:00 +01:00
6302,NL,STA-NL00016,PM10,7.7,µg/m3,2015-03-11 17:00:00 +01:00
6303,NL,STA-NL00016,PM10,22.1,µg/m3,2015-02-17 09:00:00 +01:00
6304,NL,STA-NL00016,PM10,13.8,µg/m3,2015-03-11 20:00:00 +01:00
6305,NL,STA-NL00016,PM10,18.8,µg/m3,2015-03-12 15:00:00 +01:00
6306,NL,STA-NL00016,PM10,23.2,µg/m3,2015-02-17 15:00:00 +01:00
6307,NL,STA-NL00016,PM10,31.7,µg/m3,2015-03-12 11:00:00 +01:00
6308,NL,STA-NL00016,PM10,15.6,µg/m3,2015-02-17 13:00:00 +01:00
6309,NL,STA-NL00016,PM10,28.3,µg/m3,2015-02-17 17:00:00 +01:00
6310,NL,STA-NL00016,PM10,3.3,µg/m3,2015-02-21 10:00:00 +01:00
6311,NL,STA-NL00016,PM10,8.1,µg/m3,2015-02-21 20:00:00 +01:00
6312,NL,STA-NL00016,PM10,4.9,µg/m3,2015-02-22 00:00:00 +01:00
6313,NL,STA-NL00016,PM10,5.2,µg/m3,2015-02-22 01:00:00 +01:00
6314,NL,STA-NL00016,PM10,18.1,µg/m3,2015-03-16 00:00:00 +01:00
6315,NL,STA-NL00016,PM10,25.4,µg/m3,2015-03-16 04:00:00 +01:00
6316,NL,STA-NL00016,PM10,7.2,µg/m3,2015-02-22 05:00:00 +01:00
6317,NL,STA-NL00016,PM10,6.1,µg/m3,2015-02-22 04:00:00 +01:00
6318,NL,STA-NL00016,PM10,14.3,µg/m3,2015-02-22 12:00:00 +01:00
6319,NL,STA-NL00016,PM10,18.1,µg/m3,2015-02-22 08:00:00 +01:00
6321,NL,STA-NL00016,PM10,43.5,µg/m3,2015-03-16 11:00:00 +01:00
6322,NL,STA-NL00016,PM10,13.7,µg/m3,2015-02-22 13:00:00 +01:00
6323,NL,STA-NL00016,PM10,43.3,µg/m3,2015-03-16 10:00:00 +01:00
6324,NL,STA-NL00016,PM10,42.6,µg/m3,2015-03-16 12:00:00 +01:00
6325,NL,STA-NL00016,PM10,46.0,µg/m3,2015-03-16 23:00:00 +01:00
6327,NL,STA-NL00016,PM10,40.7,µg/m3,2015-03-16 17:00:00 +01:00
6328,NL,STA-NL00016,PM10,34.8,µg/m3,2015-03-16 19:00:00 +01:00
6329,NL,STA-NL00016,PM10,11.9,µg/m3,2015-02-22 23:00:00 +01:00
6330,NL,STA-NL00016,PM10,22.4,µg/m3,2015-03-15 09:00:00 +01:00
6331,NL,STA-NL00016,PM10,7.7,µg/m3,2015-02-20 23:00:00 +01:00
6332,NL,STA-NL00016,PM10,11.5,µg/m3,2015-02-20 12:00:00 +01:00
6333,NL,STA-NL00016,PM10,21.3,µg/m3,2015-03-14 23:00:00 +01:00
6334,NL,STA-NL00016,PM10,17.5,µg/m3,2015-02-20 06:00:00 +01:00
6335,NL,STA-NL00016,PM10,36.5,µg/m3,2015-02-18 20:00:00 +01:00
6336,NL,STA-NL00016,PM10,22.8,µg/m3,2015-03-13 05:00:00 +01:00
6337,NL,STA-NL00016,PM10,6.3,µg/m3,2015-02-21 00:00:00 +01:00
6338,NL,STA-NL00016,PM10,9.3,µg/m3,2015-02-20 18:00:00 +01:00
6339,NL,STA-NL00016,PM10,9.4,µg/m3,2015-02-20 13:00:00 +01:00
6341,NL,STA-NL00016,PM10,5.0,µg/m3,2015-03-09 03:00:00 +01:00
6344,NL,STA-NL00016,PM10,24.3,µg/m3,2015-03-09 19:00:00 +01:00
6346,NL,STA-NL00016,PM10,9.6,µg/m3,2015-03-09 11:00:00 +01:00
6349,NL,STA-NL00016,PM10,25.3,µg/m3,2015-03-08 15:00:00 +01:00
6352,NL,STA-NL00016,PM10,26.1,µg/m3,2015-03-08 19:00:00 +01:00
6353,NL,STA-NL00016,PM10,14.8,µg/m3,2015-03-08 22:00:00 +01:00
6354,NL,STA-NL00016,PM10,59.3,µg/m3,2015-02-13 10:00:00 +01:00
6355,NL,STA-NL00016,PM10,42.3,µg/m3,2015-02-12 11:00:00 +01:00
6356,NL,STA-NL00016,PM10,22.2,µg/m3,2015-03-08 21:00:00 +01:00
6357,NL,STA-NL00016,PM10,29.6,µg/m3,2015-03-08 13:00:00 +01:00
6359,NL,STA-NL00016,PM10,72.6,µg/m3,2015-02-16 06:00:00 +01:00
6367,NL,STA-NL00016,PM10,7.7,µg/m3,2015-03-09 13:00:00 +01:00
6368,NL,STA-NL00016,PM10,25.2,µg/m3,2015-03-10 09:00:00 +01:00
6369,NL,STA-NL00016,PM10,19.5,µg/m3,2015-03-06 01:00:00 +01:00
6370,NL,STA-NL00016,PM10,10.2,µg/m3,2015-02-10 19:00:00 +01:00
6371,NL,STA-NL00016,PM10,27.4,µg/m3,2015-03-06 23:00:00 +01:00
6372,NL,STA-NL00016,PM10,5.5,µg/m3,2015-02-11 00:00:00 +01:00
6373,NL,STA-NL00016,PM10,8.5,µg/m3,2015-02-10 12:00:00 +01:00
6374,NL,STA-NL00016,PM10,16.8,µg/m3,2015-02-10 09:00:00 +01:00
6375,NL,STA-NL00016,PM10,10.3,µg/m3,2015-03-06 09:00:00 +01:00
6376,NL,STA-NL00016,PM10,10.2,µg/m3,2015-02-09 20:00:00 +01:00
6377,NL,STA-NL00016,PM10,10.1,µg/m3,2015-03-06 10:00:00 +01:00
6378,NL,STA-NL00016,PM10,15.9,µg/m3,2015-03-06 03:00:00 +01:00
6379,NL,STA-NL00016,PM10,9.0,µg/m3,2015-02-09 22:00:00 +01:00
6380,NL,STA-NL00016,PM10,9.7,µg/m3,2015-02-10 04:00:00 +01:00
6381,NL,STA-NL00016,PM10,17.7,µg/m3,2015-02-09 13:00:00 +01:00
6382,NL,STA-NL00016,PM10,6.8,µg/m3,2015-02-10 06:00:00 +01:00
6383,NL,STA-NL00016,PM10,19.1,µg/m3,2015-03-05 13:00:00 +01:00
6384,NL,STA-NL00016,PM10,46.0,µg/m3,2015-02-12 09:00:00 +01:00
6385,NL,STA-NL00016,PM10,27.5,µg/m3,2015-03-08 09:00:00 +01:00
6387,NL,STA-NL00016,PM10,27.2,µg/m3,2015-03-08 05:00:00 +01:00
6389,NL,STA-NL00016,PM10,40.1,µg/m3,2015-02-11 23:00:00 +01:00
6390,NL,STA-NL00016,PM10,35.3,µg/m3,2015-02-12 04:00:00 +01:00
6393,NL,STA-NL00016,PM10,13.4,µg/m3,2015-02-11 10:00:00 +01:00
6396,NL,STA-NL00016,PM10,42.8,µg/m3,2015-02-11 18:00:00 +01:00
6397,NL,STA-NL00016,PM10,35.2,µg/m3,2015-02-11 12:00:00 +01:00
6398,NL,STA-NL00016,PM10,46.2,µg/m3,2015-02-11 16:00:00 +01:00
6401,NL,STA-NL00016,PM10,35.3,µg/m3,2015-02-11 14:00:00 +01:00
6402,NL,STA-NL00016,PM10,36.7,µg/m3,2015-03-12 08:00:00 +01:00
6403,NL,STA-NL00016,PM10,28.9,µg/m3,2015-04-15 07:00:00 +01:00
6404,NL,STA-NL00016,PM10,12.0,µg/m3,2015-04-15 11:00:00 +01:00
6405,NL,STA-NL00016,PM10,44.5,µg/m3,2015-03-12 10:00:00 +01:00
6406,NL,STA-NL00016,PM10,10.9,µg/m3,2015-03-12 01:00:00 +01:00
6407,NL,STA-NL00016,PM10,12.3,µg/m3,2015-03-12 03:00:00 +01:00
6408,NL,STA-NL00016,PM10,15.0,µg/m3,2015-03-11 22:00:00 +01:00
6410,NL,STA-NL00016,PM10,19.7,µg/m3,2015-04-16 00:00:00 +01:00
6411,NL,STA-NL00016,PM10,21.7,µg/m3,2015-03-12 13:00:00 +01:00
6412,NL,STA-NL00016,PM10,8.9,µg/m3,2015-03-12 19:00:00 +01:00
6413,NL,STA-NL00016,PM10,15.0,µg/m3,2015-04-15 18:00:00 +01:00
6414,NL,STA-NL00016,PM10,0.2,µg/m3,2015-04-16 20:00:00 +01:00
6415,NL,STA-NL00016,PM10,32.1,µg/m3,2015-03-13 07:00:00 +01:00
6416,NL,STA-NL00016,PM10,4.4,µg/m3,2015-04-17 03:00:00 +01:00
6417,NL,STA-NL00016,PM10,9.8,µg/m3,2015-04-17 05:00:00 +01:00
6418,NL,STA-NL00016,PM10,21.0,µg/m3,2015-03-13 11:00:00 +01:00
6419,NL,STA-NL00016,PM10,25.0,µg/m3,2015-04-18 06:00:00 +01:00
6420,NL,STA-NL00016,PM10,24.4,µg/m3,2015-03-13 03:00:00 +01:00
6421,NL,STA-NL00016,PM10,13.5,µg/m3,2015-04-17 06:00:00 +01:00
6422,NL,STA-NL00016,PM10,7.0,µg/m3,2015-04-17 09:00:00 +01:00
6423,NL,STA-NL00016,PM10,18.8,µg/m3,2015-04-17 16:00:00 +01:00
6424,NL,STA-NL00016,PM10,13.7,µg/m3,2015-04-19 05:00:00 +01:00
6425,NL,STA-NL00016,PM10,7.5,µg/m3,2015-04-18 18:00:00 +01:00
6426,NL,STA-NL00016,PM10,18.5,µg/m3,2015-04-18 20:00:00 +01:00
6427,NL,STA-NL00016,PM10,23.7,µg/m3,2015-04-17 22:00:00 +01:00
6428,NL,STA-NL00016,PM10,5.6,µg/m3,2015-04-18 14:00:00 +01:00
6429,NL,STA-NL00016,PM10,5.5,µg/m3,2015-04-18 15:00:00 +01:00
6430,NL,STA-NL00016,PM10,8.4,µg/m3,2015-04-18 16:00:00 +01:00
6431,NL,STA-NL00016,PM10,9.0,µg/m3,2015-04-13 02:00:00 +01:00
6432,NL,STA-NL00016,PM10,19.9,µg/m3,2015-04-13 08:00:00 +01:00
6433,NL,STA-NL00016,PM10,14.2,µg/m3,2015-04-13 12:00:00 +01:00
6434,NL,STA-NL00016,PM10,4.7,µg/m3,2015-04-13 16:00:00 +01:00
6435,NL,STA-NL00016,PM10,6.9,µg/m3,2015-04-13 20:00:00 +01:00
6436,NL,STA-NL00016,PM10,10.2,µg/m3,2015-04-13 22:00:00 +01:00
6437,NL,STA-NL00016,PM10,29.1,µg/m3,2015-04-14 04:00:00 +01:00
6439,NL,STA-NL00016,PM10,15.1,µg/m3,2015-04-11 18:00:00 +01:00
6440,NL,STA-NL00016,PM10,13.2,µg/m3,2015-03-11 11:00:00 +01:00
6441,NL,STA-NL00016,PM10,11.6,µg/m3,2015-04-12 10:00:00 +01:00
6442,NL,STA-NL00016,PM10,14.3,µg/m3,2015-04-11 23:00:00 +01:00
6443,NL,STA-NL00016,PM10,8.0,µg/m3,2015-03-11 16:00:00 +01:00
6444,NL,STA-NL00016,PM10,17.7,µg/m3,2015-03-11 13:00:00 +01:00
6445,NL,STA-NL00016,PM10,15.9,µg/m3,2015-03-11 14:00:00 +01:00
6446,NL,STA-NL00016,PM10,25.6,µg/m3,2015-03-11 01:00:00 +01:00
6447,NL,STA-NL00016,PM10,20.2,µg/m3,2015-04-11 12:00:00 +01:00
6448,NL,STA-NL00016,PM10,16.3,µg/m3,2015-04-11 14:00:00 +01:00
6449,NL,STA-NL00016,PM10,29.2,µg/m3,2015-04-11 09:00:00 +01:00
6450,NL,STA-NL00016,PM10,5.1,µg/m3,2015-03-11 06:00:00 +01:00
6451,NL,STA-NL00016,PM10,48.6,µg/m3,2015-04-11 05:00:00 +01:00
6452,NL,STA-NL00016,PM10,23.0,µg/m3,2015-03-10 23:00:00 +01:00
6453,NL,STA-NL00016,PM10,37.1,µg/m3,2015-04-10 01:00:00 +01:00
6454,NL,STA-NL00016,PM10,37.2,µg/m3,2015-04-10 02:00:00 +01:00
6455,NL,STA-NL00016,PM10,31.7,µg/m3,2015-04-09 10:00:00 +01:00
6456,NL,STA-NL00016,PM10,18.0,µg/m3,2015-03-10 15:00:00 +01:00
6457,NL,STA-NL00016,PM10,26.4,µg/m3,2015-04-09 14:00:00 +01:00
6459,NL,STA-NL00016,PM10,5.3,µg/m3,2015-04-05 18:00:00 +01:00
6460,NL,STA-NL00016,PM10,22.5,µg/m3,2015-04-05 04:00:00 +01:00
6461,NL,STA-NL00016,PM10,12.2,µg/m3,2015-03-09 05:00:00 +01:00
6462,NL,STA-NL00016,PM10,9.8,µg/m3,2015-04-04 23:00:00 +01:00
6463,NL,STA-NL00016,PM10,8.0,µg/m3,2015-04-05 02:00:00 +01:00
6464,NL,STA-NL00016,PM10,4.6,µg/m3,2015-04-06 04:00:00 +01:00
6465,NL,STA-NL00016,PM10,4.7,µg/m3,2015-04-06 18:00:00 +01:00
6466,NL,STA-NL00016,PM10,3.0,µg/m3,2015-04-06 13:00:00 +01:00
6467,NL,STA-NL00016,PM10,2.2,µg/m3,2015-04-06 11:00:00 +01:00
6468,NL,STA-NL00016,PM10,12.4,µg/m3,2015-04-05 08:00:00 +01:00
6469,NL,STA-NL00016,PM10,15.8,µg/m3,2015-03-09 09:00:00 +01:00
6470,NL,STA-NL00016,PM10,5.9,µg/m3,2015-04-06 09:00:00 +01:00
6471,NL,STA-NL00016,PM10,10.8,µg/m3,2015-04-08 14:00:00 +01:00
6472,NL,STA-NL00016,PM10,39.2,µg/m3,2015-04-08 12:00:00 +01:00
6473,NL,STA-NL00016,PM10,57.9,µg/m3,2015-04-08 10:00:00 +01:00
6474,NL,STA-NL00016,PM10,25.2,µg/m3,2015-04-08 04:00:00 +01:00
6475,NL,STA-NL00016,PM10,10.0,µg/m3,2015-04-08 20:00:00 +01:00
6476,NL,STA-NL00016,PM10,21.9,µg/m3,2015-03-10 11:00:00 +01:00
6477,NL,STA-NL00016,PM10,20.4,µg/m3,2015-03-10 05:00:00 +01:00
6478,NL,STA-NL00016,PM10,14.4,µg/m3,2015-04-06 23:00:00 +01:00
6479,NL,STA-NL00016,PM10,11.7,µg/m3,2015-04-07 10:00:00 +01:00
6480,NL,STA-NL00016,PM10,21.1,µg/m3,2015-04-07 19:00:00 +01:00
6481,NL,STA-NL00016,PM10,35.6,µg/m3,2015-04-07 21:00:00 +01:00
6482,NL,STA-NL00016,PM10,20.4,µg/m3,2015-04-08 05:00:00 +01:00
6483,NL,STA-NL00016,PM10,19.1,µg/m3,2015-04-07 13:00:00 +01:00
6484,NL,STA-NL00016,PM10,15.1,µg/m3,2015-03-10 03:00:00 +01:00
6485,NL,STA-NL00016,PM10,24.7,µg/m3,2015-04-07 03:00:00 +01:00
6486,NL,STA-NL00016,PM10,8.1,µg/m3,2015-03-29 17:00:00 +01:00
6487,NL,STA-NL00016,PM10,15.4,µg/m3,2015-03-30 10:00:00 +01:00
6489,NL,STA-NL00016,PM10,13.1,µg/m3,2015-03-31 07:00:00 +01:00
6490,NL,STA-NL00016,PM10,16.6,µg/m3,2015-04-01 03:00:00 +01:00
6491,NL,STA-NL00016,PM10,9.0,µg/m3,2015-03-31 20:00:00 +01:00
6492,NL,STA-NL00016,PM10,13.7,µg/m3,2015-03-31 22:00:00 +01:00
6494,NL,STA-NL00016,PM10,13.8,µg/m3,2015-03-30 22:00:00 +01:00
6495,NL,STA-NL00016,PM10,15.9,µg/m3,2015-03-31 09:00:00 +01:00
6496,NL,STA-NL00016,PM10,21.8,µg/m3,2015-03-31 14:00:00 +01:00
6497,NL,STA-NL00016,PM10,15.8,µg/m3,2015-03-31 13:00:00 +01:00
6498,NL,STA-NL00016,PM10,7.6,µg/m3,2015-03-31 19:00:00 +01:00
6499,NL,STA-NL00016,PM10,12.2,µg/m3,2015-04-03 04:00:00 +01:00
6500,NL,STA-NL00016,PM10,16.8,µg/m3,2015-04-03 06:00:00 +01:00
6501,NL,STA-NL00016,PM10,6.5,µg/m3,2015-04-04 00:00:00 +01:00
6502,NL,STA-NL00016,PM10,27.3,µg/m3,2015-03-08 20:00:00 +01:00
6503,NL,STA-NL00016,PM10,7.8,µg/m3,2015-04-03 23:00:00 +01:00
6504,NL,STA-NL00016,PM10,12.6,µg/m3,2015-04-03 15:00:00 +01:00
6505,NL,STA-NL00016,PM10,12.7,µg/m3,2015-04-03 17:00:00 +01:00
6506,NL,STA-NL00016,PM10,13.2,µg/m3,2015-04-02 16:00:00 +01:00
6507,NL,STA-NL00016,PM10,16.6,µg/m3,2015-04-01 17:00:00 +01:00
6508,NL,STA-NL00016,PM10,8.9,µg/m3,2015-04-02 00:00:00 +01:00
6509,NL,STA-NL00016,PM10,7.5,µg/m3,2015-04-02 01:00:00 +01:00
6510,NL,STA-NL00016,PM10,18.5,µg/m3,2015-04-01 13:00:00 +01:00
6511,NL,STA-NL00016,PM10,30.1,µg/m3,2015-03-08 03:00:00 +01:00
6512,NL,STA-NL00016,PM10,6.4,µg/m3,2015-04-02 02:00:00 +01:00
6513,NL,STA-NL00016,PM10,12.3,µg/m3,2015-04-20 12:00:00 +01:00
6514,NL,STA-NL00016,PM10,20.7,µg/m3,2015-04-20 04:00:00 +01:00
6515,NL,STA-NL00016,PM10,25.8,µg/m3,2015-04-20 08:00:00 +01:00
6516,NL,STA-NL00016,PM10,10.3,µg/m3,2015-04-19 08:00:00 +01:00
6517,NL,STA-NL00016,PM10,3.9,µg/m3,2015-04-19 20:00:00 +01:00
6518,NL,STA-NL00016,PM10,10.5,µg/m3,2015-04-19 07:00:00 +01:00
6519,NL,STA-NL00016,PM10,23.6,µg/m3,2015-04-25 08:00:00 +01:00
6520,NL,STA-NL00016,PM10,24.1,µg/m3,2015-04-24 23:00:00 +01:00
6521,NL,STA-NL00016,PM10,1.9,µg/m3,2015-04-25 20:00:00 +01:00
6522,NL,STA-NL00016,PM10,13.4,µg/m3,2015-04-26 08:00:00 +01:00
6523,NL,STA-NL00016,PM10,24.0,µg/m3,2015-04-26 06:00:00 +01:00
6524,NL,STA-NL00016,PM10,2.0,µg/m3,2015-04-26 17:00:00 +01:00
6525,NL,STA-NL00016,PM10,8.3,µg/m3,2015-04-27 14:00:00 +01:00
6526,NL,STA-NL00016,PM10,11.0,µg/m3,2015-04-27 17:00:00 +01:00
6527,NL,STA-NL00016,PM10,11.5,µg/m3,2015-04-28 01:00:00 +01:00
6528,NL,STA-NL00016,PM10,2.8,µg/m3,2015-04-27 00:00:00 +01:00
6529,NL,STA-NL00016,PM10,0.0,µg/m3,2015-04-26 10:00:00 +01:00
6530,NL,STA-NL00016,PM10,13.0,µg/m3,2015-04-26 07:00:00 +01:00
6531,NL,STA-NL00016,PM10,5.9,µg/m3,2015-04-30 22:00:00 +01:00
6532,NL,STA-NL00016,PM10,20.8,µg/m3,2015-05-01 05:00:00 +01:00
6533,NL,STA-NL00016,PM10,-1.9,µg/m3,2015-04-29 23:00:00 +01:00
6534,NL,STA-NL00016,PM10,4.8,µg/m3,2015-04-29 19:00:00 +01:00
6535,NL,STA-NL00016,PM10,14.5,µg/m3,2015-04-28 14:00:00 +01:00
6536,NL,STA-NL00016,PM10,15.4,µg/m3,2015-04-28 08:00:00 +01:00
6537,NL,STA-NL00016,PM10,9.1,µg/m3,2015-04-27 19:00:00 +01:00
6538,NL,STA-NL00016,PM10,27.0,µg/m3,2015-04-29 07:00:00 +01:00
6539,NL,STA-NL00016,PM10,20.5,µg/m3,2015-04-29 12:00:00 +01:00
6540,NL,STA-NL00016,PM10,12.8,µg/m3,2015-04-29 01:00:00 +01:00
6541,NL,STA-NL00016,PM10,7.8,µg/m3,2015-04-29 17:00:00 +01:00
6542,NL,STA-NL00016,PM10,31.0,µg/m3,2015-04-29 11:00:00 +01:00
6543,NL,STA-NL00016,PM10,26.1,µg/m3,2015-04-21 05:00:00 +01:00
6544,NL,STA-NL00016,PM10,26.0,µg/m3,2015-04-21 02:00:00 +01:00
6545,NL,STA-NL00016,PM10,21.0,µg/m3,2015-04-21 06:00:00 +01:00
6546,NL,STA-NL00016,PM10,15.9,µg/m3,2015-04-21 08:00:00 +01:00
6547,NL,STA-NL00016,PM10,28.0,µg/m3,2015-04-21 04:00:00 +01:00
6548,NL,STA-NL00016,PM10,9.6,µg/m3,2015-04-21 10:00:00 +01:00
6549,NL,STA-NL00016,PM10,12.8,µg/m3,2015-04-20 21:00:00 +01:00
6550,NL,STA-NL00016,PM10,21.8,µg/m3,2015-04-20 22:00:00 +01:00
6551,NL,STA-NL00016,PM10,17.0,µg/m3,2015-04-20 03:00:00 +01:00
6552,NL,STA-NL00016,PM10,20.7,µg/m3,2015-04-20 07:00:00 +01:00
6553,NL,STA-NL00016,PM10,12.7,µg/m3,2015-04-22 20:00:00 +01:00
6554,NL,STA-NL00016,PM10,13.6,µg/m3,2015-04-22 13:00:00 +01:00
6555,NL,STA-NL00016,PM10,20.4,µg/m3,2015-04-23 00:00:00 +01:00
6556,NL,STA-NL00016,PM10,16.9,µg/m3,2015-04-22 16:00:00 +01:00
6557,NL,STA-NL00016,PM10,15.0,µg/m3,2015-04-22 11:00:00 +01:00
6558,NL,STA-NL00016,PM10,29.2,µg/m3,2015-04-22 07:00:00 +01:00
6559,NL,STA-NL00016,PM10,7.2,µg/m3,2015-04-24 00:00:00 +01:00
6561,NL,STA-NL00016,PM10,15.7,µg/m3,2015-04-23 05:00:00 +01:00
6562,NL,STA-NL00016,PM10,12.8,µg/m3,2015-04-23 06:00:00 +01:00
6563,NL,STA-NL00016,PM10,8.0,µg/m3,2015-04-22 22:00:00 +01:00
6564,NL,STA-NL00016,PM10,46.6,µg/m3,2015-04-23 10:00:00 +01:00
6565,NL,STA-NL00016,PM10,14.5,µg/m3,2015-04-24 16:00:00 +01:00
6566,NL,STA-NL00016,PM10,19.5,µg/m3,2015-04-25 00:00:00 +01:00
6568,NL,STA-NL00016,PM10,29.5,µg/m3,2015-04-24 05:00:00 +01:00
6569,NL,STA-NL00016,PM10,47.0,µg/m3,2015-04-24 07:00:00 +01:00
6570,NL,STA-NL00016,PM10,28.8,µg/m3,2015-05-08 07:00:00 +01:00
6571,NL,STA-NL00016,PM10,13.1,µg/m3,2015-05-07 14:00:00 +01:00
6572,NL,STA-NL00016,PM10,35.7,µg/m3,2015-05-08 09:00:00 +01:00
6573,NL,STA-NL00016,PM10,9.4,µg/m3,2015-05-09 11:00:00 +01:00
6574,NL,STA-NL00016,PM10,10.8,µg/m3,2015-05-09 09:00:00 +01:00
6575,NL,STA-NL00016,PM10,16.9,µg/m3,2015-05-09 18:00:00 +01:00
6576,NL,STA-NL00016,PM10,9.9,µg/m3,2015-05-09 03:00:00 +01:00
6577,NL,STA-NL00016,PM10,8.6,µg/m3,2015-05-09 07:00:00 +01:00
6578,NL,STA-NL00016,PM10,28.3,µg/m3,2015-05-11 08:00:00 +01:00
6579,NL,STA-NL00016,PM10,12.7,µg/m3,2015-05-11 11:00:00 +01:00
6580,NL,STA-NL00016,PM10,14.9,µg/m3,2015-05-11 13:00:00 +01:00
6581,NL,STA-NL00016,PM10,34.9,µg/m3,2015-05-10 20:00:00 +01:00
6582,NL,STA-NL00016,PM10,39.0,µg/m3,2015-05-10 17:00:00 +01:00
6583,NL,STA-NL00016,PM10,5.3,µg/m3,2015-05-09 05:00:00 +01:00
6584,NL,STA-NL00016,PM10,6.7,µg/m3,2015-05-09 21:00:00 +01:00
6585,NL,STA-NL00016,PM10,7.3,µg/m3,2015-05-10 13:00:00 +01:00
6587,NL,STA-NL00016,PM10,8.3,µg/m3,2015-05-10 06:00:00 +01:00
6588,NL,STA-NL00016,PM10,6.3,µg/m3,2015-05-14 10:00:00 +01:00
6589,NL,STA-NL00016,PM10,7.1,µg/m3,2015-05-14 06:00:00 +01:00
6590,NL,STA-NL00016,PM10,6.2,µg/m3,2015-05-14 04:00:00 +01:00
6591,NL,STA-NL00016,PM10,22.8,µg/m3,2015-05-13 07:00:00 +01:00
6592,NL,STA-NL00016,PM10,25.4,µg/m3,2015-05-13 22:00:00 +01:00
6593,NL,STA-NL00016,PM10,4.6,µg/m3,2015-05-12 04:00:00 +01:00
6594,NL,STA-NL00016,PM10,40.1,µg/m3,2015-05-10 21:00:00 +01:00
6595,NL,STA-NL00016,PM10,7.4,µg/m3,2015-05-11 23:00:00 +01:00
6596,NL,STA-NL00016,PM10,7.4,µg/m3,2015-05-02 20:00:00 +01:00
6597,NL,STA-NL00016,PM10,11.0,µg/m3,2015-05-01 17:00:00 +01:00
6598,NL,STA-NL00016,PM10,6.6,µg/m3,2015-04-30 15:00:00 +01:00
6599,NL,STA-NL00016,PM10,7.5,µg/m3,2015-05-01 19:00:00 +01:00
6600,NL,STA-NL00016,PM10,12.7,µg/m3,2015-05-02 01:00:00 +01:00
6601,NL,STA-NL00016,PM10,0.3,µg/m3,2015-05-03 16:00:00 +01:00
6602,NL,STA-NL00016,PM10,1.6,µg/m3,2015-05-03 18:00:00 +01:00
6603,NL,STA-NL00016,PM10,11.9,µg/m3,2015-05-03 13:00:00 +01:00
6604,NL,STA-NL00016,PM10,9.6,µg/m3,2015-05-04 02:00:00 +01:00
6605,NL,STA-NL00016,PM10,9.5,µg/m3,2015-05-04 09:00:00 +01:00
6606,NL,STA-NL00016,PM10,11.4,µg/m3,2015-05-04 07:00:00 +01:00
6607,NL,STA-NL00016,PM10,22.3,µg/m3,2015-05-07 01:00:00 +01:00
6608,NL,STA-NL00016,PM10,20.5,µg/m3,2015-05-06 21:00:00 +01:00
6609,NL,STA-NL00016,PM10,1.8,µg/m3,2015-05-06 13:00:00 +01:00
6610,NL,STA-NL00016,PM10,8.7,µg/m3,2015-05-07 20:00:00 +01:00
6611,NL,STA-NL00016,PM10,8.3,µg/m3,2015-05-08 00:00:00 +01:00
6612,NL,STA-NL00016,PM10,8.5,µg/m3,2015-05-07 12:00:00 +01:00
6613,NL,STA-NL00016,PM10,6.6,µg/m3,2015-05-07 16:00:00 +01:00
6614,NL,STA-NL00016,PM10,6.2,µg/m3,2015-05-06 15:00:00 +01:00
6615,NL,STA-NL00016,PM10,2.3,µg/m3,2015-05-04 14:00:00 +01:00
6616,NL,STA-NL00016,PM10,9.7,µg/m3,2015-05-05 03:00:00 +01:00
6617,NL,STA-NL00016,PM10,10.0,µg/m3,2015-05-05 19:00:00 +01:00
6618,NL,STA-NL00016,PM10,7.7,µg/m3,2015-05-06 01:00:00 +01:00
6619,NL,STA-NL00016,PM10,6.4,µg/m3,2015-05-06 06:00:00 +01:00
6620,NL,STA-NL00016,PM10,9.4,µg/m3,2015-05-05 18:00:00 +01:00
6621,NL,STA-NL00016,PM10,4.6,µg/m3,2015-05-05 11:00:00 +01:00
6622,NL,STA-NL00016,PM10,8.5,µg/m3,2015-05-05 05:00:00 +01:00
6623,NL,STA-NL00016,PM10,4.6,µg/m3,2015-05-16 10:00:00 +01:00
6624,NL,STA-NL00016,PM10,9.5,µg/m3,2015-05-16 19:00:00 +01:00
6625,NL,STA-NL00016,PM10,9.1,µg/m3,2015-05-16 18:00:00 +01:00
6626,NL,STA-NL00016,PM10,22.6,µg/m3,2015-05-15 13:00:00 +01:00
6627,NL,STA-NL00016,PM10,21.8,µg/m3,2015-05-15 14:00:00 +01:00
6628,NL,STA-NL00016,PM10,19.1,µg/m3,2015-05-15 08:00:00 +01:00
6629,NL,STA-NL00016,PM10,17.9,µg/m3,2015-05-15 18:00:00 +01:00
6630,NL,STA-NL00016,PM10,12.7,µg/m3,2015-05-15 02:00:00 +01:00
6631,NL,STA-NL00016,PM10,17.3,µg/m3,2015-05-15 03:00:00 +01:00
6632,NL,STA-NL00016,PM10,21.6,µg/m3,2015-05-15 15:00:00 +01:00
6633,NL,STA-NL00016,PM10,8.0,µg/m3,2015-05-14 23:00:00 +01:00
6634,NL,STA-NL00016,PM10,15.2,µg/m3,2015-05-21 20:00:00 +01:00
6635,NL,STA-NL00016,PM10,13.2,µg/m3,2015-05-21 00:00:00 +01:00
6636,NL,STA-NL00016,PM10,10.7,µg/m3,2015-05-20 19:00:00 +01:00
6637,NL,STA-NL00016,PM10,11.2,µg/m3,2015-05-20 18:00:00 +01:00
6638,NL,STA-NL00016,PM10,16.1,µg/m3,2015-05-21 16:00:00 +01:00
6639,NL,STA-NL00016,PM10,15.9,µg/m3,2015-05-21 08:00:00 +01:00
6640,NL,STA-NL00016,PM10,13.5,µg/m3,2015-05-21 13:00:00 +01:00
6641,NL,STA-NL00016,PM10,16.9,µg/m3,2015-05-23 19:00:00 +01:00
6642,NL,STA-NL00016,PM10,17.2,µg/m3,2015-05-23 21:00:00 +01:00
6643,NL,STA-NL00016,PM10,25.0,µg/m3,2015-05-23 04:00:00 +01:00
6644,NL,STA-NL00016,PM10,26.6,µg/m3,2015-05-22 18:00:00 +01:00
6645,NL,STA-NL00016,PM10,10.6,µg/m3,2015-05-20 11:00:00 +01:00
6646,NL,STA-NL00016,PM10,42.4,µg/m3,2015-05-23 06:00:00 +01:00
6647,NL,STA-NL00016,PM10,31.7,µg/m3,2015-05-22 23:00:00 +01:00
6648,NL,STA-NL00016,PM10,10.1,µg/m3,2015-05-19 04:00:00 +01:00
6649,NL,STA-NL00016,PM10,9.3,µg/m3,2015-05-19 16:00:00 +01:00
6650,NL,STA-NL00016,PM10,14.2,µg/m3,2015-05-19 17:00:00 +01:00
6651,NL,STA-NL00016,PM10,14.2,µg/m3,2015-05-19 05:00:00 +01:00
6652,NL,STA-NL00016,PM10,8.0,µg/m3,2015-05-18 22:00:00 +01:00
6653,NL,STA-NL00016,PM10,11.2,µg/m3,2015-05-19 08:00:00 +01:00
6654,NL,STA-NL00016,PM10,11.1,µg/m3,2015-05-19 19:00:00 +01:00
6655,NL,STA-NL00016,PM10,13.3,µg/m3,2015-05-20 08:00:00 +01:00
6656,NL,STA-NL00016,PM10,7.9,µg/m3,2015-05-20 02:00:00 +01:00
6657,NL,STA-NL00016,PM10,14.3,µg/m3,2015-05-20 05:00:00 +01:00
6658,NL,STA-NL00016,PM10,15.9,µg/m3,2015-05-17 22:00:00 +01:00
6659,NL,STA-NL00016,PM10,12.2,µg/m3,2015-05-18 16:00:00 +01:00
6660,NL,STA-NL00016,PM10,23.2,µg/m3,2015-05-18 15:00:00 +01:00
6661,NL,STA-NL00016,PM10,8.5,µg/m3,2015-05-18 17:00:00 +01:00
6662,NL,STA-NL00016,PM10,11.5,µg/m3,2015-05-17 12:00:00 +01:00
6663,NL,STA-NL00016,PM10,25.5,µg/m3,2015-05-18 06:00:00 +01:00
6664,NL,STA-NL00016,PM10,25.0,µg/m3,2015-05-17 02:00:00 +01:00
6665,NL,STA-NL00016,PM10,17.5,µg/m3,2015-05-17 05:00:00 +01:00
6666,NL,STA-NL00016,PM10,13.1,µg/m3,2015-05-16 15:00:00 +01:00
6670,NL,STA-NL00016,PM10,16.7,µg/m3,2015-05-26 06:00:00 +01:00
6671,NL,STA-NL00016,PM10,12.7,µg/m3,2015-05-26 04:00:00 +01:00
6672,NL,STA-NL00016,PM10,16.1,µg/m3,2015-05-26 08:00:00 +01:00
6673,NL,STA-NL00016,PM10,4.6,µg/m3,2015-05-25 22:00:00 +01:00
6674,NL,STA-NL00016,PM10,8.6,µg/m3,2015-05-26 03:00:00 +01:00
6675,NL,STA-NL00016,PM10,4.6,µg/m3,2015-05-25 21:00:00 +01:00
6676,NL,STA-NL00016,PM10,17.2,µg/m3,2015-05-24 09:00:00 +01:00
6677,NL,STA-NL00016,PM10,20.3,µg/m3,2015-05-24 00:00:00 +01:00
6678,NL,STA-NL00016,PM10,5.3,µg/m3,2015-05-25 08:00:00 +01:00
6679,NL,STA-NL00016,PM10,6.1,µg/m3,2015-05-25 06:00:00 +01:00
6680,NL,STA-NL00016,PM10,15.9,µg/m3,2015-05-24 14:00:00 +01:00
6681,NL,STA-NL00016,PM10,11.8,µg/m3,2015-05-25 03:00:00 +01:00
6683,NL,STA-NL00016,PM10,10.9,µg/m3,2015-05-28 17:00:00 +01:00
6684,NL,STA-NL00016,PM10,18.0,µg/m3,2015-05-28 23:00:00 +01:00
6686,NL,STA-NL00016,PM10,12.7,µg/m3,2015-05-29 12:00:00 +01:00
6687,NL,STA-NL00016,PM10,15.8,µg/m3,2015-05-29 11:00:00 +01:00
6688,NL,STA-NL00016,PM10,21.4,µg/m3,2015-05-29 15:00:00 +01:00
6689,NL,STA-NL00016,PM10,10.4,µg/m3,2015-05-28 18:00:00 +01:00
6690,NL,STA-NL00016,PM10,41.4,µg/m3,2015-05-29 09:00:00 +01:00
6691,NL,STA-NL00016,PM10,29.1,µg/m3,2015-05-29 02:00:00 +01:00
6692,NL,STA-NL00016,PM10,39.0,µg/m3,2015-05-29 04:00:00 +01:00
6703,NL,STA-NL00016,PM10,13.3,µg/m3,2015-05-31 12:00:00 +01:00
6704,NL,STA-NL00016,PM10,0.6,µg/m3,2015-05-31 19:00:00 +01:00
6705,NL,STA-NL00016,PM10,13.3,µg/m3,2015-06-01 02:00:00 +01:00
6706,NL,STA-NL00016,PM10,9.6,µg/m3,2015-05-31 22:00:00 +01:00
6707,NL,STA-NL00016,PM10,12.8,µg/m3,2015-06-01 04:00:00 +01:00
6708,NL,STA-NL00016,PM10,10.6,µg/m3,2015-05-31 15:00:00 +01:00
6709,NL,STA-NL00016,PM10,17.3,µg/m3,2015-05-31 13:00:00 +01:00
6710,NL,STA-NL00016,PM10,13.3,µg/m3,2015-06-01 07:00:00 +01:00
6711,NL,STA-NL00016,PM10,11.7,µg/m3,2015-06-01 08:00:00 +01:00
6712,NL,STA-NL00016,PM10,11.4,µg/m3,2015-06-01 12:00:00 +01:00
6713,NL,STA-NL00016,PM10,9.0,µg/m3,2015-05-30 09:00:00 +01:00
6714,NL,STA-NL00016,PM10,8.3,µg/m3,2015-05-30 17:00:00 +01:00
6715,NL,STA-NL00016,PM10,9.4,µg/m3,2015-05-30 12:00:00 +01:00
6716,NL,STA-NL00016,PM10,19.4,µg/m3,2015-05-31 05:00:00 +01:00
6717,NL,STA-NL00016,PM10,13.1,µg/m3,2015-05-31 10:00:00 +01:00
6718,NL,STA-NL00016,PM10,13.1,µg/m3,2015-05-29 18:00:00 +01:00
6719,NL,STA-NL00016,PM10,9.4,µg/m3,2015-05-29 22:00:00 +01:00
6720,NL,STA-NL00016,PM10,11.5,µg/m3,2015-05-30 00:00:00 +01:00
6721,NL,STA-NL00016,PM10,7.9,µg/m3,2015-05-30 05:00:00 +01:00
6722,NL,STA-NL00016,PM10,11.5,µg/m3,2015-06-02 17:00:00 +01:00
6723,NL,STA-NL00016,PM10,21.5,µg/m3,2015-06-03 00:00:00 +01:00
6724,NL,STA-NL00016,PM10,17.9,µg/m3,2015-06-02 23:00:00 +01:00
6725,NL,STA-NL00016,PM10,16.2,µg/m3,2015-06-02 00:00:00 +01:00
6726,NL,STA-NL00016,PM10,18.9,µg/m3,2015-06-01 19:00:00 +01:00
6727,NL,STA-NL00016,PM10,21.2,µg/m3,2015-06-03 10:00:00 +01:00
6728,NL,STA-NL00016,PM10,22.4,µg/m3,2015-06-03 08:00:00 +01:00
6729,NL,STA-NL00016,PM10,19.4,µg/m3,2015-06-03 14:00:00 +01:00
6730,NL,STA-NL00016,PM10,18.7,µg/m3,2015-06-03 17:00:00 +01:00
6731,NL,STA-NL00016,PM10,20.1,µg/m3,2015-06-04 02:00:00 +01:00
6732,NL,STA-NL00016,PM10,16.0,µg/m3,2015-06-04 04:00:00 +01:00
6733,NL,STA-NL00016,PM10,19.9,µg/m3,2015-06-04 01:00:00 +01:00
6734,NL,STA-NL00016,PM10,15.8,µg/m3,2015-06-03 23:00:00 +01:00
6735,NL,STA-NL00016,PM10,20.5,µg/m3,2015-06-04 07:00:00 +01:00
6736,NL,STA-NL00016,PM10,23.2,µg/m3,2015-06-04 08:00:00 +01:00
6737,NL,STA-NL00016,PM10,18.9,µg/m3,2015-06-04 11:00:00 +01:00
6738,NL,STA-NL00016,PM10,20.2,µg/m3,2015-06-07 05:00:00 +01:00
6739,NL,STA-NL00016,PM10,19.4,µg/m3,2015-06-07 11:00:00 +01:00
6740,NL,STA-NL00016,PM10,12.3,µg/m3,2015-06-07 07:00:00 +01:00
6741,NL,STA-NL00016,PM10,23.9,µg/m3,2015-06-07 03:00:00 +01:00
6742,NL,STA-NL00016,PM10,9.8,µg/m3,2015-06-06 11:00:00 +01:00
6743,NL,STA-NL00016,PM10,10.3,µg/m3,2015-06-06 09:00:00 +01:00
6744,NL,STA-NL00016,PM10,15.7,µg/m3,2015-06-06 07:00:00 +01:00
6745,NL,STA-NL00016,PM10,18.7,µg/m3,2015-06-06 06:00:00 +01:00
6746,NL,STA-NL00016,PM10,20.5,µg/m3,2015-06-06 05:00:00 +01:00
6747,NL,STA-NL00016,PM10,18.7,µg/m3,2015-06-04 17:00:00 +01:00
6748,NL,STA-NL00016,PM10,10.4,µg/m3,2015-06-04 20:00:00 +01:00
6749,NL,STA-NL00016,PM10,16.2,µg/m3,2015-06-05 00:00:00 +01:00
6750,NL,STA-NL00016,PM10,21.0,µg/m3,2015-06-05 03:00:00 +01:00
6751,NL,STA-NL00016,PM10,29.7,µg/m3,2015-06-05 05:00:00 +01:00
6752,NL,STA-NL00016,PM10,23.4,µg/m3,2015-06-05 02:00:00 +01:00
6753,NL,STA-NL00016,PM10,29.0,µg/m3,2015-06-06 03:00:00 +01:00
6754,NL,STA-NL00016,PM10,11.7,µg/m3,2015-06-09 06:00:00 +01:00
6755,NL,STA-NL00016,PM10,15.1,µg/m3,2015-06-09 14:00:00 +01:00
6756,NL,STA-NL00016,PM10,18.4,µg/m3,2015-06-10 00:00:00 +01:00
6757,NL,STA-NL00016,PM10,19.1,µg/m3,2015-06-09 21:00:00 +01:00
6758,NL,STA-NL00016,PM10,21.1,µg/m3,2015-06-10 04:00:00 +01:00
6759,NL,STA-NL00016,PM10,17.1,µg/m3,2015-06-09 23:00:00 +01:00
6760,NL,STA-NL00016,PM10,10.5,µg/m3,2015-06-09 09:00:00 +01:00
6761,NL,STA-NL00016,PM10,11.1,µg/m3,2015-06-09 05:00:00 +01:00
6762,NL,STA-NL00016,PM10,17.9,µg/m3,2015-06-09 17:00:00 +01:00
6763,NL,STA-NL00016,PM10,11.4,µg/m3,2015-06-07 22:00:00 +01:00
6764,NL,STA-NL00016,PM10,15.4,µg/m3,2015-06-07 17:00:00 +01:00
6765,NL,STA-NL00016,PM10,18.3,µg/m3,2015-06-08 06:00:00 +01:00
6766,NL,STA-NL00016,PM10,10.9,µg/m3,2015-06-08 11:00:00 +01:00
6767,NL,STA-NL00016,PM10,17.5,µg/m3,2015-06-08 01:00:00 +01:00
6768,NL,STA-NL00016,PM10,9.1,µg/m3,2015-06-08 09:00:00 +01:00
6769,NL,STA-NL00016,PM10,12.1,µg/m3,2015-06-09 02:00:00 +01:00
6770,NL,STA-NL00016,PM10,10.7,µg/m3,2015-06-07 13:00:00 +01:00
6771,NL,STA-NL00016,PM10,16.1,µg/m3,2015-06-08 21:00:00 +01:00
6772,NL,STA-NL00016,PM10,9.8,µg/m3,2015-06-11 02:00:00 +01:00
6773,NL,STA-NL00016,PM10,12.7,µg/m3,2015-06-10 19:00:00 +01:00
6774,NL,STA-NL00016,PM10,16.4,µg/m3,2015-06-18 12:00:00 +01:00
6775,NL,STA-NL00016,PM10,16.4,µg/m3,2015-06-18 11:00:00 +01:00
6776,NL,STA-NL00016,PM10,21.8,µg/m3,2015-06-18 01:00:00 +01:00
6777,NL,STA-NL00016,PM10,19.5,µg/m3,2015-06-18 06:00:00 +01:00
6778,NL,STA-NL00016,PM10,14.1,µg/m3,2015-06-18 04:00:00 +01:00
6779,NL,STA-NL00016,PM10,25.0,µg/m3,2015-06-17 23:00:00 +01:00
6780,NL,STA-NL00016,PM10,26.1,µg/m3,2015-06-17 13:00:00 +01:00
6781,NL,STA-NL00016,PM10,6.4,µg/m3,2015-06-16 19:00:00 +01:00
6782,NL,STA-NL00016,PM10,7.8,µg/m3,2015-06-16 14:00:00 +01:00
6783,NL,STA-NL00016,PM10,12.4,µg/m3,2015-06-19 06:00:00 +01:00
6784,NL,STA-NL00016,PM10,16.2,µg/m3,2015-06-18 23:00:00 +01:00
6785,NL,STA-NL00016,PM10,9.2,µg/m3,2015-06-20 04:00:00 +01:00
6786,NL,STA-NL00016,PM10,6.0,µg/m3,2015-06-19 18:00:00 +01:00
6787,NL,STA-NL00016,PM10,13.7,µg/m3,2015-06-20 08:00:00 +01:00
6788,NL,STA-NL00016,PM10,12.6,µg/m3,2015-06-19 09:00:00 +01:00
6789,NL,STA-NL00016,PM10,12.6,µg/m3,2015-06-19 13:00:00 +01:00
6790,NL,STA-NL00016,PM10,22.5,µg/m3,2015-06-21 06:00:00 +01:00
6791,NL,STA-NL00016,PM10,18.6,µg/m3,2015-06-21 05:00:00 +01:00
6792,NL,STA-NL00016,PM10,32.7,µg/m3,2015-06-21 08:00:00 +01:00
6793,NL,STA-NL00016,PM10,12.8,µg/m3,2015-06-20 23:00:00 +01:00
6794,NL,STA-NL00016,PM10,15.9,µg/m3,2015-06-21 04:00:00 +01:00
6795,NL,STA-NL00016,PM10,2.9,µg/m3,2015-06-21 17:00:00 +01:00
6796,NL,STA-NL00016,PM10,17.2,µg/m3,2015-06-21 21:00:00 +01:00
6797,NL,STA-NL00016,PM10,7.6,µg/m3,2015-06-20 22:00:00 +01:00
6798,NL,STA-NL00016,PM10,7.8,µg/m3,2015-06-19 20:00:00 +01:00
6799,NL,STA-NL00016,PM10,2.6,µg/m3,2015-06-20 16:00:00 +01:00
6800,NL,STA-NL00016,PM10,5.6,µg/m3,2015-06-20 12:00:00 +01:00
6801,NL,STA-NL00016,PM10,16.8,µg/m3,2015-06-19 07:00:00 +01:00
6802,NL,STA-NL00016,PM10,4.2,µg/m3,2015-06-20 15:00:00 +01:00
6803,NL,STA-NL00016,PM10,9.0,µg/m3,2015-06-19 21:00:00 +01:00
6804,NL,STA-NL00016,PM10,7.2,µg/m3,2015-06-19 23:00:00 +01:00
6805,NL,STA-NL00016,PM10,12.9,µg/m3,2015-06-21 18:00:00 +01:00
6806,NL,STA-NL00016,PM10,10.0,µg/m3,2015-06-21 19:00:00 +01:00
6807,NL,STA-NL00016,PM10,17.8,µg/m3,2015-06-22 01:00:00 +01:00
6808,NL,STA-NL00016,PM10,30.9,µg/m3,2015-06-21 07:00:00 +01:00
6809,NL,STA-NL00016,PM10,10.1,µg/m3,2015-06-22 11:00:00 +01:00
6810,NL,STA-NL00016,PM10,10.5,µg/m3,2015-06-21 03:00:00 +01:00
6811,NL,STA-NL00016,PM10,10.0,µg/m3,2015-06-10 23:00:00 +01:00
6812,NL,STA-NL00016,PM10,8.0,µg/m3,2015-06-11 21:00:00 +01:00
6813,NL,STA-NL00016,PM10,4.7,µg/m3,2015-06-11 22:00:00 +01:00
6814,NL,STA-NL00016,PM10,3.7,µg/m3,2015-06-12 00:00:00 +01:00
6815,NL,STA-NL00016,PM10,17.5,µg/m3,2015-06-12 18:00:00 +01:00
6816,NL,STA-NL00016,PM10,25.2,µg/m3,2015-06-12 08:00:00 +01:00
6817,NL,STA-NL00016,PM10,14.5,µg/m3,2015-06-12 04:00:00 +01:00
6818,NL,STA-NL00016,PM10,25.0,µg/m3,2015-06-13 20:00:00 +01:00
6819,NL,STA-NL00016,PM10,25.7,µg/m3,2015-06-13 14:00:00 +01:00
6820,NL,STA-NL00016,PM10,20.0,µg/m3,2015-06-13 19:00:00 +01:00
6821,NL,STA-NL00016,PM10,20.6,µg/m3,2015-06-13 17:00:00 +01:00
6822,NL,STA-NL00016,PM10,21.7,µg/m3,2015-06-12 22:00:00 +01:00
6823,NL,STA-NL00016,PM10,18.0,µg/m3,2015-06-12 20:00:00 +01:00
6824,NL,STA-NL00016,PM10,20.6,µg/m3,2015-06-12 23:00:00 +01:00
6825,NL,STA-NL00016,PM10,8.0,µg/m3,2015-06-15 10:00:00 +01:00
6826,NL,STA-NL00016,PM10,8.3,µg/m3,2015-06-15 07:00:00 +01:00
6827,NL,STA-NL00016,PM10,24.7,µg/m3,2015-06-14 09:00:00 +01:00
6828,NL,STA-NL00016,PM10,6.3,µg/m3,2015-06-15 02:00:00 +01:00
6829,NL,STA-NL00016,PM10,6.1,µg/m3,2015-06-15 01:00:00 +01:00
6830,NL,STA-NL00016,PM10,23.0,µg/m3,2015-06-14 15:00:00 +01:00
6831,NL,STA-NL00016,PM10,42.3,µg/m3,2015-06-16 00:00:00 +01:00
6832,NL,STA-NL00016,PM10,67.0,µg/m3,2015-06-16 04:00:00 +01:00
6833,NL,STA-NL00016,PM10,8.4,µg/m3,2015-06-16 10:00:00 +01:00
6834,NL,STA-NL00016,PM10,22.0,µg/m3,2015-06-15 21:00:00 +01:00
6835,NL,STA-NL00016,PM10,10.6,µg/m3,2015-06-15 20:00:00 +01:00
6836,NL,STA-NL00016,PM10,5.1,µg/m3,2015-06-16 20:00:00 +01:00
6837,NL,STA-NL00016,PM10,10.2,µg/m3,2015-06-16 11:00:00 +01:00
6838,NL,STA-NL00016,PM10,9.4,µg/m3,2015-06-23 06:00:00 +01:00
6839,NL,STA-NL00016,PM10,15.2,µg/m3,2015-06-23 10:00:00 +01:00
6840,NL,STA-NL00016,PM10,19.1,µg/m3,2015-06-23 13:00:00 +01:00
6841,NL,STA-NL00016,PM10,9.1,µg/m3,2015-06-23 02:00:00 +01:00
6842,NL,STA-NL00016,PM10,31.5,µg/m3,2015-06-24 12:00:00 +01:00
6843,NL,STA-NL00016,PM10,19.4,µg/m3,2015-06-24 06:00:00 +01:00
6844,NL,STA-NL00016,PM10,20.2,µg/m3,2015-06-24 00:00:00 +01:00
6845,NL,STA-NL00016,PM10,6.2,µg/m3,2015-06-25 00:00:00 +01:00
6846,NL,STA-NL00016,PM10,26.6,µg/m3,2015-06-25 05:00:00 +01:00
6847,NL,STA-NL00016,PM10,13.3,µg/m3,2015-06-25 14:00:00 +01:00
6848,NL,STA-NL00016,PM10,16.8,µg/m3,2015-06-25 02:00:00 +01:00
6849,NL,STA-NL00016,PM10,9.4,µg/m3,2015-06-25 20:00:00 +01:00
6850,NL,STA-NL00016,PM10,20.6,µg/m3,2015-06-25 04:00:00 +01:00
6851,NL,STA-NL00016,PM10,18.0,µg/m3,2015-06-24 14:00:00 +01:00
6852,NL,STA-NL00016,PM10,16.4,µg/m3,2015-06-24 18:00:00 +01:00
6853,NL,STA-NL00016,PM10,2.5,µg/m3,2015-06-24 23:00:00 +01:00
6854,NL,STA-NL00016,PM10,5.3,µg/m3,2015-06-26 16:00:00 +01:00
6855,NL,STA-NL00016,PM10,27.1,µg/m3,2015-06-26 10:00:00 +01:00
6856,NL,STA-NL00016,PM10,12.0,µg/m3,2015-06-26 21:00:00 +01:00
6857,NL,STA-NL00016,PM10,28.7,µg/m3,2015-06-27 03:00:00 +01:00
6858,NL,STA-NL00016,PM10,15.9,µg/m3,2015-06-26 05:00:00 +01:00
6859,NL,STA-NL00016,PM10,15.6,µg/m3,2015-06-26 17:00:00 +01:00
6860,NL,STA-NL00016,PM10,8.8,µg/m3,2015-06-25 22:00:00 +01:00
6861,NL,STA-NL00016,PM10,21.1,µg/m3,2015-06-27 20:00:00 +01:00
6862,NL,STA-NL00016,PM10,18.9,µg/m3,2015-06-27 18:00:00 +01:00
6863,NL,STA-NL00016,PM10,19.4,µg/m3,2015-06-27 21:00:00 +01:00
6864,NL,STA-NL00016,PM10,25.6,µg/m3,2015-06-28 07:00:00 +01:00
6865,NL,STA-NL00016,PM10,22.9,µg/m3,2015-06-27 15:00:00 +01:00
6866,NL,STA-NL00016,PM10,7.7,µg/m3,2015-06-29 00:00:00 +01:00
6867,NL,STA-NL00016,PM10,13.6,µg/m3,2015-06-28 20:00:00 +01:00
6868,NL,STA-NL00016,PM10,27.9,µg/m3,2015-07-04 03:00:00 +01:00
6869,NL,STA-NL00016,PM10,31.5,µg/m3,2015-07-04 04:00:00 +01:00
6870,NL,STA-NL00016,PM10,28.7,µg/m3,2015-07-04 02:00:00 +01:00
6871,NL,STA-NL00016,PM10,13.7,µg/m3,2015-07-03 22:00:00 +01:00
6872,NL,STA-NL00016,PM10,19.3,µg/m3,2015-07-03 20:00:00 +01:00
6873,NL,STA-NL00016,PM10,49.2,µg/m3,2015-07-03 10:00:00 +01:00
6874,NL,STA-NL00016,PM10,30.3,µg/m3,2015-07-03 09:00:00 +01:00
6875,NL,STA-NL00016,PM10,18.5,µg/m3,2015-07-03 16:00:00 +01:00
6876,NL,STA-NL00016,PM10,21.9,µg/m3,2015-07-02 06:00:00 +01:00
6877,NL,STA-NL00016,PM10,19.4,µg/m3,2015-07-02 23:00:00 +01:00
6878,NL,STA-NL00016,PM10,36.4,µg/m3,2015-07-02 14:00:00 +01:00
6879,NL,STA-NL00016,PM10,24.4,µg/m3,2015-07-01 18:00:00 +01:00
6880,NL,STA-NL00016,PM10,25.8,µg/m3,2015-07-01 06:00:00 +01:00
6881,NL,STA-NL00016,PM10,9.1,µg/m3,2015-06-29 18:00:00 +01:00
6882,NL,STA-NL00016,PM10,25.9,µg/m3,2015-06-28 09:00:00 +01:00
6883,NL,STA-NL00016,PM10,5.6,µg/m3,2015-06-30 00:00:00 +01:00
6884,NL,STA-NL00016,PM10,7.4,µg/m3,2015-06-29 12:00:00 +01:00
6885,NL,STA-NL00016,PM10,15.1,µg/m3,2015-06-29 20:00:00 +01:00
6886,NL,STA-NL00016,PM10,19.7,µg/m3,2015-06-30 09:00:00 +01:00
6887,NL,STA-NL00016,PM10,14.7,µg/m3,2015-06-30 04:00:00 +01:00
6888,NL,STA-NL00016,PM10,10.5,µg/m3,2015-06-30 02:00:00 +01:00
6889,NL,STA-NL00016,PM10,8.3,µg/m3,2015-06-29 01:00:00 +01:00
6890,NL,STA-NL00016,PM10,17.2,µg/m3,2015-06-29 02:00:00 +01:00
6891,NL,STA-NL00016,PM10,32.1,µg/m3,2015-06-29 06:00:00 +01:00
6892,NL,STA-NL00016,PM10,19.4,µg/m3,2015-06-29 04:00:00 +01:00
6893,NL,STA-NL00016,PM10,45.8,µg/m3,2015-07-01 08:00:00 +01:00
6894,NL,STA-NL00016,PM10,18.2,µg/m3,2015-07-01 02:00:00 +01:00
6895,NL,STA-NL00016,PM10,17.3,µg/m3,2015-07-01 16:00:00 +01:00
6896,NL,STA-NL00016,PM10,19.4,µg/m3,2015-07-01 20:00:00 +01:00
6897,NL,STA-NL00016,PM10,45.4,µg/m3,2015-07-01 07:00:00 +01:00
6898,NL,STA-NL00016,PM10,18.7,µg/m3,2015-06-30 06:00:00 +01:00
6899,NL,STA-NL00016,PM10,18.9,µg/m3,2015-07-01 00:00:00 +01:00
6900,NL,STA-NL00016,PM10,6.7,µg/m3,2015-07-05 16:00:00 +01:00
6901,NL,STA-NL00016,PM10,9.3,µg/m3,2015-07-05 12:00:00 +01:00
6902,NL,STA-NL00016,PM10,27.1,µg/m3,2015-07-04 14:00:00 +01:00
6903,NL,STA-NL00016,PM10,15.2,µg/m3,2015-07-05 05:00:00 +01:00
6904,NL,STA-NL00016,PM10,14.0,µg/m3,2015-07-04 23:00:00 +01:00
6905,NL,STA-NL00016,PM10,16.4,µg/m3,2015-07-05 00:00:00 +01:00
6906,NL,STA-NL00016,PM10,21.3,µg/m3,2015-07-05 13:00:00 +01:00
6907,NL,STA-NL00016,PM10,15.3,µg/m3,2015-07-05 01:00:00 +01:00
6908,NL,STA-NL00016,PM10,7.4,µg/m3,2015-07-06 18:00:00 +01:00
6909,NL,STA-NL00016,PM10,8.1,µg/m3,2015-07-06 15:00:00 +01:00
6910,NL,STA-NL00016,PM10,8.0,µg/m3,2015-07-06 22:00:00 +01:00
6911,NL,STA-NL00016,PM10,9.8,µg/m3,2015-07-06 12:00:00 +01:00
6912,NL,STA-NL00016,PM10,9.6,µg/m3,2015-07-06 16:00:00 +01:00
6913,NL,STA-NL00016,PM10,16.0,µg/m3,2015-07-05 06:00:00 +01:00
6914,NL,STA-NL00016,PM10,3.5,µg/m3,2015-07-05 21:00:00 +01:00
6915,NL,STA-NL00016,PM10,12.7,µg/m3,2015-07-05 10:00:00 +01:00
6916,NL,STA-NL00016,PM10,31.3,µg/m3,2015-07-07 19:00:00 +01:00
6917,NL,STA-NL00016,PM10,4.4,µg/m3,2015-07-08 18:00:00 +01:00
6918,NL,STA-NL00016,PM10,8.6,µg/m3,2015-07-08 10:00:00 +01:00
6919,NL,STA-NL00016,PM10,6.2,µg/m3,2015-07-08 14:00:00 +01:00
6920,NL,STA-NL00016,PM10,22.9,µg/m3,2015-07-08 00:00:00 +01:00
6921,NL,STA-NL00016,PM10,13.1,µg/m3,2015-07-08 06:00:00 +01:00
6922,NL,STA-NL00016,PM10,27.3,µg/m3,2015-07-07 13:00:00 +01:00
6923,NL,STA-NL00016,PM10,10.9,µg/m3,2015-07-07 17:00:00 +01:00
6924,NL,STA-NL00016,PM10,26.2,µg/m3,2015-07-07 14:00:00 +01:00
6925,NL,STA-NL00016,PM10,25.7,µg/m3,2015-07-07 12:00:00 +01:00
6926,NL,STA-NL00016,PM10,32.3,µg/m3,2015-07-11 03:00:00 +01:00
6927,NL,STA-NL00016,PM10,17.6,µg/m3,2015-07-10 15:00:00 +01:00
6928,NL,STA-NL00016,PM10,20.3,µg/m3,2015-07-10 20:00:00 +01:00
6929,NL,STA-NL00016,PM10,25.4,µg/m3,2015-07-10 12:00:00 +01:00
6930,NL,STA-NL00016,PM10,18.5,µg/m3,2015-07-10 09:00:00 +01:00
6931,NL,STA-NL00016,PM10,21.3,µg/m3,2015-07-10 10:00:00 +01:00
6932,NL,STA-NL00016,PM10,15.9,µg/m3,2015-07-10 13:00:00 +01:00
6933,NL,STA-NL00016,PM10,33.5,µg/m3,2015-07-12 01:00:00 +01:00
6934,NL,STA-NL00016,PM10,19.4,µg/m3,2015-07-11 19:00:00 +01:00
6935,NL,STA-NL00016,PM10,24.7,µg/m3,2015-07-11 16:00:00 +01:00
6936,NL,STA-NL00016,PM10,21.3,µg/m3,2015-07-11 14:00:00 +01:00
6937,NL,STA-NL00016,PM10,24.7,µg/m3,2015-07-11 05:00:00 +01:00
6938,NL,STA-NL00016,PM10,15.5,µg/m3,2015-07-10 07:00:00 +01:00
6939,NL,STA-NL00016,PM10,15.1,µg/m3,2015-07-10 03:00:00 +01:00
6940,NL,STA-NL00016,PM10,9.7,µg/m3,2015-07-09 22:00:00 +01:00
6941,NL,STA-NL00016,PM10,12.7,µg/m3,2015-07-09 16:00:00 +01:00
6942,NL,STA-NL00016,PM10,9.6,µg/m3,2015-07-09 17:00:00 +01:00
6943,NL,STA-NL00016,PM10,19.1,µg/m3,2015-07-09 02:00:00 +01:00
6944,NL,STA-NL00016,PM10,10.7,µg/m3,2015-07-08 20:00:00 +01:00
6945,NL,STA-NL00016,PM10,9.6,µg/m3,2015-07-08 02:00:00 +01:00
6946,NL,STA-NL00016,PM10,15.8,µg/m3,2015-07-09 06:00:00 +01:00
6947,NL,STA-NL00016,PM10,13.5,µg/m3,2015-07-09 04:00:00 +01:00
6948,NL,STA-NL00016,PM10,19.1,µg/m3,2015-07-12 04:00:00 +01:00
6949,NL,STA-NL00016,PM10,19.0,µg/m3,2015-07-12 07:00:00 +01:00
6950,NL,STA-NL00016,PM10,25.0,µg/m3,2015-03-14 17:00:00 +01:00
6951,NL,STA-NL00016,PM10,27.2,µg/m3,2015-03-14 11:00:00 +01:00
6952,NL,STA-NL00016,PM10,20.2,µg/m3,2015-03-14 09:00:00 +01:00
6953,NL,STA-NL00016,PM10,26.3,µg/m3,2015-03-14 13:00:00 +01:00
6954,NL,STA-NL00016,PM10,14.1,µg/m3,2015-03-13 17:00:00 +01:00
6955,NL,STA-NL00016,PM10,15.8,µg/m3,2015-03-14 03:00:00 +01:00
6956,NL,STA-NL00016,PM10,14.6,µg/m3,2015-03-13 20:00:00 +01:00
6957,NL,STA-NL00016,PM10,15.2,µg/m3,2015-03-15 21:00:00 +01:00
6958,NL,STA-NL00016,PM10,14.8,µg/m3,2015-03-15 19:00:00 +01:00
6959,NL,STA-NL00016,PM10,22.3,µg/m3,2015-03-15 01:00:00 +01:00
6960,NL,STA-NL00016,PM10,33.8,µg/m3,2015-03-15 05:00:00 +01:00
6961,NL,STA-NL00016,PM10,27.1,µg/m3,2015-03-15 13:00:00 +01:00
6962,NL,STA-NL00016,PM10,40.4,µg/m3,2015-03-16 16:00:00 +01:00
6963,NL,STA-NL00016,PM10,19.9,µg/m3,2015-03-16 03:00:00 +01:00
6964,NL,STA-NL00016,PM10,35.3,µg/m3,2015-03-16 09:00:00 +01:00
6965,NL,STA-NL00016,PM10,35.3,µg/m3,2015-03-16 07:00:00 +01:00
6966,NL,STA-NL00016,PM10,59.9,µg/m3,2015-03-18 07:00:00 +01:00
6967,NL,STA-NL00016,PM10,51.5,µg/m3,2015-03-18 12:00:00 +01:00
6968,NL,STA-NL00016,PM10,50.4,µg/m3,2015-03-17 17:00:00 +01:00
6969,NL,STA-NL00016,PM10,72.7,µg/m3,2015-03-18 17:00:00 +01:00
6970,NL,STA-NL00016,PM10,50.5,µg/m3,2015-03-18 13:00:00 +01:00
6971,NL,STA-NL00016,PM10,52.4,µg/m3,2015-03-17 21:00:00 +01:00
6972,NL,STA-NL00016,PM10,52.2,µg/m3,2015-03-17 14:00:00 +01:00
6973,NL,STA-NL00016,PM10,49.3,µg/m3,2015-03-17 20:00:00 +01:00
6974,NL,STA-NL00016,PM10,75.5,µg/m3,2015-03-18 01:00:00 +01:00
6975,NL,STA-NL00016,PM10,40.0,µg/m3,2015-03-16 15:00:00 +01:00
6976,NL,STA-NL00016,PM10,76.5,µg/m3,2015-03-17 09:00:00 +01:00
6977,NL,STA-NL00016,PM10,49.3,µg/m3,2015-03-17 18:00:00 +01:00
6978,NL,STA-NL00016,PM10,65.7,µg/m3,2015-03-17 12:00:00 +01:00
6979,NL,STA-NL00016,PM10,44.3,µg/m3,2015-03-20 07:00:00 +01:00
6980,NL,STA-NL00016,PM10,36.6,µg/m3,2015-03-20 05:00:00 +01:00
6981,NL,STA-NL00016,PM10,32.5,µg/m3,2015-03-20 09:00:00 +01:00
6982,NL,STA-NL00016,PM10,33.8,µg/m3,2015-03-20 13:00:00 +01:00
6983,NL,STA-NL00016,PM10,37.2,µg/m3,2015-03-20 20:00:00 +01:00
6984,NL,STA-NL00016,PM10,2.6,µg/m3,2015-03-21 14:00:00 +01:00
6985,NL,STA-NL00016,PM10,4.5,µg/m3,2015-03-21 11:00:00 +01:00
6986,NL,STA-NL00016,PM10,1.7,µg/m3,2015-03-21 12:00:00 +01:00
6987,NL,STA-NL00016,PM10,25.2,µg/m3,2015-03-21 00:00:00 +01:00
6988,NL,STA-NL00016,PM10,13.2,µg/m3,2015-03-21 04:00:00 +01:00
6989,NL,STA-NL00016,PM10,5.2,µg/m3,2015-03-21 09:00:00 +01:00
6990,NL,STA-NL00016,PM10,58.7,µg/m3,2015-03-19 05:00:00 +01:00
6991,NL,STA-NL00016,PM10,64.5,µg/m3,2015-03-19 08:00:00 +01:00
6992,NL,STA-NL00016,PM10,38.9,µg/m3,2015-03-19 03:00:00 +01:00
6993,NL,STA-NL00016,PM10,65.1,µg/m3,2015-03-18 23:00:00 +01:00
6994,NL,STA-NL00016,PM10,50.9,µg/m3,2015-03-19 01:00:00 +01:00
6995,NL,STA-NL00016,PM10,47.5,µg/m3,2015-03-19 17:00:00 +01:00
6996,NL,STA-NL00016,PM10,76.2,µg/m3,2015-03-19 19:00:00 +01:00
6997,NL,STA-NL00016,PM10,49.8,µg/m3,2015-03-19 22:00:00 +01:00
6998,NL,STA-NL00016,PM10,39.7,µg/m3,2015-03-20 06:00:00 +01:00
6999,NL,STA-NL00016,PM10,59.9,µg/m3,2015-03-20 01:00:00 +01:00
7000,NL,STA-NL00016,PM10,1.8,µg/m3,2015-03-22 13:00:00 +01:00
7001,NL,STA-NL00016,PM10,1.1,µg/m3,2015-03-22 08:00:00 +01:00
7002,NL,STA-NL00016,PM10,3.4,µg/m3,2015-03-22 04:00:00 +01:00
7003,NL,STA-NL00016,PM10,5.7,µg/m3,2015-03-22 10:00:00 +01:00
7004,NL,STA-NL00016,PM10,0.5,µg/m3,2015-03-21 22:00:00 +01:00
7005,NL,STA-NL00016,PM10,3.6,µg/m3,2015-03-22 02:00:00 +01:00
7006,NL,STA-NL00016,PM10,43.7,µg/m3,2015-03-24 11:00:00 +01:00
7007,NL,STA-NL00016,PM10,31.6,µg/m3,2015-03-24 15:00:00 +01:00
7008,NL,STA-NL00016,PM10,25.0,µg/m3,2015-03-23 23:00:00 +01:00
7009,NL,STA-NL00016,PM10,30.1,µg/m3,2015-03-23 12:00:00 +01:00
7010,NL,STA-NL00016,PM10,21.5,µg/m3,2015-03-23 13:00:00 +01:00
7011,NL,STA-NL00016,PM10,10.2,µg/m3,2015-03-25 19:00:00 +01:00
7012,NL,STA-NL00016,PM10,16.8,µg/m3,2015-03-25 21:00:00 +01:00
7013,NL,STA-NL00016,PM10,8.9,µg/m3,2015-03-25 22:00:00 +01:00
7014,NL,STA-NL00016,PM10,19.9,µg/m3,2015-03-25 00:00:00 +01:00
7015,NL,STA-NL00016,PM10,16.0,µg/m3,2015-03-25 02:00:00 +01:00
7016,NL,STA-NL00016,PM10,8.0,µg/m3,2015-03-26 16:00:00 +01:00
7017,NL,STA-NL00016,PM10,3.4,µg/m3,2015-03-26 22:00:00 +01:00
7018,NL,STA-NL00016,PM10,3.3,µg/m3,2015-03-28 21:00:00 +01:00
7019,NL,STA-NL00016,PM10,12.7,µg/m3,2015-03-29 09:00:00 +01:00
7020,NL,STA-NL00016,PM10,17.2,µg/m3,2015-03-29 03:00:00 +01:00
7021,NL,STA-NL00016,PM10,27.5,µg/m3,2015-03-28 06:00:00 +01:00
7022,NL,STA-NL00016,PM10,13.2,µg/m3,2015-03-27 12:00:00 +01:00
7023,NL,STA-NL00016,PM10,8.4,µg/m3,2015-03-27 08:00:00 +01:00
7024,NL,STA-NL00016,PM10,21.4,µg/m3,2015-03-28 02:00:00 +01:00
7025,NL,STA-NL00016,PM10,26.6,µg/m3,2015-03-28 00:00:00 +01:00
7026,NL,STA-NL00016,PM10,6.7,µg/m3,2015-03-29 20:00:00 +01:00
7027,NL,STA-NL00016,PM10,5.1,µg/m3,2015-03-29 19:00:00 +01:00
7028,NL,STA-NL00016,PM10,14.9,µg/m3,2015-04-03 14:00:00 +01:00
7029,NL,STA-NL00016,PM10,18.8,µg/m3,2015-04-03 10:00:00 +01:00
7030,NL,STA-NL00016,PM10,10.1,µg/m3,2015-04-03 22:00:00 +01:00
7031,NL,STA-NL00016,PM10,7.2,µg/m3,2015-04-04 02:00:00 +01:00
7032,NL,STA-NL00016,PM10,16.3,µg/m3,2015-04-03 20:00:00 +01:00
7033,NL,STA-NL00016,PM10,16.4,µg/m3,2015-03-31 17:00:00 +01:00
7034,NL,STA-NL00016,PM10,15.0,µg/m3,2015-04-01 08:00:00 +01:00
7035,NL,STA-NL00016,PM10,3.1,µg/m3,2015-03-31 03:00:00 +01:00
7036,NL,STA-NL00016,PM10,1.9,µg/m3,2015-03-31 01:00:00 +01:00
7037,NL,STA-NL00016,PM10,11.3,µg/m3,2015-03-31 12:00:00 +01:00
7038,NL,STA-NL00016,PM10,9.9,µg/m3,2015-03-31 11:00:00 +01:00
7039,NL,STA-NL00016,PM10,10.8,µg/m3,2015-03-30 07:00:00 +01:00
7040,NL,STA-NL00016,PM10,2.5,µg/m3,2015-03-30 23:00:00 +01:00
7041,NL,STA-NL00016,PM10,8.3,µg/m3,2015-04-02 05:00:00 +01:00
7042,NL,STA-NL00016,PM10,9.0,µg/m3,2015-04-02 06:00:00 +01:00
7043,NL,STA-NL00016,PM10,12.3,µg/m3,2015-04-02 09:00:00 +01:00
7044,NL,STA-NL00016,PM10,12.1,µg/m3,2015-04-01 20:00:00 +01:00
7045,NL,STA-NL00016,PM10,16.5,µg/m3,2015-04-01 23:00:00 +01:00
7046,NL,STA-NL00016,PM10,13.6,µg/m3,2015-04-02 19:00:00 +01:00
7047,NL,STA-NL00016,PM10,13.9,µg/m3,2015-04-02 20:00:00 +01:00
7048,NL,STA-NL00016,PM10,16.2,µg/m3,2015-04-03 02:00:00 +01:00
7049,NL,STA-NL00016,PM10,12.1,µg/m3,2015-04-03 00:00:00 +01:00
7050,NL,STA-NL00016,PM10,14.4,µg/m3,2015-04-05 06:00:00 +01:00
7051,NL,STA-NL00016,PM10,6.3,µg/m3,2015-04-04 21:00:00 +01:00
7052,NL,STA-NL00016,PM10,6.2,µg/m3,2015-04-04 06:00:00 +01:00
7053,NL,STA-NL00016,PM10,6.2,µg/m3,2015-04-04 19:00:00 +01:00
7054,NL,STA-NL00016,PM10,13.0,µg/m3,2015-04-04 16:00:00 +01:00
7055,NL,STA-NL00016,PM10,3.9,µg/m3,2015-04-04 15:00:00 +01:00
7056,NL,STA-NL00016,PM10,5.2,µg/m3,2015-04-04 08:00:00 +01:00
7057,NL,STA-NL00016,PM10,3.0,µg/m3,2015-04-04 13:00:00 +01:00
7058,NL,STA-NL00016,PM10,-1.4,µg/m3,2015-04-06 14:00:00 +01:00
7059,NL,STA-NL00016,PM10,10.5,µg/m3,2015-04-06 08:00:00 +01:00
7060,NL,STA-NL00016,PM10,0.3,µg/m3,2015-04-06 10:00:00 +01:00
7061,NL,STA-NL00016,PM10,5.1,µg/m3,2015-04-05 20:00:00 +01:00
7062,NL,STA-NL00016,PM10,7.9,µg/m3,2015-04-05 12:00:00 +01:00
7063,NL,STA-NL00016,PM10,13.9,µg/m3,2015-04-07 17:00:00 +01:00
7064,NL,STA-NL00016,PM10,15.4,µg/m3,2015-04-07 15:00:00 +01:00
7065,NL,STA-NL00016,PM10,8.1,µg/m3,2015-04-06 22:00:00 +01:00
7066,NL,STA-NL00016,PM10,5.8,µg/m3,2015-04-06 19:00:00 +01:00
7067,NL,STA-NL00016,PM10,2.5,µg/m3,2015-04-06 17:00:00 +01:00
7068,NL,STA-NL00016,PM10,36.8,µg/m3,2015-04-08 00:00:00 +01:00
7069,NL,STA-NL00016,PM10,10.8,µg/m3,2015-04-13 13:00:00 +01:00
7070,NL,STA-NL00016,PM10,8.2,µg/m3,2015-04-13 14:00:00 +01:00
7071,NL,STA-NL00016,PM10,15.0,µg/m3,2015-04-13 11:00:00 +01:00
7072,NL,STA-NL00016,PM10,15.4,µg/m3,2015-04-13 10:00:00 +01:00
7073,NL,STA-NL00016,PM10,5.6,µg/m3,2015-04-13 18:00:00 +01:00
7074,NL,STA-NL00016,PM10,2.8,µg/m3,2015-04-13 17:00:00 +01:00
7075,NL,STA-NL00016,PM10,36.2,µg/m3,2015-04-09 15:00:00 +01:00
7076,NL,STA-NL00016,PM10,33.1,µg/m3,2015-04-09 17:00:00 +01:00
7078,NL,STA-NL00016,PM10,33.8,µg/m3,2015-04-09 18:00:00 +01:00
7079,NL,STA-NL00016,PM10,33.4,µg/m3,2015-04-09 08:00:00 +01:00
7080,NL,STA-NL00016,PM10,35.0,µg/m3,2015-04-10 05:00:00 +01:00
7081,NL,STA-NL00016,PM10,43.1,µg/m3,2015-04-10 10:00:00 +01:00
7082,NL,STA-NL00016,PM10,29.9,µg/m3,2015-04-08 07:00:00 +01:00
7083,NL,STA-NL00016,PM10,33.8,µg/m3,2015-04-08 09:00:00 +01:00
7084,NL,STA-NL00016,PM10,58.7,µg/m3,2015-04-08 11:00:00 +01:00
7085,NL,STA-NL00016,PM10,8.1,µg/m3,2015-04-08 21:00:00 +01:00
7086,NL,STA-NL00016,PM10,10.4,µg/m3,2015-04-09 02:00:00 +01:00
7087,NL,STA-NL00016,PM10,28.1,µg/m3,2015-04-09 05:00:00 +01:00
7088,NL,STA-NL00016,PM10,11.3,µg/m3,2015-04-08 15:00:00 +01:00
7089,NL,STA-NL00016,PM10,32.5,µg/m3,2015-04-11 08:00:00 +01:00
7090,NL,STA-NL00016,PM10,51.7,µg/m3,2015-04-10 18:00:00 +01:00
7091,NL,STA-NL00016,PM10,77.9,µg/m3,2015-04-10 21:00:00 +01:00
7092,NL,STA-NL00016,PM10,99.0,µg/m3,2015-04-10 22:00:00 +01:00
7093,NL,STA-NL00016,PM10,72.3,µg/m3,2015-04-11 02:00:00 +01:00
7094,NL,STA-NL00016,PM10,24.7,µg/m3,2015-04-12 04:00:00 +01:00
7095,NL,STA-NL00016,PM10,11.2,µg/m3,2015-04-11 19:00:00 +01:00
7096,NL,STA-NL00016,PM10,13.7,µg/m3,2015-04-12 00:00:00 +01:00
7097,NL,STA-NL00016,PM10,8.9,µg/m3,2015-04-11 17:00:00 +01:00
7098,NL,STA-NL00016,PM10,11.0,µg/m3,2015-04-11 21:00:00 +01:00
7099,NL,STA-NL00016,PM10,15.6,µg/m3,2015-04-13 03:00:00 +01:00
7100,NL,STA-NL00016,PM10,12.3,µg/m3,2015-04-13 04:00:00 +01:00
7101,NL,STA-NL00016,PM10,8.9,µg/m3,2015-04-18 17:00:00 +01:00
7102,NL,STA-NL00016,PM10,36.2,µg/m3,2015-04-18 02:00:00 +01:00
7103,NL,STA-NL00016,PM10,17.8,µg/m3,2015-04-18 00:00:00 +01:00
7104,NL,STA-NL00016,PM10,14.8,µg/m3,2015-04-17 17:00:00 +01:00
7105,NL,STA-NL00016,PM10,17.2,µg/m3,2015-04-17 15:00:00 +01:00
7106,NL,STA-NL00016,PM10,5.8,µg/m3,2015-04-17 12:00:00 +01:00
7107,NL,STA-NL00016,PM10,2.8,µg/m3,2015-04-17 02:00:00 +01:00
7108,NL,STA-NL00016,PM10,8.2,µg/m3,2015-04-17 08:00:00 +01:00
7109,NL,STA-NL00016,PM10,12.0,µg/m3,2015-04-18 23:00:00 +01:00
7110,NL,STA-NL00016,PM10,38.8,µg/m3,2015-04-14 08:00:00 +01:00
7111,NL,STA-NL00016,PM10,26.4,µg/m3,2015-04-15 02:00:00 +01:00
7112,NL,STA-NL00016,PM10,24.9,µg/m3,2015-04-15 03:00:00 +01:00
7113,NL,STA-NL00016,PM10,25.5,µg/m3,2015-04-15 00:00:00 +01:00
7114,NL,STA-NL00016,PM10,7.8,µg/m3,2015-04-16 08:00:00 +01:00
7115,NL,STA-NL00016,PM10,8.8,µg/m3,2015-04-16 07:00:00 +01:00
7116,NL,STA-NL00016,PM10,26.2,µg/m3,2015-04-16 03:00:00 +01:00
7117,NL,STA-NL00016,PM10,12.4,µg/m3,2015-04-15 15:00:00 +01:00
7118,NL,STA-NL00016,PM10,13.0,µg/m3,2015-04-15 19:00:00 +01:00
7119,NL,STA-NL00016,PM10,23.3,µg/m3,2015-04-15 22:00:00 +01:00
7121,NL,STA-NL00016,PM10,8.6,µg/m3,2015-04-16 11:00:00 +01:00
7122,NL,STA-NL00016,PM10,7.6,µg/m3,2015-04-16 09:00:00 +01:00
7123,NL,STA-NL00016,PM10,17.8,µg/m3,2015-04-21 17:00:00 +01:00
7124,NL,STA-NL00016,PM10,21.0,µg/m3,2015-04-21 15:00:00 +01:00
7125,NL,STA-NL00016,PM10,20.9,µg/m3,2015-04-21 16:00:00 +01:00
7126,NL,STA-NL00016,PM10,15.8,µg/m3,2015-04-21 18:00:00 +01:00
7127,NL,STA-NL00016,PM10,24.1,µg/m3,2015-04-21 14:00:00 +01:00
7128,NL,STA-NL00016,PM10,15.2,µg/m3,2015-04-21 11:00:00 +01:00
7129,NL,STA-NL00016,PM10,21.2,µg/m3,2015-04-21 07:00:00 +01:00
7130,NL,STA-NL00016,PM10,14.7,µg/m3,2015-04-21 01:00:00 +01:00
7131,NL,STA-NL00016,PM10,12.0,µg/m3,2015-04-20 02:00:00 +01:00
7132,NL,STA-NL00016,PM10,21.3,µg/m3,2015-04-22 09:00:00 +01:00
7133,NL,STA-NL00016,PM10,27.3,µg/m3,2015-04-22 00:00:00 +01:00
7134,NL,STA-NL00016,PM10,9.1,µg/m3,2015-04-22 23:00:00 +01:00
7135,NL,STA-NL00016,PM10,8.9,µg/m3,2015-04-22 21:00:00 +01:00
7136,NL,STA-NL00016,PM10,21.0,µg/m3,2015-04-22 15:00:00 +01:00
7137,NL,STA-NL00016,PM10,9.1,µg/m3,2015-04-22 14:00:00 +01:00
7138,NL,STA-NL00016,PM10,15.4,µg/m3,2015-04-23 19:00:00 +01:00
7139,NL,STA-NL00016,PM10,13.5,µg/m3,2015-04-23 14:00:00 +01:00
7140,NL,STA-NL00016,PM10,19.2,µg/m3,2015-04-23 04:00:00 +01:00
7141,NL,STA-NL00016,PM10,11.1,µg/m3,2015-04-23 07:00:00 +01:00
7142,NL,STA-NL00016,PM10,5.1,µg/m3,2015-04-25 13:00:00 +01:00
7143,NL,STA-NL00016,PM10,7.3,µg/m3,2015-04-25 14:00:00 +01:00
7144,NL,STA-NL00016,PM10,4.5,µg/m3,2015-04-25 18:00:00 +01:00
7145,NL,STA-NL00016,PM10,19.1,µg/m3,2015-04-25 02:00:00 +01:00
7146,NL,STA-NL00016,PM10,15.4,µg/m3,2015-04-25 09:00:00 +01:00
7147,NL,STA-NL00016,PM10,10.1,µg/m3,2015-04-25 07:00:00 +01:00
7148,NL,STA-NL00016,PM10,18.6,µg/m3,2015-04-24 21:00:00 +01:00
7149,NL,STA-NL00016,PM10,31.4,µg/m3,2015-04-24 19:00:00 +01:00
7150,NL,STA-NL00016,PM10,68.2,µg/m3,2015-04-24 12:00:00 +01:00
7151,NL,STA-NL00016,PM10,26.4,µg/m3,2015-04-24 04:00:00 +01:00
7152,NL,STA-NL00016,PM10,11.3,µg/m3,2015-04-23 20:00:00 +01:00
7153,NL,STA-NL00016,PM10,6.2,µg/m3,2015-04-25 22:00:00 +01:00
7154,NL,STA-NL00016,PM10,8.9,µg/m3,2015-04-26 00:00:00 +01:00
7155,NL,STA-NL00016,PM10,-0.5,µg/m3,2015-04-26 12:00:00 +01:00
7156,NL,STA-NL00016,PM10,5.6,µg/m3,2015-05-04 12:00:00 +01:00
7157,NL,STA-NL00016,PM10,11.6,µg/m3,2015-05-04 08:00:00 +01:00
7158,NL,STA-NL00016,PM10,6.8,µg/m3,2015-05-04 16:00:00 +01:00
7159,NL,STA-NL00016,PM10,4.1,µg/m3,2015-05-03 20:00:00 +01:00
7160,NL,STA-NL00016,PM10,4.2,µg/m3,2015-05-04 20:00:00 +01:00
7161,NL,STA-NL00016,PM10,7.2,µg/m3,2015-05-04 22:00:00 +01:00
7162,NL,STA-NL00016,PM10,13.3,µg/m3,2015-05-01 16:00:00 +01:00
7163,NL,STA-NL00016,PM10,18.9,µg/m3,2015-05-01 09:00:00 +01:00
7164,NL,STA-NL00016,PM10,19.7,µg/m3,2015-05-01 13:00:00 +01:00
7165,NL,STA-NL00016,PM10,11.5,µg/m3,2015-05-01 15:00:00 +01:00
7166,NL,STA-NL00016,PM10,14.2,µg/m3,2015-05-02 09:00:00 +01:00
7167,NL,STA-NL00016,PM10,2.9,µg/m3,2015-05-02 12:00:00 +01:00
7168,NL,STA-NL00016,PM10,9.3,µg/m3,2015-05-02 07:00:00 +01:00
7169,NL,STA-NL00016,PM10,17.2,µg/m3,2015-05-03 12:00:00 +01:00
7170,NL,STA-NL00016,PM10,5.4,µg/m3,2015-05-03 14:00:00 +01:00
7171,NL,STA-NL00016,PM10,3.7,µg/m3,2015-05-03 22:00:00 +01:00
7172,NL,STA-NL00016,PM10,15.7,µg/m3,2015-05-03 02:00:00 +01:00
7173,NL,STA-NL00016,PM10,11.6,µg/m3,2015-05-03 04:00:00 +01:00
7174,NL,STA-NL00016,PM10,10.8,µg/m3,2015-05-03 03:00:00 +01:00
7175,NL,STA-NL00016,PM10,3.7,µg/m3,2015-04-30 01:00:00 +01:00
7176,NL,STA-NL00016,PM10,12.9,µg/m3,2015-04-30 03:00:00 +01:00
7177,NL,STA-NL00016,PM10,14.2,µg/m3,2015-04-30 05:00:00 +01:00
7179,NL,STA-NL00016,PM10,20.5,µg/m3,2015-04-30 08:00:00 +01:00
7180,NL,STA-NL00016,PM10,17.4,µg/m3,2015-04-29 09:00:00 +01:00
7181,NL,STA-NL00016,PM10,-0.2,µg/m3,2015-04-29 21:00:00 +01:00
7182,NL,STA-NL00016,PM10,6.2,µg/m3,2015-05-01 03:00:00 +01:00
7183,NL,STA-NL00016,PM10,14.9,µg/m3,2015-05-01 11:00:00 +01:00
7184,NL,STA-NL00016,PM10,6.1,µg/m3,2015-04-30 14:00:00 +01:00
7185,NL,STA-NL00016,PM10,7.6,µg/m3,2015-04-30 16:00:00 +01:00
7186,NL,STA-NL00016,PM10,5.4,µg/m3,2015-04-30 19:00:00 +01:00
7188,NL,STA-NL00016,PM10,14.2,µg/m3,2015-04-27 05:00:00 +01:00
7189,NL,STA-NL00016,PM10,0.2,µg/m3,2015-04-26 18:00:00 +01:00
7190,NL,STA-NL00016,PM10,2.8,µg/m3,2015-04-26 21:00:00 +01:00
7192,NL,STA-NL00016,PM10,7.9,µg/m3,2015-04-27 11:00:00 +01:00
7193,NL,STA-NL00016,PM10,9.5,µg/m3,2015-04-27 12:00:00 +01:00
7194,NL,STA-NL00016,PM10,16.3,µg/m3,2015-04-29 02:00:00 +01:00
7195,NL,STA-NL00016,PM10,18.8,µg/m3,2015-04-29 06:00:00 +01:00
7196,NL,STA-NL00016,PM10,17.1,µg/m3,2015-04-29 03:00:00 +01:00
7197,NL,STA-NL00016,PM10,6.4,µg/m3,2015-04-28 19:00:00 +01:00
7198,NL,STA-NL00016,PM10,14.0,µg/m3,2015-04-28 21:00:00 +01:00
7199,NL,STA-NL00016,PM10,10.5,µg/m3,2015-04-28 03:00:00 +01:00
7200,NL,STA-NL00016,PM10,10.2,µg/m3,2015-04-28 15:00:00 +01:00
7201,NL,STA-NL00016,PM10,16.3,µg/m3,2015-04-28 09:00:00 +01:00
7202,NL,STA-NL00016,PM10,11.9,µg/m3,2015-04-28 10:00:00 +01:00
7203,NL,STA-NL00016,PM10,15.5,µg/m3,2015-04-28 17:00:00 +01:00
7204,NL,STA-NL00016,PM10,11.8,µg/m3,2015-05-09 10:00:00 +01:00
7205,NL,STA-NL00016,PM10,20.0,µg/m3,2015-05-08 13:00:00 +01:00
7206,NL,STA-NL00016,PM10,14.2,µg/m3,2015-05-08 12:00:00 +01:00
7207,NL,STA-NL00016,PM10,16.8,µg/m3,2015-05-08 17:00:00 +01:00
7208,NL,STA-NL00016,PM10,13.9,µg/m3,2015-05-08 21:00:00 +01:00
7209,NL,STA-NL00016,PM10,23.1,µg/m3,2015-05-08 05:00:00 +01:00
7210,NL,STA-NL00016,PM10,10.5,µg/m3,2015-05-07 23:00:00 +01:00
7211,NL,STA-NL00016,PM10,12.8,µg/m3,2015-05-08 01:00:00 +01:00
7212,NL,STA-NL00016,PM10,24.0,µg/m3,2015-05-10 16:00:00 +01:00
7213,NL,STA-NL00016,PM10,9.3,µg/m3,2015-05-10 05:00:00 +01:00
7214,NL,STA-NL00016,PM10,9.4,µg/m3,2015-05-10 01:00:00 +01:00
7215,NL,STA-NL00016,PM10,9.9,µg/m3,2015-05-10 08:00:00 +01:00
7216,NL,STA-NL00016,PM10,4.4,µg/m3,2015-05-10 00:00:00 +01:00
7217,NL,STA-NL00016,PM10,7.4,µg/m3,2015-05-10 09:00:00 +01:00
7218,NL,STA-NL00016,PM10,7.1,µg/m3,2015-05-07 07:00:00 +01:00
7219,NL,STA-NL00016,PM10,8.5,µg/m3,2015-05-07 17:00:00 +01:00
7220,NL,STA-NL00016,PM10,6.5,µg/m3,2015-05-07 21:00:00 +01:00
7221,NL,STA-NL00016,PM10,7.6,µg/m3,2015-05-06 10:00:00 +01:00
7222,NL,STA-NL00016,PM10,17.5,µg/m3,2015-05-06 17:00:00 +01:00
7223,NL,STA-NL00016,PM10,12.8,µg/m3,2015-05-06 19:00:00 +01:00
7224,NL,STA-NL00016,PM10,7.6,µg/m3,2015-05-05 23:00:00 +01:00
7225,NL,STA-NL00016,PM10,4.6,µg/m3,2015-05-06 05:00:00 +01:00
7226,NL,STA-NL00016,PM10,9.3,µg/m3,2015-05-06 00:00:00 +01:00
7227,NL,STA-NL00016,PM10,4.8,µg/m3,2015-05-04 21:00:00 +01:00
7228,NL,STA-NL00016,PM10,9.8,µg/m3,2015-05-05 04:00:00 +01:00
7229,NL,STA-NL00016,PM10,4.0,µg/m3,2015-05-05 06:00:00 +01:00
7230,NL,STA-NL00016,PM10,19.7,µg/m3,2015-05-05 17:00:00 +01:00
7231,NL,STA-NL00016,PM10,11.5,µg/m3,2015-05-05 20:00:00 +01:00
7232,NL,STA-NL00016,PM10,30.7,µg/m3,2015-05-18 14:00:00 +01:00
7233,NL,STA-NL00016,PM10,12.1,µg/m3,2015-05-18 00:00:00 +01:00
7234,NL,STA-NL00016,PM10,27.4,µg/m3,2015-05-18 10:00:00 +01:00
7235,NL,STA-NL00016,PM10,7.3,µg/m3,2015-05-17 14:00:00 +01:00
7236,NL,STA-NL00016,PM10,4.9,µg/m3,2015-05-17 18:00:00 +01:00
7237,NL,STA-NL00016,PM10,32.1,µg/m3,2015-05-18 08:00:00 +01:00
7238,NL,STA-NL00016,PM10,9.6,µg/m3,2015-05-18 19:00:00 +01:00
7239,NL,STA-NL00016,PM10,7.7,µg/m3,2015-05-19 01:00:00 +01:00
7240,NL,STA-NL00016,PM10,7.3,µg/m3,2015-05-18 20:00:00 +01:00
7241,NL,STA-NL00016,PM10,10.7,µg/m3,2015-05-18 23:00:00 +01:00
7242,NL,STA-NL00016,PM10,10.1,µg/m3,2015-05-19 00:00:00 +01:00
7243,NL,STA-NL00016,PM10,8.9,µg/m3,2015-05-19 03:00:00 +01:00
7244,NL,STA-NL00016,PM10,14.3,µg/m3,2015-05-19 18:00:00 +01:00
7245,NL,STA-NL00016,PM10,13.2,µg/m3,2015-05-19 11:00:00 +01:00
7246,NL,STA-NL00016,PM10,7.1,µg/m3,2015-05-18 21:00:00 +01:00
7247,NL,STA-NL00016,PM10,13.5,µg/m3,2015-05-20 13:00:00 +01:00
7248,NL,STA-NL00016,PM10,15.2,µg/m3,2015-05-20 10:00:00 +01:00
7249,NL,STA-NL00016,PM10,13.4,µg/m3,2015-05-20 04:00:00 +01:00
7250,NL,STA-NL00016,PM10,7.8,µg/m3,2015-05-20 00:00:00 +01:00
7251,NL,STA-NL00016,PM10,6.1,µg/m3,2015-05-17 08:00:00 +01:00
7252,NL,STA-NL00016,PM10,22.4,µg/m3,2015-05-17 04:00:00 +01:00
7253,NL,STA-NL00016,PM10,25.5,µg/m3,2015-05-17 01:00:00 +01:00
7254,NL,STA-NL00016,PM10,14.3,µg/m3,2015-05-16 22:00:00 +01:00
7255,NL,STA-NL00016,PM10,14.9,µg/m3,2015-05-16 21:00:00 +01:00
7256,NL,STA-NL00016,PM10,15.6,µg/m3,2015-05-16 17:00:00 +01:00
7257,NL,STA-NL00016,PM10,16.1,µg/m3,2015-05-15 16:00:00 +01:00
7258,NL,STA-NL00016,PM10,20.3,µg/m3,2015-05-16 02:00:00 +01:00
7259,NL,STA-NL00016,PM10,28.6,µg/m3,2015-05-16 04:00:00 +01:00
7260,NL,STA-NL00016,PM10,16.9,µg/m3,2015-05-14 00:00:00 +01:00
7261,NL,STA-NL00016,PM10,11.0,µg/m3,2015-05-13 23:00:00 +01:00
7262,NL,STA-NL00016,PM10,2.4,µg/m3,2015-05-14 03:00:00 +01:00
7263,NL,STA-NL00016,PM10,14.5,µg/m3,2015-05-13 11:00:00 +01:00
7264,NL,STA-NL00016,PM10,10.3,µg/m3,2015-05-15 00:00:00 +01:00
7265,NL,STA-NL00016,PM10,6.4,µg/m3,2015-05-14 12:00:00 +01:00
7266,NL,STA-NL00016,PM10,7.6,µg/m3,2015-05-14 14:00:00 +01:00
7267,NL,STA-NL00016,PM10,3.5,µg/m3,2015-05-14 18:00:00 +01:00
7268,NL,STA-NL00016,PM10,6.8,µg/m3,2015-05-14 22:00:00 +01:00
7269,NL,STA-NL00016,PM10,5.0,µg/m3,2015-05-14 16:00:00 +01:00
7270,NL,STA-NL00016,PM10,14.1,µg/m3,2015-05-13 05:00:00 +01:00
7271,NL,STA-NL00016,PM10,21.3,µg/m3,2015-05-13 01:00:00 +01:00
7272,NL,STA-NL00016,PM10,16.9,µg/m3,2015-05-13 04:00:00 +01:00
7273,NL,STA-NL00016,PM10,4.3,µg/m3,2015-05-11 21:00:00 +01:00
7274,NL,STA-NL00016,PM10,5.4,µg/m3,2015-05-12 03:00:00 +01:00
7275,NL,STA-NL00016,PM10,15.9,µg/m3,2015-05-11 12:00:00 +01:00
7276,NL,STA-NL00016,PM10,15.8,µg/m3,2015-05-12 07:00:00 +01:00
7278,NL,STA-NL00016,PM10,6.9,µg/m3,2015-05-12 01:00:00 +01:00
7279,NL,STA-NL00016,PM10,10.5,µg/m3,2015-05-11 15:00:00 +01:00
7280,NL,STA-NL00016,PM10,23.9,µg/m3,2015-05-11 05:00:00 +01:00
7281,NL,STA-NL00016,PM10,44.0,µg/m3,2015-05-10 22:00:00 +01:00
7282,NL,STA-NL00016,PM10,10.0,µg/m3,2015-05-24 08:00:00 +01:00
7283,NL,STA-NL00016,PM10,8.5,µg/m3,2015-05-24 20:00:00 +01:00
7284,NL,STA-NL00016,PM10,11.5,µg/m3,2015-05-24 06:00:00 +01:00
7285,NL,STA-NL00016,PM10,6.7,µg/m3,2015-05-25 16:00:00 +01:00
7286,NL,STA-NL00016,PM10,8.0,µg/m3,2015-05-25 13:00:00 +01:00
7287,NL,STA-NL00016,PM10,4.1,µg/m3,2015-05-25 09:00:00 +01:00
7288,NL,STA-NL00016,PM10,6.4,µg/m3,2015-05-25 07:00:00 +01:00
7295,NL,STA-NL00016,PM10,14.4,µg/m3,2015-05-26 02:00:00 +01:00
7296,NL,STA-NL00016,PM10,8.9,µg/m3,2015-05-26 00:00:00 +01:00
7297,NL,STA-NL00016,PM10,8.0,µg/m3,2015-05-25 23:00:00 +01:00
7301,NL,STA-NL00016,PM10,16.5,µg/m3,2015-05-26 07:00:00 +01:00
7302,NL,STA-NL00016,PM10,18.2,µg/m3,2015-05-21 12:00:00 +01:00
7303,NL,STA-NL00016,PM10,10.4,µg/m3,2015-05-21 14:00:00 +01:00
7304,NL,STA-NL00016,PM10,13.1,µg/m3,2015-05-21 22:00:00 +01:00
7305,NL,STA-NL00016,PM10,7.4,µg/m3,2015-05-21 18:00:00 +01:00
7306,NL,STA-NL00016,PM10,28.1,µg/m3,2015-05-22 13:00:00 +01:00
7307,NL,STA-NL00016,PM10,32.0,µg/m3,2015-05-22 12:00:00 +01:00
7308,NL,STA-NL00016,PM10,24.1,µg/m3,2015-05-22 14:00:00 +01:00
7309,NL,STA-NL00016,PM10,38.5,µg/m3,2015-05-22 08:00:00 +01:00
7310,NL,STA-NL00016,PM10,13.6,µg/m3,2015-05-23 23:00:00 +01:00
7311,NL,STA-NL00016,PM10,9.9,µg/m3,2015-05-24 02:00:00 +01:00
7312,NL,STA-NL00016,PM10,20.9,µg/m3,2015-05-23 18:00:00 +01:00
7313,NL,STA-NL00016,PM10,19.0,µg/m3,2015-05-23 14:00:00 +01:00
7314,NL,STA-NL00016,PM10,7.5,µg/m3,2015-05-23 08:00:00 +01:00
7315,NL,STA-NL00016,PM10,29.4,µg/m3,2015-05-23 02:00:00 +01:00
7316,NL,STA-NL00016,PM10,22.8,µg/m3,2015-05-22 19:00:00 +01:00
7317,NL,STA-NL00016,PM10,24.8,µg/m3,2015-05-22 17:00:00 +01:00
7318,NL,STA-NL00016,PM10,8.1,µg/m3,2015-05-31 16:00:00 +01:00
7319,NL,STA-NL00016,PM10,12.3,µg/m3,2015-06-01 03:00:00 +01:00
7320,NL,STA-NL00016,PM10,13.5,µg/m3,2015-05-31 01:00:00 +01:00
7321,NL,STA-NL00016,PM10,6.7,µg/m3,2015-05-30 19:00:00 +01:00
7322,NL,STA-NL00016,PM10,13.1,µg/m3,2015-05-31 06:00:00 +01:00
7323,NL,STA-NL00016,PM10,18.6,µg/m3,2015-06-01 23:00:00 +01:00
7324,NL,STA-NL00016,PM10,14.4,µg/m3,2015-06-01 22:00:00 +01:00
7325,NL,STA-NL00016,PM10,9.8,µg/m3,2015-06-02 07:00:00 +01:00
7326,NL,STA-NL00016,PM10,9.7,µg/m3,2015-06-02 05:00:00 +01:00
7327,NL,STA-NL00016,PM10,14.0,µg/m3,2015-06-02 04:00:00 +01:00
7328,NL,STA-NL00016,PM10,11.1,µg/m3,2015-06-02 16:00:00 +01:00
7329,NL,STA-NL00016,PM10,15.9,µg/m3,2015-06-02 11:00:00 +01:00
7330,NL,STA-NL00016,PM10,13.6,µg/m3,2015-06-01 14:00:00 +01:00
7331,NL,STA-NL00016,PM10,16.7,µg/m3,2015-06-01 18:00:00 +01:00
7332,NL,STA-NL00016,PM10,20.0,µg/m3,2015-06-01 20:00:00 +01:00
7333,NL,STA-NL00016,PM10,22.2,µg/m3,2015-06-01 21:00:00 +01:00
7334,NL,STA-NL00016,PM10,18.5,µg/m3,2015-05-28 22:00:00 +01:00
7335,NL,STA-NL00016,PM10,21.0,µg/m3,2015-05-29 01:00:00 +01:00
7344,NL,STA-NL00016,PM10,28.6,µg/m3,2015-05-29 14:00:00 +01:00
7345,NL,STA-NL00016,PM10,9.2,µg/m3,2015-05-29 20:00:00 +01:00
7346,NL,STA-NL00016,PM10,6.8,µg/m3,2015-05-29 19:00:00 +01:00
7347,NL,STA-NL00016,PM10,42.8,µg/m3,2015-05-29 08:00:00 +01:00
7348,NL,STA-NL00016,PM10,9.6,µg/m3,2015-05-30 07:00:00 +01:00
7349,NL,STA-NL00016,PM10,7.7,µg/m3,2015-05-30 02:00:00 +01:00
7350,NL,STA-NL00016,PM10,8.8,µg/m3,2015-06-02 18:00:00 +01:00
7351,NL,STA-NL00016,PM10,5.1,µg/m3,2015-06-02 19:00:00 +01:00
7352,NL,STA-NL00016,PM10,23.2,µg/m3,2015-06-05 23:00:00 +01:00
7353,NL,STA-NL00016,PM10,18.6,µg/m3,2015-06-06 01:00:00 +01:00
7354,NL,STA-NL00016,PM10,15.7,µg/m3,2015-06-05 20:00:00 +01:00
7355,NL,STA-NL00016,PM10,17.9,µg/m3,2015-06-05 21:00:00 +01:00
7356,NL,STA-NL00016,PM10,21.7,µg/m3,2015-06-05 17:00:00 +01:00
7357,NL,STA-NL00016,PM10,18.9,µg/m3,2015-06-06 00:00:00 +01:00
7358,NL,STA-NL00016,PM10,14.2,µg/m3,2015-06-06 04:00:00 +01:00
7359,NL,STA-NL00016,PM10,15.7,µg/m3,2015-06-05 15:00:00 +01:00
7360,NL,STA-NL00016,PM10,16.2,µg/m3,2015-06-05 13:00:00 +01:00
7361,NL,STA-NL00016,PM10,16.3,µg/m3,2015-06-05 01:00:00 +01:00
7362,NL,STA-NL00016,PM10,33.5,µg/m3,2015-06-05 07:00:00 +01:00
7363,NL,STA-NL00016,PM10,12.9,µg/m3,2015-06-04 19:00:00 +01:00
7364,NL,STA-NL00016,PM10,20.3,µg/m3,2015-06-04 16:00:00 +01:00
7365,NL,STA-NL00016,PM10,34.3,µg/m3,2015-06-05 06:00:00 +01:00
7366,NL,STA-NL00016,PM10,10.6,µg/m3,2015-06-04 21:00:00 +01:00
7367,NL,STA-NL00016,PM10,13.0,µg/m3,2015-06-02 22:00:00 +01:00
7368,NL,STA-NL00016,PM10,32.1,µg/m3,2015-06-03 06:00:00 +01:00
7369,NL,STA-NL00016,PM10,20.3,µg/m3,2015-06-03 09:00:00 +01:00
7370,NL,STA-NL00016,PM10,17.1,µg/m3,2015-06-03 19:00:00 +01:00
7371,NL,STA-NL00016,PM10,17.0,µg/m3,2015-06-03 15:00:00 +01:00
7372,NL,STA-NL00016,PM10,18.5,µg/m3,2015-06-03 21:00:00 +01:00
7373,NL,STA-NL00016,PM10,16.4,µg/m3,2015-06-04 14:00:00 +01:00
7374,NL,STA-NL00016,PM10,11.6,µg/m3,2015-06-09 20:00:00 +01:00
7375,NL,STA-NL00016,PM10,17.8,µg/m3,2015-06-09 22:00:00 +01:00
7376,NL,STA-NL00016,PM10,15.1,µg/m3,2015-06-10 02:00:00 +01:00
7377,NL,STA-NL00016,PM10,19.6,µg/m3,2015-06-10 01:00:00 +01:00
7378,NL,STA-NL00016,PM10,11.9,µg/m3,2015-06-09 00:00:00 +01:00
7379,NL,STA-NL00016,PM10,11.3,µg/m3,2015-06-08 22:00:00 +01:00
7380,NL,STA-NL00016,PM10,8.5,µg/m3,2015-06-09 08:00:00 +01:00
7381,NL,STA-NL00016,PM10,10.0,µg/m3,2015-06-09 04:00:00 +01:00
7382,NL,STA-NL00016,PM10,19.9,µg/m3,2015-06-10 09:00:00 +01:00
7383,NL,STA-NL00016,PM10,-0.3,µg/m3,2015-06-10 21:00:00 +01:00
7384,NL,STA-NL00016,PM10,15.5,µg/m3,2015-06-10 11:00:00 +01:00
7385,NL,STA-NL00016,PM10,18.1,µg/m3,2015-06-10 10:00:00 +01:00
7386,NL,STA-NL00016,PM10,26.8,µg/m3,2015-06-10 06:00:00 +01:00
7387,NL,STA-NL00016,PM10,23.6,µg/m3,2015-06-10 07:00:00 +01:00
7388,NL,STA-NL00016,PM10,14.6,µg/m3,2015-06-07 06:00:00 +01:00
7389,NL,STA-NL00016,PM10,9.1,µg/m3,2015-06-07 09:00:00 +01:00
7390,NL,STA-NL00016,PM10,10.0,µg/m3,2015-06-07 18:00:00 +01:00
7391,NL,STA-NL00016,PM10,13.1,µg/m3,2015-06-07 23:00:00 +01:00
7392,NL,STA-NL00016,PM10,11.9,µg/m3,2015-06-07 12:00:00 +01:00
7393,NL,STA-NL00016,PM10,18.5,µg/m3,2015-06-08 03:00:00 +01:00
7394,NL,STA-NL00016,PM10,15.4,µg/m3,2015-06-08 08:00:00 +01:00
7395,NL,STA-NL00016,PM10,15.5,µg/m3,2015-06-08 15:00:00 +01:00
7396,NL,STA-NL00016,PM10,9.7,µg/m3,2015-06-08 13:00:00 +01:00
7397,NL,STA-NL00016,PM10,15.4,µg/m3,2015-06-08 20:00:00 +01:00
7398,NL,STA-NL00016,PM10,22.9,µg/m3,2015-06-08 18:00:00 +01:00
7399,NL,STA-NL00016,PM10,9.3,µg/m3,2015-06-08 14:00:00 +01:00
7400,NL,STA-NL00016,PM10,13.1,µg/m3,2015-06-06 10:00:00 +01:00
7401,NL,STA-NL00016,PM10,8.7,µg/m3,2015-06-06 12:00:00 +01:00
7402,NL,STA-NL00016,PM10,7.6,µg/m3,2015-06-06 13:00:00 +01:00
7403,NL,STA-NL00016,PM10,15.5,µg/m3,2015-06-07 15:00:00 +01:00
7404,NL,STA-NL00016,PM10,24.6,µg/m3,2015-06-07 02:00:00 +01:00
7405,NL,STA-NL00016,PM10,23.6,µg/m3,2015-06-07 01:00:00 +01:00
7406,NL,STA-NL00016,PM10,10.3,µg/m3,2015-06-11 03:00:00 +01:00
7407,NL,STA-NL00016,PM10,11.0,µg/m3,2015-06-11 06:00:00 +01:00
7408,NL,STA-NL00016,PM10,14.8,µg/m3,2015-06-18 22:00:00 +01:00
7409,NL,STA-NL00016,PM10,14.0,µg/m3,2015-06-18 18:00:00 +01:00
7410,NL,STA-NL00016,PM10,15.8,µg/m3,2015-06-18 20:00:00 +01:00
7411,NL,STA-NL00016,PM10,8.5,µg/m3,2015-06-19 15:00:00 +01:00
7412,NL,STA-NL00016,PM10,16.9,µg/m3,2015-06-18 14:00:00 +01:00
7413,NL,STA-NL00016,PM10,26.2,µg/m3,2015-06-17 19:00:00 +01:00
7414,NL,STA-NL00016,PM10,14.0,µg/m3,2015-06-18 09:00:00 +01:00
7415,NL,STA-NL00016,PM10,14.2,µg/m3,2015-06-18 16:00:00 +01:00
7416,NL,STA-NL00016,PM10,22.1,µg/m3,2015-06-17 18:00:00 +01:00
7417,NL,STA-NL00016,PM10,6.8,µg/m3,2015-06-17 16:00:00 +01:00
7418,NL,STA-NL00016,PM10,35.0,µg/m3,2015-06-16 02:00:00 +01:00
7419,NL,STA-NL00016,PM10,23.5,µg/m3,2015-06-16 06:00:00 +01:00
7420,NL,STA-NL00016,PM10,9.1,µg/m3,2015-06-16 13:00:00 +01:00
7421,NL,STA-NL00016,PM10,13.3,µg/m3,2015-06-16 08:00:00 +01:00
7422,NL,STA-NL00016,PM10,6.5,µg/m3,2015-06-15 16:00:00 +01:00
7423,NL,STA-NL00016,PM10,7.4,µg/m3,2015-06-15 09:00:00 +01:00
7424,NL,STA-NL00016,PM10,7.4,µg/m3,2015-06-16 16:00:00 +01:00
7425,NL,STA-NL00016,PM10,22.0,µg/m3,2015-06-17 05:00:00 +01:00
7426,NL,STA-NL00016,PM10,19.5,µg/m3,2015-06-17 00:00:00 +01:00
7427,NL,STA-NL00016,PM10,5.8,µg/m3,2015-06-16 15:00:00 +01:00
7428,NL,STA-NL00016,PM10,16.4,µg/m3,2015-06-15 22:00:00 +01:00
7429,NL,STA-NL00016,PM10,35.5,µg/m3,2015-06-16 22:00:00 +01:00
7430,NL,STA-NL00016,PM10,29.9,µg/m3,2015-06-17 08:00:00 +01:00
7431,NL,STA-NL00016,PM10,23.2,µg/m3,2015-06-13 12:00:00 +01:00
7432,NL,STA-NL00016,PM10,26.0,µg/m3,2015-06-13 07:00:00 +01:00
7433,NL,STA-NL00016,PM10,35.8,µg/m3,2015-06-14 03:00:00 +01:00
7434,NL,STA-NL00016,PM10,33.6,µg/m3,2015-06-14 04:00:00 +01:00
7435,NL,STA-NL00016,PM10,9.6,µg/m3,2015-06-13 21:00:00 +01:00
7436,NL,STA-NL00016,PM10,44.8,µg/m3,2015-06-14 00:00:00 +01:00
7437,NL,STA-NL00016,PM10,19.8,µg/m3,2015-06-13 16:00:00 +01:00
7438,NL,STA-NL00016,PM10,9.0,µg/m3,2015-06-15 06:00:00 +01:00
7439,NL,STA-NL00016,PM10,19.8,µg/m3,2015-06-13 22:00:00 +01:00
7440,NL,STA-NL00016,PM10,16.2,µg/m3,2015-06-14 17:00:00 +01:00
7441,NL,STA-NL00016,PM10,22.6,µg/m3,2015-06-14 13:00:00 +01:00
7442,NL,STA-NL00016,PM10,21.5,µg/m3,2015-06-14 07:00:00 +01:00
7444,NL,STA-NL00016,PM10,9.8,µg/m3,2015-06-11 18:00:00 +01:00
7445,NL,STA-NL00016,PM10,10.1,µg/m3,2015-06-11 20:00:00 +01:00
7446,NL,STA-NL00016,PM10,11.2,µg/m3,2015-06-11 12:00:00 +01:00
7447,NL,STA-NL00016,PM10,17.2,µg/m3,2015-06-11 13:00:00 +01:00
7449,NL,STA-NL00016,PM10,17.9,µg/m3,2015-06-12 06:00:00 +01:00
7450,NL,STA-NL00016,PM10,20.8,µg/m3,2015-06-12 13:00:00 +01:00
7451,NL,STA-NL00016,PM10,28.9,µg/m3,2015-06-13 01:00:00 +01:00
7452,NL,STA-NL00016,PM10,26.8,µg/m3,2015-06-13 02:00:00 +01:00
7453,NL,STA-NL00016,PM10,14.2,µg/m3,2015-06-13 10:00:00 +01:00
7454,NL,STA-NL00016,PM10,14.6,µg/m3,2015-06-13 04:00:00 +01:00
7455,NL,STA-NL00016,PM10,19.1,µg/m3,2015-06-12 19:00:00 +01:00
7456,NL,STA-NL00016,PM10,14.4,µg/m3,2015-06-12 21:00:00 +01:00
7457,NL,STA-NL00016,PM10,14.8,µg/m3,2015-06-21 22:00:00 +01:00
7458,NL,STA-NL00016,PM10,31.6,µg/m3,2015-06-21 09:00:00 +01:00
7459,NL,STA-NL00016,PM10,9.1,µg/m3,2015-06-22 05:00:00 +01:00
7460,NL,STA-NL00016,PM10,27.3,µg/m3,2015-06-21 11:00:00 +01:00
7461,NL,STA-NL00016,PM10,16.8,µg/m3,2015-04-14 14:00:00 +01:00
7462,NL,STA-NL00016,PM10,8.8,µg/m3,2015-06-20 02:00:00 +01:00
7463,NL,STA-NL00016,PM10,9.0,µg/m3,2015-06-19 22:00:00 +01:00
7464,NL,STA-NL00016,PM10,6.7,µg/m3,2015-06-20 00:00:00 +01:00
7465,NL,STA-NL00016,PM10,4.9,µg/m3,2015-06-20 13:00:00 +01:00
7466,NL,STA-NL00016,PM10,9.4,µg/m3,2015-06-20 11:00:00 +01:00
7467,NL,STA-NL00016,PM10,3.0,µg/m3,2015-06-20 17:00:00 +01:00
7468,NL,STA-NL00016,PM10,8.0,µg/m3,2015-06-20 21:00:00 +01:00
7469,NL,STA-NL00016,PM10,14.0,µg/m3,2015-06-21 00:00:00 +01:00
7471,NL,STA-NL00016,PM10,10.5,µg/m3,2015-06-22 23:00:00 +01:00
7472,NL,STA-NL00016,PM10,12.0,µg/m3,2015-06-23 04:00:00 +01:00
7473,NL,STA-NL00016,PM10,2.6,µg/m3,2015-06-22 20:00:00 +01:00
7475,NL,STA-NL00016,PM10,6.5,µg/m3,2015-06-22 17:00:00 +01:00
7476,NL,STA-NL00016,PM10,6.0,µg/m3,2015-06-22 18:00:00 +01:00
7477,NL,STA-NL00016,PM10,8.3,µg/m3,2015-06-22 15:00:00 +01:00
7478,NL,STA-NL00016,PM10,3.9,µg/m3,2015-06-22 22:00:00 +01:00
7479,NL,STA-NL00016,PM10,7.9,µg/m3,2015-06-22 16:00:00 +01:00
7480,NL,STA-NL00016,PM10,12.1,µg/m3,2015-06-22 07:00:00 +01:00
7481,NL,STA-NL00016,PM10,13.3,µg/m3,2015-06-24 04:00:00 +01:00
7482,NL,STA-NL00016,PM10,18.1,µg/m3,2015-06-24 02:00:00 +01:00
7483,NL,STA-NL00016,PM10,16.3,µg/m3,2015-06-24 09:00:00 +01:00
7484,NL,STA-NL00016,PM10,15.6,µg/m3,2015-06-24 08:00:00 +01:00
7485,NL,STA-NL00016,PM10,9.7,µg/m3,2015-06-24 21:00:00 +01:00
7486,NL,STA-NL00016,PM10,14.8,µg/m3,2015-06-24 22:00:00 +01:00
7487,NL,STA-NL00016,PM10,10.2,µg/m3,2015-06-24 19:00:00 +01:00
7488,NL,STA-NL00016,PM10,19.1,µg/m3,2015-06-23 16:00:00 +01:00
7489,NL,STA-NL00016,PM10,26.8,µg/m3,2015-06-23 20:00:00 +01:00
7490,NL,STA-NL00016,PM10,16.4,µg/m3,2015-06-23 14:00:00 +01:00
7491,NL,STA-NL00016,PM10,20.3,µg/m3,2015-06-23 11:00:00 +01:00
7492,NL,STA-NL00016,PM10,19.7,µg/m3,2015-06-23 22:00:00 +01:00
7493,NL,STA-NL00016,PM10,12.2,µg/m3,2015-06-25 11:00:00 +01:00
7494,NL,STA-NL00016,PM10,18.8,µg/m3,2015-06-25 08:00:00 +01:00
7495,NL,STA-NL00016,PM10,26.6,µg/m3,2015-06-25 07:00:00 +01:00
7496,NL,STA-NL00016,PM10,23.9,µg/m3,2015-06-25 06:00:00 +01:00
7497,NL,STA-NL00016,PM10,4.6,µg/m3,2015-06-25 23:00:00 +01:00
7498,NL,STA-NL00016,PM10,9.5,µg/m3,2015-06-26 02:00:00 +01:00
7499,NL,STA-NL00016,PM10,18.0,µg/m3,2015-06-25 16:00:00 +01:00
7500,NL,STA-NL00016,PM10,17.0,µg/m3,2015-06-25 12:00:00 +01:00
7501,NL,STA-NL00016,PM10,11.3,µg/m3,2015-06-25 18:00:00 +01:00
7502,NL,STA-NL00016,PM10,11.8,µg/m3,2015-06-27 00:00:00 +01:00
7503,NL,STA-NL00016,PM10,13.7,µg/m3,2015-06-26 22:00:00 +01:00
7504,NL,STA-NL00016,PM10,8.1,µg/m3,2015-06-26 19:00:00 +01:00
7505,NL,STA-NL00016,PM10,2.4,µg/m3,2015-06-26 15:00:00 +01:00
7506,NL,STA-NL00016,PM10,3.4,µg/m3,2015-06-26 14:00:00 +01:00
7507,NL,STA-NL00016,PM10,26.7,µg/m3,2015-06-26 07:00:00 +01:00
7508,NL,STA-NL00016,PM10,42.2,µg/m3,2015-06-28 10:00:00 +01:00
7509,NL,STA-NL00016,PM10,27.6,µg/m3,2015-06-28 02:00:00 +01:00
7510,NL,STA-NL00016,PM10,13.9,µg/m3,2015-06-27 10:00:00 +01:00
7511,NL,STA-NL00016,PM10,10.1,µg/m3,2015-06-27 01:00:00 +01:00
7512,NL,STA-NL00016,PM10,19.5,µg/m3,2015-06-27 05:00:00 +01:00
7513,NL,STA-NL00016,PM10,9.9,µg/m3,2015-06-27 06:00:00 +01:00
7514,NL,STA-NL00016,PM10,19.2,µg/m3,2015-06-27 16:00:00 +01:00
7515,NL,STA-NL00016,PM10,23.6,µg/m3,2015-06-27 11:00:00 +01:00
7516,NL,STA-NL00016,PM10,17.7,µg/m3,2015-06-29 14:00:00 +01:00
7517,NL,STA-NL00016,PM10,5.2,µg/m3,2015-06-29 11:00:00 +01:00
7518,NL,STA-NL00016,PM10,11.8,µg/m3,2015-06-29 16:00:00 +01:00
7519,NL,STA-NL00016,PM10,16.0,µg/m3,2015-06-28 22:00:00 +01:00
7520,NL,STA-NL00016,PM10,19.6,µg/m3,2015-06-29 08:00:00 +01:00
7521,NL,STA-NL00016,PM10,27.4,µg/m3,2015-06-29 10:00:00 +01:00
7522,NL,STA-NL00016,PM10,41.0,µg/m3,2015-07-02 16:00:00 +01:00
7523,NL,STA-NL00016,PM10,21.3,µg/m3,2015-07-02 18:00:00 +01:00
7524,NL,STA-NL00016,PM10,18.9,µg/m3,2015-07-02 04:00:00 +01:00
7525,NL,STA-NL00016,PM10,19.1,µg/m3,2015-07-02 02:00:00 +01:00
7526,NL,STA-NL00016,PM10,17.2,µg/m3,2015-07-02 01:00:00 +01:00
7527,NL,STA-NL00016,PM10,18.7,µg/m3,2015-07-03 04:00:00 +01:00
7528,NL,STA-NL00016,PM10,36.1,µg/m3,2015-07-03 06:00:00 +01:00
7529,NL,STA-NL00016,PM10,18.5,µg/m3,2015-07-03 05:00:00 +01:00
7530,NL,STA-NL00016,PM10,26.1,µg/m3,2015-07-01 12:00:00 +01:00
7531,NL,STA-NL00016,PM10,15.3,µg/m3,2015-07-01 23:00:00 +01:00
7532,NL,STA-NL00016,PM10,12.2,µg/m3,2015-06-30 14:00:00 +01:00
7533,NL,STA-NL00016,PM10,20.3,µg/m3,2015-06-30 12:00:00 +01:00
7534,NL,STA-NL00016,PM10,20.3,µg/m3,2015-06-30 08:00:00 +01:00
7535,NL,STA-NL00016,PM10,11.4,µg/m3,2015-06-30 20:00:00 +01:00
7536,NL,STA-NL00016,PM10,14.7,µg/m3,2015-06-30 17:00:00 +01:00
7537,NL,STA-NL00016,PM10,13.7,µg/m3,2015-06-30 18:00:00 +01:00
7538,NL,STA-NL00016,PM10,9.8,µg/m3,2015-06-30 21:00:00 +01:00
7540,NL,STA-NL00016,PM10,24.6,µg/m3,2015-07-03 19:00:00 +01:00
7541,NL,STA-NL00016,PM10,31.5,µg/m3,2015-07-03 13:00:00 +01:00
7542,NL,STA-NL00016,PM10,31.5,µg/m3,2015-07-03 14:00:00 +01:00
7543,NL,STA-NL00016,PM10,48.4,µg/m3,2015-07-03 11:00:00 +01:00
7544,NL,STA-NL00016,PM10,27.7,µg/m3,2015-07-12 03:00:00 +01:00
7545,NL,STA-NL00016,PM10,34.5,µg/m3,2015-07-04 05:00:00 +01:00
7546,NL,STA-NL00016,PM10,31.5,µg/m3,2015-07-04 07:00:00 +01:00
7547,NL,STA-NL00016,PM10,44.4,µg/m3,2015-07-04 10:00:00 +01:00
7548,NL,STA-NL00016,PM10,32.0,µg/m3,2015-07-04 08:00:00 +01:00
7549,NL,STA-NL00016,PM10,11.5,µg/m3,2015-07-04 16:00:00 +01:00
7550,NL,STA-NL00016,PM10,11.0,µg/m3,2015-07-04 20:00:00 +01:00
7551,NL,STA-NL00016,PM10,12.8,µg/m3,2015-07-04 19:00:00 +01:00
7552,NL,STA-NL00016,PM10,13.8,µg/m3,2015-07-05 03:00:00 +01:00
7553,NL,STA-NL00016,PM10,14.3,µg/m3,2015-07-05 04:00:00 +01:00
7554,NL,STA-NL00016,PM10,15.3,µg/m3,2015-07-05 08:00:00 +01:00
7555,NL,STA-NL00016,PM10,18.0,µg/m3,2015-07-06 06:00:00 +01:00
7556,NL,STA-NL00016,PM10,22.3,µg/m3,2015-07-05 07:00:00 +01:00
7557,NL,STA-NL00016,PM10,15.4,µg/m3,2015-07-05 23:00:00 +01:00
7558,NL,STA-NL00016,PM10,8.6,µg/m3,2015-07-05 17:00:00 +01:00
7559,NL,STA-NL00016,PM10,17.1,µg/m3,2015-07-07 04:00:00 +01:00
7560,NL,STA-NL00016,PM10,9.7,µg/m3,2015-07-06 19:00:00 +01:00
7561,NL,STA-NL00016,PM10,12.2,µg/m3,2015-07-07 02:00:00 +01:00
7562,NL,STA-NL00016,PM10,27.2,µg/m3,2015-07-07 08:00:00 +01:00
7563,NL,STA-NL00016,PM10,41.6,µg/m3,2015-07-07 07:00:00 +01:00
7564,NL,STA-NL00016,PM10,8.6,µg/m3,2015-07-09 21:00:00 +01:00
7565,NL,STA-NL00016,PM10,15.0,µg/m3,2015-07-10 08:00:00 +01:00
7566,NL,STA-NL00016,PM10,17.3,µg/m3,2015-07-10 04:00:00 +01:00
7567,NL,STA-NL00016,PM10,10.4,µg/m3,2015-07-10 01:00:00 +01:00
7568,NL,STA-NL00016,PM10,18.9,µg/m3,2015-07-10 06:00:00 +01:00
7569,NL,STA-NL00016,PM10,11.8,µg/m3,2015-07-10 00:00:00 +01:00
7570,NL,STA-NL00016,PM10,17.0,µg/m3,2015-07-10 19:00:00 +01:00
7571,NL,STA-NL00016,PM10,10.7,µg/m3,2015-07-09 18:00:00 +01:00
7572,NL,STA-NL00016,PM10,30.3,µg/m3,2015-07-10 18:00:00 +01:00
7573,NL,STA-NL00016,PM10,32.4,µg/m3,2015-07-12 00:00:00 +01:00
7574,NL,STA-NL00016,PM10,12.3,µg/m3,2015-07-12 08:00:00 +01:00
7575,NL,STA-NL00016,PM10,22.8,µg/m3,2015-07-11 00:00:00 +01:00
7576,NL,STA-NL00016,PM10,4.6,µg/m3,2015-07-08 16:00:00 +01:00
7577,NL,STA-NL00016,PM10,14.0,µg/m3,2015-07-07 16:00:00 +01:00
7578,NL,STA-NL00016,PM10,20.1,µg/m3,2015-07-07 10:00:00 +01:00
7579,NL,STA-NL00016,PM10,27.6,µg/m3,2015-07-07 18:00:00 +01:00
7580,NL,STA-NL00016,PM10,15.9,µg/m3,2015-07-07 21:00:00 +01:00
7581,NL,STA-NL00016,PM10,9.2,µg/m3,2015-07-08 01:00:00 +01:00
7582,NL,STA-NL00016,PM10,0.4,µg/m3,2015-07-08 22:00:00 +01:00
7583,NL,STA-NL00016,PM10,11.9,µg/m3,2015-07-09 12:00:00 +01:00
7584,NL,STA-NL00016,PM10,19.7,µg/m3,2015-07-09 14:00:00 +01:00
7585,NL,STA-NL00016,PM10,12.4,µg/m3,2015-04-15 14:00:00 +01:00
7586,NL,STA-NL00016,PM10,12.5,µg/m3,2015-04-20 23:00:00 +01:00
7587,NL,STA-NL00016,PM10,30.8,µg/m3,2015-04-14 06:00:00 +01:00
7588,NL,STA-NL00016,PM10,25.0,µg/m3,2015-04-22 03:00:00 +01:00
7589,NL,STA-NL00016,PM10,28.7,µg/m3,2015-04-15 06:00:00 +01:00
7590,NL,STA-NL00016,PM10,26.5,µg/m3,2015-04-16 02:00:00 +01:00
7591,NL,STA-NL00016,PM10,21.4,µg/m3,2015-04-14 18:00:00 +01:00
7592,NL,STA-NL00016,PM10,12.9,µg/m3,2015-04-14 01:00:00 +01:00
7593,NL,STA-NL00016,PM10,17.8,µg/m3,2015-04-21 19:00:00 +01:00
7594,NL,STA-NL00016,PM10,24.6,µg/m3,2015-04-14 05:00:00 +01:00
7595,NL,STA-NL00016,PM10,31.7,µg/m3,2015-04-21 03:00:00 +01:00
7596,NL,STA-NL00016,PM10,30.2,µg/m3,2015-04-15 10:00:00 +01:00
7597,NL,STA-NL00016,PM10,15.8,µg/m3,2015-04-14 02:00:00 +01:00
7598,NL,STA-NL00016,PM10,11.1,µg/m3,2015-04-14 10:00:00 +01:00
7599,NL,STA-NL00016,PM10,18.5,µg/m3,2015-01-06 03:00:00 +01:00
7600,NL,STA-NL00016,PM10,18.6,µg/m3,2015-01-06 02:00:00 +01:00
7601,NL,STA-NL00016,PM10,22.1,µg/m3,2015-01-06 08:00:00 +01:00
7602,NL,STA-NL00016,PM10,43.0,µg/m3,2015-01-06 16:00:00 +01:00
7603,NL,STA-NL00016,PM10,25.0,µg/m3,2015-01-06 12:00:00 +01:00
7604,NL,STA-NL00016,PM10,37.7,µg/m3,2015-01-05 14:00:00 +01:00
7605,NL,STA-NL00016,PM10,28.4,µg/m3,2015-01-05 16:00:00 +01:00
7606,NL,STA-NL00016,PM10,22.3,µg/m3,2015-01-06 00:00:00 +01:00
7607,NL,STA-NL00016,PM10,19.9,µg/m3,2015-01-05 23:00:00 +01:00
7608,NL,STA-NL00016,PM10,25.3,µg/m3,2015-01-05 19:00:00 +01:00
7609,NL,STA-NL00016,PM10,22.7,µg/m3,2015-01-06 19:00:00 +01:00
7610,NL,STA-NL00016,PM10,21.9,µg/m3,2015-01-06 20:00:00 +01:00
7611,NL,STA-NL00016,PM10,9.4,µg/m3,2015-01-03 22:00:00 +01:00
7612,NL,STA-NL00016,PM10,14.4,µg/m3,2015-01-04 06:00:00 +01:00
7613,NL,STA-NL00016,PM10,22.0,µg/m3,2015-01-03 18:00:00 +01:00
7614,NL,STA-NL00016,PM10,6.2,µg/m3,2015-01-03 17:00:00 +01:00
7615,NL,STA-NL00016,PM10,3.1,µg/m3,2015-01-03 14:00:00 +01:00
7616,NL,STA-NL00016,PM10,5.0,µg/m3,2015-01-03 13:00:00 +01:00
7617,NL,STA-NL00016,PM10,14.4,µg/m3,2015-01-04 17:00:00 +01:00
7618,NL,STA-NL00016,PM10,15.4,µg/m3,2015-01-04 19:00:00 +01:00
7619,NL,STA-NL00016,PM10,13.2,µg/m3,2015-01-04 05:00:00 +01:00
7620,NL,STA-NL00016,PM10,18.5,µg/m3,2015-01-04 09:00:00 +01:00
7621,NL,STA-NL00016,PM10,12.1,µg/m3,2015-01-04 18:00:00 +01:00
7622,NL,STA-NL00016,PM10,17.6,µg/m3,2015-01-04 21:00:00 +01:00
7623,NL,STA-NL00016,PM10,35.7,µg/m3,2015-01-05 09:00:00 +01:00
7624,NL,STA-NL00016,PM10,17.0,µg/m3,2015-01-02 20:00:00 +01:00
7625,NL,STA-NL00016,PM10,13.5,µg/m3,2015-01-02 21:00:00 +01:00
7626,NL,STA-NL00016,PM10,14.7,µg/m3,2015-01-02 03:00:00 +01:00
7627,NL,STA-NL00016,PM10,13.6,µg/m3,2015-01-02 08:00:00 +01:00
7628,NL,STA-NL00016,PM10,12.9,µg/m3,2015-01-02 12:00:00 +01:00
7629,NL,STA-NL00016,PM10,16.4,µg/m3,2015-01-03 06:00:00 +01:00
7630,NL,STA-NL00016,PM10,4.2,µg/m3,2015-01-03 10:00:00 +01:00
7631,NL,STA-NL00016,PM10,17.0,µg/m3,2015-01-02 22:00:00 +01:00
7632,NL,STA-NL00016,PM10,21.3,µg/m3,2015-01-02 15:00:00 +01:00
7633,NL,STA-NL00016,PM10,19.0,µg/m3,2015-01-03 00:00:00 +01:00
7634,NL,STA-NL00016,PM10,16.2,µg/m3,2015-01-02 17:00:00 +01:00
7635,NL,STA-NL00016,PM10,20.6,µg/m3,2015-01-03 04:00:00 +01:00
7636,NL,STA-NL00016,PM10,24.8,µg/m3,2015-01-01 15:00:00 +01:00
7637,NL,STA-NL00016,PM10,38.5,µg/m3,2015-01-01 07:00:00 +01:00
7638,NL,STA-NL00016,PM10,20.8,µg/m3,2015-01-01 20:00:00 +01:00
7639,NL,STA-NL00016,PM10,15.9,µg/m3,2015-01-08 05:00:00 +01:00
7640,NL,STA-NL00016,PM10,20.5,µg/m3,2015-01-07 18:00:00 +01:00
7641,NL,STA-NL00016,PM10,14.0,µg/m3,2015-01-08 00:00:00 +01:00
7642,NL,STA-NL00016,PM10,12.0,µg/m3,2015-01-08 01:00:00 +01:00
7643,NL,STA-NL00016,PM10,18.2,µg/m3,2015-01-08 02:00:00 +01:00
7644,NL,STA-NL00016,PM10,19.2,µg/m3,2015-01-08 22:00:00 +01:00
7645,NL,STA-NL00016,PM10,4.2,µg/m3,2015-01-08 18:00:00 +01:00
7646,NL,STA-NL00016,PM10,13.3,µg/m3,2015-01-07 21:00:00 +01:00
7647,NL,STA-NL00016,PM10,20.6,µg/m3,2015-01-07 20:00:00 +01:00
7648,NL,STA-NL00016,PM10,11.9,µg/m3,2015-01-07 17:00:00 +01:00
7649,NL,STA-NL00016,PM10,19.0,µg/m3,2015-01-07 12:00:00 +01:00
7650,NL,STA-NL00016,PM10,19.1,µg/m3,2015-01-07 16:00:00 +01:00
7651,NL,STA-NL00016,PM10,16.4,µg/m3,2015-01-07 13:00:00 +01:00
7652,NL,STA-NL00016,PM10,16.9,µg/m3,2015-01-07 00:00:00 +01:00
7653,NL,STA-NL00016,PM10,15.9,µg/m3,2015-01-06 23:00:00 +01:00
7654,NL,STA-NL00016,PM10,18.9,µg/m3,2015-01-07 11:00:00 +01:00
7655,NL,STA-NL00016,PM10,16.3,µg/m3,2015-01-07 09:00:00 +01:00
7656,NL,STA-NL00016,PM10,13.2,µg/m3,2015-01-07 04:00:00 +01:00
7657,NL,STA-NL00016,PM10,6.7,µg/m3,2015-01-09 13:00:00 +01:00
7658,NL,STA-NL00016,PM10,6.7,µg/m3,2015-01-09 17:00:00 +01:00
7659,NL,STA-NL00016,PM10,8.8,µg/m3,2015-01-09 10:00:00 +01:00
7660,NL,STA-NL00016,PM10,9.1,µg/m3,2015-01-09 09:00:00 +01:00
7661,NL,STA-NL00016,PM10,9.1,µg/m3,2015-01-09 14:00:00 +01:00
7662,NL,STA-NL00016,PM10,4.5,µg/m3,2015-01-09 06:00:00 +01:00
7663,NL,STA-NL00016,PM10,3.1,µg/m3,2015-01-08 16:00:00 +01:00
7664,NL,STA-NL00016,PM10,12.4,µg/m3,2015-01-10 20:00:00 +01:00
7665,NL,STA-NL00016,PM10,8.0,µg/m3,2015-01-11 00:00:00 +01:00
7666,NL,STA-NL00016,PM10,6.5,µg/m3,2015-01-09 18:00:00 +01:00
7667,NL,STA-NL00016,PM10,8.4,µg/m3,2015-01-09 22:00:00 +01:00
7668,NL,STA-NL00016,PM10,6.5,µg/m3,2015-01-09 21:00:00 +01:00
7669,NL,STA-NL00016,PM10,6.0,µg/m3,2015-01-10 06:00:00 +01:00
7670,NL,STA-NL00016,PM10,21.5,µg/m3,2015-01-10 01:00:00 +01:00
7671,NL,STA-NL00016,PM10,8.6,µg/m3,2015-01-10 12:00:00 +01:00
7672,NL,STA-NL00016,PM10,14.8,µg/m3,2015-01-10 02:00:00 +01:00
7673,NL,STA-NL00016,PM10,10.2,µg/m3,2015-01-11 07:00:00 +01:00
7674,NL,STA-NL00016,PM10,9.4,µg/m3,2015-01-11 12:00:00 +01:00
7675,NL,STA-NL00016,PM10,16.0,µg/m3,2015-01-11 13:00:00 +01:00
7676,NL,STA-NL00016,PM10,8.4,µg/m3,2015-01-11 08:00:00 +01:00
7677,NL,STA-NL00016,PM10,9.2,µg/m3,2015-01-11 11:00:00 +01:00
7678,NL,STA-NL00016,PM10,17.3,µg/m3,2015-01-11 17:00:00 +01:00
7679,NL,STA-NL00016,PM10,31.1,µg/m3,2015-01-19 08:00:00 +01:00
7680,NL,STA-NL00016,PM10,22.1,µg/m3,2015-01-19 06:00:00 +01:00
7681,NL,STA-NL00016,PM10,13.1,µg/m3,2015-01-19 04:00:00 +01:00
7682,NL,STA-NL00016,PM10,18.3,µg/m3,2015-01-18 23:00:00 +01:00
7683,NL,STA-NL00016,PM10,21.8,µg/m3,2015-01-19 03:00:00 +01:00
7684,NL,STA-NL00016,PM10,18.0,µg/m3,2015-01-19 02:00:00 +01:00
7685,NL,STA-NL00016,PM10,26.9,µg/m3,2015-01-19 07:00:00 +01:00
7686,NL,STA-NL00016,PM10,19.7,µg/m3,2015-01-18 05:00:00 +01:00
7687,NL,STA-NL00016,PM10,18.8,µg/m3,2015-01-18 11:00:00 +01:00
7688,NL,STA-NL00016,PM10,5.2,µg/m3,2015-01-18 14:00:00 +01:00
7689,NL,STA-NL00016,PM10,22.7,µg/m3,2015-01-18 12:00:00 +01:00
7690,NL,STA-NL00016,PM10,3.8,µg/m3,2015-01-18 16:00:00 +01:00
7691,NL,STA-NL00016,PM10,8.5,µg/m3,2015-01-18 19:00:00 +01:00
7692,NL,STA-NL00016,PM10,10.6,µg/m3,2015-01-17 02:00:00 +01:00
7693,NL,STA-NL00016,PM10,12.8,µg/m3,2015-01-17 13:00:00 +01:00
7694,NL,STA-NL00016,PM10,7.8,µg/m3,2015-01-17 06:00:00 +01:00
7695,NL,STA-NL00016,PM10,10.4,µg/m3,2015-01-17 07:00:00 +01:00
7696,NL,STA-NL00016,PM10,11.1,µg/m3,2015-01-17 15:00:00 +01:00
7697,NL,STA-NL00016,PM10,22.2,µg/m3,2015-01-18 03:00:00 +01:00
7698,NL,STA-NL00016,PM10,11.0,µg/m3,2015-01-17 21:00:00 +01:00
7699,NL,STA-NL00016,PM10,19.4,µg/m3,2015-01-18 02:00:00 +01:00
7700,NL,STA-NL00016,PM10,11.5,µg/m3,2015-01-17 14:00:00 +01:00
7701,NL,STA-NL00016,PM10,7.0,µg/m3,2015-01-17 18:00:00 +01:00
7702,NL,STA-NL00016,PM10,10.5,µg/m3,2015-01-12 08:00:00 +01:00
7703,NL,STA-NL00016,PM10,9.4,µg/m3,2015-01-12 05:00:00 +01:00
7704,NL,STA-NL00016,PM10,18.4,µg/m3,2015-01-11 23:00:00 +01:00
7705,NL,STA-NL00016,PM10,21.6,µg/m3,2015-01-12 10:00:00 +01:00
7706,NL,STA-NL00016,PM10,5.5,µg/m3,2015-01-12 17:00:00 +01:00
7707,NL,STA-NL00016,PM10,-1.9,µg/m3,2015-01-13 09:00:00 +01:00
7708,NL,STA-NL00016,PM10,0.4,µg/m3,2015-01-13 14:00:00 +01:00
7709,NL,STA-NL00016,PM10,-0.2,µg/m3,2015-01-13 06:00:00 +01:00
7710,NL,STA-NL00016,PM10,-0.6,µg/m3,2015-01-13 02:00:00 +01:00
7711,NL,STA-NL00016,PM10,3.0,µg/m3,2015-01-12 22:00:00 +01:00
7712,NL,STA-NL00016,PM10,1.7,µg/m3,2015-01-12 21:00:00 +01:00
7713,NL,STA-NL00016,PM10,-1.4,µg/m3,2015-01-13 13:00:00 +01:00
7714,NL,STA-NL00016,PM10,4.2,µg/m3,2015-01-14 05:00:00 +01:00
7715,NL,STA-NL00016,PM10,1.0,µg/m3,2015-01-14 01:00:00 +01:00
7716,NL,STA-NL00016,PM10,4.6,µg/m3,2015-01-14 17:00:00 +01:00
7717,NL,STA-NL00016,PM10,2.9,µg/m3,2015-01-15 14:00:00 +01:00
7718,NL,STA-NL00016,PM10,13.7,µg/m3,2015-01-15 21:00:00 +01:00
7719,NL,STA-NL00016,PM10,-0.5,µg/m3,2015-01-15 13:00:00 +01:00
7720,NL,STA-NL00016,PM10,5.0,µg/m3,2015-01-15 02:00:00 +01:00
7721,NL,STA-NL00016,PM10,10.0,µg/m3,2015-01-14 22:00:00 +01:00
7722,NL,STA-NL00016,PM10,8.5,µg/m3,2015-01-14 21:00:00 +01:00
7723,NL,STA-NL00016,PM10,13.3,µg/m3,2015-01-16 02:00:00 +01:00
7724,NL,STA-NL00016,PM10,14.2,µg/m3,2015-01-16 10:00:00 +01:00
7725,NL,STA-NL00016,PM10,11.9,µg/m3,2015-01-17 01:00:00 +01:00
7726,NL,STA-NL00016,PM10,15.9,µg/m3,2015-01-20 11:00:00 +01:00
7727,NL,STA-NL00016,PM10,18.8,µg/m3,2015-01-20 15:00:00 +01:00
7728,NL,STA-NL00016,PM10,14.4,µg/m3,2015-01-20 07:00:00 +01:00
7729,NL,STA-NL00016,PM10,45.9,µg/m3,2015-01-20 20:00:00 +01:00
7730,NL,STA-NL00016,PM10,13.8,µg/m3,2015-01-20 02:00:00 +01:00
7731,NL,STA-NL00016,PM10,10.7,µg/m3,2015-01-20 03:00:00 +01:00
7732,NL,STA-NL00016,PM10,30.3,µg/m3,2015-01-19 14:00:00 +01:00
7733,NL,STA-NL00016,PM10,7.5,µg/m3,2015-01-19 19:00:00 +01:00
7734,NL,STA-NL00016,PM10,36.1,µg/m3,2015-01-21 04:00:00 +01:00
7735,NL,STA-NL00016,PM10,21.7,µg/m3,2015-01-28 05:00:00 +01:00
7736,NL,STA-NL00016,PM10,18.5,µg/m3,2015-01-28 06:00:00 +01:00
7737,NL,STA-NL00016,PM10,15.2,µg/m3,2015-01-27 18:00:00 +01:00
7738,NL,STA-NL00016,PM10,18.9,µg/m3,2015-01-27 22:00:00 +01:00
7739,NL,STA-NL00016,PM10,4.4,µg/m3,2015-01-28 12:00:00 +01:00
7740,NL,STA-NL00016,PM10,9.0,µg/m3,2015-01-28 20:00:00 +01:00
7741,NL,STA-NL00016,PM10,15.2,µg/m3,2015-01-28 02:00:00 +01:00
7742,NL,STA-NL00016,PM10,11.4,µg/m3,2015-01-28 09:00:00 +01:00
7743,NL,STA-NL00016,PM10,9.7,µg/m3,2015-01-28 10:00:00 +01:00
7744,NL,STA-NL00016,PM10,18.0,µg/m3,2015-01-28 03:00:00 +01:00
7745,NL,STA-NL00016,PM10,14.8,µg/m3,2015-01-28 07:00:00 +01:00
7746,NL,STA-NL00016,PM10,9.3,µg/m3,2015-01-29 04:00:00 +01:00
7747,NL,STA-NL00016,PM10,10.0,µg/m3,2015-01-29 00:00:00 +01:00
7748,NL,STA-NL00016,PM10,0.0,µg/m3,2015-01-28 16:00:00 +01:00
7749,NL,STA-NL00016,PM10,10.2,µg/m3,2015-01-29 03:00:00 +01:00
7750,NL,STA-NL00016,PM10,9.6,µg/m3,2015-01-28 19:00:00 +01:00
7751,NL,STA-NL00016,PM10,7.9,µg/m3,2015-01-26 13:00:00 +01:00
7752,NL,STA-NL00016,PM10,11.5,µg/m3,2015-01-26 22:00:00 +01:00
7753,NL,STA-NL00016,PM10,17.0,µg/m3,2015-01-26 21:00:00 +01:00
7754,NL,STA-NL00016,PM10,7.9,µg/m3,2015-01-26 14:00:00 +01:00
7755,NL,STA-NL00016,PM10,20.2,µg/m3,2015-01-25 21:00:00 +01:00
7756,NL,STA-NL00016,PM10,24.1,µg/m3,2015-01-27 14:00:00 +01:00
7757,NL,STA-NL00016,PM10,30.4,µg/m3,2015-01-27 13:00:00 +01:00
7758,NL,STA-NL00016,PM10,15.3,µg/m3,2015-01-26 18:00:00 +01:00
7759,NL,STA-NL00016,PM10,11.7,µg/m3,2015-01-26 17:00:00 +01:00
7760,NL,STA-NL00016,PM10,19.1,µg/m3,2015-01-27 05:00:00 +01:00
7761,NL,STA-NL00016,PM10,20.8,µg/m3,2015-01-27 01:00:00 +01:00
7762,NL,STA-NL00016,PM10,22.4,µg/m3,2015-01-27 06:00:00 +01:00
7763,NL,STA-NL00016,PM10,36.8,µg/m3,2015-01-23 16:00:00 +01:00
7764,NL,STA-NL00016,PM10,33.1,µg/m3,2015-01-23 12:00:00 +01:00
7765,NL,STA-NL00016,PM10,44.6,µg/m3,2015-01-23 08:00:00 +01:00
7766,NL,STA-NL00016,PM10,29.3,µg/m3,2015-01-23 03:00:00 +01:00
7767,NL,STA-NL00016,PM10,29.6,µg/m3,2015-01-22 12:00:00 +01:00
7768,NL,STA-NL00016,PM10,20.1,µg/m3,2015-01-22 20:00:00 +01:00
7769,NL,STA-NL00016,PM10,35.6,µg/m3,2015-01-23 04:00:00 +01:00
7770,NL,STA-NL00016,PM10,22.3,µg/m3,2015-01-22 19:00:00 +01:00
7771,NL,STA-NL00016,PM10,34.6,µg/m3,2015-01-21 20:00:00 +01:00
7772,NL,STA-NL00016,PM10,38.5,µg/m3,2015-01-21 19:00:00 +01:00
7773,NL,STA-NL00016,PM10,31.4,µg/m3,2015-01-22 11:00:00 +01:00
7774,NL,STA-NL00016,PM10,33.1,µg/m3,2015-01-22 07:00:00 +01:00
7775,NL,STA-NL00016,PM10,37.1,µg/m3,2015-01-21 23:00:00 +01:00
7776,NL,STA-NL00016,PM10,18.1,µg/m3,2015-01-25 06:00:00 +01:00
7777,NL,STA-NL00016,PM10,25.6,µg/m3,2015-01-25 01:00:00 +01:00
7778,NL,STA-NL00016,PM10,17.0,µg/m3,2015-01-24 22:00:00 +01:00
7779,NL,STA-NL00016,PM10,30.1,µg/m3,2015-01-25 13:00:00 +01:00
7780,NL,STA-NL00016,PM10,21.5,µg/m3,2015-01-25 14:00:00 +01:00
7781,NL,STA-NL00016,PM10,16.6,µg/m3,2015-01-25 18:00:00 +01:00
7782,NL,STA-NL00016,PM10,14.7,µg/m3,2015-01-24 17:00:00 +01:00
7783,NL,STA-NL00016,PM10,19.5,µg/m3,2015-01-24 18:00:00 +01:00
7784,NL,STA-NL00016,PM10,44.1,µg/m3,2015-01-23 20:00:00 +01:00
7785,NL,STA-NL00016,PM10,12.5,µg/m3,2015-01-24 12:00:00 +01:00
7786,NL,STA-NL00016,PM10,18.6,µg/m3,2015-01-24 10:00:00 +01:00
7787,NL,STA-NL00016,PM10,13.2,µg/m3,2015-01-24 14:00:00 +01:00
7788,NL,STA-NL00016,PM10,50.3,µg/m3,2015-01-24 03:00:00 +01:00
7789,NL,STA-NL00016,PM10,74.7,µg/m3,2015-01-24 00:00:00 +01:00
7790,NL,STA-NL00016,PM10,61.0,µg/m3,2015-01-24 01:00:00 +01:00
7791,NL,STA-NL00016,PM10,22.4,µg/m3,2015-01-24 08:00:00 +01:00
7792,NL,STA-NL00016,PM10,38.9,µg/m3,2015-01-23 19:00:00 +01:00
7793,NL,STA-NL00016,PM10,50.8,µg/m3,2015-01-24 04:00:00 +01:00
7794,NL,STA-NL00016,PM10,80.3,µg/m3,2015-01-23 23:00:00 +01:00
7795,NL,STA-NL00016,PM10,6.4,µg/m3,2015-02-04 18:00:00 +01:00
7796,NL,STA-NL00016,PM10,12.9,µg/m3,2015-02-04 21:00:00 +01:00
7797,NL,STA-NL00016,PM10,10.2,µg/m3,2015-02-05 05:00:00 +01:00
7798,NL,STA-NL00016,PM10,8.7,µg/m3,2015-02-04 13:00:00 +01:00
7799,NL,STA-NL00016,PM10,10.1,µg/m3,2015-02-05 10:00:00 +01:00
7800,NL,STA-NL00016,PM10,7.4,µg/m3,2015-02-05 13:00:00 +01:00
7801,NL,STA-NL00016,PM10,13.1,µg/m3,2015-02-05 17:00:00 +01:00
7802,NL,STA-NL00016,PM10,10.9,µg/m3,2015-02-06 01:00:00 +01:00
7803,NL,STA-NL00016,PM10,15.7,µg/m3,2015-02-06 02:00:00 +01:00
7804,NL,STA-NL00016,PM10,19.2,µg/m3,2015-02-06 05:00:00 +01:00
7805,NL,STA-NL00016,PM10,13.0,µg/m3,2015-02-06 13:00:00 +01:00
7806,NL,STA-NL00016,PM10,9.4,µg/m3,2015-02-02 18:00:00 +01:00
7807,NL,STA-NL00016,PM10,10.3,µg/m3,2015-02-02 22:00:00 +01:00
7808,NL,STA-NL00016,PM10,9.9,µg/m3,2015-02-02 21:00:00 +01:00
7809,NL,STA-NL00016,PM10,14.9,µg/m3,2015-02-03 09:00:00 +01:00
7810,NL,STA-NL00016,PM10,11.8,µg/m3,2015-02-03 17:00:00 +01:00
7811,NL,STA-NL00016,PM10,16.4,µg/m3,2015-02-04 09:00:00 +01:00
7812,NL,STA-NL00016,PM10,0.4,µg/m3,2015-01-30 03:00:00 +01:00
7813,NL,STA-NL00016,PM10,5.5,µg/m3,2015-01-30 08:00:00 +01:00
7814,NL,STA-NL00016,PM10,1.1,µg/m3,2015-01-30 04:00:00 +01:00
7815,NL,STA-NL00016,PM10,4.8,µg/m3,2015-01-29 23:00:00 +01:00
7816,NL,STA-NL00016,PM10,3.1,µg/m3,2015-01-29 16:00:00 +01:00
7817,NL,STA-NL00016,PM10,4.6,µg/m3,2015-01-30 20:00:00 +01:00
7818,NL,STA-NL00016,PM10,6.2,µg/m3,2015-01-30 23:00:00 +01:00
7819,NL,STA-NL00016,PM10,5.9,µg/m3,2015-01-30 16:00:00 +01:00
7820,NL,STA-NL00016,PM10,12.9,µg/m3,2015-01-31 04:00:00 +01:00
7821,NL,STA-NL00016,PM10,12.7,µg/m3,2015-01-31 11:00:00 +01:00
7822,NL,STA-NL00016,PM10,11.2,µg/m3,2015-01-31 12:00:00 +01:00
7823,NL,STA-NL00016,PM10,16.5,µg/m3,2015-01-31 09:00:00 +01:00
7824,NL,STA-NL00016,PM10,13.7,µg/m3,2015-01-31 00:00:00 +01:00
7825,NL,STA-NL00016,PM10,15.0,µg/m3,2015-01-31 07:00:00 +01:00
7826,NL,STA-NL00016,PM10,7.8,µg/m3,2015-02-01 04:00:00 +01:00
7827,NL,STA-NL00016,PM10,6.8,µg/m3,2015-02-01 06:00:00 +01:00
7828,NL,STA-NL00016,PM10,10.6,µg/m3,2015-02-01 00:00:00 +01:00
7829,NL,STA-NL00016,PM10,7.4,µg/m3,2015-02-01 10:00:00 +01:00
7830,NL,STA-NL00016,PM10,15.5,µg/m3,2015-01-31 13:00:00 +01:00
7831,NL,STA-NL00016,PM10,5.4,µg/m3,2015-01-31 17:00:00 +01:00
7832,NL,STA-NL00016,PM10,4.8,µg/m3,2015-01-31 15:00:00 +01:00
7833,NL,STA-NL00016,PM10,13.2,µg/m3,2015-02-01 21:00:00 +01:00
7834,NL,STA-NL00016,PM10,3.4,µg/m3,2015-02-02 09:00:00 +01:00
7835,NL,STA-NL00016,PM10,8.9,µg/m3,2015-02-01 01:00:00 +01:00
7836,NL,STA-NL00016,PM10,7.8,µg/m3,2015-02-01 17:00:00 +01:00
7837,NL,STA-NL00016,PM10,12.7,µg/m3,2015-01-31 20:00:00 +01:00
7838,NL,STA-NL00016,PM10,8.5,µg/m3,2015-02-01 14:00:00 +01:00
7839,NL,STA-NL00016,PM10,11.9,µg/m3,2015-01-31 23:00:00 +01:00
7840,NL,STA-NL00016,PM10,28.7,µg/m3,2015-02-07 01:00:00 +01:00
7841,NL,STA-NL00016,PM10,28.3,µg/m3,2015-02-07 23:00:00 +01:00
7842,NL,STA-NL00016,PM10,24.1,µg/m3,2015-02-08 01:00:00 +01:00
7843,NL,STA-NL00016,PM10,25.2,µg/m3,2015-02-08 03:00:00 +01:00
7844,NL,STA-NL00016,PM10,5.3,µg/m3,2015-02-07 13:00:00 +01:00
7845,NL,STA-NL00016,PM10,30.2,µg/m3,2015-02-08 05:00:00 +01:00
7846,NL,STA-NL00016,PM10,31.5,µg/m3,2015-02-08 09:00:00 +01:00
7847,NL,STA-NL00016,PM10,13.0,µg/m3,2015-02-27 01:00:00 +01:00
7848,NL,STA-NL00016,PM10,6.9,µg/m3,2015-02-26 17:00:00 +01:00
7849,NL,STA-NL00016,PM10,22.4,µg/m3,2015-02-26 14:00:00 +01:00
7850,NL,STA-NL00016,PM10,5.0,µg/m3,2015-02-26 21:00:00 +01:00
7851,NL,STA-NL00016,PM10,26.9,µg/m3,2015-02-26 13:00:00 +01:00
7852,NL,STA-NL00016,PM10,35.9,µg/m3,2015-02-26 09:00:00 +01:00
7853,NL,STA-NL00016,PM10,43.1,µg/m3,2015-02-26 06:00:00 +01:00
7854,NL,STA-NL00016,PM10,-0.2,µg/m3,2015-02-24 20:00:00 +01:00
7855,NL,STA-NL00016,PM10,16.0,µg/m3,2015-02-24 17:00:00 +01:00
7859,NL,STA-NL00016,PM10,14.3,µg/m3,2015-02-25 04:00:00 +01:00
7860,NL,STA-NL00016,PM10,1.9,µg/m3,2015-02-24 21:00:00 +01:00
7861,NL,STA-NL00016,PM10,11.5,µg/m3,2015-02-25 14:00:00 +01:00
7862,NL,STA-NL00016,PM10,13.0,µg/m3,2015-02-25 13:00:00 +01:00
7863,NL,STA-NL00016,PM10,13.3,µg/m3,2015-02-25 02:00:00 +01:00
7864,NL,STA-NL00016,PM10,24.1,µg/m3,2015-02-28 01:00:00 +01:00
7865,NL,STA-NL00016,PM10,23.9,µg/m3,2015-02-27 23:00:00 +01:00
7866,NL,STA-NL00016,PM10,24.1,µg/m3,2015-02-28 07:00:00 +01:00
7867,NL,STA-NL00016,PM10,26.7,µg/m3,2015-02-28 13:00:00 +01:00
7868,NL,STA-NL00016,PM10,14.0,µg/m3,2015-02-28 15:00:00 +01:00
7869,NL,STA-NL00016,PM10,13.2,µg/m3,2015-02-28 17:00:00 +01:00
7870,NL,STA-NL00016,PM10,15.7,µg/m3,2015-02-27 14:00:00 +01:00
7871,NL,STA-NL00016,PM10,20.3,µg/m3,2015-02-27 13:00:00 +01:00
7872,NL,STA-NL00016,PM10,30.8,µg/m3,2015-02-27 09:00:00 +01:00
7873,NL,STA-NL00016,PM10,14.2,µg/m3,2015-02-27 15:00:00 +01:00
7874,NL,STA-NL00016,PM10,23.6,µg/m3,2015-02-27 10:00:00 +01:00
7875,NL,STA-NL00016,PM10,16.0,µg/m3,2015-02-27 02:00:00 +01:00
7876,NL,STA-NL00016,PM10,19.1,µg/m3,2015-02-28 03:00:00 +01:00
7877,NL,STA-NL00016,PM10,28.1,µg/m3,2015-02-28 09:00:00 +01:00
7878,NL,STA-NL00016,PM10,12.3,µg/m3,2015-02-27 17:00:00 +01:00
7879,NL,STA-NL00016,PM10,23.0,µg/m3,2015-02-28 02:00:00 +01:00
7880,NL,STA-NL00016,PM10,24.3,µg/m3,2015-02-28 05:00:00 +01:00
7881,NL,STA-NL00016,PM10,14.1,µg/m3,2015-02-27 05:00:00 +01:00
7882,NL,STA-NL00016,PM10,17.3,µg/m3,2015-03-01 11:00:00 +01:00
7883,NL,STA-NL00016,PM10,1.5,µg/m3,2015-03-01 05:00:00 +01:00
7884,NL,STA-NL00016,PM10,9.4,µg/m3,2015-03-01 02:00:00 +01:00
7885,NL,STA-NL00016,PM10,20.0,µg/m3,2015-02-27 21:00:00 +01:00
7886,NL,STA-NL00016,PM10,51.7,µg/m3,2015-02-17 03:00:00 +01:00
7887,NL,STA-NL00016,PM10,69.2,µg/m3,2015-02-16 23:00:00 +01:00
7888,NL,STA-NL00016,PM10,75.8,µg/m3,2015-02-17 08:00:00 +01:00
7889,NL,STA-NL00016,PM10,17.6,µg/m3,2015-02-17 11:00:00 +01:00
7890,NL,STA-NL00016,PM10,16.9,µg/m3,2015-02-17 12:00:00 +01:00
7891,NL,STA-NL00016,PM10,29.2,µg/m3,2015-02-17 20:00:00 +01:00
7892,NL,STA-NL00016,PM10,90.0,µg/m3,2015-02-16 16:00:00 +01:00
7893,NL,STA-NL00016,PM10,74.3,µg/m3,2015-02-16 15:00:00 +01:00
7894,NL,STA-NL00016,PM10,77.8,µg/m3,2015-02-16 07:00:00 +01:00
7895,NL,STA-NL00016,PM10,84.4,µg/m3,2015-02-16 08:00:00 +01:00
7898,NL,STA-NL00016,PM10,66.1,µg/m3,2015-02-15 23:00:00 +01:00
7899,NL,STA-NL00016,PM10,63.1,µg/m3,2015-02-15 20:00:00 +01:00
7900,NL,STA-NL00016,PM10,70.0,µg/m3,2015-02-16 03:00:00 +01:00
7901,NL,STA-NL00016,PM10,70.3,µg/m3,2015-02-16 00:00:00 +01:00
7909,NL,STA-NL00016,PM10,31.6,µg/m3,2015-02-08 19:00:00 +01:00
7910,NL,STA-NL00016,PM10,17.3,µg/m3,2015-02-09 01:00:00 +01:00
7911,NL,STA-NL00016,PM10,26.5,µg/m3,2015-02-08 22:00:00 +01:00
7912,NL,STA-NL00016,PM10,21.4,µg/m3,2015-02-08 23:00:00 +01:00
7913,NL,STA-NL00016,PM10,34.7,µg/m3,2015-02-08 17:00:00 +01:00
7914,NL,STA-NL00016,PM10,29.9,µg/m3,2015-02-08 11:00:00 +01:00
7915,NL,STA-NL00016,PM10,37.9,µg/m3,2015-02-08 13:00:00 +01:00
7916,NL,STA-NL00016,PM10,27.5,µg/m3,2015-02-08 15:00:00 +01:00
7917,NL,STA-NL00016,PM10,35.8,µg/m3,2015-02-08 07:00:00 +01:00
7918,NL,STA-NL00016,PM10,10.1,µg/m3,2015-02-09 23:00:00 +01:00
7919,NL,STA-NL00016,PM10,10.4,µg/m3,2015-02-09 19:00:00 +01:00
7920,NL,STA-NL00016,PM10,9.3,µg/m3,2015-02-10 03:00:00 +01:00
7921,NL,STA-NL00016,PM10,11.3,µg/m3,2015-02-09 17:00:00 +01:00
7922,NL,STA-NL00016,PM10,15.1,µg/m3,2015-02-09 09:00:00 +01:00
7923,NL,STA-NL00016,PM10,6.5,µg/m3,2015-02-10 17:00:00 +01:00
7924,NL,STA-NL00016,PM10,7.0,µg/m3,2015-02-09 05:00:00 +01:00
7925,NL,STA-NL00016,PM10,5.8,µg/m3,2015-02-10 07:00:00 +01:00
7926,NL,STA-NL00016,PM10,7.1,µg/m3,2015-02-10 13:00:00 +01:00
7927,NL,STA-NL00016,PM10,8.8,µg/m3,2015-02-10 01:00:00 +01:00
7928,NL,STA-NL00016,PM10,13.4,µg/m3,2015-02-10 23:00:00 +01:00
7929,NL,STA-NL00016,PM10,13.7,µg/m3,2015-02-10 10:00:00 +01:00
7930,NL,STA-NL00016,PM10,8.0,µg/m3,2015-02-11 08:00:00 +01:00
7931,NL,STA-NL00016,PM10,41.4,µg/m3,2015-02-11 19:00:00 +01:00
7932,NL,STA-NL00016,PM10,9.4,µg/m3,2015-02-09 21:00:00 +01:00
7933,NL,STA-NL00016,PM10,44.6,µg/m3,2015-02-11 22:00:00 +01:00
7934,NL,STA-NL00016,PM10,45.0,µg/m3,2015-02-12 07:00:00 +01:00
7935,NL,STA-NL00016,PM10,41.9,µg/m3,2015-02-12 10:00:00 +01:00
7936,NL,STA-NL00016,PM10,46.0,µg/m3,2015-02-12 08:00:00 +01:00
7937,NL,STA-NL00016,PM10,45.5,µg/m3,2015-02-12 14:00:00 +01:00
7938,NL,STA-NL00016,PM10,52.4,µg/m3,2015-02-12 16:00:00 +01:00
7939,NL,STA-NL00016,PM10,55.6,µg/m3,2015-02-13 07:00:00 +01:00
7940,NL,STA-NL00016,PM10,43.4,µg/m3,2015-02-12 18:00:00 +01:00
7941,NL,STA-NL00016,PM10,51.0,µg/m3,2015-02-12 20:00:00 +01:00
7942,NL,STA-NL00016,PM10,56.3,µg/m3,2015-02-13 08:00:00 +01:00
7943,NL,STA-NL00016,PM10,50.2,µg/m3,2015-02-12 19:00:00 +01:00
7944,NL,STA-NL00016,PM10,59.0,µg/m3,2015-02-13 03:00:00 +01:00
7945,NL,STA-NL00016,PM10,49.1,µg/m3,2015-02-13 02:00:00 +01:00
7946,NL,STA-NL00016,PM10,58.6,µg/m3,2015-02-13 04:00:00 +01:00
7947,NL,STA-NL00016,PM10,62.5,µg/m3,2015-02-13 06:00:00 +01:00
7948,NL,STA-NL00016,PM10,49.3,µg/m3,2015-02-12 15:00:00 +01:00
7949,NL,STA-NL00016,PM10,52.0,µg/m3,2015-02-13 00:00:00 +01:00
7950,NL,STA-NL00016,PM10,47.5,µg/m3,2015-02-12 23:00:00 +01:00
7951,NL,STA-NL00016,PM10,20.0,µg/m3,2015-02-18 15:00:00 +01:00
7952,NL,STA-NL00016,PM10,25.8,µg/m3,2015-02-17 19:00:00 +01:00
7953,NL,STA-NL00016,PM10,31.5,µg/m3,2015-02-19 04:00:00 +01:00
7954,NL,STA-NL00016,PM10,40.2,µg/m3,2015-02-19 11:00:00 +01:00
7955,NL,STA-NL00016,PM10,37.4,µg/m3,2015-02-19 07:00:00 +01:00
7956,NL,STA-NL00016,PM10,38.0,µg/m3,2015-02-19 23:00:00 +01:00
7957,NL,STA-NL00016,PM10,29.6,µg/m3,2015-02-20 00:00:00 +01:00
7958,NL,STA-NL00016,PM10,36.9,µg/m3,2015-02-19 19:00:00 +01:00
7959,NL,STA-NL00016,PM10,31.6,µg/m3,2015-02-19 20:00:00 +01:00
7960,NL,STA-NL00016,PM10,18.6,µg/m3,2015-02-20 07:00:00 +01:00
7961,NL,STA-NL00016,PM10,28.8,µg/m3,2015-02-20 03:00:00 +01:00
7962,NL,STA-NL00016,PM10,25.0,µg/m3,2015-02-20 04:00:00 +01:00
7963,NL,STA-NL00016,PM10,9.4,µg/m3,2015-02-20 16:00:00 +01:00
7964,NL,STA-NL00016,PM10,11.9,µg/m3,2015-02-20 11:00:00 +01:00
7965,NL,STA-NL00016,PM10,7.8,µg/m3,2015-02-21 04:00:00 +01:00
7966,NL,STA-NL00016,PM10,8.0,µg/m3,2015-02-20 19:00:00 +01:00
7968,NL,STA-NL00016,PM10,15.9,µg/m3,2015-02-22 11:00:00 +01:00
7969,NL,STA-NL00016,PM10,17.7,µg/m3,2015-02-22 21:00:00 +01:00
7970,NL,STA-NL00016,PM10,9.2,µg/m3,2015-02-22 16:00:00 +01:00
7971,NL,STA-NL00016,PM10,14.3,µg/m3,2015-02-22 17:00:00 +01:00
7976,NL,STA-NL00016,PM10,10.0,µg/m3,2015-02-21 07:00:00 +01:00
7977,NL,STA-NL00016,PM10,7.2,µg/m3,2015-02-21 15:00:00 +01:00
7978,NL,STA-NL00016,PM10,2.4,µg/m3,2015-02-21 11:00:00 +01:00
7979,NL,STA-NL00016,PM10,5.2,µg/m3,2015-02-21 23:00:00 +01:00
7980,NL,STA-NL00016,PM10,35.0,µg/m3,2015-04-08 01:00:00 +01:00
7981,NL,STA-NL00016,PM10,32.0,µg/m3,2015-04-07 22:00:00 +01:00
7982,NL,STA-NL00016,PM10,25.3,µg/m3,2015-04-07 20:00:00 +01:00
7983,NL,STA-NL00016,PM10,20.5,µg/m3,2015-04-07 14:00:00 +01:00
7984,NL,STA-NL00016,PM10,31.0,µg/m3,2015-04-07 05:00:00 +01:00
7985,NL,STA-NL00016,PM10,37.7,µg/m3,2015-04-07 08:00:00 +01:00
7986,NL,STA-NL00016,PM10,22.4,µg/m3,2015-04-07 02:00:00 +01:00
7987,NL,STA-NL00016,PM10,17.3,µg/m3,2015-04-07 12:00:00 +01:00
7988,NL,STA-NL00016,PM10,13.1,µg/m3,2015-04-07 09:00:00 +01:00
7989,NL,STA-NL00016,PM10,14.6,µg/m3,2015-04-07 18:00:00 +01:00
7990,NL,STA-NL00016,PM10,12.9,µg/m3,2015-04-08 18:00:00 +01:00
7991,NL,STA-NL00016,PM10,9.5,µg/m3,2015-04-08 17:00:00 +01:00
7992,NL,STA-NL00016,PM10,25.7,µg/m3,2015-04-08 13:00:00 +01:00
7993,NL,STA-NL00016,PM10,23.2,µg/m3,2015-04-08 02:00:00 +01:00
7994,NL,STA-NL00016,PM10,31.4,µg/m3,2015-04-08 06:00:00 +01:00
7995,NL,STA-NL00016,PM10,16.4,µg/m3,2015-04-09 01:00:00 +01:00
7996,NL,STA-NL00016,PM10,35.7,µg/m3,2015-04-07 06:00:00 +01:00
7997,NL,STA-NL00016,PM10,33.5,µg/m3,2015-04-09 06:00:00 +01:00
7998,NL,STA-NL00016,PM10,14.4,µg/m3,2015-04-08 22:00:00 +01:00
7999,NL,STA-NL00016,PM10,7.7,µg/m3,2015-04-04 17:00:00 +01:00
8000,NL,STA-NL00016,PM10,5.2,µg/m3,2015-04-04 12:00:00 +01:00
8001,NL,STA-NL00016,PM10,9.3,µg/m3,2015-04-04 11:00:00 +01:00
8002,NL,STA-NL00016,PM10,9.5,µg/m3,2015-04-04 04:00:00 +01:00
8003,NL,STA-NL00016,PM10,6.4,µg/m3,2015-04-04 07:00:00 +01:00
8004,NL,STA-NL00016,PM10,7.0,µg/m3,2015-04-04 20:00:00 +01:00
8005,NL,STA-NL00016,PM10,8.3,µg/m3,2015-04-06 03:00:00 +01:00
8006,NL,STA-NL00016,PM10,8.3,µg/m3,2015-04-05 23:00:00 +01:00
8007,NL,STA-NL00016,PM10,16.3,µg/m3,2015-04-05 01:00:00 +01:00
8008,NL,STA-NL00016,PM10,3.6,µg/m3,2015-04-05 15:00:00 +01:00
8009,NL,STA-NL00016,PM10,16.3,µg/m3,2015-04-05 07:00:00 +01:00
8010,NL,STA-NL00016,PM10,8.7,µg/m3,2015-04-06 00:00:00 +01:00
8011,NL,STA-NL00016,PM10,7.3,µg/m3,2015-04-05 11:00:00 +01:00
8012,NL,STA-NL00016,PM10,3.7,µg/m3,2015-04-05 17:00:00 +01:00
8013,NL,STA-NL00016,PM10,12.5,µg/m3,2015-04-05 05:00:00 +01:00
8014,NL,STA-NL00016,PM10,21.5,µg/m3,2015-04-07 04:00:00 +01:00
8015,NL,STA-NL00016,PM10,-1.8,µg/m3,2015-04-06 15:00:00 +01:00
8016,NL,STA-NL00016,PM10,16.0,µg/m3,2015-04-07 01:00:00 +01:00
8017,NL,STA-NL00016,PM10,7.6,µg/m3,2015-04-06 20:00:00 +01:00
8018,NL,STA-NL00016,PM10,12.4,µg/m3,2015-04-07 00:00:00 +01:00
8019,NL,STA-NL00016,PM10,9.1,µg/m3,2015-04-05 09:00:00 +01:00
8020,NL,STA-NL00016,PM10,6.2,µg/m3,2015-04-05 19:00:00 +01:00
8021,NL,STA-NL00016,PM10,25.6,µg/m3,2015-04-05 03:00:00 +01:00
8022,NL,STA-NL00016,PM10,5.9,µg/m3,2015-04-06 05:00:00 +01:00
8023,NL,STA-NL00016,PM10,6.6,µg/m3,2015-04-05 13:00:00 +01:00
8024,NL,STA-NL00016,PM10,4.8,µg/m3,2015-04-06 12:00:00 +01:00
8025,NL,STA-NL00016,PM10,6.4,µg/m3,2015-04-06 07:00:00 +01:00
8026,NL,STA-NL00016,PM10,53.7,µg/m3,2015-04-10 06:00:00 +01:00
8027,NL,STA-NL00016,PM10,28.3,µg/m3,2015-04-09 21:00:00 +01:00
8028,NL,STA-NL00016,PM10,28.2,µg/m3,2015-04-09 22:00:00 +01:00
8029,NL,STA-NL00016,PM10,27.3,µg/m3,2015-04-09 13:00:00 +01:00
8030,NL,STA-NL00016,PM10,24.8,µg/m3,2015-04-01 12:00:00 +01:00
8031,NL,STA-NL00016,PM10,19.1,µg/m3,2015-04-01 15:00:00 +01:00
8033,NL,STA-NL00016,PM10,12.6,µg/m3,2015-04-01 06:00:00 +01:00
8034,NL,STA-NL00016,PM10,14.4,µg/m3,2015-04-01 07:00:00 +01:00
8035,NL,STA-NL00016,PM10,20.2,µg/m3,2015-04-01 04:00:00 +01:00
8036,NL,STA-NL00016,PM10,13.6,µg/m3,2015-04-01 02:00:00 +01:00
8037,NL,STA-NL00016,PM10,17.7,µg/m3,2015-04-02 12:00:00 +01:00
8038,NL,STA-NL00016,PM10,12.4,µg/m3,2015-04-02 08:00:00 +01:00
8039,NL,STA-NL00016,PM10,9.7,µg/m3,2015-04-02 11:00:00 +01:00
8040,NL,STA-NL00016,PM10,8.6,µg/m3,2015-04-02 03:00:00 +01:00
8041,NL,STA-NL00016,PM10,12.1,µg/m3,2015-03-30 20:00:00 +01:00
8042,NL,STA-NL00016,PM10,12.0,µg/m3,2015-04-02 07:00:00 +01:00
8043,NL,STA-NL00016,PM10,19.1,µg/m3,2015-04-03 19:00:00 +01:00
8044,NL,STA-NL00016,PM10,16.6,µg/m3,2015-04-03 08:00:00 +01:00
8045,NL,STA-NL00016,PM10,15.0,µg/m3,2015-04-03 11:00:00 +01:00
8046,NL,STA-NL00016,PM10,9.6,µg/m3,2015-04-04 03:00:00 +01:00
8047,NL,STA-NL00016,PM10,16.5,µg/m3,2015-04-03 16:00:00 +01:00
8048,NL,STA-NL00016,PM10,13.0,µg/m3,2015-04-03 03:00:00 +01:00
8049,NL,STA-NL00016,PM10,18.9,µg/m3,2015-04-03 07:00:00 +01:00
8050,NL,STA-NL00016,PM10,14.3,µg/m3,2015-04-02 23:00:00 +01:00
8051,NL,STA-NL00016,PM10,13.6,µg/m3,2015-03-31 04:00:00 +01:00
8052,NL,STA-NL00016,PM10,17.3,µg/m3,2015-03-30 11:00:00 +01:00
8053,NL,STA-NL00016,PM10,14.1,µg/m3,2015-03-30 13:00:00 +01:00
8054,NL,STA-NL00016,PM10,6.9,µg/m3,2015-03-30 15:00:00 +01:00
8055,NL,STA-NL00016,PM10,8.4,µg/m3,2015-03-30 18:00:00 +01:00
8056,NL,STA-NL00016,PM10,4.9,µg/m3,2015-03-30 14:00:00 +01:00
8057,NL,STA-NL00016,PM10,13.4,µg/m3,2015-03-31 10:00:00 +01:00
8058,NL,STA-NL00016,PM10,10.1,µg/m3,2015-03-30 19:00:00 +01:00
8059,NL,STA-NL00016,PM10,1.8,µg/m3,2015-03-31 02:00:00 +01:00
8060,NL,STA-NL00016,PM10,11.8,µg/m3,2015-03-31 23:00:00 +01:00
8061,NL,STA-NL00016,PM10,9.0,µg/m3,2015-03-31 16:00:00 +01:00
8062,NL,STA-NL00016,PM10,9.0,µg/m3,2015-03-28 13:00:00 +01:00
8063,NL,STA-NL00016,PM10,5.7,µg/m3,2015-03-28 17:00:00 +01:00
8064,NL,STA-NL00016,PM10,5.1,µg/m3,2015-03-28 18:00:00 +01:00
8065,NL,STA-NL00016,PM10,10.4,µg/m3,2015-03-28 14:00:00 +01:00
8066,NL,STA-NL00016,PM10,25.4,µg/m3,2015-03-28 05:00:00 +01:00
8067,NL,STA-NL00016,PM10,23.1,µg/m3,2015-03-29 01:00:00 +01:00
8068,NL,STA-NL00016,PM10,17.7,µg/m3,2015-03-29 02:00:00 +01:00
8069,NL,STA-NL00016,PM10,21.7,µg/m3,2015-03-29 07:00:00 +01:00
8070,NL,STA-NL00016,PM10,18.6,µg/m3,2015-03-29 06:00:00 +01:00
8071,NL,STA-NL00016,PM10,8.9,µg/m3,2015-03-29 11:00:00 +01:00
8072,NL,STA-NL00016,PM10,6.5,µg/m3,2015-03-29 18:00:00 +01:00
8073,NL,STA-NL00016,PM10,6.8,µg/m3,2015-03-29 22:00:00 +01:00
8074,NL,STA-NL00016,PM10,6.7,µg/m3,2015-03-30 02:00:00 +01:00
8075,NL,STA-NL00016,PM10,5.6,µg/m3,2015-03-30 01:00:00 +01:00
8076,NL,STA-NL00016,PM10,8.5,µg/m3,2015-03-30 05:00:00 +01:00
8077,NL,STA-NL00016,PM10,6.3,µg/m3,2015-03-30 03:00:00 +01:00
8078,NL,STA-NL00016,PM10,23.2,µg/m3,2015-03-28 09:00:00 +01:00
8079,NL,STA-NL00016,PM10,0.4,µg/m3,2015-03-29 14:00:00 +01:00
8080,NL,STA-NL00016,PM10,10.2,µg/m3,2015-03-29 10:00:00 +01:00
8081,NL,STA-NL00016,PM10,5.7,µg/m3,2015-03-29 23:00:00 +01:00
8082,NL,STA-NL00016,PM10,4.3,µg/m3,2015-03-29 15:00:00 +01:00
8083,NL,STA-NL00016,PM10,37.0,µg/m3,2015-03-23 11:00:00 +01:00
8084,NL,STA-NL00016,PM10,37.0,µg/m3,2015-03-23 07:00:00 +01:00
8085,NL,STA-NL00016,PM10,3.8,µg/m3,2015-03-21 20:00:00 +01:00
8086,NL,STA-NL00016,PM10,18.3,µg/m3,2015-03-23 16:00:00 +01:00
8087,NL,STA-NL00016,PM10,20.0,µg/m3,2015-03-23 15:00:00 +01:00
8088,NL,STA-NL00016,PM10,31.2,µg/m3,2015-03-24 00:00:00 +01:00
8089,NL,STA-NL00016,PM10,42.5,µg/m3,2015-03-24 07:00:00 +01:00
8090,NL,STA-NL00016,PM10,40.7,µg/m3,2015-03-24 12:00:00 +01:00
8091,NL,STA-NL00016,PM10,3.7,µg/m3,2015-03-22 16:00:00 +01:00
8092,NL,STA-NL00016,PM10,10.5,µg/m3,2015-03-22 23:00:00 +01:00
8093,NL,STA-NL00016,PM10,3.1,µg/m3,2015-03-22 11:00:00 +01:00
8094,NL,STA-NL00016,PM10,-1.2,µg/m3,2015-03-22 07:00:00 +01:00
8095,NL,STA-NL00016,PM10,4.2,µg/m3,2015-03-22 20:00:00 +01:00
8096,NL,STA-NL00016,PM10,16.2,µg/m3,2015-03-23 04:00:00 +01:00
8097,NL,STA-NL00016,PM10,40.1,µg/m3,2015-03-23 08:00:00 +01:00
8098,NL,STA-NL00016,PM10,15.9,µg/m3,2015-03-23 00:00:00 +01:00
8099,NL,STA-NL00016,PM10,8.5,µg/m3,2015-03-21 08:00:00 +01:00
8100,NL,STA-NL00016,PM10,20.7,µg/m3,2015-03-23 03:00:00 +01:00
8101,NL,STA-NL00016,PM10,6.7,µg/m3,2015-03-21 19:00:00 +01:00
8102,NL,STA-NL00016,PM10,41.8,µg/m3,2015-03-20 12:00:00 +01:00
8103,NL,STA-NL00016,PM10,60.7,µg/m3,2015-03-19 20:00:00 +01:00
8104,NL,STA-NL00016,PM10,41.2,µg/m3,2015-03-20 15:00:00 +01:00
8105,NL,STA-NL00016,PM10,42.0,µg/m3,2015-03-20 08:00:00 +01:00
8106,NL,STA-NL00016,PM10,34.5,µg/m3,2015-03-20 19:00:00 +01:00
8107,NL,STA-NL00016,PM10,27.4,µg/m3,2015-03-20 23:00:00 +01:00
8108,NL,STA-NL00016,PM10,41.9,µg/m3,2015-03-19 23:00:00 +01:00
8109,NL,STA-NL00016,PM10,45.4,µg/m3,2015-03-20 00:00:00 +01:00
8110,NL,STA-NL00016,PM10,37.5,µg/m3,2015-03-20 16:00:00 +01:00
8111,NL,STA-NL00016,PM10,32.3,µg/m3,2015-03-20 04:00:00 +01:00
8112,NL,STA-NL00016,PM10,6.3,µg/m3,2015-03-21 23:00:00 +01:00
8113,NL,STA-NL00016,PM10,36.3,µg/m3,2015-03-24 21:00:00 +01:00
8114,NL,STA-NL00016,PM10,24.6,µg/m3,2015-03-25 14:00:00 +01:00
8115,NL,STA-NL00016,PM10,27.6,µg/m3,2015-03-25 12:00:00 +01:00
8116,NL,STA-NL00016,PM10,41.1,µg/m3,2015-03-25 08:00:00 +01:00
8117,NL,STA-NL00016,PM10,33.2,µg/m3,2015-03-25 07:00:00 +01:00
8118,NL,STA-NL00016,PM10,19.9,µg/m3,2015-03-25 01:00:00 +01:00
8119,NL,STA-NL00016,PM10,12.0,µg/m3,2015-03-25 17:00:00 +01:00
8120,NL,STA-NL00016,PM10,9.4,µg/m3,2015-03-26 06:00:00 +01:00
8121,NL,STA-NL00016,PM10,5.6,µg/m3,2015-03-26 05:00:00 +01:00
8122,NL,STA-NL00016,PM10,16.0,µg/m3,2015-03-26 14:00:00 +01:00
8123,NL,STA-NL00016,PM10,5.6,µg/m3,2015-03-26 00:00:00 +01:00
8124,NL,STA-NL00016,PM10,10.4,µg/m3,2015-03-25 20:00:00 +01:00
8125,NL,STA-NL00016,PM10,13.4,µg/m3,2015-03-26 02:00:00 +01:00
8126,NL,STA-NL00016,PM10,11.9,µg/m3,2015-03-25 18:00:00 +01:00
8127,NL,STA-NL00016,PM10,50.5,µg/m3,2015-03-24 08:00:00 +01:00
8128,NL,STA-NL00016,PM10,43.6,µg/m3,2015-03-24 09:00:00 +01:00
8129,NL,STA-NL00016,PM10,38.3,µg/m3,2015-03-24 13:00:00 +01:00
8130,NL,STA-NL00016,PM10,34.0,µg/m3,2015-03-24 04:00:00 +01:00
8131,NL,STA-NL00016,PM10,12.7,µg/m3,2015-03-25 04:00:00 +01:00
8132,NL,STA-NL00016,PM10,11.1,µg/m3,2015-03-25 03:00:00 +01:00
8133,NL,STA-NL00016,PM10,38.4,µg/m3,2015-03-24 23:00:00 +01:00
8134,NL,STA-NL00016,PM10,30.4,µg/m3,2015-03-24 20:00:00 +01:00
8135,NL,STA-NL00016,PM10,28.1,µg/m3,2015-03-25 05:00:00 +01:00
8136,NL,STA-NL00016,PM10,29.1,µg/m3,2015-03-24 19:00:00 +01:00
8137,NL,STA-NL00016,PM10,19.4,µg/m3,2015-03-26 13:00:00 +01:00
8138,NL,STA-NL00016,PM10,6.7,µg/m3,2015-03-26 18:00:00 +01:00
8139,NL,STA-NL00016,PM10,19.1,µg/m3,2015-03-27 02:00:00 +01:00
8140,NL,STA-NL00016,PM10,26.5,µg/m3,2015-03-26 09:00:00 +01:00
8141,NL,STA-NL00016,PM10,6.1,µg/m3,2015-03-26 17:00:00 +01:00
8142,NL,STA-NL00016,PM10,30.5,µg/m3,2015-03-26 10:00:00 +01:00
8143,NL,STA-NL00016,PM10,3.2,µg/m3,2015-03-26 21:00:00 +01:00
8144,NL,STA-NL00016,PM10,7.8,µg/m3,2015-03-26 01:00:00 +01:00
8145,NL,STA-NL00016,PM10,18.2,µg/m3,2015-03-27 22:00:00 +01:00
8146,NL,STA-NL00016,PM10,22.3,µg/m3,2015-03-27 21:00:00 +01:00
8147,NL,STA-NL00016,PM10,20.9,µg/m3,2015-03-27 17:00:00 +01:00
8148,NL,STA-NL00016,PM10,17.5,µg/m3,2015-03-27 14:00:00 +01:00
8149,NL,STA-NL00016,PM10,20.1,µg/m3,2015-03-27 13:00:00 +01:00
8150,NL,STA-NL00016,PM10,10.7,µg/m3,2015-03-27 10:00:00 +01:00
8151,NL,STA-NL00016,PM10,9.7,µg/m3,2015-03-27 06:00:00 +01:00
8152,NL,STA-NL00016,PM10,9.3,µg/m3,2015-03-27 09:00:00 +01:00
8153,NL,STA-NL00016,PM10,9.4,µg/m3,2015-03-09 12:00:00 +01:00
8154,NL,STA-NL00016,PM10,8.0,µg/m3,2015-03-09 16:00:00 +01:00
8155,NL,STA-NL00016,PM10,7.9,µg/m3,2015-03-09 15:00:00 +01:00
8156,NL,STA-NL00016,PM10,10.9,µg/m3,2015-03-09 00:00:00 +01:00
8157,NL,STA-NL00016,PM10,15.1,µg/m3,2015-03-09 08:00:00 +01:00
8158,NL,STA-NL00016,PM10,15.7,µg/m3,2015-03-09 04:00:00 +01:00
8159,NL,STA-NL00016,PM10,12.5,µg/m3,2015-03-08 23:00:00 +01:00
8160,NL,STA-NL00016,PM10,20.5,µg/m3,2015-03-10 16:00:00 +01:00
8161,NL,STA-NL00016,PM10,22.1,µg/m3,2015-03-10 20:00:00 +01:00
8162,NL,STA-NL00016,PM10,30.6,µg/m3,2015-03-10 08:00:00 +01:00
8163,NL,STA-NL00016,PM10,13.3,µg/m3,2015-03-10 00:00:00 +01:00
8164,NL,STA-NL00016,PM10,8.2,µg/m3,2015-03-09 07:00:00 +01:00
8166,NL,STA-NL00016,PM10,28.0,µg/m3,2015-03-08 16:00:00 +01:00
8167,NL,STA-NL00016,PM10,1.4,µg/m3,2015-03-09 02:00:00 +01:00
8168,NL,STA-NL00016,PM10,25.1,µg/m3,2015-03-06 21:00:00 +01:00
8169,NL,STA-NL00016,PM10,30.9,µg/m3,2015-03-08 10:00:00 +01:00
8170,NL,STA-NL00016,PM10,17.6,µg/m3,2015-03-08 18:00:00 +01:00
8171,NL,STA-NL00016,PM10,21.6,µg/m3,2015-03-06 22:00:00 +01:00
8172,NL,STA-NL00016,PM10,37.0,µg/m3,2015-03-08 14:00:00 +01:00
8173,NL,STA-NL00016,PM10,27.6,µg/m3,2015-03-08 06:00:00 +01:00
8174,NL,STA-NL00016,PM10,30.8,µg/m3,2015-03-08 02:00:00 +01:00
8180,NL,STA-NL00016,PM10,7.9,µg/m3,2015-03-06 13:00:00 +01:00
8182,NL,STA-NL00016,PM10,13.8,µg/m3,2015-03-06 18:00:00 +01:00
8183,NL,STA-NL00016,PM10,9.3,µg/m3,2015-03-06 17:00:00 +01:00
8184,NL,STA-NL00016,PM10,4.5,µg/m3,2015-03-01 23:00:00 +01:00
8185,NL,STA-NL00016,PM10,5.4,µg/m3,2015-03-02 20:00:00 +01:00
8186,NL,STA-NL00016,PM10,15.1,µg/m3,2015-03-02 07:00:00 +01:00
8187,NL,STA-NL00016,PM10,17.2,µg/m3,2015-03-01 21:00:00 +01:00
8188,NL,STA-NL00016,PM10,14.6,µg/m3,2015-03-01 13:00:00 +01:00
8189,NL,STA-NL00016,PM10,13.8,µg/m3,2015-03-01 22:00:00 +01:00
8190,NL,STA-NL00016,PM10,10.3,µg/m3,2015-03-02 03:00:00 +01:00
8191,NL,STA-NL00016,PM10,16.8,µg/m3,2015-03-03 08:00:00 +01:00
8192,NL,STA-NL00016,PM10,14.9,µg/m3,2015-03-03 07:00:00 +01:00
8193,NL,STA-NL00016,PM10,6.8,µg/m3,2015-03-03 12:00:00 +01:00
8194,NL,STA-NL00016,PM10,6.2,µg/m3,2015-03-03 10:00:00 +01:00
8195,NL,STA-NL00016,PM10,3.7,µg/m3,2015-03-03 15:00:00 +01:00
8196,NL,STA-NL00016,PM10,5.8,µg/m3,2015-03-03 16:00:00 +01:00
8197,NL,STA-NL00016,PM10,8.2,µg/m3,2015-03-03 23:00:00 +01:00
8198,NL,STA-NL00016,PM10,8.3,µg/m3,2015-03-03 19:00:00 +01:00
8199,NL,STA-NL00016,PM10,9.4,µg/m3,2015-03-05 18:00:00 +01:00
8200,NL,STA-NL00016,PM10,18.9,µg/m3,2015-03-06 06:00:00 +01:00
8201,NL,STA-NL00016,PM10,21.2,µg/m3,2015-03-05 08:00:00 +01:00
8202,NL,STA-NL00016,PM10,18.9,µg/m3,2015-03-05 04:00:00 +01:00
8203,NL,STA-NL00016,PM10,13.8,µg/m3,2015-03-05 07:00:00 +01:00
8204,NL,STA-NL00016,PM10,26.4,µg/m3,2015-03-05 00:00:00 +01:00
8205,NL,STA-NL00016,PM10,24.7,µg/m3,2015-03-05 03:00:00 +01:00
8206,NL,STA-NL00016,PM10,20.2,µg/m3,2015-03-05 22:00:00 +01:00
8207,NL,STA-NL00016,PM10,21.0,µg/m3,2015-03-05 12:00:00 +01:00
8208,NL,STA-NL00016,PM10,10.7,µg/m3,2015-03-03 20:00:00 +01:00
8209,NL,STA-NL00016,PM10,14.0,µg/m3,2015-03-04 07:00:00 +01:00
8210,NL,STA-NL00016,PM10,13.8,µg/m3,2015-03-04 12:00:00 +01:00
8211,NL,STA-NL00016,PM10,29.4,µg/m3,2015-03-04 20:00:00 +01:00
8212,NL,STA-NL00016,PM10,12.7,µg/m3,2015-03-04 08:00:00 +01:00
8213,NL,STA-NL00016,PM10,33.3,µg/m3,2015-03-14 16:00:00 +01:00
8214,NL,STA-NL00016,PM10,21.7,µg/m3,2015-03-14 20:00:00 +01:00
8215,NL,STA-NL00016,PM10,22.2,µg/m3,2015-03-15 00:00:00 +01:00
8216,NL,STA-NL00016,PM10,18.0,µg/m3,2015-03-15 07:00:00 +01:00
8217,NL,STA-NL00016,PM10,30.5,µg/m3,2015-03-15 12:00:00 +01:00
8218,NL,STA-NL00016,PM10,21.2,µg/m3,2015-03-14 06:00:00 +01:00
8219,NL,STA-NL00016,PM10,20.5,µg/m3,2015-03-13 09:00:00 +01:00
8220,NL,STA-NL00016,PM10,15.5,µg/m3,2015-03-13 19:00:00 +01:00
8222,NL,STA-NL00016,PM10,5.4,µg/m3,2015-03-13 21:00:00 +01:00
8223,NL,STA-NL00016,PM10,23.7,µg/m3,2015-03-14 10:00:00 +01:00
8224,NL,STA-NL00016,PM10,23.5,µg/m3,2015-03-14 19:00:00 +01:00
8225,NL,STA-NL00016,PM10,29.4,µg/m3,2015-03-14 12:00:00 +01:00
8226,NL,STA-NL00016,PM10,12.7,µg/m3,2015-03-13 15:00:00 +01:00
8227,NL,STA-NL00016,PM10,14.0,µg/m3,2015-03-14 02:00:00 +01:00
8228,NL,STA-NL00016,PM10,12.5,µg/m3,2015-03-13 14:00:00 +01:00
8229,NL,STA-NL00016,PM10,15.1,µg/m3,2015-03-14 01:00:00 +01:00
8230,NL,STA-NL00016,PM10,19.1,µg/m3,2015-03-13 18:00:00 +01:00
8231,NL,STA-NL00016,PM10,18.3,µg/m3,2015-03-14 07:00:00 +01:00
8232,NL,STA-NL00016,PM10,24.9,µg/m3,2015-03-13 10:00:00 +01:00
8233,NL,STA-NL00016,PM10,28.1,µg/m3,2015-03-13 06:00:00 +01:00
8235,NL,STA-NL00016,PM10,43.6,µg/m3,2015-03-12 09:00:00 +01:00
8236,NL,STA-NL00016,PM10,11.1,µg/m3,2015-03-12 04:00:00 +01:00
8237,NL,STA-NL00016,PM10,22.8,µg/m3,2015-03-13 02:00:00 +01:00
8238,NL,STA-NL00016,PM10,11.1,µg/m3,2015-03-11 19:00:00 +01:00
8239,NL,STA-NL00016,PM10,24.3,µg/m3,2015-03-12 12:00:00 +01:00
8240,NL,STA-NL00016,PM10,16.6,µg/m3,2015-03-11 07:00:00 +01:00
8241,NL,STA-NL00016,PM10,17.8,µg/m3,2015-03-12 05:00:00 +01:00
8242,NL,STA-NL00016,PM10,16.1,µg/m3,2015-03-11 23:00:00 +01:00
8243,NL,STA-NL00016,PM10,13.3,µg/m3,2015-03-12 00:00:00 +01:00
8244,NL,STA-NL00016,PM10,13.2,µg/m3,2015-03-12 17:00:00 +01:00
8245,NL,STA-NL00016,PM10,35.3,µg/m3,2015-03-12 07:00:00 +01:00
8246,NL,STA-NL00016,PM10,14.2,µg/m3,2015-03-12 16:00:00 +01:00
8247,NL,STA-NL00016,PM10,8.0,µg/m3,2015-03-12 18:00:00 +01:00
8248,NL,STA-NL00016,PM10,10.1,µg/m3,2015-03-12 20:00:00 +01:00
8249,NL,STA-NL00016,PM10,10.2,µg/m3,2015-03-12 22:00:00 +01:00
8250,NL,STA-NL00016,PM10,20.2,µg/m3,2015-03-11 08:00:00 +01:00
8251,NL,STA-NL00016,PM10,6.4,µg/m3,2015-03-11 05:00:00 +01:00
8252,NL,STA-NL00016,PM10,8.6,µg/m3,2015-03-11 15:00:00 +01:00
8253,NL,STA-NL00016,PM10,20.4,µg/m3,2015-03-10 12:00:00 +01:00
8254,NL,STA-NL00016,PM10,38.5,µg/m3,2015-03-11 04:00:00 +01:00
8255,NL,STA-NL00016,PM10,26.8,µg/m3,2015-03-10 07:00:00 +01:00
8256,NL,STA-NL00016,PM10,26.2,µg/m3,2015-03-11 03:00:00 +01:00
8257,NL,STA-NL00016,PM10,25.4,µg/m3,2015-03-11 00:00:00 +01:00
8258,NL,STA-NL00016,PM10,44.0,µg/m3,2015-03-19 02:00:00 +01:00
8259,NL,STA-NL00016,PM10,58.2,µg/m3,2015-03-19 09:00:00 +01:00
8260,NL,STA-NL00016,PM10,58.8,µg/m3,2015-03-19 10:00:00 +01:00
8261,NL,STA-NL00016,PM10,78.0,µg/m3,2015-03-19 07:00:00 +01:00
8262,NL,STA-NL00016,PM10,59.0,µg/m3,2015-03-19 11:00:00 +01:00
8263,NL,STA-NL00016,PM10,63.5,µg/m3,2015-03-18 18:00:00 +01:00
8264,NL,STA-NL00016,PM10,51.9,µg/m3,2015-03-19 14:00:00 +01:00
8265,NL,STA-NL00016,PM10,58.7,µg/m3,2015-03-20 02:00:00 +01:00
8266,NL,STA-NL00016,PM10,48.8,µg/m3,2015-03-19 15:00:00 +01:00
8267,NL,STA-NL00016,PM10,72.3,µg/m3,2015-03-19 18:00:00 +01:00
8268,NL,STA-NL00016,PM10,52.9,µg/m3,2015-03-18 09:00:00 +01:00
8269,NL,STA-NL00016,PM10,62.4,µg/m3,2015-03-18 21:00:00 +01:00
8270,NL,STA-NL00016,PM10,52.0,µg/m3,2015-03-18 06:00:00 +01:00
8271,NL,STA-NL00016,PM10,57.3,µg/m3,2015-03-17 22:00:00 +01:00
8272,NL,STA-NL00016,PM10,48.3,µg/m3,2015-03-17 02:00:00 +01:00
8273,NL,STA-NL00016,PM10,78.1,µg/m3,2015-03-17 10:00:00 +01:00
8274,NL,STA-NL00016,PM10,43.5,µg/m3,2015-03-16 14:00:00 +01:00
8275,NL,STA-NL00016,PM10,50.9,µg/m3,2015-03-17 00:00:00 +01:00
8276,NL,STA-NL00016,PM10,45.9,µg/m3,2015-03-16 21:00:00 +01:00
8277,NL,STA-NL00016,PM10,50.9,µg/m3,2015-03-16 22:00:00 +01:00
8278,NL,STA-NL00016,PM10,41.3,µg/m3,2015-03-16 13:00:00 +01:00
8279,NL,STA-NL00016,PM10,38.8,µg/m3,2015-03-16 18:00:00 +01:00
8280,NL,STA-NL00016,PM10,13.5,µg/m3,2015-03-15 20:00:00 +01:00
8281,NL,STA-NL00016,PM10,20.2,µg/m3,2015-03-15 08:00:00 +01:00
8282,NL,STA-NL00016,PM10,24.7,µg/m3,2015-03-14 14:00:00 +01:00
8283,NL,STA-NL00016,PM10,27.2,µg/m3,2015-03-15 04:00:00 +01:00
8284,NL,STA-NL00016,PM10,17.0,µg/m3,2015-03-15 15:00:00 +01:00
8285,NL,STA-NL00016,PM10,30.4,µg/m3,2015-03-16 08:00:00 +01:00
8286,NL,STA-NL00016,PM10,20.2,µg/m3,2015-03-15 16:00:00 +01:00
8287,NL,STA-NL00016,PM10,13.4,µg/m3,2015-03-15 23:00:00 +01:00
8288,NL,STA-NL00016,PM10,26.6,µg/m3,2015-04-12 06:00:00 +01:00
8289,NL,STA-NL00016,PM10,17.8,µg/m3,2015-04-12 08:00:00 +01:00
8290,NL,STA-NL00016,PM10,28.6,µg/m3,2015-04-12 07:00:00 +01:00
8291,NL,STA-NL00016,PM10,14.1,µg/m3,2015-04-12 15:00:00 +01:00
8292,NL,STA-NL00016,PM10,4.6,µg/m3,2015-04-12 14:00:00 +01:00
8293,NL,STA-NL00016,PM10,14.9,µg/m3,2015-04-12 11:00:00 +01:00
8294,NL,STA-NL00016,PM10,15.4,µg/m3,2015-04-12 12:00:00 +01:00
8295,NL,STA-NL00016,PM10,45.9,µg/m3,2015-04-10 14:00:00 +01:00
8296,NL,STA-NL00016,PM10,38.8,µg/m3,2015-04-10 09:00:00 +01:00
8297,NL,STA-NL00016,PM10,76.0,µg/m3,2015-04-11 01:00:00 +01:00
8298,NL,STA-NL00016,PM10,33.9,µg/m3,2015-04-11 07:00:00 +01:00
8299,NL,STA-NL00016,PM10,14.5,µg/m3,2015-04-11 11:00:00 +01:00
8300,NL,STA-NL00016,PM10,7.9,µg/m3,2015-04-11 15:00:00 +01:00
8301,NL,STA-NL00016,PM10,21.1,µg/m3,2015-04-11 13:00:00 +01:00
8302,NL,STA-NL00016,PM10,24.6,µg/m3,2015-04-11 10:00:00 +01:00
8303,NL,STA-NL00016,PM10,35.2,µg/m3,2015-04-11 06:00:00 +01:00
8304,NL,STA-NL00016,PM10,10.8,µg/m3,2015-04-11 22:00:00 +01:00
8305,NL,STA-NL00016,PM10,21.5,µg/m3,2015-04-12 01:00:00 +01:00
8306,NL,STA-NL00016,PM10,26.2,µg/m3,2015-04-12 03:00:00 +01:00
8307,NL,STA-NL00016,PM10,18.2,µg/m3,2015-04-12 02:00:00 +01:00
8308,NL,STA-NL00016,PM10,21.8,µg/m3,2015-04-16 04:00:00 +01:00
8309,NL,STA-NL00016,PM10,5.7,µg/m3,2015-04-16 16:00:00 +01:00
8310,NL,STA-NL00016,PM10,23.7,µg/m3,2015-04-14 23:00:00 +01:00
8311,NL,STA-NL00016,PM10,26.2,µg/m3,2015-04-15 04:00:00 +01:00
8312,NL,STA-NL00016,PM10,22.1,µg/m3,2015-04-15 12:00:00 +01:00
8313,NL,STA-NL00016,PM10,24.3,µg/m3,2015-04-15 16:00:00 +01:00
8314,NL,STA-NL00016,PM10,29.3,µg/m3,2015-04-15 08:00:00 +01:00
8315,NL,STA-NL00016,PM10,21.4,µg/m3,2015-04-15 23:00:00 +01:00
8316,NL,STA-NL00016,PM10,-0.4,µg/m3,2015-04-16 19:00:00 +01:00
8317,NL,STA-NL00016,PM10,6.3,µg/m3,2015-04-17 00:00:00 +01:00
8318,NL,STA-NL00016,PM10,7.5,µg/m3,2015-04-17 04:00:00 +01:00
8319,NL,STA-NL00016,PM10,3.7,µg/m3,2015-04-16 23:00:00 +01:00
8320,NL,STA-NL00016,PM10,8.1,µg/m3,2015-04-16 12:00:00 +01:00
8321,NL,STA-NL00016,PM10,14.2,µg/m3,2015-04-18 05:00:00 +01:00
8322,NL,STA-NL00016,PM10,13.7,µg/m3,2015-04-18 03:00:00 +01:00
8323,NL,STA-NL00016,PM10,19.6,µg/m3,2015-04-18 01:00:00 +01:00
8324,NL,STA-NL00016,PM10,10.6,µg/m3,2015-04-18 09:00:00 +01:00
8325,NL,STA-NL00016,PM10,31.6,µg/m3,2015-04-17 21:00:00 +01:00
8326,NL,STA-NL00016,PM10,7.0,µg/m3,2015-04-18 11:00:00 +01:00
8327,NL,STA-NL00016,PM10,6.1,µg/m3,2015-04-16 15:00:00 +01:00
8328,NL,STA-NL00016,PM10,28.9,µg/m3,2015-04-17 23:00:00 +01:00
8329,NL,STA-NL00016,PM10,27.7,µg/m3,2015-04-13 07:00:00 +01:00
8330,NL,STA-NL00016,PM10,13.1,µg/m3,2015-04-12 20:00:00 +01:00
8331,NL,STA-NL00016,PM10,6.6,µg/m3,2015-04-12 19:00:00 +01:00
8332,NL,STA-NL00016,PM10,4.3,µg/m3,2015-04-13 00:00:00 +01:00
8333,NL,STA-NL00016,PM10,4.0,µg/m3,2015-04-12 18:00:00 +01:00
8334,NL,STA-NL00016,PM10,24.9,µg/m3,2015-04-14 03:00:00 +01:00
8335,NL,STA-NL00016,PM10,6.2,µg/m3,2015-04-13 19:00:00 +01:00
8336,NL,STA-NL00016,PM10,3.6,µg/m3,2015-04-12 23:00:00 +01:00
8337,NL,STA-NL00016,PM10,11.7,µg/m3,2015-04-14 11:00:00 +01:00
8338,NL,STA-NL00016,PM10,10.5,µg/m3,2015-04-13 23:00:00 +01:00
8339,NL,STA-NL00016,PM10,12.0,µg/m3,2015-04-14 12:00:00 +01:00
8340,NL,STA-NL00016,PM10,14.9,µg/m3,2015-04-14 16:00:00 +01:00
8341,NL,STA-NL00016,PM10,16.3,µg/m3,2015-04-14 15:00:00 +01:00
8342,NL,STA-NL00016,PM10,16.8,µg/m3,2015-04-14 19:00:00 +01:00
8343,NL,STA-NL00016,PM10,21.0,µg/m3,2015-04-20 09:00:00 +01:00
8344,NL,STA-NL00016,PM10,11.4,µg/m3,2015-04-19 15:00:00 +01:00
8345,NL,STA-NL00016,PM10,15.9,µg/m3,2015-04-20 01:00:00 +01:00
8346,NL,STA-NL00016,PM10,7.6,µg/m3,2015-04-19 17:00:00 +01:00
8347,NL,STA-NL00016,PM10,12.8,µg/m3,2015-04-19 21:00:00 +01:00
8348,NL,STA-NL00016,PM10,10.4,µg/m3,2015-04-20 15:00:00 +01:00
8349,NL,STA-NL00016,PM10,15.0,µg/m3,2015-04-20 11:00:00 +01:00
8350,NL,STA-NL00016,PM10,11.6,µg/m3,2015-04-20 13:00:00 +01:00
8351,NL,STA-NL00016,PM10,24.1,µg/m3,2015-04-20 17:00:00 +01:00
8352,NL,STA-NL00016,PM10,15.1,µg/m3,2015-04-20 20:00:00 +01:00
8353,NL,STA-NL00016,PM10,2.5,µg/m3,2015-04-18 13:00:00 +01:00
8354,NL,STA-NL00016,PM10,10.9,µg/m3,2015-04-21 09:00:00 +01:00
8355,NL,STA-NL00016,PM10,20.4,µg/m3,2015-04-21 20:00:00 +01:00
8356,NL,STA-NL00016,PM10,10.7,µg/m3,2015-04-18 07:00:00 +01:00
8357,NL,STA-NL00016,PM10,4.7,µg/m3,2015-04-17 11:00:00 +01:00
8358,NL,STA-NL00016,PM10,13.5,µg/m3,2015-04-17 07:00:00 +01:00
8359,NL,STA-NL00016,PM10,10.2,µg/m3,2015-04-19 04:00:00 +01:00
8360,NL,STA-NL00016,PM10,13.7,µg/m3,2015-04-19 12:00:00 +01:00
8361,NL,STA-NL00016,PM10,21.1,µg/m3,2015-04-19 16:00:00 +01:00
8362,NL,STA-NL00016,PM10,18.8,µg/m3,2015-04-18 19:00:00 +01:00
8363,NL,STA-NL00016,PM10,18.2,µg/m3,2015-04-17 13:00:00 +01:00
8364,NL,STA-NL00016,PM10,9.7,µg/m3,2015-04-20 00:00:00 +01:00
8365,NL,STA-NL00016,PM10,9.2,µg/m3,2015-04-19 13:00:00 +01:00
8366,NL,STA-NL00016,PM10,13.3,µg/m3,2015-04-19 09:00:00 +01:00
8367,NL,STA-NL00016,PM10,18.1,µg/m3,2015-04-18 21:00:00 +01:00
8368,NL,STA-NL00016,PM10,9.2,µg/m3,2015-04-19 11:00:00 +01:00
8369,NL,STA-NL00016,PM10,13.9,µg/m3,2015-04-19 03:00:00 +01:00
8370,NL,STA-NL00016,PM10,19.1,µg/m3,2015-04-19 00:00:00 +01:00
8371,NL,STA-NL00016,PM10,15.3,µg/m3,2015-04-17 19:00:00 +01:00
8372,NL,STA-NL00016,PM10,17.6,µg/m3,2015-04-21 21:00:00 +01:00
8373,NL,STA-NL00016,PM10,23.3,µg/m3,2015-04-21 22:00:00 +01:00
8374,NL,STA-NL00016,PM10,53.6,µg/m3,2015-04-22 05:00:00 +01:00
8375,NL,STA-NL00016,PM10,33.4,µg/m3,2015-04-22 02:00:00 +01:00
8376,NL,STA-NL00016,PM10,8.0,µg/m3,2015-04-22 17:00:00 +01:00
8377,NL,STA-NL00016,PM10,17.4,µg/m3,2015-04-22 10:00:00 +01:00
8378,NL,STA-NL00016,PM10,17.1,µg/m3,2015-04-22 08:00:00 +01:00
8379,NL,STA-NL00016,PM10,54.5,µg/m3,2015-04-17 20:00:00 +01:00
8380,NL,STA-NL00016,PM10,32.1,µg/m3,2015-04-22 06:00:00 +01:00
8381,NL,STA-NL00016,PM10,17.6,µg/m3,2015-04-23 02:00:00 +01:00
8382,NL,STA-NL00016,PM10,8.6,µg/m3,2015-04-19 23:00:00 +01:00
8383,NL,STA-NL00016,PM10,13.4,µg/m3,2015-04-23 01:00:00 +01:00
8384,NL,STA-NL00016,PM10,22.5,µg/m3,2015-04-22 04:00:00 +01:00
8385,NL,STA-NL00016,PM10,52.4,µg/m3,2015-04-24 13:00:00 +01:00
8386,NL,STA-NL00016,PM10,17.0,µg/m3,2015-04-23 21:00:00 +01:00
8387,NL,STA-NL00016,PM10,16.7,µg/m3,2015-04-23 17:00:00 +01:00
8388,NL,STA-NL00016,PM10,38.7,µg/m3,2015-04-24 06:00:00 +01:00
8389,NL,STA-NL00016,PM10,45.2,µg/m3,2015-04-24 14:00:00 +01:00
8391,NL,STA-NL00016,PM10,9.7,µg/m3,2015-04-25 01:00:00 +01:00
8392,NL,STA-NL00016,PM10,17.2,µg/m3,2015-04-24 22:00:00 +01:00
8393,NL,STA-NL00016,PM10,23.6,µg/m3,2015-04-21 13:00:00 +01:00
8394,NL,STA-NL00016,PM10,23.7,µg/m3,2015-04-24 18:00:00 +01:00
8395,NL,STA-NL00016,PM10,74.9,µg/m3,2015-04-24 10:00:00 +01:00
8396,NL,STA-NL00016,PM10,24.5,µg/m3,2015-04-24 02:00:00 +01:00
8397,NL,STA-NL00016,PM10,27.7,µg/m3,2015-04-23 09:00:00 +01:00
8398,NL,STA-NL00016,PM10,11.8,µg/m3,2015-04-21 12:00:00 +01:00
8399,NL,STA-NL00016,PM10,22.2,µg/m3,2015-04-24 01:00:00 +01:00
8400,NL,STA-NL00016,PM10,8.8,µg/m3,2015-04-25 15:00:00 +01:00
8401,NL,STA-NL00016,PM10,2.7,µg/m3,2015-04-25 21:00:00 +01:00
8402,NL,STA-NL00016,PM10,9.4,µg/m3,2015-04-25 03:00:00 +01:00
8403,NL,STA-NL00016,PM10,2.8,µg/m3,2015-04-26 15:00:00 +01:00
8404,NL,STA-NL00016,PM10,22.4,µg/m3,2015-04-22 01:00:00 +01:00
8405,NL,STA-NL00016,PM10,4.3,µg/m3,2015-04-26 09:00:00 +01:00
8406,NL,STA-NL00016,PM10,8.1,µg/m3,2015-04-26 01:00:00 +01:00
8407,NL,STA-NL00016,PM10,19.1,µg/m3,2015-04-25 05:00:00 +01:00
8408,NL,STA-NL00016,PM10,16.8,µg/m3,2015-04-25 10:00:00 +01:00
8409,NL,STA-NL00016,PM10,17.8,µg/m3,2015-04-25 06:00:00 +01:00
8410,NL,STA-NL00016,PM10,-1.1,µg/m3,2015-04-26 19:00:00 +01:00
8411,NL,STA-NL00016,PM10,3.6,µg/m3,2015-04-26 14:00:00 +01:00
8412,NL,STA-NL00016,PM10,1.2,µg/m3,2015-04-25 17:00:00 +01:00
8413,NL,STA-NL00016,PM10,-1.1,µg/m3,2015-04-26 13:00:00 +01:00
8414,NL,STA-NL00016,PM10,-1.0,µg/m3,2015-04-26 11:00:00 +01:00
8415,NL,STA-NL00016,PM10,17.4,µg/m3,2015-04-26 05:00:00 +01:00
8416,NL,STA-NL00016,PM10,13.4,µg/m3,2015-04-27 16:00:00 +01:00
8417,NL,STA-NL00016,PM10,14.7,µg/m3,2015-04-28 00:00:00 +01:00
8418,NL,STA-NL00016,PM10,8.5,µg/m3,2015-04-27 07:00:00 +01:00
8419,NL,STA-NL00016,PM10,20.3,µg/m3,2015-04-27 02:00:00 +01:00
8420,NL,STA-NL00016,PM10,9.4,µg/m3,2015-04-27 01:00:00 +01:00
8421,NL,STA-NL00016,PM10,7.3,µg/m3,2015-04-29 16:00:00 +01:00
8422,NL,STA-NL00016,PM10,19.2,µg/m3,2015-04-29 15:00:00 +01:00
8423,NL,STA-NL00016,PM10,0.1,µg/m3,2015-04-29 20:00:00 +01:00
8424,NL,STA-NL00016,PM10,7.7,µg/m3,2015-04-30 13:00:00 +01:00
8425,NL,STA-NL00016,PM10,-1.9,µg/m3,2015-04-30 00:00:00 +01:00
8426,NL,STA-NL00016,PM10,24.1,µg/m3,2015-04-30 09:00:00 +01:00
8427,NL,STA-NL00016,PM10,12.7,µg/m3,2015-04-28 04:00:00 +01:00
8428,NL,STA-NL00016,PM10,9.2,µg/m3,2015-04-28 23:00:00 +01:00
8429,NL,STA-NL00016,PM10,11.1,µg/m3,2015-04-27 18:00:00 +01:00
8430,NL,STA-NL00016,PM10,11.1,µg/m3,2015-04-28 16:00:00 +01:00
8431,NL,STA-NL00016,PM10,14.5,µg/m3,2015-04-29 08:00:00 +01:00
8432,NL,STA-NL00016,PM10,15.2,µg/m3,2015-04-28 07:00:00 +01:00
8434,NL,STA-NL00016,PM10,29.0,µg/m3,2015-04-27 23:00:00 +01:00
8435,NL,STA-NL00016,PM10,14.7,µg/m3,2015-04-29 00:00:00 +01:00
8436,NL,STA-NL00016,PM10,5.8,µg/m3,2015-05-07 06:00:00 +01:00
8437,NL,STA-NL00016,PM10,13.0,µg/m3,2015-05-07 10:00:00 +01:00
8438,NL,STA-NL00016,PM10,18.8,µg/m3,2015-05-07 04:00:00 +01:00
8439,NL,STA-NL00016,PM10,21.2,µg/m3,2015-05-06 23:00:00 +01:00
8440,NL,STA-NL00016,PM10,20.8,µg/m3,2015-05-07 02:00:00 +01:00
8441,NL,STA-NL00016,PM10,10.3,µg/m3,2015-05-07 18:00:00 +01:00
8442,NL,STA-NL00016,PM10,4.3,µg/m3,2015-05-07 15:00:00 +01:00
8443,NL,STA-NL00016,PM10,25.7,µg/m3,2015-05-08 04:00:00 +01:00
8444,NL,STA-NL00016,PM10,7.8,µg/m3,2015-05-05 22:00:00 +01:00
8445,NL,STA-NL00016,PM10,6.8,µg/m3,2015-05-05 10:00:00 +01:00
8446,NL,STA-NL00016,PM10,3.2,µg/m3,2015-05-05 13:00:00 +01:00
8447,NL,STA-NL00016,PM10,11.0,µg/m3,2015-05-05 21:00:00 +01:00
8448,NL,STA-NL00016,PM10,7.5,µg/m3,2015-05-05 09:00:00 +01:00
8449,NL,STA-NL00016,PM10,11.4,µg/m3,2015-05-05 02:00:00 +01:00
8450,NL,STA-NL00016,PM10,15.7,µg/m3,2015-05-06 18:00:00 +01:00
8451,NL,STA-NL00016,PM10,18.5,µg/m3,2015-05-06 22:00:00 +01:00
8452,NL,STA-NL00016,PM10,6.8,µg/m3,2015-05-06 02:00:00 +01:00
8453,NL,STA-NL00016,PM10,9.9,µg/m3,2015-05-06 09:00:00 +01:00
8454,NL,STA-NL00016,PM10,2.4,µg/m3,2015-05-06 14:00:00 +01:00
8455,NL,STA-NL00016,PM10,6.0,µg/m3,2015-05-02 13:00:00 +01:00
8456,NL,STA-NL00016,PM10,8.1,µg/m3,2015-05-02 14:00:00 +01:00
8457,NL,STA-NL00016,PM10,5.4,µg/m3,2015-05-02 17:00:00 +01:00
8458,NL,STA-NL00016,PM10,14.1,µg/m3,2015-04-30 17:00:00 +01:00
8459,NL,STA-NL00016,PM10,4.6,µg/m3,2015-05-01 01:00:00 +01:00
8460,NL,STA-NL00016,PM10,13.1,µg/m3,2015-05-01 06:00:00 +01:00
8461,NL,STA-NL00016,PM10,8.2,µg/m3,2015-04-30 18:00:00 +01:00
8462,NL,STA-NL00016,PM10,3.2,µg/m3,2015-04-30 20:00:00 +01:00
8463,NL,STA-NL00016,PM10,7.3,µg/m3,2015-05-01 21:00:00 +01:00
8465,NL,STA-NL00016,PM10,8.3,µg/m3,2015-05-01 18:00:00 +01:00
8466,NL,STA-NL00016,PM10,9.5,µg/m3,2015-05-02 05:00:00 +01:00
8467,NL,STA-NL00016,PM10,20.1,µg/m3,2015-05-02 02:00:00 +01:00
8468,NL,STA-NL00016,PM10,14.5,µg/m3,2015-05-02 06:00:00 +01:00
8469,NL,STA-NL00016,PM10,19.7,µg/m3,2015-05-01 10:00:00 +01:00
8470,NL,STA-NL00016,PM10,5.9,µg/m3,2015-05-01 22:00:00 +01:00
8471,NL,STA-NL00016,PM10,4.3,µg/m3,2015-05-04 01:00:00 +01:00
8472,NL,STA-NL00016,PM10,13.9,µg/m3,2015-05-04 06:00:00 +01:00
8473,NL,STA-NL00016,PM10,-0.3,µg/m3,2015-05-03 17:00:00 +01:00
8474,NL,STA-NL00016,PM10,5.5,µg/m3,2015-05-03 21:00:00 +01:00
8475,NL,STA-NL00016,PM10,5.2,µg/m3,2015-05-04 18:00:00 +01:00
8476,NL,STA-NL00016,PM10,12.7,µg/m3,2015-05-04 17:00:00 +01:00
8477,NL,STA-NL00016,PM10,12.6,µg/m3,2015-05-05 01:00:00 +01:00
8478,NL,STA-NL00016,PM10,5.1,µg/m3,2015-05-04 13:00:00 +01:00
8479,NL,STA-NL00016,PM10,14.0,µg/m3,2015-05-03 06:00:00 +01:00
8480,NL,STA-NL00016,PM10,19.7,µg/m3,2015-05-03 09:00:00 +01:00
8481,NL,STA-NL00016,PM10,18.7,µg/m3,2015-05-03 10:00:00 +01:00
8482,NL,STA-NL00016,PM10,8.1,µg/m3,2015-05-02 22:00:00 +01:00
8483,NL,STA-NL00016,PM10,7.0,µg/m3,2015-05-03 01:00:00 +01:00
8484,NL,STA-NL00016,PM10,15.2,µg/m3,2015-05-03 05:00:00 +01:00
8485,NL,STA-NL00016,PM10,15.4,µg/m3,2015-05-10 02:00:00 +01:00
8487,NL,STA-NL00016,PM10,23.3,µg/m3,2015-05-08 23:00:00 +01:00
8488,NL,STA-NL00016,PM10,13.3,µg/m3,2015-05-09 01:00:00 +01:00
8489,NL,STA-NL00016,PM10,16.6,µg/m3,2015-05-09 00:00:00 +01:00
8490,NL,STA-NL00016,PM10,6.0,µg/m3,2015-05-09 04:00:00 +01:00
8491,NL,STA-NL00016,PM10,6.6,µg/m3,2015-05-09 06:00:00 +01:00
8492,NL,STA-NL00016,PM10,10.9,µg/m3,2015-05-09 08:00:00 +01:00
8493,NL,STA-NL00016,PM10,12.4,µg/m3,2015-05-09 13:00:00 +01:00
8494,NL,STA-NL00016,PM10,14.7,µg/m3,2015-05-08 20:00:00 +01:00
8495,NL,STA-NL00016,PM10,12.2,µg/m3,2015-05-08 16:00:00 +01:00
8496,NL,STA-NL00016,PM10,35.0,µg/m3,2015-05-08 08:00:00 +01:00
8497,NL,STA-NL00016,PM10,14.2,µg/m3,2015-05-08 11:00:00 +01:00
8498,NL,STA-NL00016,PM10,24.2,µg/m3,2015-06-05 04:00:00 +01:00
8499,NL,STA-NL00016,PM10,15.3,µg/m3,2015-06-04 23:00:00 +01:00
8500,NL,STA-NL00016,PM10,31.7,µg/m3,2015-06-05 08:00:00 +01:00
8501,NL,STA-NL00016,PM10,15.1,µg/m3,2015-06-04 15:00:00 +01:00
8502,NL,STA-NL00016,PM10,18.0,µg/m3,2015-06-04 00:00:00 +01:00
8503,NL,STA-NL00016,PM10,30.9,µg/m3,2015-06-03 03:00:00 +01:00
8504,NL,STA-NL00016,PM10,16.3,µg/m3,2015-06-04 12:00:00 +01:00
8505,NL,STA-NL00016,PM10,20.7,µg/m3,2015-06-03 20:00:00 +01:00
8506,NL,STA-NL00016,PM10,15.1,µg/m3,2015-06-03 16:00:00 +01:00
8507,NL,STA-NL00016,PM10,19.2,µg/m3,2015-06-07 04:00:00 +01:00
8508,NL,STA-NL00016,PM10,23.8,µg/m3,2015-06-07 00:00:00 +01:00
8509,NL,STA-NL00016,PM10,12.0,µg/m3,2015-06-06 08:00:00 +01:00
8510,NL,STA-NL00016,PM10,13.1,µg/m3,2015-06-06 21:00:00 +01:00
8511,NL,STA-NL00016,PM10,8.9,µg/m3,2015-06-06 15:00:00 +01:00
8512,NL,STA-NL00016,PM10,17.7,µg/m3,2015-06-06 23:00:00 +01:00
8513,NL,STA-NL00016,PM10,14.2,µg/m3,2015-06-06 20:00:00 +01:00
8514,NL,STA-NL00016,PM10,9.9,µg/m3,2015-06-07 08:00:00 +01:00
8515,NL,STA-NL00016,PM10,19.0,µg/m3,2015-06-07 14:00:00 +01:00
8516,NL,STA-NL00016,PM10,11.7,µg/m3,2015-06-06 17:00:00 +01:00
8517,NL,STA-NL00016,PM10,17.6,µg/m3,2015-06-05 12:00:00 +01:00
8518,NL,STA-NL00016,PM10,9.8,µg/m3,2015-06-06 16:00:00 +01:00
8519,NL,STA-NL00016,PM10,16.5,µg/m3,2015-06-05 11:00:00 +01:00
8520,NL,STA-NL00016,PM10,20.1,µg/m3,2015-06-05 19:00:00 +01:00
8521,NL,STA-NL00016,PM10,13.3,µg/m3,2015-06-05 16:00:00 +01:00
8522,NL,STA-NL00016,PM10,16.0,µg/m3,2015-06-03 11:00:00 +01:00
8523,NL,STA-NL00016,PM10,24.1,µg/m3,2015-06-03 02:00:00 +01:00
8524,NL,STA-NL00016,PM10,19.8,µg/m3,2015-06-03 12:00:00 +01:00
8525,NL,STA-NL00016,PM10,25.1,µg/m3,2015-06-03 07:00:00 +01:00
8526,NL,STA-NL00016,PM10,16.2,µg/m3,2015-06-02 10:00:00 +01:00
8527,NL,STA-NL00016,PM10,12.7,µg/m3,2015-06-01 15:00:00 +01:00
8528,NL,STA-NL00016,PM10,18.3,µg/m3,2015-06-02 15:00:00 +01:00
8529,NL,STA-NL00016,PM10,17.6,µg/m3,2015-06-02 13:00:00 +01:00
8530,NL,STA-NL00016,PM10,10.8,µg/m3,2015-06-01 10:00:00 +01:00
8531,NL,STA-NL00016,PM10,10.6,µg/m3,2015-06-01 09:00:00 +01:00
8532,NL,STA-NL00016,PM10,10.0,µg/m3,2015-06-02 09:00:00 +01:00
8533,NL,STA-NL00016,PM10,9.8,µg/m3,2015-06-02 06:00:00 +01:00
8534,NL,STA-NL00016,PM10,16.3,µg/m3,2015-06-02 01:00:00 +01:00
8535,NL,STA-NL00016,PM10,14.5,µg/m3,2015-06-01 06:00:00 +01:00
8536,NL,STA-NL00016,PM10,12.0,µg/m3,2015-05-31 23:00:00 +01:00
8537,NL,STA-NL00016,PM10,15.8,µg/m3,2015-06-01 01:00:00 +01:00
8538,NL,STA-NL00016,PM10,12.9,µg/m3,2015-06-01 05:00:00 +01:00
8539,NL,STA-NL00016,PM10,6.7,µg/m3,2015-05-30 21:00:00 +01:00
8540,NL,STA-NL00016,PM10,8.4,µg/m3,2015-05-30 18:00:00 +01:00
8541,NL,STA-NL00016,PM10,9.1,µg/m3,2015-05-30 10:00:00 +01:00
8542,NL,STA-NL00016,PM10,15.9,µg/m3,2015-05-30 22:00:00 +01:00
8543,NL,STA-NL00016,PM10,11.9,µg/m3,2015-05-31 09:00:00 +01:00
8544,NL,STA-NL00016,PM10,17.1,µg/m3,2015-05-31 07:00:00 +01:00
8545,NL,STA-NL00016,PM10,12.3,µg/m3,2015-05-31 02:00:00 +01:00
8546,NL,STA-NL00016,PM10,15.7,µg/m3,2015-05-31 11:00:00 +01:00
8547,NL,STA-NL00016,PM10,2.5,µg/m3,2015-05-31 21:00:00 +01:00
8548,NL,STA-NL00016,PM10,4.2,µg/m3,2015-05-31 17:00:00 +01:00
8549,NL,STA-NL00016,PM10,0.2,µg/m3,2015-05-31 18:00:00 +01:00
8550,NL,STA-NL00016,PM10,8.3,µg/m3,2015-05-30 06:00:00 +01:00
8551,NL,STA-NL00016,PM10,8.4,µg/m3,2015-05-30 13:00:00 +01:00
8552,NL,STA-NL00016,PM10,8.1,µg/m3,2015-05-30 14:00:00 +01:00
8553,NL,STA-NL00016,PM10,13.8,µg/m3,2015-05-29 21:00:00 +01:00
8554,NL,STA-NL00016,PM10,26.1,µg/m3,2015-05-29 10:00:00 +01:00
8555,NL,STA-NL00016,PM10,8.8,µg/m3,2015-05-30 01:00:00 +01:00
8556,NL,STA-NL00016,PM10,31.3,µg/m3,2015-05-29 05:00:00 +01:00
8557,NL,STA-NL00016,PM10,11.4,µg/m3,2015-05-28 21:00:00 +01:00
8558,NL,STA-NL00016,PM10,10.0,µg/m3,2015-05-28 20:00:00 +01:00
8559,NL,STA-NL00016,PM10,18.6,µg/m3,2015-05-29 13:00:00 +01:00
8566,NL,STA-NL00016,PM10,7.0,µg/m3,2015-05-24 19:00:00 +01:00
8567,NL,STA-NL00016,PM10,16.5,µg/m3,2015-05-24 11:00:00 +01:00
8568,NL,STA-NL00016,PM10,7.6,µg/m3,2015-05-25 19:00:00 +01:00
8569,NL,STA-NL00016,PM10,4.4,µg/m3,2015-05-25 11:00:00 +01:00
8570,NL,STA-NL00016,PM10,16.0,µg/m3,2015-05-26 05:00:00 +01:00
8571,NL,STA-NL00016,PM10,7.3,µg/m3,2015-05-25 12:00:00 +01:00
8575,NL,STA-NL00016,PM10,7.0,µg/m3,2015-05-25 20:00:00 +01:00
8576,NL,STA-NL00016,PM10,7.8,µg/m3,2015-05-25 17:00:00 +01:00
8577,NL,STA-NL00016,PM10,7.9,µg/m3,2015-05-26 01:00:00 +01:00
8581,NL,STA-NL00016,PM10,56.4,µg/m3,2015-05-28 13:00:00 +01:00
8584,NL,STA-NL00016,PM10,25.7,µg/m3,2015-05-28 14:00:00 +01:00
8585,NL,STA-NL00016,PM10,17.9,µg/m3,2015-05-18 03:00:00 +01:00
8586,NL,STA-NL00016,PM10,34.0,µg/m3,2015-05-18 07:00:00 +01:00
8587,NL,STA-NL00016,PM10,17.8,µg/m3,2015-05-18 11:00:00 +01:00
8588,NL,STA-NL00016,PM10,20.2,µg/m3,2015-05-18 12:00:00 +01:00
8589,NL,STA-NL00016,PM10,25.6,µg/m3,2015-05-16 03:00:00 +01:00
8590,NL,STA-NL00016,PM10,5.2,µg/m3,2015-05-17 19:00:00 +01:00
8591,NL,STA-NL00016,PM10,10.9,µg/m3,2015-05-17 11:00:00 +01:00
8592,NL,STA-NL00016,PM10,15.3,µg/m3,2015-05-17 23:00:00 +01:00
8593,NL,STA-NL00016,PM10,11.0,µg/m3,2015-05-17 15:00:00 +01:00
8594,NL,STA-NL00016,PM10,12.6,µg/m3,2015-05-19 12:00:00 +01:00
8595,NL,STA-NL00016,PM10,6.8,µg/m3,2015-05-19 15:00:00 +01:00
8596,NL,STA-NL00016,PM10,9.4,µg/m3,2015-05-19 23:00:00 +01:00
8597,NL,STA-NL00016,PM10,36.6,µg/m3,2015-05-23 05:00:00 +01:00
8598,NL,STA-NL00016,PM10,13.1,µg/m3,2015-05-21 15:00:00 +01:00
8599,NL,STA-NL00016,PM10,16.1,µg/m3,2015-05-23 13:00:00 +01:00
8600,NL,STA-NL00016,PM10,29.8,µg/m3,2015-05-23 01:00:00 +01:00
8601,NL,STA-NL00016,PM10,20.5,µg/m3,2015-05-23 16:00:00 +01:00
8602,NL,STA-NL00016,PM10,17.8,µg/m3,2015-05-23 11:00:00 +01:00
8603,NL,STA-NL00016,PM10,23.3,µg/m3,2015-05-21 07:00:00 +01:00
8604,NL,STA-NL00016,PM10,32.3,µg/m3,2015-05-23 00:00:00 +01:00
8605,NL,STA-NL00016,PM10,22.3,µg/m3,2015-05-22 16:00:00 +01:00
8606,NL,STA-NL00016,PM10,27.7,µg/m3,2015-05-23 03:00:00 +01:00
8607,NL,STA-NL00016,PM10,23.5,µg/m3,2015-05-23 15:00:00 +01:00
8608,NL,STA-NL00016,PM10,19.0,µg/m3,2015-05-23 17:00:00 +01:00
8609,NL,STA-NL00016,PM10,12.7,µg/m3,2015-05-24 03:00:00 +01:00
8610,NL,STA-NL00016,PM10,8.1,µg/m3,2015-05-23 09:00:00 +01:00
8611,NL,STA-NL00016,PM10,22.3,µg/m3,2015-05-23 12:00:00 +01:00
8612,NL,STA-NL00016,PM10,13.6,µg/m3,2015-05-24 04:00:00 +01:00
8613,NL,STA-NL00016,PM10,23.1,µg/m3,2015-05-23 20:00:00 +01:00
8614,NL,STA-NL00016,PM10,16.3,µg/m3,2015-05-24 05:00:00 +01:00
8615,NL,STA-NL00016,PM10,14.9,µg/m3,2015-05-24 17:00:00 +01:00
8616,NL,STA-NL00016,PM10,16.4,µg/m3,2015-05-24 07:00:00 +01:00
8617,NL,STA-NL00016,PM10,12.1,µg/m3,2015-05-24 12:00:00 +01:00
8618,NL,STA-NL00016,PM10,39.7,µg/m3,2015-05-23 07:00:00 +01:00
8619,NL,STA-NL00016,PM10,11.1,µg/m3,2015-05-24 15:00:00 +01:00
8620,NL,STA-NL00016,PM10,14.1,µg/m3,2015-05-25 00:00:00 +01:00
8621,NL,STA-NL00016,PM10,17.1,µg/m3,2015-05-24 21:00:00 +01:00
8622,NL,STA-NL00016,PM10,6.5,µg/m3,2015-05-25 15:00:00 +01:00
8623,NL,STA-NL00016,PM10,8.5,µg/m3,2015-05-25 05:00:00 +01:00
8624,NL,STA-NL00016,PM10,17.4,µg/m3,2015-05-24 23:00:00 +01:00
8625,NL,STA-NL00016,PM10,20.2,µg/m3,2015-05-24 13:00:00 +01:00
8626,NL,STA-NL00016,PM10,14.5,µg/m3,2015-05-20 23:00:00 +01:00
8627,NL,STA-NL00016,PM10,14.5,µg/m3,2015-05-20 21:00:00 +01:00
8628,NL,STA-NL00016,PM10,14.1,µg/m3,2015-05-20 15:00:00 +01:00
8629,NL,STA-NL00016,PM10,11.4,µg/m3,2015-05-20 07:00:00 +01:00
8630,NL,STA-NL00016,PM10,8.3,µg/m3,2015-05-20 03:00:00 +01:00
8631,NL,STA-NL00016,PM10,14.4,µg/m3,2015-05-19 07:00:00 +01:00
8632,NL,STA-NL00016,PM10,13.4,µg/m3,2015-05-21 11:00:00 +01:00
8633,NL,STA-NL00016,PM10,17.4,µg/m3,2015-05-21 09:00:00 +01:00
8634,NL,STA-NL00016,PM10,16.5,µg/m3,2015-05-21 01:00:00 +01:00
8635,NL,STA-NL00016,PM10,14.6,µg/m3,2015-05-21 03:00:00 +01:00
8636,NL,STA-NL00016,PM10,27.1,µg/m3,2015-05-22 15:00:00 +01:00
8637,NL,STA-NL00016,PM10,17.1,µg/m3,2015-05-22 21:00:00 +01:00
8638,NL,STA-NL00016,PM10,23.0,µg/m3,2015-05-22 20:00:00 +01:00
8639,NL,STA-NL00016,PM10,37.2,µg/m3,2015-05-22 07:00:00 +01:00
8640,NL,STA-NL00016,PM10,14.0,µg/m3,2015-05-21 17:00:00 +01:00
8641,NL,STA-NL00016,PM10,10.1,µg/m3,2015-05-20 20:00:00 +01:00
8642,NL,STA-NL00016,PM10,8.5,µg/m3,2015-05-21 19:00:00 +01:00
8643,NL,STA-NL00016,PM10,26.4,µg/m3,2015-05-22 04:00:00 +01:00
8644,NL,STA-NL00016,PM10,11.9,µg/m3,2015-05-21 23:00:00 +01:00
8645,NL,STA-NL00016,PM10,11.7,µg/m3,2015-05-21 21:00:00 +01:00
8646,NL,STA-NL00016,PM10,12.8,µg/m3,2015-05-17 07:00:00 +01:00
8647,NL,STA-NL00016,PM10,21.0,µg/m3,2015-05-17 03:00:00 +01:00
8648,NL,STA-NL00016,PM10,6.0,µg/m3,2015-05-16 16:00:00 +01:00
8649,NL,STA-NL00016,PM10,20.4,µg/m3,2015-05-16 08:00:00 +01:00
8650,NL,STA-NL00016,PM10,35.9,µg/m3,2015-05-16 07:00:00 +01:00
8651,NL,STA-NL00016,PM10,19.1,µg/m3,2015-05-16 12:00:00 +01:00
8652,NL,STA-NL00016,PM10,18.6,µg/m3,2015-05-15 23:00:00 +01:00
8653,NL,STA-NL00016,PM10,7.2,µg/m3,2015-05-14 11:00:00 +01:00
8654,NL,STA-NL00016,PM10,6.1,µg/m3,2015-05-14 15:00:00 +01:00
8655,NL,STA-NL00016,PM10,16.6,µg/m3,2015-05-15 07:00:00 +01:00
8656,NL,STA-NL00016,PM10,1.0,µg/m3,2015-05-14 19:00:00 +01:00
8657,NL,STA-NL00016,PM10,7.7,µg/m3,2015-05-15 19:00:00 +01:00
8658,NL,STA-NL00016,PM10,5.4,µg/m3,2015-05-12 19:00:00 +01:00
8659,NL,STA-NL00016,PM10,19.0,µg/m3,2015-05-12 23:00:00 +01:00
8660,NL,STA-NL00016,PM10,19.8,µg/m3,2015-05-13 00:00:00 +01:00
8661,NL,STA-NL00016,PM10,13.0,µg/m3,2015-05-12 16:00:00 +01:00
8662,NL,STA-NL00016,PM10,6.9,µg/m3,2015-05-12 20:00:00 +01:00
8663,NL,STA-NL00016,PM10,3.8,µg/m3,2015-05-12 15:00:00 +01:00
8664,NL,STA-NL00016,PM10,14.8,µg/m3,2015-05-13 08:00:00 +01:00
8665,NL,STA-NL00016,PM10,10.5,µg/m3,2015-05-13 15:00:00 +01:00
8666,NL,STA-NL00016,PM10,13.4,µg/m3,2015-05-13 20:00:00 +01:00
8667,NL,STA-NL00016,PM10,21.6,µg/m3,2015-05-13 19:00:00 +01:00
8668,NL,STA-NL00016,PM10,17.8,µg/m3,2015-05-13 03:00:00 +01:00
8669,NL,STA-NL00016,PM10,20.6,µg/m3,2015-05-13 12:00:00 +01:00
8670,NL,STA-NL00016,PM10,29.0,µg/m3,2015-05-11 06:00:00 +01:00
8671,NL,STA-NL00016,PM10,10.1,µg/m3,2015-05-11 01:00:00 +01:00
8672,NL,STA-NL00016,PM10,11.8,µg/m3,2015-05-11 02:00:00 +01:00
8673,NL,STA-NL00016,PM10,9.8,µg/m3,2015-05-11 14:00:00 +01:00
8674,NL,STA-NL00016,PM10,3.2,µg/m3,2015-05-11 18:00:00 +01:00
8675,NL,STA-NL00016,PM10,5.5,µg/m3,2015-05-11 22:00:00 +01:00
8676,NL,STA-NL00016,PM10,9.4,µg/m3,2015-05-11 19:00:00 +01:00
8677,NL,STA-NL00016,PM10,10.7,µg/m3,2015-05-12 10:00:00 +01:00
8678,NL,STA-NL00016,PM10,9.4,µg/m3,2015-05-12 12:00:00 +01:00
8679,NL,STA-NL00016,PM10,10.9,µg/m3,2015-05-12 08:00:00 +01:00
8680,NL,STA-NL00016,PM10,8.5,µg/m3,2015-05-12 06:00:00 +01:00
8681,NL,STA-NL00016,PM10,6.2,µg/m3,2015-05-12 02:00:00 +01:00
8682,NL,STA-NL00016,PM10,10.2,µg/m3,2015-06-07 10:00:00 +01:00
8683,NL,STA-NL00016,PM10,13.7,µg/m3,2015-06-08 02:00:00 +01:00
8684,NL,STA-NL00016,PM10,15.1,µg/m3,2015-06-08 17:00:00 +01:00
8685,NL,STA-NL00016,PM10,18.9,µg/m3,2015-06-08 05:00:00 +01:00
8686,NL,STA-NL00016,PM10,12.2,µg/m3,2015-06-09 01:00:00 +01:00
8687,NL,STA-NL00016,PM10,19.1,µg/m3,2015-06-10 14:00:00 +01:00
8688,NL,STA-NL00016,PM10,20.3,µg/m3,2015-06-10 18:00:00 +01:00
8689,NL,STA-NL00016,PM10,17.3,µg/m3,2015-06-08 10:00:00 +01:00
8690,NL,STA-NL00016,PM10,14.9,µg/m3,2015-06-09 18:00:00 +01:00
8691,NL,STA-NL00016,PM10,18.1,µg/m3,2015-06-09 19:00:00 +01:00
8692,NL,STA-NL00016,PM10,14.8,µg/m3,2015-06-10 03:00:00 +01:00
8693,NL,STA-NL00016,PM10,14.5,µg/m3,2015-06-11 14:00:00 +01:00
8694,NL,STA-NL00016,PM10,12.0,µg/m3,2015-06-11 05:00:00 +01:00
8695,NL,STA-NL00016,PM10,12.8,µg/m3,2015-06-11 09:00:00 +01:00
8696,NL,STA-NL00016,PM10,18.1,µg/m3,2015-06-11 15:00:00 +01:00
8697,NL,STA-NL00016,PM10,16.1,µg/m3,2015-06-11 07:00:00 +01:00
8698,NL,STA-NL00016,PM10,5.5,µg/m3,2015-06-10 22:00:00 +01:00
8699,NL,STA-NL00016,PM10,17.3,µg/m3,2015-06-10 15:00:00 +01:00
8700,NL,STA-NL00016,PM10,14.0,µg/m3,2015-06-11 01:00:00 +01:00
8701,NL,STA-NL00016,PM10,25.4,µg/m3,2015-06-10 17:00:00 +01:00
8702,NL,STA-NL00016,PM10,16.5,µg/m3,2015-06-12 15:00:00 +01:00
8703,NL,STA-NL00016,PM10,20.4,µg/m3,2015-06-12 16:00:00 +01:00
8704,NL,STA-NL00016,PM10,14.9,µg/m3,2015-06-09 13:00:00 +01:00
8705,NL,STA-NL00016,PM10,10.0,µg/m3,2015-06-12 03:00:00 +01:00
8706,NL,STA-NL00016,PM10,30.4,µg/m3,2015-06-12 12:00:00 +01:00
8707,NL,STA-NL00016,PM10,18.4,µg/m3,2015-06-12 05:00:00 +01:00
8708,NL,STA-NL00016,PM10,47.2,µg/m3,2015-06-12 10:00:00 +01:00
8709,NL,STA-NL00016,PM10,32.5,µg/m3,2015-06-12 11:00:00 +01:00
8710,NL,STA-NL00016,PM10,25.6,µg/m3,2015-06-12 07:00:00 +01:00
8711,NL,STA-NL00016,PM10,2.1,µg/m3,2015-06-12 01:00:00 +01:00
8712,NL,STA-NL00016,PM10,4.2,µg/m3,2015-06-11 23:00:00 +01:00
8713,NL,STA-NL00016,PM10,11.0,µg/m3,2015-06-11 19:00:00 +01:00
8714,NL,STA-NL00016,PM10,5.9,µg/m3,2015-06-12 02:00:00 +01:00
8715,NL,STA-NL00016,PM10,9.0,µg/m3,2015-06-11 17:00:00 +01:00
8716,NL,STA-NL00016,PM10,12.0,µg/m3,2015-06-27 22:00:00 +01:00
8717,NL,STA-NL00016,PM10,-1.9,µg/m3,2015-07-05 19:00:00 +01:00
8718,NL,STA-NL00016,PM10,17.1,µg/m3,2015-07-05 14:00:00 +01:00
8719,NL,STA-NL00016,PM10,21.8,µg/m3,2015-07-04 15:00:00 +01:00
8720,NL,STA-NL00016,PM10,12.7,µg/m3,2015-07-03 18:00:00 +01:00
8721,NL,STA-NL00016,PM10,31.9,µg/m3,2015-07-04 06:00:00 +01:00
8722,NL,STA-NL00016,PM10,37.3,µg/m3,2015-07-04 12:00:00 +01:00
8723,NL,STA-NL00016,PM10,13.3,µg/m3,2015-07-04 18:00:00 +01:00
8724,NL,STA-NL00016,PM10,40.1,µg/m3,2015-07-02 12:00:00 +01:00
8725,NL,STA-NL00016,PM10,40.6,µg/m3,2015-07-03 08:00:00 +01:00
8726,NL,STA-NL00016,PM10,16.6,µg/m3,2015-07-03 21:00:00 +01:00
8727,NL,STA-NL00016,PM10,32.0,µg/m3,2015-07-02 21:00:00 +01:00
8728,NL,STA-NL00016,PM10,15.5,µg/m3,2015-07-02 20:00:00 +01:00
8729,NL,STA-NL00016,PM10,16.7,µg/m3,2015-07-01 21:00:00 +01:00
8730,NL,STA-NL00016,PM10,32.1,µg/m3,2015-07-01 14:00:00 +01:00
8731,NL,STA-NL00016,PM10,36.7,µg/m3,2015-07-01 09:00:00 +01:00
8732,NL,STA-NL00016,PM10,13.8,µg/m3,2015-06-30 23:00:00 +01:00
8733,NL,STA-NL00016,PM10,20.3,µg/m3,2015-06-30 13:00:00 +01:00
8734,NL,STA-NL00016,PM10,17.0,µg/m3,2015-06-30 07:00:00 +01:00
8735,NL,STA-NL00016,PM10,19.1,µg/m3,2015-06-29 03:00:00 +01:00
8736,NL,STA-NL00016,PM10,18.7,µg/m3,2015-06-29 13:00:00 +01:00
8737,NL,STA-NL00016,PM10,11.2,µg/m3,2015-06-30 01:00:00 +01:00
8738,NL,STA-NL00016,PM10,18.1,µg/m3,2015-06-29 09:00:00 +01:00
8739,NL,STA-NL00016,PM10,4.2,µg/m3,2015-06-29 22:00:00 +01:00
8740,NL,STA-NL00016,PM10,14.4,µg/m3,2015-06-28 23:00:00 +01:00
8741,NL,STA-NL00016,PM10,26.0,µg/m3,2015-07-07 15:00:00 +01:00
8742,NL,STA-NL00016,PM10,22.3,µg/m3,2015-07-06 04:00:00 +01:00
8744,NL,STA-NL00016,PM10,9.8,µg/m3,2015-07-06 20:00:00 +01:00
8745,NL,STA-NL00016,PM10,12.9,µg/m3,2015-07-07 01:00:00 +01:00
8746,NL,STA-NL00016,PM10,14.0,µg/m3,2015-07-07 00:00:00 +01:00
8747,NL,STA-NL00016,PM10,30.8,µg/m3,2015-07-07 06:00:00 +01:00
8748,NL,STA-NL00016,PM10,3.3,µg/m3,2015-07-08 12:00:00 +01:00
8749,NL,STA-NL00016,PM10,14.0,µg/m3,2015-07-09 03:00:00 +01:00
8750,NL,STA-NL00016,PM10,17.9,µg/m3,2015-07-09 00:00:00 +01:00
8751,NL,STA-NL00016,PM10,7.5,µg/m3,2015-07-08 15:00:00 +01:00
8752,NL,STA-NL00016,PM10,25.7,µg/m3,2015-07-11 15:00:00 +01:00
8753,NL,STA-NL00016,PM10,20.4,µg/m3,2015-07-11 11:00:00 +01:00
8754,NL,STA-NL00016,PM10,17.9,µg/m3,2015-07-11 09:00:00 +01:00
8755,NL,STA-NL00016,PM10,20.7,µg/m3,2015-07-11 20:00:00 +01:00
8756,NL,STA-NL00016,PM10,11.5,µg/m3,2015-07-09 23:00:00 +01:00
8757,NL,STA-NL00016,PM10,9.9,µg/m3,2015-07-09 20:00:00 +01:00
8758,NL,STA-NL00016,PM10,19.9,µg/m3,2015-07-10 11:00:00 +01:00
8759,NL,STA-NL00016,PM10,12.9,µg/m3,2015-07-10 02:00:00 +01:00
