Countrycode,Namespace,AirQualityNetwork,AirQualityStation,AirQualityStationEoICode,SamplingPoint,SamplingProcess,Sample,AirPollutant,AirPollutantCode,AveragingTime,Concentration,UnitOfMeasurement,DatetimeBegin,DatetimeEnd,Validity,Verification
ES,ES.BDCA.AQD,NET_ES131A,STA_ES0125A,,SP_28079017_14_6,SPP_28079017_14_6.1,SAM_28079017_14_6,O3,http://dd.eionet.europa.eu/vocabulary/aq/pollutant/7,hour,1.0000000000,µg/m3,2017-01-01 00:00:00 +01:00,2017-01-01 01:00:00 +01:00,1,1
ES,ES.BDCA.AQD,NET_ES131A,STA_ES0125A,,SP_28079017_14_6,SPP_28079017_14_6.1,SAM_28079017_14_6,O3,http://dd.eionet.europa.eu/vocabulary/aq/pollutant/7,hour,1.4099999900,µg/m3,2017-01-01 01:00:00 +01:00,2017-01-01 02:00:00 +01:00,1,1
ES,ES.BDCA.AQD,NET_ES131A,STA_ES0125A,,SP_28079017_14_6,SPP_28079017_14_6.1,SAM_28079017_14_6,O3,http://dd.eionet.europa.eu/vocabulary/aq/pollutant/7,hour,1.5900000000,µg/m3,2017-01-01 02:00:00 +01:00,2017-01-01 03:00:00 +01:00,1,1
ES,ES.BDCA.AQD,NET_ES131A,STA_ES0125A,,SP_28079017_14_6,SPP_28079017_14_6.1,SAM_28079017_14_6,O3,http://dd.eionet.europa.eu/vocabulary/aq/pollutant/7,hour,1.4399999900,µg/m3,2017-01-01 03:00:00 +01:00,2017-01-01 04:00:00 +01:00,1,1
ES,ES.BDCA.AQD,NET_ES131A,STA_ES0125A,,SP_28079017_14_6,SPP_28079017_14_6.1,SAM_28079017_14_6,O3,http://dd.eionet.europa.eu/vocabulary/aq/pollutant/7,hour,1.4199999900,µg/m3,2017-01-01 04:00:00 +01:00,2017-01-01 05:00:00 +01:00,1,1
ES,ES.BDCA.AQD,NET_ES131A,STA_ES0125A,,SP_28079017_14_6,SPP_28079017_14_6.1,SAM_28079017_14_6,O3,http://dd.eionet.europa.eu/vocabulary/aq/pollutant/7,hour,1.5000000000,µg/m3,2017-01-01 05:00:00 +01:00,2017-01-01 06:00:00 +01:00,1,1
ES,ES.BDCA.AQD,NET_ES131A,STA_ES0125A,,SP_28079017_14_6,SPP_28079017_14_6.1,SAM_28079017_14_6,O3,http://dd.eionet.europa.eu/vocabulary/aq/pollutant/7,hour,1.6399999900,µg/m3,2017-01-01 06:00:00 +01:00,2017-01-01 07:00:00 +01:00,1,1
ES,ES.BDCA.AQD,NET_ES131A,STA_ES0125A,,SP_28079017_14_6,SPP_28079017_14_6.1,SAM_28079017_14_6,O3,http://dd.eionet.europa.eu/vocabulary/aq/pollutant/7,hour,1.4399999900,µg/m3,2017-01-01 07:00:00 +01:00,2017-01-01 08:00:00 +01:00,1,1
ES,ES.BDCA.AQD,NET_ES131A,STA_ES0125A,,SP_28079017_14_6,SPP_28079017_14_6.1,SAM_28079017_14_6,O3,http://dd.eionet.europa.eu/vocabulary/aq/pollutant/7,hour,1.6200000000,µg/m3,2017-01-01 08:00:00 +01:00,2017-01-01 09:00:00 +01:00,1,1
ES,ES.BDCA.AQD,NET_ES131A,STA_ES0125A,,SP_28079017_14_6,SPP_28079017_14_6.1,SAM_28079017_14_6,O3,http://dd.eionet.europa.eu/vocabulary/aq/pollutant/7,hour,1.7900000000,µg/m3,2017-01-01 09:00:00 +01:00,2017-01-01 10:00:00 +01:00,1,1
ES,ES.BDCA.AQD,NET_ES131A,STA_ES0125A,,SP_28079017_14_6,SPP_28079017_14_6.1,SAM_28079017_14_6,O3,http://dd.eionet.europa.eu/vocabulary/aq/pollutant/7,hour,4.0300000000,µg/m3,2017-01-01 10:00:00 +01:00,2017-01-01 11:00:00 +01:00,1,1
ES,ES.BDCA.AQD,NET_ES131A,STA_ES0125A,,SP_28079017_14_6,SPP_28079017_14_6.1,SAM_28079017_14_6,O3,http://dd.eionet.europa.eu/vocabulary/aq/pollutant/7,hour,8.2300000000,µg/m3,2017-01-01 11:00:00 +01:00,2017-01-01 12:00:00 +01:00,1,1
ES,ES.BDCA.AQD,NET_ES131A,STA_ES0125A,,SP_28079017_14_6,SPP_28079017_14_6.1,SAM_28079017_14_6,O3,http://dd.eionet.europa.eu/vocabulary/aq/pollutant/7,hour,11.4200000000,µg/m3,2017-01-01 12:00:00 +01:00,2017-01-01 13:00:00 +01:00,1,1
ES,ES.BDCA.AQD,NET_ES131A,STA_ES0125A,,SP_28079017_14_6,SPP_28079017_14_6.1,SAM_28079017_14_6,O3,http://dd.eionet.europa.eu/vocabulary/aq/pollutant/7,hour,17.5599999900,µg/m3,2017-01-01 13:00:00 +01:00,2017-01-01 14:00:00 +01:00,1,1
ES,ES.BDCA.AQD,NET_ES131A,STA_ES0125A,,SP_28079017_14_6,SPP_28079017_14_6.1,SAM_28079017_14_6,O3,http://dd.eionet.europa.eu/vocabulary/aq/pollutant/7,hour,41.3200000000,µg/m3,2017-01-01 14:00:00 +01:00,2017-01-01 15:00:00 +01:00,1,1
ES,ES.BDCA.AQD,NET_ES131A,STA_ES0125A,,SP_28079017_14_6,SPP_28079017_14_6.1,SAM_28079017_14_6,O3,http://dd.eionet.europa.eu/vocabulary/aq/pollutant/7,hour,49.2000000000,µg/m3,2017-01-01 15:00:00 +01:00,2017-01-01 16:00:00 +01:00,1,1
ES,ES.BDCA.AQD,NET_ES131A,STA_ES0125A,,SP_28079017_14_6,SPP_28079017_14_6.1,SAM_28079017_14_6,O3,http://dd.eionet.europa.eu/vocabulary/aq/pollutant/7,hour,50.3699999900,µg/m3,2017-01-01 16:00:00 +01:00,2017-01-01 17:00:00 +01:00,1,1
ES,ES.BDCA.AQD,NET_ES131A,STA_ES0125A,,SP_28079017_14_6,SPP_28079017_14_6.1,SAM_28079017_14_6,O3,http://dd.eionet.europa.eu/vocabulary/aq/pollutant/7,hour,44.1599999900,µg/m3,2017-01-01 17:00:00 +01:00,2017-01-01 18:00:00 +01:00,1,1
ES,ES.BDCA.AQD,NET_ES131A,STA_ES0125A,,SP_28079017_14_6,SPP_28079017_14_6.1,SAM_28079017_14_6,O3,http://dd.eionet.europa.eu/vocabulary/aq/pollutant/7,hour,18.1700000000,µg/m3,2017-01-01 18:00:00 +01:00,2017-01-01 19:00:00 +01:00,1,1
ES,ES.BDCA.AQD,NET_ES131A,STA_ES0125A,,SP_28079017_14_6,SPP_28079017_14_6.1,SAM_28079017_14_6,O3,http://dd.eionet.europa.eu/vocabulary/aq/pollutant/7,hour,2.0200000000,µg/m3,2017-01-01 19:00:00 +01:00,2017-01-01 20:00:00 +01:00,1,1
ES,ES.BDCA.AQD,NET_ES131A,STA_ES0125A,,SP_28079017_14_6,SPP_28079017_14_6.1,SAM_28079017_14_6,O3,http://dd.eionet.europa.eu/vocabulary/aq/pollutant/7,hour,1.6599999900,µg/m3,2017-01-01 20:00:00 +01:00,2017-01-01 21:00:00 +01:00,1,1
ES,ES.BDCA.AQD,NET_ES131A,STA_ES0125A,,SP_28079017_14_6,SPP_28079017_14_6.1,SAM_28079017_14_6,O3,http://dd.eionet.europa.eu/vocabulary/aq/pollutant/7,hour,,µg/m3,2017-01-01 21:00:00 +01:00,2017-01-01 22:00:00 +01:00,-1,1
ES,ES.BDCA.AQD,NET_ES131A,STA_ES0125A,,SP_28079017_14_6,SPP_28079017_14_6.1,SAM_28079017_14_6,O3,http://dd.eionet.europa.eu/vocabulary/aq/pollutant/7,hour,11.1199999900,µg/m3,2017-01-01 22:00:00 +01:00,2017-01-01 23:00:00 +01:00,1,1
ES,ES.BDCA.AQD,NET_ES131A,STA_ES0125A,,SP_28079017_14_6,SPP_28079017_14_6.1,SAM_28079017_14_6,O3,http://dd.eionet.europa.eu/vocabulary/aq/pollutant/7,hour,11.7799999900,µg/m3,2017-01-01 23:00:00 +01:00,2017-01-02 00:00:00 +01:00,1,1
ES,ES.BDCA.AQD,NET_ES131A,STA_ES0125A,,SP_28079017_14_6,SPP_28079017_14_6.1,SAM_28079017_14_6,O3,http://dd.eionet.europa.eu/vocabulary/aq/pollutant/7,hour,33.5499999900,µg/m3,2017-01-02 00:00:00 +01:00,2017-01-02 01:00:00 +01:00,1,1
ES,ES.BDCA.AQD,NET_ES131A,STA_ES0125A,,SP_28079017_14_6,SPP_28079017_14_6.1,SAM_28079017_14_6,O3,http://dd.eionet.europa.eu/vocabulary/aq/pollutant/7,hour,35.4500000000,µg/m3,2017-01-02 01:00:00 +01:00,2017-01-02 02:00:00 +01:00,1,1
ES,ES.BDCA.AQD,NET_ES131A,STA_ES0125A,,SP_28079017_14_6,SPP_28079017_14_6.1,SAM_28079017_14_6,O3,http://dd.eionet.europa.eu/vocabulary/aq/pollutant/7,hour,26.3599999900,µg/m3,2017-01-02 02:00:00 +01:00,2017-01-02 03:00:00 +01:00,1,1
ES,ES.BDCA.AQD,NET_ES131A,STA_ES0125A,,SP_28079017_14_6,SPP_28079017_14_6.1,SAM_28079017_14_6,O3,http://dd.eionet.europa.eu/vocabulary/aq/pollutant/7,hour,24.5399999900,µg/m3,2017-01-02 03:00:00 +01:00,2017-01-02 04:00:00 +01:00,1,1
ES,ES.BDCA.AQD,NET_ES131A,STA_ES0125A,,SP_28079017_14_6,SPP_28079017_14_6.1,SAM_28079017_14_6,O3,http://dd.eionet.europa.eu/vocabulary/aq/pollutant/7,hour,31.5200000000,µg/m3,2017-01-02 04:00:00 +01:00,2017-01-02 05:00:00 +01:00,1,1
ES,ES.BDCA.AQD,NET_ES131A,STA_ES0125A,,SP_28079017_14_6,SPP_28079017_14_6.1,SAM_28079017_14_6,O3,http://dd.eionet.europa.eu/vocabulary/aq/pollutant/7,hour,22.9200000000,µg/m3,2017-01-02 05:00:00 +01:00,2017-01-02 06:00:00 +01:00,1,1
ES,ES.BDCA.AQD,NET_ES131A,STA_ES0125A,,SP_28079017_14_6,SPP_28079017_14_6.1,SAM_28079017_14_6,O3,http://dd.eionet.europa.eu/vocabulary/aq/pollutant/7,hour,6.5499999900,µg/m3,2017-01-02 06:00:00 +01:00,2017-01-02 07:00:00 +01:00,1,1
ES,ES.BDCA.AQD,NET_ES131A,STA_ES0125A,,SP_28079017_14_6,SPP_28079017_14_6.1,SAM_28079017_14_6,O3,http://dd.eionet.europa.eu/vocabulary/aq/pollutant/7,hour,1.8999999900,µg/m3,2017-01-02 07:00:00 +01:00,2017-01-02 08:00:00 +01:00,1,1
ES,ES.BDCA.AQD,NET_ES131A,STA_ES0125A,,SP_28079017_14_6,SPP_28079017_14_6.1,SAM_28079017_14_6,O3,http://dd.eionet.europa.eu/vocabulary/aq/pollutant/7,hour,1.8899999900,µg/m3,2017-01-02 08:00:00 +01:00,2017-01-02 09:00:00 +01:00,1,1
ES,ES.BDCA.AQD,NET_ES131A,STA_ES0125A,,SP_28079017_14_6,SPP_28079017_14_6.1,SAM_28079017_14_6,O3,http://dd.eionet.europa.eu/vocabulary/aq/pollutant/7,hour,2.6000000000,µg/m3,2017-01-02 09:00:00 +01:00,2017-01-02 10:00:00 +01:00,1,1
ES,ES.BDCA.AQD,NET_ES131A,STA_ES0125A,,SP_28079017_14_6,SPP_28079017_14_6.1,SAM_28079017_14_6,O3,http://dd.eionet.europa.eu/vocabulary/aq/pollutant/7,hour,5.1100000000,µg/m3,2017-01-02 10:00:00 +01:00,2017-01-02 11:00:00 +01:00,1,1
ES,ES.BDCA.AQD,NET_ES131A,STA_ES0125A,,SP_28079017_14_6,SPP_28079017_14_6.1,SAM_28079017_14_6,O3,http://dd.eionet.europa.eu/vocabulary/aq/pollutant/7,hour,11.3400000000,µg/m3,2017-01-02 11:00:00 +01:00,2017-01-02 12:00:00 +01:00,1,1
ES,ES.BDCA.AQD,NET_ES131A,STA_ES0125A,,SP_28079017_14_6,SPP_28079017_14_6.1,SAM_28079017_14_6,O3,http://dd.eionet.europa.eu/vocabulary/aq/pollutant/7,hour,13.2500000000,µg/m3,2017-01-02 12:00:00 +01:00,2017-01-02 13:00:00 +01:00,1,1
ES,ES.BDCA.AQD,NET_ES131A,STA_ES0125A,,SP_28079017_14_6,SPP_28079017_14_6.1,SAM_28079017_14_6,O3,http://dd.eionet.europa.eu/vocabulary/aq/pollutant/7,hour,16.4499999900,µg/m3,2017-01-02 13:00:00 +01:00,2017-01-02 14:00:00 +01:00,1,1
ES,ES.BDCA.AQD,NET_ES131A,STA_ES0125A,,SP_28079017_14_6,SPP_28079017_14_6.1,SAM_28079017_14_6,O3,http://dd.eionet.europa.eu/vocabulary/aq/pollutant/7,hour,20.0500000000,µg/m3,2017-01-02 14:00:00 +01:00,2017-01-02 15:00:00 +01:00,1,1
ES,ES.BDCA.AQD,NET_ES131A,STA_ES0125A,,SP_28079017_14_6,SPP_28079017_14_6.1,SAM_28079017_14_6,O3,http://dd.eionet.europa.eu/vocabulary/aq/pollutant/7,hour,33.1099999900,µg/m3,2017-01-02 15:00:00 +01:00,2017-01-02 16:00:00 +01:00,1,1
ES,ES.BDCA.AQD,NET_ES131A,STA_ES0125A,,SP_28079017_14_6,SPP_28079017_14_6.1,SAM_28079017_14_6,O3,http://dd.eionet.europa.eu/vocabulary/aq/pollutant/7,hour,23.0500000000,µg/m3,2017-01-02 16:00:00 +01:00,2017-01-02 17:00:00 +01:00,1,1
ES,ES.BDCA.AQD,NET_ES131A,STA_ES0125A,,SP_28079017_14_6,SPP_28079017_14_6.1,SAM_28079017_14_6,O3,http://dd.eionet.europa.eu/vocabulary/aq/pollutant/7,hour,8.4100000000,µg/m3,2017-01-02 17:00:00 +01:00,2017-01-02 18:00:00 +01:00,1,1
ES,ES.BDCA.AQD,NET_ES131A,STA_ES0125A,,SP_28079017_14_6,SPP_28079017_14_6.1,SAM_28079017_14_6,O3,http://dd.eionet.europa.eu/vocabulary/aq/pollutant/7,hour,2.6800000000,µg/m3,2017-01-02 18:00:00 +01:00,2017-01-02 19:00:00 +01:00,1,1
ES,ES.BDCA.AQD,NET_ES131A,STA_ES0125A,,SP_28079017_14_6,SPP_28079017_14_6.1,SAM_28079017_14_6,O3,http://dd.eionet.europa.eu/vocabulary/aq/pollutant/7,hour,2.5499999900,µg/m3,2017-01-02 19:00:00 +01:00,2017-01-02 20:00:00 +01:00,1,1
ES,ES.BDCA.AQD,NET_ES131A,STA_ES0125A,,SP_28079017_14_6,SPP_28079017_14_6.1,SAM_28079017_14_6,O3,http://dd.eionet.europa.eu/vocabulary/aq/pollutant/7,hour,,µg/m3,2017-01-02 20:00:00 +01:00,2017-01-02 21:00:00 +01:00,-1,1
ES,ES.BDCA.AQD,NET_ES131A,STA_ES0125A,,SP_28079017_14_6,SPP_28079017_14_6.1,SAM_28079017_14_6,O3,http://dd.eionet.europa.eu/vocabulary/aq/pollutant/7,hour,2.4100000000,µg/m3,2017-01-02 21:00:00 +01:00,2017-01-02 22:00:00 +01:00,1,1
ES,ES.BDCA.AQD,NET_ES131A,STA_ES0125A,,SP_28079017_14_6,SPP_28079017_14_6.1,SAM_28079017_14_6,O3,http://dd.eionet.europa.eu/vocabulary/aq/pollutant/7,hour,2.0800000000,µg/m3,2017-01-02 22:00:00 +01:00,2017-01-02 23:00:00 +01:00,1,1
ES,ES.BDCA.AQD,NET_ES131A,STA_ES0125A,,SP_28079017_14_6,SPP_28079017_14_6.1,SAM_28079017_14_6,O3,http://dd.eionet.europa.eu/vocabulary/aq/pollutant/7,hour,2.4599999900,µg/m3,2017-01-02 23:00:00 +01:00,2017-01-03 00:00:00 +01:00,1,1
ES,ES.BDCA.AQD,NET_ES131A,STA_ES0125A,,SP_28079017_14_6,SPP_28079017_14_6.1,SAM_28079017_14_6,O3,http://dd.eionet.europa.eu/vocabulary/aq/pollutant/7,hour,2.2000000000,µg/m3,2017-01-03 00:00:00 +01:00,2017-01-03 01:00:00 +01:00,1,1
ES,ES.BDCA.AQD,NET_ES131A,STA_ES0125A,,SP_28079017_14_6,SPP_28079017_14_6.1,SAM_28079017_14_6,O3,http://dd.eionet.europa.eu/vocabulary/aq/pollutant/7,hour,2.1699999900,µg/m3,2017-01-03 01:00:00 +01:00,2017-01-03 02:00:00 +01:00,1,1
ES,ES.BDCA.AQD,NET_ES131A,STA_ES0125A,,SP_28079017_14_6,SPP_28079017_14_6.1,SAM_28079017_14_6,O3,http://dd.eionet.europa.eu/vocabulary/aq/pollutant/7,hour,2.3700000000,µg/m3,2017-01-03 02:00:00 +01:00,2017-01-03 03:00:00 +01:00,1,1
ES,ES.BDCA.AQD,NET_ES131A,STA_ES0125A,,SP_28079017_14_6,SPP_28079017_14_6.1,SAM_28079017_14_6,O3,http://dd.eionet.europa.eu/vocabulary/aq/pollutant/7,hour,2.1600000000,µg/m3,2017-01-03 03:00:00 +01:00,2017-01-03 04:00:00 +01:00,1,1
ES,ES.BDCA.AQD,NET_ES131A,STA_ES0125A,,SP_28079017_14_6,SPP_28079017_14_6.1,SAM_28079017_14_6,O3,http://dd.eionet.europa.eu/vocabulary/aq/pollutant/7,hour,2.3199999900,µg/m3,2017-01-03 04:00:00 +01:00,2017-01-03 05:00:00 +01:00,1,1
ES,ES.BDCA.AQD,NET_ES131A,STA_ES0125A,,SP_28079017_14_6,SPP_28079017_14_6.1,SAM_28079017_14_6,O3,http://dd.eionet.europa.eu/vocabulary/aq/pollutant/7,hour,2.1400000000,µg/m3,2017-01-03 05:00:00 +01:00,2017-01-03 06:00:00 +01:00,1,1
ES,ES.BDCA.AQD,NET_ES131A,STA_ES0125A,,SP_28079017_14_6,SPP_28079017_14_6.1,SAM_28079017_14_6,O3,http://dd.eionet.europa.eu/vocabulary/aq/pollutant/7,hour,2.1400000000,µg/m3,2017-01-03 06:00:00 +01:00,2017-01-03 07:00:00 +01:00,1,1
ES,ES.BDCA.AQD,NET_ES131A,STA_ES0125A,,SP_28079017_14_6,SPP_28079017_14_6.1,SAM_28079017_14_6,O3,http://dd.eionet.europa.eu/vocabulary/aq/pollutant/7,hour,2.0800000000,µg/m3,2017-01-03 07:00:00 +01:00,2017-01-03 08:00:00 +01:00,1,1
ES,ES.BDCA.AQD,NET_ES131A,STA_ES0125A,,SP_28079017_14_6,SPP_28079017_14_6.1,SAM_28079017_14_6,O3,http://dd.eionet.europa.eu/vocabulary/aq/pollutant/7,hour,2.1099999900,µg/m3,2017-01-03 08:00:00 +01:00,2017-01-03 09:00:00 +01:00,1,1
ES,ES.BDCA.AQD,NET_ES131A,STA_ES0125A,,SP_28079017_14_6,SPP_28079017_14_6.1,SAM_28079017_14_6,O3,http://dd.eionet.europa.eu/vocabulary/aq/pollutant/7,hour,2.0800000000,µg/m3,2017-01-03 09:00:00 +01:00,2017-01-03 10:00:00 +01:00,1,1
ES,ES.BDCA.AQD,NET_ES131A,STA_ES0125A,,SP_28079017_14_6,SPP_28079017_14_6.1,SAM_28079017_14_6,O3,http://dd.eionet.europa.eu/vocabulary/aq/pollutant/7,hour,2.8100000000,µg/m3,2017-01-03 10:00:00 +01:00,2017-01-03 11:00:00 +01:00,1,1
ES,ES.BDCA.AQD,NET_ES131A,STA_ES0125A,,SP_28079017_14_6,SPP_28079017_14_6.1,SAM_28079017_14_6,O3,http://dd.eionet.europa.eu/vocabulary/aq/pollutant/7,hour,4.9600000000,µg/m3,2017-01-03 11:00:00 +01:00,2017-01-03 12:00:00 +01:00,1,1
ES,ES.BDCA.AQD,NET_ES131A,STA_ES0125A,,SP_28079017_14_6,SPP_28079017_14_6.1,SAM_28079017_14_6,O3,http://dd.eionet.europa.eu/vocabulary/aq/pollutant/7,hour,9.9800000000,µg/m3,2017-01-03 12:00:00 +01:00,2017-01-03 13:00:00 +01:00,1,1
ES,ES.BDCA.AQD,NET_ES131A,STA_ES0125A,,SP_28079017_14_6,SPP_28079017_14_6.1,SAM_28079017_14_6,O3,http://dd.eionet.europa.eu/vocabulary/aq/pollutant/7,hour,10.1199999900,µg/m3,2017-01-03 13:00:00 +01:00,2017-01-03 14:00:00 +01:00,1,1
ES,ES.BDCA.AQD,NET_ES131A,STA_ES0125A,,SP_28079017_14_6,SPP_28079017_14_6.1,SAM_28079017_14_6,O3,http://dd.eionet.europa.eu/vocabulary/aq/pollutant/7,hour,10.7500000000,µg/m3,2017-01-03 14:00:00 +01:00,2017-01-03 15:00:00 +01:00,1,1
ES,ES.BDCA.AQD,NET_ES131A,STA_ES0125A,,SP_28079017_14_6,SPP_28079017_14_6.1,SAM_28079017_14_6,O3,http://dd.eionet.europa.eu/vocabulary/aq/pollutant/7,hour,10.7500000000,µg/m3,2017-01-03 15:00:00 +01:00,2017-01-03 16:00:00 +01:00,1,1
ES,ES.BDCA.AQD,NET_ES131A,STA_ES0125A,,SP_28079017_14_6,SPP_28079017_14_6.1,SAM_28079017_14_6,O3,http://dd.eionet.europa.eu/vocabulary/aq/pollutant/7,hour,7.2199999900,µg/m3,2017-01-03 16:00:00 +01:00,2017-01-03 17:00:00 +01:00,1,1
ES,ES.BDCA.AQD,NET_ES131A,STA_ES0125A,,SP_28079017_14_6,SPP_28079017_14_6.1,SAM_28079017_14_6,O3,http://dd.eionet.europa.eu/vocabulary/aq/pollutant/7,hour,3.1899999900,µg/m3,2017-01-03 17:00:00 +01:00,2017-01-03 18:00:00 +01:00,1,1
ES,ES.BDCA.AQD,NET_ES131A,STA_ES0125A,,SP_28079017_14_6,SPP_28079017_14_6.1,SAM_28079017_14_6,O3,http://dd.eionet.europa.eu/vocabulary/aq/pollutant/7,hour,,µg/m3,2017-01-03 18:00:00 +01:00,2017-01-03 19:00:00 +01:00,-1,1
ES,ES.BDCA.AQD,NET_ES131A,STA_ES0125A,,SP_28079017_14_6,SPP_28079017_14_6.1,SAM_28079017_14_6,O3,http://dd.eionet.europa.eu/vocabulary/aq/pollutant/7,hour,,µg/m3,2017-01-03 19:00:00 +01:00,2017-01-03 20:00:00 +01:00,-1,1
ES,ES.BDCA.AQD,NET_ES131A,STA_ES0125A,,SP_28079017_14_6,SPP_28079017_14_6.1,SAM_28079017_14_6,O3,http://dd.eionet.europa.eu/vocabulary/aq/pollutant/7,hour,2.7200000000,µg/m3,2017-01-03 20:00:00 +01:00,2017-01-03 21:00:00 +01:00,1,1
ES,ES.BDCA.AQD,NET_ES131A,STA_ES0125A,,SP_28079017_14_6,SPP_28079017_14_6.1,SAM_28079017_14_6,O3,http://dd.eionet.europa.eu/vocabulary/aq/pollutant/7,hour,2.7300000000,µg/m3,2017-01-03 21:00:00 +01:00,2017-01-03 22:00:00 +01:00,1,1
ES,ES.BDCA.AQD,NET_ES131A,STA_ES0125A,,SP_28079017_14_6,SPP_28079017_14_6.1,SAM_28079017_14_6,O3,http://dd.eionet.europa.eu/vocabulary/aq/pollutant/7,hour,2.6699999900,µg/m3,2017-01-03 22:00:00 +01:00,2017-01-03 23:00:00 +01:00,1,1
ES,ES.BDCA.AQD,NET_ES131A,STA_ES0125A,,SP_28079017_14_6,SPP_28079017_14_6.1,SAM_28079017_14_6,O3,http://dd.eionet.europa.eu/vocabulary/aq/pollutant/7,hour,2.7999999900,µg/m3,2017-01-03 23:00:00 +01:00,2017-01-04 00:00:00 +01:00,1,1
ES,ES.BDCA.AQD,NET_ES131A,STA_ES0125A,,SP_28079017_14_6,SPP_28079017_14_6.1,SAM_28079017_14_6,O3,http://dd.eionet.europa.eu/vocabulary/aq/pollutant/7,hour,2.6400000000,µg/m3,2017-01-04 00:00:00 +01:00,2017-01-04 01:00:00 +01:00,1,1
ES,ES.BDCA.AQD,NET_ES131A,STA_ES0125A,,SP_28079017_14_6,SPP_28079017_14_6.1,SAM_28079017_14_6,O3,http://dd.eionet.europa.eu/vocabulary/aq/pollutant/7,hour,2.6099999900,µg/m3,2017-01-04 01:00:00 +01:00,2017-01-04 02:00:00 +01:00,1,1
ES,ES.BDCA.AQD,NET_ES131A,STA_ES0125A,,SP_28079017_14_6,SPP_28079017_14_6.1,SAM_28079017_14_6,O3,http://dd.eionet.europa.eu/vocabulary/aq/pollutant/7,hour,2.2000000000,µg/m3,2017-01-04 02:00:00 +01:00,2017-01-04 03:00:00 +01:00,1,1
ES,ES.BDCA.AQD,NET_ES131A,STA_ES0125A,,SP_28079017_14_6,SPP_28079017_14_6.1,SAM_28079017_14_6,O3,http://dd.eionet.europa.eu/vocabulary/aq/pollutant/7,hour,2.3599999900,µg/m3,2017-01-04 03:00:00 +01:00,2017-01-04 04:00:00 +01:00,1,1
ES,ES.BDCA.AQD,NET_ES131A,STA_ES0125A,,SP_28079017_14_6,SPP_28079017_14_6.1,SAM_28079017_14_6,O3,http://dd.eionet.europa.eu/vocabulary/aq/pollutant/7,hour,2.2100000000,µg/m3,2017-01-04 04:00:00 +01:00,2017-01-04 05:00:00 +01:00,1,1
ES,ES.BDCA.AQD,NET_ES131A,STA_ES0125A,,SP_28079017_14_6,SPP_28079017_14_6.1,SAM_28079017_14_6,O3,http://dd.eionet.europa.eu/vocabulary/aq/pollutant/7,hour,2.1400000000,µg/m3,2017-01-04 05:00:00 +01:00,2017-01-04 06:00:00 +01:00,1,1
ES,ES.BDCA.AQD,NET_ES131A,STA_ES0125A,,SP_28079017_14_6,SPP_28079017_14_6.1,SAM_28079017_14_6,O3,http://dd.eionet.europa.eu/vocabulary/aq/pollutant/7,hour,2.1800000000,µg/m3,2017-01-04 06:00:00 +01:00,2017-01-04 07:00:00 +01:00,1,1
ES,ES.BDCA.AQD,NET_ES131A,STA_ES0125A,,SP_28079017_14_6,SPP_28079017_14_6.1,SAM_28079017_14_6,O3,http://dd.eionet.europa.eu/vocabulary/aq/pollutant/7,hour,2.1800000000,µg/m3,2017-01-04 07:00:00 +01:00,2017-01-04 08:00:00 +01:00,1,1
ES,ES.BDCA.AQD,NET_ES131A,STA_ES0125A,,SP_28079017_14_6,SPP_28079017_14_6.1,SAM_28079017_14_6,O3,http://dd.eionet.europa.eu/vocabulary/aq/pollutant/7,hour,2.1099999900,µg/m3,2017-01-04 08:00:00 +01:00,2017-01-04 09:00:00 +01:00,1,1
ES,ES.BDCA.AQD,NET_ES131A,STA_ES0125A,,SP_28079017_14_6,SPP_28079017_14_6.1,SAM_28079017_14_6,O3,http://dd.eionet.europa.eu/vocabulary/aq/pollutant/7,hour,2.2500000000,µg/m3,2017-01-04 09:00:00 +01:00,2017-01-04 10:00:00 +01:00,1,1
ES,ES.BDCA.AQD,NET_ES131A,STA_ES0125A,,SP_28079017_14_6,SPP_28079017_14_6.1,SAM_28079017_14_6,O3,http://dd.eionet.europa.eu/vocabulary/aq/pollutant/7,hour,2.7300000000,µg/m3,2017-01-04 10:00:00 +01:00,2017-01-04 11:00:00 +01:00,1,1
ES,ES.BDCA.AQD,NET_ES131A,STA_ES0125A,,SP_28079017_14_6,SPP_28079017_14_6.1,SAM_28079017_14_6,O3,http://dd.eionet.europa.eu/vocabulary/aq/pollutant/7,hour,4.0999999900,µg/m3,2017-01-04 11:00:00 +01:00,2017-01-04 12:00:00 +01:00,1,1
ES,ES.BDCA.AQD,NET_ES131A,STA_ES0125A,,SP_28079017_14_6,SPP_28079017_14_6.1,SAM_28079017_14_6,O3,http://dd.eionet.europa.eu/vocabulary/aq/pollutant/7,hour,6.9900000000,µg/m3,2017-01-04 12:00:00 +01:00,2017-01-04 13:00:00 +01:00,1,1
ES,ES.BDCA.AQD,NET_ES131A,STA_ES0125A,,SP_28079017_14_6,SPP_28079017_14_6.1,SAM_28079017_14_6,O3,http://dd.eionet.europa.eu/vocabulary/aq/pollutant/7,hour,15.9700000000,µg/m3,2017-01-04 13:00:00 +01:00,2017-01-04 14:00:00 +01:00,1,1
ES,ES.BDCA.AQD,NET_ES131A,STA_ES0125A,,SP_28079017_14_6,SPP_28079017_14_6.1,SAM_28079017_14_6,O3,http://dd.eionet.europa.eu/vocabulary/aq/pollutant/7,hour,26.1200000000,µg/m3,2017-01-04 14:00:00 +01:00,2017-01-04 15:00:00 +01:00,1,1
ES,ES.BDCA.AQD,NET_ES131A,STA_ES0125A,,SP_28079017_14_6,SPP_28079017_14_6.1,SAM_28079017_14_6,O3,http://dd.eionet.europa.eu/vocabulary/aq/pollutant/7,hour,30.9100000000,µg/m3,2017-01-04 15:00:00 +01:00,2017-01-04 16:00:00 +01:00,1,1
ES,ES.BDCA.AQD,NET_ES131A,STA_ES0125A,,SP_28079017_14_6,SPP_28079017_14_6.1,SAM_28079017_14_6,O3,http://dd.eionet.europa.eu/vocabulary/aq/pollutant/7,hour,23.7500000000,µg/m3,2017-01-04 16:00:00 +01:00,2017-01-04 17:00:00 +01:00,1,1
ES,ES.BDCA.AQD,NET_ES131A,STA_ES0125A,,SP_28079017_14_6,SPP_28079017_14_6.1,SAM_28079017_14_6,O3,http://dd.eionet.europa.eu/vocabulary/aq/pollutant/7,hour,15.0800000000,µg/m3,2017-01-04 17:00:00 +01:00,2017-01-04 18:00:00 +01:00,1,1
ES,ES.BDCA.AQD,NET_ES131A,STA_ES0125A,,SP_28079017_14_6,SPP_28079017_14_6.1,SAM_28079017_14_6,O3,http://dd.eionet.europa.eu/vocabulary/aq/pollutant/7,hour,,µg/m3,2017-01-04 18:00:00 +01:00,2017-01-04 19:00:00 +01:00,-1,1
ES,ES.BDCA.AQD,NET_ES131A,STA_ES0125A,,SP_28079017_14_6,SPP_28079017_14_6.1,SAM_28079017_14_6,O3,http://dd.eionet.europa.eu/vocabulary/aq/pollutant/7,hour,2.9500000000,µg/m3,2017-01-04 19:00:00 +01:00,2017-01-04 20:00:00 +01:00,1,1
ES,ES.BDCA.AQD,NET_ES131A,STA_ES0125A,,SP_28079017_14_6,SPP_28079017_14_6.1,SAM_28079017_14_6,O3,http://dd.eionet.europa.eu/vocabulary/aq/pollutant/7,hour,3.3799999900,µg/m3,2017-01-04 20:00:00 +01:00,2017-01-04 21:00:00 +01:00,1,1
ES,ES.BDCA.AQD,NET_ES131A,STA_ES0125A,,SP_28079017_14_6,SPP_28079017_14_6.1,SAM_28079017_14_6,O3,http://dd.eionet.europa.eu/vocabulary/aq/pollutant/7,hour,6.3300000000,µg/m3,2017-01-04 21:00:00 +01:00,2017-01-04 22:00:00 +01:00,1,1
ES,ES.BDCA.AQD,NET_ES131A,STA_ES0125A,,SP_28079017_14_6,SPP_28079017_14_6.1,SAM_28079017_14_6,O3,http://dd.eionet.europa.eu/vocabulary/aq/pollutant/7,hour,4.4299999900,µg/m3,2017-01-04 22:00:00 +01:00,2017-01-04 23:00:00 +01:00,1,1
ES,ES.BDCA.AQD,NET_ES131A,STA_ES0125A,,SP_28079017_14_6,SPP_28079017_14_6.1,SAM_28079017_14_6,O3,http://dd.eionet.europa.eu/vocabulary/aq/pollutant/7,hour,5.9800000000,µg/m3,2017-01-04 23:00:00 +01:00,2017-01-05 00:00:00 +01:00,1,1
ES,ES.BDCA.AQD,NET_ES131A,STA_ES0125A,,SP_28079017_14_6,SPP_28079017_14_6.1,SAM_28079017_14_6,O3,http://dd.eionet.europa.eu/vocabulary/aq/pollutant/7,hour,12.7100000000,µg/m3,2017-01-05 00:00:00 +01:00,2017-01-05 01:00:00 +01:00,1,1
ES,ES.BDCA.AQD,NET_ES131A,STA_ES0125A,,SP_28079017_14_6,SPP_28079017_14_6.1,SAM_28079017_14_6,O3,http://dd.eionet.europa.eu/vocabulary/aq/pollutant/7,hour,23.7700000000,µg/m3,2017-01-05 01:00:00 +01:00,2017-01-05 02:00:00 +01:00,1,1
ES,ES.BDCA.AQD,NET_ES131A,STA_ES0125A,,SP_28079017_14_6,SPP_28079017_14_6.1,SAM_28079017_14_6,O3,http://dd.eionet.europa.eu/vocabulary/aq/pollutant/7,hour,21.1400000000,µg/m3,2017-01-05 02:00:00 +01:00,2017-01-05 03:00:00 +01:00,1,1
ES,ES.BDCA.AQD,NET_ES131A,STA_ES0125A,,SP_28079017_14_6,SPP_28079017_14_6.1,SAM_28079017_14_6,O3,http://dd.eionet.europa.eu/vocabulary/aq/pollutant/7,hour,26.0900000000,µg/m3,2017-01-05 03:00:00 +01:00,2017-01-05 04:00:00 +01:00,1,1
ES,ES.BDCA.AQD,NET_ES131A,STA_ES0125A,,SP_28079017_14_6,SPP_28079017_14_6.1,SAM_28079017_14_6,O3,http://dd.eionet.europa.eu/vocabulary/aq/pollutant/7,hour,31.7800000000,µg/m3,2017-01-05 04:00:00 +01:00,2017-01-05 05:00:00 +01:00,1,1
ES,ES.BDCA.AQD,NET_ES131A,STA_ES0125A,,SP_28079017_14_6,SPP_28079017_14_6.1,SAM_28079017_14_6,O3,http://dd.eionet.europa.eu/vocabulary/aq/pollutant/7,hour,27.3400000000,µg/m3,2017-01-05 05:00:00 +01:00,2017-01-05 06:00:00 +01:00,1,1
ES,ES.BDCA.AQD,NET_ES131A,STA_ES0125A,,SP_28079017_14_6,SPP_28079017_14_6.1,SAM_28079017_14_6,O3,http://dd.eionet.europa.eu/vocabulary/aq/pollutant/7,hour,20.2899999900,µg/m3,2017-01-05 06:00:00 +01:00,2017-01-05 07:00:00 +01:00,1,1
ES,ES.BDCA.AQD,NET_ES131A,STA_ES0125A,,SP_28079017_14_6,SPP_28079017_14_6.1,SAM_28079017_14_6,O3,http://dd.eionet.europa.eu/vocabulary/aq/pollutant/7,hour,8.0299999900,µg/m3,2017-01-05 07:00:00 +01:00,2017-01-05 08:00:00 +01:00,1,1
ES,ES.BDCA.AQD,NET_ES131A,STA_ES0125A,,SP_28079017_14_6,SPP_28079017_14_6.1,SAM_28079017_14_6,O3,http://dd.eionet.europa.eu/vocabulary/aq/pollutant/7,hour,3.0600000000,µg/m3,2017-01-05 08:00:00 +01:00,2017-01-05 09:00:00 +01:00,1,1
ES,ES.BDCA.AQD,NET_ES131A,STA_ES0125A,,SP_28079017_14_6,SPP_28079017_14_6.1,SAM_28079017_14_6,O3,http://dd.eionet.europa.eu/vocabulary/aq/pollutant/7,hour,4.0499999900,µg/m3,2017-01-05 09:00:00 +01:00,2017-01-05 10:00:00 +01:00,1,1
ES,ES.BDCA.AQD,NET_ES131A,STA_ES0125A,,SP_28079017_14_6,SPP_28079017_14_6.1,SAM_28079017_14_6,O3,http://dd.eionet.europa.eu/vocabulary/aq/pollutant/7,hour,4.7800000000,µg/m3,2017-01-05 10:00:00 +01:00,2017-01-05 11:00:00 +01:00,1,1
ES,ES.BDCA.AQD,NET_ES131A,STA_ES0125A,,SP_28079017_14_6,SPP_28079017_14_6.1,SAM_28079017_14_6,O3,http://dd.eionet.europa.eu/vocabulary/aq/pollutant/7,hour,6.0199999900,µg/m3,2017-01-05 11:00:00 +01:00,2017-01-05 12:00:00 +01:00,1,1
ES,ES.BDCA.AQD,NET_ES131A,STA_ES0125A,,SP_28079017_14_6,SPP_28079017_14_6.1,SAM_28079017_14_6,O3,http://dd.eionet.europa.eu/vocabulary/aq/pollutant/7,hour,8.1999999900,µg/m3,2017-01-05 12:00:00 +01:00,2017-01-05 13:00:00 +01:00,1,1
ES,ES.BDCA.AQD,NET_ES131A,STA_ES0125A,,SP_28079017_14_6,SPP_28079017_14_6.1,SAM_28079017_14_6,O3,http://dd.eionet.europa.eu/vocabulary/aq/pollutant/7,hour,9.7100000000,µg/m3,2017-01-05 13:00:00 +01:00,2017-01-05 14:00:00 +01:00,1,1
ES,ES.BDCA.AQD,NET_ES131A,STA_ES0125A,,SP_28079017_14_6,SPP_28079017_14_6.1,SAM_28079017_14_6,O3,http://dd.eionet.europa.eu/vocabulary/aq/pollutant/7,hour,13.1099999900,µg/m3,2017-01-05 14:00:00 +01:00,2017-01-05 15:00:00 +01:00,1,1
ES,ES.BDCA.AQD,NET_ES131A,STA_ES0125A,,SP_28079017_14_6,SPP_28079017_14_6.1,SAM_28079017_14_6,O3,http://dd.eionet.europa.eu/vocabulary/aq/pollutant/7,hour,10.1899999900,µg/m3,2017-01-05 15:00:00 +01:00,2017-01-05 16:00:00 +01:00,1,1
ES,ES.BDCA.AQD,NET_ES131A,STA_ES0125A,,SP_28079017_14_6,SPP_28079017_14_6.1,SAM_28079017_14_6,O3,http://dd.eionet.europa.eu/vocabulary/aq/pollutant/7,hour,7.1399999900,µg/m3,2017-01-05 16:00:00 +01:00,2017-01-05 17:00:00 +01:00,1,1
ES,ES.BDCA.AQD,NET_ES131A,STA_ES0125A,,SP_28079017_14_6,SPP_28079017_14_6.1,SAM_28079017_14_6,O3,http://dd.eionet.europa.eu/vocabulary/aq/pollutant/7,hour,,µg/m3,2017-01-05 17:00:00 +01:00,2017-01-05 18:00:00 +01:00,-1,1
ES,ES.BDCA.AQD,NET_ES131A,STA_ES0125A,,SP_28079017_14_6,SPP_28079017_14_6.1,SAM_28079017_14_6,O3,http://dd.eionet.europa.eu/vocabulary/aq/pollutant/7,hour,2.6299999900,µg/m3,2017-01-05 18:00:00 +01:00,2017-01-05 19:00:00 +01:00,1,1
ES,ES.BDCA.AQD,NET_ES131A,STA_ES0125A,,SP_28079017_14_6,SPP_28079017_14_6.1,SAM_28079017_14_6,O3,http://dd.eionet.europa.eu/vocabulary/aq/pollutant/7,hour,2.6299999900,µg/m3,2017-01-05 19:00:00 +01:00,2017-01-05 20:00:00 +01:00,1,1
ES,ES.BDCA.AQD,NET_ES131A,STA_ES0125A,,SP_28079017_14_6,SPP_28079017_14_6.1,SAM_28079017_14_6,O3,http://dd.eionet.europa.eu/vocabulary/aq/pollutant/7,hour,2.6200000000,µg/m3,2017-01-05 20:00:00 +01:00,2017-01-05 21:00:00 +01:00,1,1
ES,ES.BDCA.AQD,NET_ES131A,STA_ES0125A,,SP_28079017_14_6,SPP_28079017_14_6.1,SAM_28079017_14_6,O3,http://dd.eionet.europa.eu/vocabulary/aq/pollutant/7,hour,2.6499999900,µg/m3,2017-01-05 21:00:00 +01:00,2017-01-05 22:00:00 +01:00,1,1
ES,ES.BDCA.AQD,NET_ES131A,STA_ES0125A,,SP_28079017_14_6,SPP_28079017_14_6.1,SAM_28079017_14_6,O3,http://dd.eionet.europa.eu/vocabulary/aq/pollutant/7,hour,2.6000000000,µg/m3,2017-01-05 22:00:00 +01:00,2017-01-05 23:00:00 +01:00,1,1
ES,ES.BDCA.AQD,NET_ES131A,STA_ES0125A,,SP_28079017_14_6,SPP_28079017_14_6.1,SAM_28079017_14_6,O3,http://dd.eionet.europa.eu/vocabulary/aq/pollutant/7,hour,2.6099999900,µg/m3,2017-01-05 23:00:00 +01:00,2017-01-06 00:00:00 +01:00,1,1
ES,ES.BDCA.AQD,NET_ES131A,STA_ES0125A,,SP_28079017_14_6,SPP_28079017_14_6.1,SAM_28079017_14_6,O3,http://dd.eionet.europa.eu/vocabulary/aq/pollutant/7,hour,2.3399999900,µg/m3,2017-01-06 00:00:00 +01:00,2017-01-06 01:00:00 +01:00,1,1
ES,ES.BDCA.AQD,NET_ES131A,STA_ES0125A,,SP_28079017_14_6,SPP_28079017_14_6.1,SAM_28079017_14_6,O3,http://dd.eionet.europa.eu/vocabulary/aq/pollutant/7,hour,2.3300000000,µg/m3,2017-01-06 01:00:00 +01:00,2017-01-06 02:00:00 +01:00,1,1
ES,ES.BDCA.AQD,NET_ES131A,STA_ES0125A,,SP_28079017_14_6,SPP_28079017_14_6.1,SAM_28079017_14_6,O3,http://dd.eionet.europa.eu/vocabulary/aq/pollutant/7,hour,2.2999999900,µg/m3,2017-01-06 02:00:00 +01:00,2017-01-06 03:00:00 +01:00,1,1
ES,ES.BDCA.AQD,NET_ES131A,STA_ES0125A,,SP_28079017_14_6,SPP_28079017_14_6.1,SAM_28079017_14_6,O3,http://dd.eionet.europa.eu/vocabulary/aq/pollutant/7,hour,2.3500000000,µg/m3,2017-01-06 03:00:00 +01:00,2017-01-06 04:00:00 +01:00,1,1
ES,ES.BDCA.AQD,NET_ES131A,STA_ES0125A,,SP_28079017_14_6,SPP_28079017_14_6.1,SAM_28079017_14_6,O3,http://dd.eionet.europa.eu/vocabulary/aq/pollutant/7,hour,2.2000000000,µg/m3,2017-01-06 04:00:00 +01:00,2017-01-06 05:00:00 +01:00,1,1
ES,ES.BDCA.AQD,NET_ES131A,STA_ES0125A,,SP_28079017_14_6,SPP_28079017_14_6.1,SAM_28079017_14_6,O3,http://dd.eionet.europa.eu/vocabulary/aq/pollutant/7,hour,2.1600000000,µg/m3,2017-01-06 05:00:00 +01:00,2017-01-06 06:00:00 +01:00,1,1
ES,ES.BDCA.AQD,NET_ES131A,STA_ES0125A,,SP_28079017_14_6,SPP_28079017_14_6.1,SAM_28079017_14_6,O3,http://dd.eionet.europa.eu/vocabulary/aq/pollutant/7,hour,1.8799999900,µg/m3,2017-01-06 06:00:00 +01:00,2017-01-06 07:00:00 +01:00,1,1
ES,ES.BDCA.AQD,NET_ES131A,STA_ES0125A,,SP_28079017_14_6,SPP_28079017_14_6.1,SAM_28079017_14_6,O3,http://dd.eionet.europa.eu/vocabulary/aq/pollutant/7,hour,2.0400000000,µg/m3,2017-01-06 07:00:00 +01:00,2017-01-06 08:00:00 +01:00,1,1
ES,ES.BDCA.AQD,NET_ES131A,STA_ES0125A,,SP_28079017_14_6,SPP_28079017_14_6.1,SAM_28079017_14_6,O3,http://dd.eionet.europa.eu/vocabulary/aq/pollutant/7,hour,2.2599999900,µg/m3,2017-01-06 08:00:00 +01:00,2017-01-06 09:00:00 +01:00,1,1
ES,ES.BDCA.AQD,NET_ES131A,STA_ES0125A,,SP_28079017_14_6,SPP_28079017_14_6.1,SAM_28079017_14_6,O3,http://dd.eionet.europa.eu/vocabulary/aq/pollutant/7,hour,2.4900000000,µg/m3,2017-01-06 09:00:00 +01:00,2017-01-06 10:00:00 +01:00,1,1
ES,ES.BDCA.AQD,NET_ES131A,STA_ES0125A,,SP_28079017_14_6,SPP_28079017_14_6.1,SAM_28079017_14_6,O3,http://dd.eionet.europa.eu/vocabulary/aq/pollutant/7,hour,3.9700000000,µg/m3,2017-01-06 10:00:00 +01:00,2017-01-06 11:00:00 +01:00,1,1
ES,ES.BDCA.AQD,NET_ES131A,STA_ES0125A,,SP_28079017_14_6,SPP_28079017_14_6.1,SAM_28079017_14_6,O3,http://dd.eionet.europa.eu/vocabulary/aq/pollutant/7,hour,12.8000000000,µg/m3,2017-01-06 11:00:00 +01:00,2017-01-06 12:00:00 +01:00,1,1
ES,ES.BDCA.AQD,NET_ES131A,STA_ES0125A,,SP_28079017_14_6,SPP_28079017_14_6.1,SAM_28079017_14_6,O3,http://dd.eionet.europa.eu/vocabulary/aq/pollutant/7,hour,20.9600000000,µg/m3,2017-01-06 12:00:00 +01:00,2017-01-06 13:00:00 +01:00,1,1
ES,ES.BDCA.AQD,NET_ES131A,STA_ES0125A,,SP_28079017_14_6,SPP_28079017_14_6.1,SAM_28079017_14_6,O3,http://dd.eionet.europa.eu/vocabulary/aq/pollutant/7,hour,37.8299999900,µg/m3,2017-01-06 13:00:00 +01:00,2017-01-06 14:00:00 +01:00,1,1
ES,ES.BDCA.AQD,NET_ES131A,STA_ES0125A,,SP_28079017_14_6,SPP_28079017_14_6.1,SAM_28079017_14_6,O3,http://dd.eionet.europa.eu/vocabulary/aq/pollutant/7,hour,48.8699999900,µg/m3,2017-01-06 14:00:00 +01:00,2017-01-06 15:00:00 +01:00,1,1
ES,ES.BDCA.AQD,NET_ES131A,STA_ES0125A,,SP_28079017_14_6,SPP_28079017_14_6.1,SAM_28079017_14_6,O3,http://dd.eionet.europa.eu/vocabulary/aq/pollutant/7,hour,54.2100000000,µg/m3,2017-01-06 15:00:00 +01:00,2017-01-06 16:00:00 +01:00,1,1
ES,ES.BDCA.AQD,NET_ES131A,STA_ES0125A,,SP_28079017_14_6,SPP_28079017_14_6.1,SAM_28079017_14_6,O3,http://dd.eionet.europa.eu/vocabulary/aq/pollutant/7,hour,,µg/m3,2017-01-06 16:00:00 +01:00,2017-01-06 17:00:00 +01:00,-1,1
ES,ES.BDCA.AQD,NET_ES131A,STA_ES0125A,,SP_28079017_14_6,SPP_28079017_14_6.1,SAM_28079017_14_6,O3,http://dd.eionet.europa.eu/vocabulary/aq/pollutant/7,hour,30.7800000000,µg/m3,2017-01-06 17:00:00 +01:00,2017-01-06 18:00:00 +01:00,1,1
ES,ES.BDCA.AQD,NET_ES131A,STA_ES0125A,,SP_28079017_14_6,SPP_28079017_14_6.1,SAM_28079017_14_6,O3,http://dd.eionet.europa.eu/vocabulary/aq/pollutant/7,hour,2.6499999900,µg/m3,2017-01-06 18:00:00 +01:00,2017-01-06 19:00:00 +01:00,1,1
ES,ES.BDCA.AQD,NET_ES131A,STA_ES0125A,,SP_28079017_14_6,SPP_28079017_14_6.1,SAM_28079017_14_6,O3,http://dd.eionet.europa.eu/vocabulary/aq/pollutant/7,hour,2.4700000000,µg/m3,2017-01-06 19:00:00 +01:00,2017-01-06 20:00:00 +01:00,1,1
ES,ES.BDCA.AQD,NET_ES131A,STA_ES0125A,,SP_28079017_14_6,SPP_28079017_14_6.1,SAM_28079017_14_6,O3,http://dd.eionet.europa.eu/vocabulary/aq/pollutant/7,hour,2.4399999900,µg/m3,2017-01-06 20:00:00 +01:00,2017-01-06 21:00:00 +01:00,1,1
ES,ES.BDCA.AQD,NET_ES131A,STA_ES0125A,,SP_28079017_14_6,SPP_28079017_14_6.1,SAM_28079017_14_6,O3,http://dd.eionet.europa.eu/vocabulary/aq/pollutant/7,hour,2.1899999900,µg/m3,2017-01-06 21:00:00 +01:00,2017-01-06 22:00:00 +01:00,1,1
ES,ES.BDCA.AQD,NET_ES131A,STA_ES0125A,,SP_28079017_14_6,SPP_28079017_14_6.1,SAM_28079017_14_6,O3,http://dd.eionet.europa.eu/vocabulary/aq/pollutant/7,hour,1.9700000000,µg/m3,2017-01-06 22:00:00 +01:00,2017-01-06 23:00:00 +01:00,1,1
ES,ES.BDCA.AQD,NET_ES131A,STA_ES0125A,,SP_28079017_14_6,SPP_28079017_14_6.1,SAM_28079017_14_6,O3,http://dd.eionet.europa.eu/vocabulary/aq/pollutant/7,hour,1.9800000000,µg/m3,2017-01-06 23:00:00 +01:00,2017-01-07 00:00:00 +01:00,1,1
ES,ES.BDCA.AQD,NET_ES131A,STA_ES0125A,,SP_28079017_14_6,SPP_28079017_14_6.1,SAM_28079017_14_6,O3,http://dd.eionet.europa.eu/vocabulary/aq/pollutant/7,hour,2.0099999900,µg/m3,2017-01-07 00:00:00 +01:00,2017-01-07 01:00:00 +01:00,1,1
ES,ES.BDCA.AQD,NET_ES131A,STA_ES0125A,,SP_28079017_14_6,SPP_28079017_14_6.1,SAM_28079017_14_6,O3,http://dd.eionet.europa.eu/vocabulary/aq/pollutant/7,hour,2.1000000000,µg/m3,2017-01-07 01:00:00 +01:00,2017-01-07 02:00:00 +01:00,1,1
ES,ES.BDCA.AQD,NET_ES131A,STA_ES0125A,,SP_28079017_14_6,SPP_28079017_14_6.1,SAM_28079017_14_6,O3,http://dd.eionet.europa.eu/vocabulary/aq/pollutant/7,hour,2.0099999900,µg/m3,2017-01-07 02:00:00 +01:00,2017-01-07 03:00:00 +01:00,1,1
ES,ES.BDCA.AQD,NET_ES131A,STA_ES0125A,,SP_28079017_14_6,SPP_28079017_14_6.1,SAM_28079017_14_6,O3,http://dd.eionet.europa.eu/vocabulary/aq/pollutant/7,hour,2.0200000000,µg/m3,2017-01-07 03:00:00 +01:00,2017-01-07 04:00:00 +01:00,1,1
ES,ES.BDCA.AQD,NET_ES131A,STA_ES0125A,,SP_28079017_14_6,SPP_28079017_14_6.1,SAM_28079017_14_6,O3,http://dd.eionet.europa.eu/vocabulary/aq/pollutant/7,hour,2.3100000000,µg/m3,2017-01-07 04:00:00 +01:00,2017-01-07 05:00:00 +01:00,1,1
ES,ES.BDCA.AQD,NET_ES131A,STA_ES0125A,,SP_28079017_14_6,SPP_28079017_14_6.1,SAM_28079017_14_6,O3,http://dd.eionet.europa.eu/vocabulary/aq/pollutant/7,hour,2.1099999900,µg/m3,2017-01-07 05:00:00 +01:00,2017-01-07 06:00:00 +01:00,1,1
ES,ES.BDCA.AQD,NET_ES131A,STA_ES0125A,,SP_28079017_14_6,SPP_28079017_14_6.1,SAM_28079017_14_6,O3,http://dd.eionet.europa.eu/vocabulary/aq/pollutant/7,hour,2.0499999900,µg/m3,2017-01-07 06:00:00 +01:00,2017-01-07 07:00:00 +01:00,1,1
ES,ES.BDCA.AQD,NET_ES131A,STA_ES0125A,,SP_28079017_14_6,SPP_28079017_14_6.1,SAM_28079017_14_6,O3,http://dd.eionet.europa.eu/vocabulary/aq/pollutant/7,hour,1.9500000000,µg/m3,2017-01-07 07:00:00 +01:00,2017-01-07 08:00:00 +01:00,1,1
ES,ES.BDCA.AQD,NET_ES131A,STA_ES0125A,,SP_28079017_14_6,SPP_28079017_14_6.1,SAM_28079017_14_6,O3,http://dd.eionet.europa.eu/vocabulary/aq/pollutant/7,hour,1.8799999900,µg/m3,2017-01-07 08:00:00 +01:00,2017-01-07 09:00:00 +01:00,1,1
ES,ES.BDCA.AQD,NET_ES131A,STA_ES0125A,,SP_28079017_14_6,SPP_28079017_14_6.1,SAM_28079017_14_6,O3,http://dd.eionet.europa.eu/vocabulary/aq/pollutant/7,hour,2.2200000000,µg/m3,2017-01-07 09:00:00 +01:00,2017-01-07 10:00:00 +01:00,1,1
ES,ES.BDCA.AQD,NET_ES131A,STA_ES0125A,,SP_28079017_14_6,SPP_28079017_14_6.1,SAM_28079017_14_6,O3,http://dd.eionet.europa.eu/vocabulary/aq/pollutant/7,hour,3.5299999900,µg/m3,2017-01-07 10:00:00 +01:00,2017-01-07 11:00:00 +01:00,1,1
ES,ES.BDCA.AQD,NET_ES131A,STA_ES0125A,,SP_28079017_14_6,SPP_28079017_14_6.1,SAM_28079017_14_6,O3,http://dd.eionet.europa.eu/vocabulary/aq/pollutant/7,hour,6.9199999900,µg/m3,2017-01-07 11:00:00 +01:00,2017-01-07 12:00:00 +01:00,1,1
ES,ES.BDCA.AQD,NET_ES131A,STA_ES0125A,,SP_28079017_14_6,SPP_28079017_14_6.1,SAM_28079017_14_6,O3,http://dd.eionet.europa.eu/vocabulary/aq/pollutant/7,hour,18.9899999900,µg/m3,2017-01-07 12:00:00 +01:00,2017-01-07 13:00:00 +01:00,1,1
ES,ES.BDCA.AQD,NET_ES131A,STA_ES0125A,,SP_28079017_14_6,SPP_28079017_14_6.1,SAM_28079017_14_6,O3,http://dd.eionet.europa.eu/vocabulary/aq/pollutant/7,hour,31.1800000000,µg/m3,2017-01-07 13:00:00 +01:00,2017-01-07 14:00:00 +01:00,1,1
ES,ES.BDCA.AQD,NET_ES131A,STA_ES0125A,,SP_28079017_14_6,SPP_28079017_14_6.1,SAM_28079017_14_6,O3,http://dd.eionet.europa.eu/vocabulary/aq/pollutant/7,hour,36.9099999900,µg/m3,2017-01-07 14:00:00 +01:00,2017-01-07 15:00:00 +01:00,1,1
ES,ES.BDCA.AQD,NET_ES131A,STA_ES0125A,,SP_28079017_14_6,SPP_28079017_14_6.1,SAM_28079017_14_6,O3,http://dd.eionet.europa.eu/vocabulary/aq/pollutant/7,hour,,µg/m3,2017-01-07 15:00:00 +01:00,2017-01-07 16:00:00 +01:00,-1,1
ES,ES.BDCA.AQD,NET_ES131A,STA_ES0125A,,SP_28079017_14_6,SPP_28079017_14_6.1,SAM_28079017_14_6,O3,http://dd.eionet.europa.eu/vocabulary/aq/pollutant/7,hour,41.4300000000,µg/m3,2017-01-07 16:00:00 +01:00,2017-01-07 17:00:00 +01:00,1,1
ES,ES.BDCA.AQD,NET_ES131A,STA_ES0125A,,SP_28079017_14_6,SPP_28079017_14_6.1,SAM_28079017_14_6,O3,http://dd.eionet.europa.eu/vocabulary/aq/pollutant/7,hour,18.3299999900,µg/m3,2017-01-07 17:00:00 +01:00,2017-01-07 18:00:00 +01:00,1,1
ES,ES.BDCA.AQD,NET_ES131A,STA_ES0125A,,SP_28079017_14_6,SPP_28079017_14_6.1,SAM_28079017_14_6,O3,http://dd.eionet.europa.eu/vocabulary/aq/pollutant/7,hour,2.7100000000,µg/m3,2017-01-07 18:00:00 +01:00,2017-01-07 19:00:00 +01:00,1,1
ES,ES.BDCA.AQD,NET_ES131A,STA_ES0125A,,SP_28079017_14_6,SPP_28079017_14_6.1,SAM_28079017_14_6,O3,http://dd.eionet.europa.eu/vocabulary/aq/pollutant/7,hour,2.5699999900,µg/m3,2017-01-07 19:00:00 +01:00,2017-01-07 20:00:00 +01:00,1,1
ES,ES.BDCA.AQD,NET_ES131A,STA_ES0125A,,SP_28079017_14_6,SPP_28079017_14_6.1,SAM_28079017_14_6,O3,http://dd.eionet.europa.eu/vocabulary/aq/pollutant/7,hour,2.6000000000,µg/m3,2017-01-07 20:00:00 +01:00,2017-01-07 21:00:00 +01:00,1,1
ES,ES.BDCA.AQD,NET_ES131A,STA_ES0125A,,SP_28079017_14_6,SPP_28079017_14_6.1,SAM_28079017_14_6,O3,http://dd.eionet.europa.eu/vocabulary/aq/pollutant/7,hour,2.3599999900,µg/m3,2017-01-07 21:00:00 +01:00,2017-01-07 22:00:00 +01:00,1,1
ES,ES.BDCA.AQD,NET_ES131A,STA_ES0125A,,SP_28079017_14_6,SPP_28079017_14_6.1,SAM_28079017_14_6,O3,http://dd.eionet.europa.eu/vocabulary/aq/pollutant/7,hour,1.9600000000,µg/m3,2017-01-07 22:00:00 +01:00,2017-01-07 23:00:00 +01:00,1,1
ES,ES.BDCA.AQD,NET_ES131A,STA_ES0125A,,SP_28079017_14_6,SPP_28079017_14_6.1,SAM_28079017_14_6,O3,http://dd.eionet.europa.eu/vocabulary/aq/pollutant/7,hour,1.6699999900,µg/m3,2017-01-07 23:00:00 +01:00,2017-01-08 00:00:00 +01:00,1,1
ES,ES.BDCA.AQD,NET_ES131A,STA_ES0125A,,SP_28079017_14_6,SPP_28079017_14_6.1,SAM_28079017_14_6,O3,http://dd.eionet.europa.eu/vocabulary/aq/pollutant/7,hour,2.0000000000,µg/m3,2017-01-08 00:00:00 +01:00,2017-01-08 01:00:00 +01:00,1,1
ES,ES.BDCA.AQD,NET_ES131A,STA_ES0125A,,SP_28079017_14_6,SPP_28079017_14_6.1,SAM_28079017_14_6,O3,http://dd.eionet.europa.eu/vocabulary/aq/pollutant/7,hour,2.2500000000,µg/m3,2017-01-08 01:00:00 +01:00,2017-01-08 02:00:00 +01:00,1,1
ES,ES.BDCA.AQD,NET_ES131A,STA_ES0125A,,SP_28079017_14_6,SPP_28079017_14_6.1,SAM_28079017_14_6,O3,http://dd.eionet.europa.eu/vocabulary/aq/pollutant/7,hour,1.9299999900,µg/m3,2017-01-08 02:00:00 +01:00,2017-01-08 03:00:00 +01:00,1,1
ES,ES.BDCA.AQD,NET_ES131A,STA_ES0125A,,SP_28079017_14_6,SPP_28079017_14_6.1,SAM_28079017_14_6,O3,http://dd.eionet.europa.eu/vocabulary/aq/pollutant/7,hour,2.1000000000,µg/m3,2017-01-08 03:00:00 +01:00,2017-01-08 04:00:00 +01:00,1,1
ES,ES.BDCA.AQD,NET_ES131A,STA_ES0125A,,SP_28079017_14_6,SPP_28079017_14_6.1,SAM_28079017_14_6,O3,http://dd.eionet.europa.eu/vocabulary/aq/pollutant/7,hour,2.1800000000,µg/m3,2017-01-08 04:00:00 +01:00,2017-01-08 05:00:00 +01:00,1,1
ES,ES.BDCA.AQD,NET_ES131A,STA_ES0125A,,SP_28079017_14_6,SPP_28079017_14_6.1,SAM_28079017_14_6,O3,http://dd.eionet.europa.eu/vocabulary/aq/pollutant/7,hour,2.0000000000,µg/m3,2017-01-08 05:00:00 +01:00,2017-01-08 06:00:00 +01:00,1,1
ES,ES.BDCA.AQD,NET_ES131A,STA_ES0125A,,SP_28079017_14_6,SPP_28079017_14_6.1,SAM_28079017_14_6,O3,http://dd.eionet.europa.eu/vocabulary/aq/pollutant/7,hour,2.0499999900,µg/m3,2017-01-08 06:00:00 +01:00,2017-01-08 07:00:00 +01:00,1,1
ES,ES.BDCA.AQD,NET_ES131A,STA_ES0125A,,SP_28079017_14_6,SPP_28079017_14_6.1,SAM_28079017_14_6,O3,http://dd.eionet.europa.eu/vocabulary/aq/pollutant/7,hour,1.9500000000,µg/m3,2017-01-08 07:00:00 +01:00,2017-01-08 08:00:00 +01:00,1,1
ES,ES.BDCA.AQD,NET_ES131A,STA_ES0125A,,SP_28079017_14_6,SPP_28079017_14_6.1,SAM_28079017_14_6,O3,http://dd.eionet.europa.eu/vocabulary/aq/pollutant/7,hour,1.9400000000,µg/m3,2017-01-08 08:00:00 +01:00,2017-01-08 09:00:00 +01:00,1,1
ES,ES.BDCA.AQD,NET_ES131A,STA_ES0125A,,SP_28079017_14_6,SPP_28079017_14_6.1,SAM_28079017_14_6,O3,http://dd.eionet.europa.eu/vocabulary/aq/pollutant/7,hour,2.4100000000,µg/m3,2017-01-08 09:00:00 +01:00,2017-01-08 10:00:00 +01:00,1,1
ES,ES.BDCA.AQD,NET_ES131A,STA_ES0125A,,SP_28079017_14_6,SPP_28079017_14_6.1,SAM_28079017_14_6,O3,http://dd.eionet.europa.eu/vocabulary/aq/pollutant/7,hour,4.2000000000,µg/m3,2017-01-08 10:00:00 +01:00,2017-01-08 11:00:00 +01:00,1,1
ES,ES.BDCA.AQD,NET_ES131A,STA_ES0125A,,SP_28079017_14_6,SPP_28079017_14_6.1,SAM_28079017_14_6,O3,http://dd.eionet.europa.eu/vocabulary/aq/pollutant/7,hour,7.2000000000,µg/m3,2017-01-08 11:00:00 +01:00,2017-01-08 12:00:00 +01:00,1,1
ES,ES.BDCA.AQD,NET_ES131A,STA_ES0125A,,SP_28079017_14_6,SPP_28079017_14_6.1,SAM_28079017_14_6,O3,http://dd.eionet.europa.eu/vocabulary/aq/pollutant/7,hour,10.9100000000,µg/m3,2017-01-08 12:00:00 +01:00,2017-01-08 13:00:00 +01:00,1,1
ES,ES.BDCA.AQD,NET_ES131A,STA_ES0125A,,SP_28079017_14_6,SPP_28079017_14_6.1,SAM_28079017_14_6,O3,http://dd.eionet.europa.eu/vocabulary/aq/pollutant/7,hour,16.2700000000,µg/m3,2017-01-08 13:00:00 +01:00,2017-01-08 14:00:00 +01:00,1,1
ES,ES.BDCA.AQD,NET_ES131A,STA_ES0125A,,SP_28079017_14_6,SPP_28079017_14_6.1,SAM_28079017_14_6,O3,http://dd.eionet.europa.eu/vocabulary/aq/pollutant/7,hour,,µg/m3,2017-01-08 14:00:00 +01:00,2017-01-08 15:00:00 +01:00,-1,1
ES,ES.BDCA.AQD,NET_ES131A,STA_ES0125A,,SP_28079017_14_6,SPP_28079017_14_6.1,SAM_28079017_14_6,O3,http://dd.eionet.europa.eu/vocabulary/aq/pollutant/7,hour,14.8599999900,µg/m3,2017-01-08 15:00:00 +01:00,2017-01-08 16:00:00 +01:00,1,1
ES,ES.BDCA.AQD,NET_ES131A,STA_ES0125A,,SP_28079017_14_6,SPP_28079017_14_6.1,SAM_28079017_14_6,O3,http://dd.eionet.europa.eu/vocabulary/aq/pollutant/7,hour,18.1499999900,µg/m3,2017-01-08 16:00:00 +01:00,2017-01-08 17:00:00 +01:00,1,1
ES,ES.BDCA.AQD,NET_ES131A,STA_ES0125A,,SP_28079017_14_6,SPP_28079017_14_6.1,SAM_28079017_14_6,O3,http://dd.eionet.europa.eu/vocabulary/aq/pollutant/7,hour,8.0800000000,µg/m3,2017-01-08 17:00:00 +01:00,2017-01-08 18:00:00 +01:00,1,1
ES,ES.BDCA.AQD,NET_ES131A,STA_ES0125A,,SP_28079017_14_6,SPP_28079017_14_6.1,SAM_28079017_14_6,O3,http://dd.eionet.europa.eu/vocabulary/aq/pollutant/7,hour,2.3700000000,µg/m3,2017-01-08 18:00:00 +01:00,2017-01-08 19:00:00 +01:00,1,1
ES,ES.BDCA.AQD,NET_ES131A,STA_ES0125A,,SP_28079017_14_6,SPP_28079017_14_6.1,SAM_28079017_14_6,O3,http://dd.eionet.europa.eu/vocabulary/aq/pollutant/7,hour,2.6200000000,µg/m3,2017-01-08 19:00:00 +01:00,2017-01-08 20:00:00 +01:00,1,1
ES,ES.BDCA.AQD,NET_ES131A,STA_ES0125A,,SP_28079017_14_6,SPP_28079017_14_6.1,SAM_28079017_14_6,O3,http://dd.eionet.europa.eu/vocabulary/aq/pollutant/7,hour,2.3900000000,µg/m3,2017-01-08 20:00:00 +01:00,2017-01-08 21:00:00 +01:00,1,1
ES,ES.BDCA.AQD,NET_ES131A,STA_ES0125A,,SP_28079017_14_6,SPP_28079017_14_6.1,SAM_28079017_14_6,O3,http://dd.eionet.europa.eu/vocabulary/aq/pollutant/7,hour,2.3700000000,µg/m3,2017-01-08 21:00:00 +01:00,2017-01-08 22:00:00 +01:00,1,1
ES,ES.BDCA.AQD,NET_ES131A,STA_ES0125A,,SP_28079017_14_6,SPP_28079017_14_6.1,SAM_28079017_14_6,O3,http://dd.eionet.europa.eu/vocabulary/aq/pollutant/7,hour,2.2599999900,µg/m3,2017-01-08 22:00:00 +01:00,2017-01-08 23:00:00 +01:00,1,1
ES,ES.BDCA.AQD,NET_ES131A,STA_ES0125A,,SP_28079017_14_6,SPP_28079017_14_6.1,SAM_28079017_14_6,O3,http://dd.eionet.europa.eu/vocabulary/aq/pollutant/7,hour,2.3700000000,µg/m3,2017-01-08 23:00:00 +01:00,2017-01-09 00:00:00 +01:00,1,1
ES,ES.BDCA.AQD,NET_ES131A,STA_ES0125A,,SP_28079017_14_6,SPP_28079017_14_6.1,SAM_28079017_14_6,O3,http://dd.eionet.europa.eu/vocabulary/aq/pollutant/7,hour,2.3599999900,µg/m3,2017-01-09 00:00:00 +01:00,2017-01-09 01:00:00 +01:00,1,1
ES,ES.BDCA.AQD,NET_ES131A,STA_ES0125A,,SP_28079017_14_6,SPP_28079017_14_6.1,SAM_28079017_14_6,O3,http://dd.eionet.europa.eu/vocabulary/aq/pollutant/7,hour,1.9800000000,µg/m3,2017-01-09 01:00:00 +01:00,2017-01-09 02:00:00 +01:00,1,1
ES,ES.BDCA.AQD,NET_ES131A,STA_ES0125A,,SP_28079017_14_6,SPP_28079017_14_6.1,SAM_28079017_14_6,O3,http://dd.eionet.europa.eu/vocabulary/aq/pollutant/7,hour,1.8899999900,µg/m3,2017-01-09 02:00:00 +01:00,2017-01-09 03:00:00 +01:00,1,1
ES,ES.BDCA.AQD,NET_ES131A,STA_ES0125A,,SP_28079017_14_6,SPP_28079017_14_6.1,SAM_28079017_14_6,O3,http://dd.eionet.europa.eu/vocabulary/aq/pollutant/7,hour,2.2200000000,µg/m3,2017-01-09 03:00:00 +01:00,2017-01-09 04:00:00 +01:00,1,1
ES,ES.BDCA.AQD,NET_ES131A,STA_ES0125A,,SP_28079017_14_6,SPP_28079017_14_6.1,SAM_28079017_14_6,O3,http://dd.eionet.europa.eu/vocabulary/aq/pollutant/7,hour,1.8400000000,µg/m3,2017-01-09 04:00:00 +01:00,2017-01-09 05:00:00 +01:00,1,1
ES,ES.BDCA.AQD,NET_ES131A,STA_ES0125A,,SP_28079017_14_6,SPP_28079017_14_6.1,SAM_28079017_14_6,O3,http://dd.eionet.europa.eu/vocabulary/aq/pollutant/7,hour,2.1699999900,µg/m3,2017-01-09 05:00:00 +01:00,2017-01-09 06:00:00 +01:00,1,1
ES,ES.BDCA.AQD,NET_ES131A,STA_ES0125A,,SP_28079017_14_6,SPP_28079017_14_6.1,SAM_28079017_14_6,O3,http://dd.eionet.europa.eu/vocabulary/aq/pollutant/7,hour,2.0099999900,µg/m3,2017-01-09 06:00:00 +01:00,2017-01-09 07:00:00 +01:00,1,1
ES,ES.BDCA.AQD,NET_ES131A,STA_ES0125A,,SP_28079017_14_6,SPP_28079017_14_6.1,SAM_28079017_14_6,O3,http://dd.eionet.europa.eu/vocabulary/aq/pollutant/7,hour,1.9900000000,µg/m3,2017-01-09 07:00:00 +01:00,2017-01-09 08:00:00 +01:00,1,1
ES,ES.BDCA.AQD,NET_ES131A,STA_ES0125A,,SP_28079017_14_6,SPP_28079017_14_6.1,SAM_28079017_14_6,O3,http://dd.eionet.europa.eu/vocabulary/aq/pollutant/7,hour,2.1200000000,µg/m3,2017-01-09 08:00:00 +01:00,2017-01-09 09:00:00 +01:00,1,1
ES,ES.BDCA.AQD,NET_ES131A,STA_ES0125A,,SP_28079017_14_6,SPP_28079017_14_6.1,SAM_28079017_14_6,O3,http://dd.eionet.europa.eu/vocabulary/aq/pollutant/7,hour,2.2999999900,µg/m3,2017-01-09 09:00:00 +01:00,2017-01-09 10:00:00 +01:00,1,1
ES,ES.BDCA.AQD,NET_ES131A,STA_ES0125A,,SP_28079017_14_6,SPP_28079017_14_6.1,SAM_28079017_14_6,O3,http://dd.eionet.europa.eu/vocabulary/aq/pollutant/7,hour,3.2500000000,µg/m3,2017-01-09 10:00:00 +01:00,2017-01-09 11:00:00 +01:00,1,1
ES,ES.BDCA.AQD,NET_ES131A,STA_ES0125A,,SP_28079017_14_6,SPP_28079017_14_6.1,SAM_28079017_14_6,O3,http://dd.eionet.europa.eu/vocabulary/aq/pollutant/7,hour,7.1600000000,µg/m3,2017-01-09 11:00:00 +01:00,2017-01-09 12:00:00 +01:00,1,1
ES,ES.BDCA.AQD,NET_ES131A,STA_ES0125A,,SP_28079017_14_6,SPP_28079017_14_6.1,SAM_28079017_14_6,O3,http://dd.eionet.europa.eu/vocabulary/aq/pollutant/7,hour,9.3599999900,µg/m3,2017-01-09 12:00:00 +01:00,2017-01-09 13:00:00 +01:00,1,1
ES,ES.BDCA.AQD,NET_ES131A,STA_ES0125A,,SP_28079017_14_6,SPP_28079017_14_6.1,SAM_28079017_14_6,O3,http://dd.eionet.europa.eu/vocabulary/aq/pollutant/7,hour,,µg/m3,2017-01-09 13:00:00 +01:00,2017-01-09 14:00:00 +01:00,-1,1
ES,ES.BDCA.AQD,NET_ES131A,STA_ES0125A,,SP_28079017_14_6,SPP_28079017_14_6.1,SAM_28079017_14_6,O3,http://dd.eionet.europa.eu/vocabulary/aq/pollutant/7,hour,19.6700000000,µg/m3,2017-01-09 14:00:00 +01:00,2017-01-09 15:00:00 +01:00,1,1
ES,ES.BDCA.AQD,NET_ES131A,STA_ES0125A,,SP_28079017_14_6,SPP_28079017_14_6.1,SAM_28079017_14_6,O3,http://dd.eionet.europa.eu/vocabulary/aq/pollutant/7,hour,17.2199999900,µg/m3,2017-01-09 15:00:00 +01:00,2017-01-09 16:00:00 +01:00,1,1
ES,ES.BDCA.AQD,NET_ES131A,STA_ES0125A,,SP_28079017_14_6,SPP_28079017_14_6.1,SAM_28079017_14_6,O3,http://dd.eionet.europa.eu/vocabulary/aq/pollutant/7,hour,13.7200000000,µg/m3,2017-01-09 16:00:00 +01:00,2017-01-09 17:00:00 +01:00,1,1
ES,ES.BDCA.AQD,NET_ES131A,STA_ES0125A,,SP_28079017_14_6,SPP_28079017_14_6.1,SAM_28079017_14_6,O3,http://dd.eionet.europa.eu/vocabulary/aq/pollutant/7,hour,7.4500000000,µg/m3,2017-01-09 17:00:00 +01:00,2017-01-09 18:00:00 +01:00,1,1
ES,ES.BDCA.AQD,NET_ES131A,STA_ES0125A,,SP_28079017_14_6,SPP_28079017_14_6.1,SAM_28079017_14_6,O3,http://dd.eionet.europa.eu/vocabulary/aq/pollutant/7,hour,2.5800000000,µg/m3,2017-01-09 18:00:00 +01:00,2017-01-09 19:00:00 +01:00,1,1
ES,ES.BDCA.AQD,NET_ES131A,STA_ES0125A,,SP_28079017_14_6,SPP_28079017_14_6.1,SAM_28079017_14_6,O3,http://dd.eionet.europa.eu/vocabulary/aq/pollutant/7,hour,2.2999999900,µg/m3,2017-01-09 19:00:00 +01:00,2017-01-09 20:00:00 +01:00,1,1
ES,ES.BDCA.AQD,NET_ES131A,STA_ES0125A,,SP_28079017_14_6,SPP_28079017_14_6.1,SAM_28079017_14_6,O3,http://dd.eionet.europa.eu/vocabulary/aq/pollutant/7,hour,2.6299999900,µg/m3,2017-01-09 20:00:00 +01:00,2017-01-09 21:00:00 +01:00,1,1
ES,ES.BDCA.AQD,NET_ES131A,STA_ES0125A,,SP_28079017_14_6,SPP_28079017_14_6.1,SAM_28079017_14_6,O3,http://dd.eionet.europa.eu/vocabulary/aq/pollutant/7,hour,2.5000000000,µg/m3,2017-01-09 21:00:00 +01:00,2017-01-09 22:00:00 +01:00,1,1
ES,ES.BDCA.AQD,NET_ES131A,STA_ES0125A,,SP_28079017_14_6,SPP_28079017_14_6.1,SAM_28079017_14_6,O3,http://dd.eionet.europa.eu/vocabulary/aq/pollutant/7,hour,2.2500000000,µg/m3,2017-01-09 22:00:00 +01:00,2017-01-09 23:00:00 +01:00,1,1
ES,ES.BDCA.AQD,NET_ES131A,STA_ES0125A,,SP_28079017_14_6,SPP_28079017_14_6.1,SAM_28079017_14_6,O3,http://dd.eionet.europa.eu/vocabulary/aq/pollutant/7,hour,2.3399999900,µg/m3,2017-01-09 23:00:00 +01:00,2017-01-10 00:00:00 +01:00,1,1
ES,ES.BDCA.AQD,NET_ES131A,STA_ES0125A,,SP_28079017_14_6,SPP_28079017_14_6.1,SAM_28079017_14_6,O3,http://dd.eionet.europa.eu/vocabulary/aq/pollutant/7,hour,2.0899999900,µg/m3,2017-01-10 00:00:00 +01:00,2017-01-10 01:00:00 +01:00,1,1
ES,ES.BDCA.AQD,NET_ES131A,STA_ES0125A,,SP_28079017_14_6,SPP_28079017_14_6.1,SAM_28079017_14_6,O3,http://dd.eionet.europa.eu/vocabulary/aq/pollutant/7,hour,2.0400000000,µg/m3,2017-01-10 01:00:00 +01:00,2017-01-10 02:00:00 +01:00,1,1
ES,ES.BDCA.AQD,NET_ES131A,STA_ES0125A,,SP_28079017_14_6,SPP_28079017_14_6.1,SAM_28079017_14_6,O3,http://dd.eionet.europa.eu/vocabulary/aq/pollutant/7,hour,2.2500000000,µg/m3,2017-01-10 02:00:00 +01:00,2017-01-10 03:00:00 +01:00,1,1
ES,ES.BDCA.AQD,NET_ES131A,STA_ES0125A,,SP_28079017_14_6,SPP_28079017_14_6.1,SAM_28079017_14_6,O3,http://dd.eionet.europa.eu/vocabulary/aq/pollutant/7,hour,2.0899999900,µg/m3,2017-01-10 03:00:00 +01:00,2017-01-10 04:00:00 +01:00,1,1
ES,ES.BDCA.AQD,NET_ES131A,STA_ES0125A,,SP_28079017_14_6,SPP_28079017_14_6.1,SAM_28079017_14_6,O3,http://dd.eionet.europa.eu/vocabulary/aq/pollutant/7,hour,2.1200000000,µg/m3,2017-01-10 04:00:00 +01:00,2017-01-10 05:00:00 +01:00,1,1
ES,ES.BDCA.AQD,NET_ES131A,STA_ES0125A,,SP_28079017_14_6,SPP_28079017_14_6.1,SAM_28079017_14_6,O3,http://dd.eionet.europa.eu/vocabulary/aq/pollutant/7,hour,2.1499999900,µg/m3,2017-01-10 05:00:00 +01:00,2017-01-10 06:00:00 +01:00,1,1
ES,ES.BDCA.AQD,NET_ES131A,STA_ES0125A,,SP_28079017_14_6,SPP_28079017_14_6.1,SAM_28079017_14_6,O3,http://dd.eionet.europa.eu/vocabulary/aq/pollutant/7,hour,2.1299999900,µg/m3,2017-01-10 06:00:00 +01:00,2017-01-10 07:00:00 +01:00,1,1
ES,ES.BDCA.AQD,NET_ES131A,STA_ES0125A,,SP_28079017_14_6,SPP_28079017_14_6.1,SAM_28079017_14_6,O3,http://dd.eionet.europa.eu/vocabulary/aq/pollutant/7,hour,2.2900000000,µg/m3,2017-01-10 07:00:00 +01:00,2017-01-10 08:00:00 +01:00,1,1
ES,ES.BDCA.AQD,NET_ES131A,STA_ES0125A,,SP_28079017_14_6,SPP_28079017_14_6.1,SAM_28079017_14_6,O3,http://dd.eionet.europa.eu/vocabulary/aq/pollutant/7,hour,2.1800000000,µg/m3,2017-01-10 08:00:00 +01:00,2017-01-10 09:00:00 +01:00,1,1
ES,ES.BDCA.AQD,NET_ES131A,STA_ES0125A,,SP_28079017_14_6,SPP_28079017_14_6.1,SAM_28079017_14_6,O3,http://dd.eionet.europa.eu/vocabulary/aq/pollutant/7,hour,2.4300000000,µg/m3,2017-01-10 09:00:00 +01:00,2017-01-10 10:00:00 +01:00,1,1
ES,ES.BDCA.AQD,NET_ES131A,STA_ES0125A,,SP_28079017_14_6,SPP_28079017_14_6.1,SAM_28079017_14_6,O3,http://dd.eionet.europa.eu/vocabulary/aq/pollutant/7,hour,2.7000000000,µg/m3,2017-01-10 10:00:00 +01:00,2017-01-10 11:00:00 +01:00,1,1
ES,ES.BDCA.AQD,NET_ES131A,STA_ES0125A,,SP_28079017_14_6,SPP_28079017_14_6.1,SAM_28079017_14_6,O3,http://dd.eionet.europa.eu/vocabulary/aq/pollutant/7,hour,4.3300000000,µg/m3,2017-01-10 11:00:00 +01:00,2017-01-10 12:00:00 +01:00,1,1
ES,ES.BDCA.AQD,NET_ES131A,STA_ES0125A,,SP_28079017_14_6,SPP_28079017_14_6.1,SAM_28079017_14_6,O3,http://dd.eionet.europa.eu/vocabulary/aq/pollutant/7,hour,,µg/m3,2017-01-10 12:00:00 +01:00,2017-01-10 13:00:00 +01:00,-1,1
ES,ES.BDCA.AQD,NET_ES131A,STA_ES0125A,,SP_28079017_14_6,SPP_28079017_14_6.1,SAM_28079017_14_6,O3,http://dd.eionet.europa.eu/vocabulary/aq/pollutant/7,hour,10.9900000000,µg/m3,2017-01-10 13:00:00 +01:00,2017-01-10 14:00:00 +01:00,1,1
ES,ES.BDCA.AQD,NET_ES131A,STA_ES0125A,,SP_28079017_14_6,SPP_28079017_14_6.1,SAM_28079017_14_6,O3,http://dd.eionet.europa.eu/vocabulary/aq/pollutant/7,hour,27.1600000000,µg/m3,2017-01-10 14:00:00 +01:00,2017-01-10 15:00:00 +01:00,1,1
ES,ES.BDCA.AQD,NET_ES131A,STA_ES0125A,,SP_28079017_14_6,SPP_28079017_14_6.1,SAM_28079017_14_6,O3,http://dd.eionet.europa.eu/vocabulary/aq/pollutant/7,hour,15.9800000000,µg/m3,2017-01-10 15:00:00 +01:00,2017-01-10 16:00:00 +01:00,1,1
ES,ES.BDCA.AQD,NET_ES131A,STA_ES0125A,,SP_28079017_14_6,SPP_28079017_14_6.1,SAM_28079017_14_6,O3,http://dd.eionet.europa.eu/vocabulary/aq/pollutant/7,hour,13.3200000000,µg/m3,2017-01-10 16:00:00 +01:00,2017-01-10 17:00:00 +01:00,1,1
ES,ES.BDCA.AQD,NET_ES131A,STA_ES0125A,,SP_28079017_14_6,SPP_28079017_14_6.1,SAM_28079017_14_6,O3,http://dd.eionet.europa.eu/vocabulary/aq/pollutant/7,hour,5.5899999900,µg/m3,2017-01-10 17:00:00 +01:00,2017-01-10 18:00:00 +01:00,1,1
ES,ES.BDCA.AQD,NET_ES131A,STA_ES0125A,,SP_28079017_14_6,SPP_28079017_14_6.1,SAM_28079017_14_6,O3,http://dd.eionet.europa.eu/vocabulary/aq/pollutant/7,hour,2.4900000000,µg/m3,2017-01-10 18:00:00 +01:00,2017-01-10 19:00:00 +01:00,1,1
ES,ES.BDCA.AQD,NET_ES131A,STA_ES0125A,,SP_28079017_14_6,SPP_28079017_14_6.1,SAM_28079017_14_6,O3,http://dd.eionet.europa.eu/vocabulary/aq/pollutant/7,hour,2.5699999900,µg/m3,2017-01-10 19:00:00 +01:00,2017-01-10 20:00:00 +01:00,1,1
ES,ES.BDCA.AQD,NET_ES131A,STA_ES0125A,,SP_28079017_14_6,SPP_28079017_14_6.1,SAM_28079017_14_6,O3,http://dd.eionet.europa.eu/vocabulary/aq/pollutant/7,hour,2.4300000000,µg/m3,2017-01-10 20:00:00 +01:00,2017-01-10 21:00:00 +01:00,1,1
ES,ES.BDCA.AQD,NET_ES131A,STA_ES0125A,,SP_28079017_14_6,SPP_28079017_14_6.1,SAM_28079017_14_6,O3,http://dd.eionet.europa.eu/vocabulary/aq/pollutant/7,hour,2.5600000000,µg/m3,2017-01-10 21:00:00 +01:00,2017-01-10 22:00:00 +01:00,1,1
ES,ES.BDCA.AQD,NET_ES131A,STA_ES0125A,,SP_28079017_14_6,SPP_28079017_14_6.1,SAM_28079017_14_6,O3,http://dd.eionet.europa.eu/vocabulary/aq/pollutant/7,hour,2.5600000000,µg/m3,2017-01-10 22:00:00 +01:00,2017-01-10 23:00:00 +01:00,1,1
ES,ES.BDCA.AQD,NET_ES131A,STA_ES0125A,,SP_28079017_14_6,SPP_28079017_14_6.1,SAM_28079017_14_6,O3,http://dd.eionet.europa.eu/vocabulary/aq/pollutant/7,hour,2.4199999900,µg/m3,2017-01-10 23:00:00 +01:00,2017-01-11 00:00:00 +01:00,1,1
ES,ES.BDCA.AQD,NET_ES131A,STA_ES0125A,,SP_28079017_14_6,SPP_28079017_14_6.1,SAM_28079017_14_6,O3,http://dd.eionet.europa.eu/vocabulary/aq/pollutant/7,hour,2.5099999900,µg/m3,2017-01-11 00:00:00 +01:00,2017-01-11 01:00:00 +01:00,1,1
ES,ES.BDCA.AQD,NET_ES131A,STA_ES0125A,,SP_28079017_14_6,SPP_28079017_14_6.1,SAM_28079017_14_6,O3,http://dd.eionet.europa.eu/vocabulary/aq/pollutant/7,hour,2.5499999900,µg/m3,2017-01-11 01:00:00 +01:00,2017-01-11 02:00:00 +01:00,1,1
ES,ES.BDCA.AQD,NET_ES131A,STA_ES0125A,,SP_28079017_14_6,SPP_28079017_14_6.1,SAM_28079017_14_6,O3,http://dd.eionet.europa.eu/vocabulary/aq/pollutant/7,hour,2.4100000000,µg/m3,2017-01-11 02:00:00 +01:00,2017-01-11 03:00:00 +01:00,1,1
ES,ES.BDCA.AQD,NET_ES131A,STA_ES0125A,,SP_28079017_14_6,SPP_28079017_14_6.1,SAM_28079017_14_6,O3,http://dd.eionet.europa.eu/vocabulary/aq/pollutant/7,hour,2.4500000000,µg/m3,2017-01-11 03:00:00 +01:00,2017-01-11 04:00:00 +01:00,1,1
ES,ES.BDCA.AQD,NET_ES131A,STA_ES0125A,,SP_28079017_14_6,SPP_28079017_14_6.1,SAM_28079017_14_6,O3,http://dd.eionet.europa.eu/vocabulary/aq/pollutant/7,hour,2.3500000000,µg/m3,2017-01-11 04:00:00 +01:00,2017-01-11 05:00:00 +01:00,1,1
ES,ES.BDCA.AQD,NET_ES131A,STA_ES0125A,,SP_28079017_14_6,SPP_28079017_14_6.1,SAM_28079017_14_6,O3,http://dd.eionet.europa.eu/vocabulary/aq/pollutant/7,hour,2.5600000000,µg/m3,2017-01-11 05:00:00 +01:00,2017-01-11 06:00:00 +01:00,1,1
ES,ES.BDCA.AQD,NET_ES131A,STA_ES0125A,,SP_28079017_14_6,SPP_28079017_14_6.1,SAM_28079017_14_6,O3,http://dd.eionet.europa.eu/vocabulary/aq/pollutant/7,hour,2.7500000000,µg/m3,2017-01-11 06:00:00 +01:00,2017-01-11 07:00:00 +01:00,1,1
ES,ES.BDCA.AQD,NET_ES131A,STA_ES0125A,,SP_28079017_14_6,SPP_28079017_14_6.1,SAM_28079017_14_6,O3,http://dd.eionet.europa.eu/vocabulary/aq/pollutant/7,hour,2.5400000000,µg/m3,2017-01-11 07:00:00 +01:00,2017-01-11 08:00:00 +01:00,1,1
ES,ES.BDCA.AQD,NET_ES131A,STA_ES0125A,,SP_28079017_14_6,SPP_28079017_14_6.1,SAM_28079017_14_6,O3,http://dd.eionet.europa.eu/vocabulary/aq/pollutant/7,hour,2.5699999900,µg/m3,2017-01-11 08:00:00 +01:00,2017-01-11 09:00:00 +01:00,1,1
ES,ES.BDCA.AQD,NET_ES131A,STA_ES0125A,,SP_28079017_14_6,SPP_28079017_14_6.1,SAM_28079017_14_6,O3,http://dd.eionet.europa.eu/vocabulary/aq/pollutant/7,hour,2.9700000000,µg/m3,2017-01-11 09:00:00 +01:00,2017-01-11 10:00:00 +01:00,1,1
ES,ES.BDCA.AQD,NET_ES131A,STA_ES0125A,,SP_28079017_14_6,SPP_28079017_14_6.1,SAM_28079017_14_6,O3,http://dd.eionet.europa.eu/vocabulary/aq/pollutant/7,hour,5.5899999900,µg/m3,2017-01-11 10:00:00 +01:00,2017-01-11 11:00:00 +01:00,1,1
ES,ES.BDCA.AQD,NET_ES131A,STA_ES0125A,,SP_28079017_14_6,SPP_28079017_14_6.1,SAM_28079017_14_6,O3,http://dd.eionet.europa.eu/vocabulary/aq/pollutant/7,hour,,µg/m3,2017-01-11 11:00:00 +01:00,2017-01-11 12:00:00 +01:00,-1,1
ES,ES.BDCA.AQD,NET_ES131A,STA_ES0125A,,SP_28079017_14_6,SPP_28079017_14_6.1,SAM_28079017_14_6,O3,http://dd.eionet.europa.eu/vocabulary/aq/pollutant/7,hour,19.3700000000,µg/m3,2017-01-11 12:00:00 +01:00,2017-01-11 13:00:00 +01:00,1,1
ES,ES.BDCA.AQD,NET_ES131A,STA_ES0125A,,SP_28079017_14_6,SPP_28079017_14_6.1,SAM_28079017_14_6,O3,http://dd.eionet.europa.eu/vocabulary/aq/pollutant/7,hour,42.4099999900,µg/m3,2017-01-11 13:00:00 +01:00,2017-01-11 14:00:00 +01:00,1,1
ES,ES.BDCA.AQD,NET_ES131A,STA_ES0125A,,SP_28079017_14_6,SPP_28079017_14_6.1,SAM_28079017_14_6,O3,http://dd.eionet.europa.eu/vocabulary/aq/pollutant/7,hour,45.7500000000,µg/m3,2017-01-11 14:00:00 +01:00,2017-01-11 15:00:00 +01:00,1,1
ES,ES.BDCA.AQD,NET_ES131A,STA_ES0125A,,SP_28079017_14_6,SPP_28079017_14_6.1,SAM_28079017_14_6,O3,http://dd.eionet.europa.eu/vocabulary/aq/pollutant/7,hour,46.4200000000,µg/m3,2017-01-11 15:00:00 +01:00,2017-01-11 16:00:00 +01:00,1,1
ES,ES.BDCA.AQD,NET_ES131A,STA_ES0125A,,SP_28079017_14_6,SPP_28079017_14_6.1,SAM_28079017_14_6,O3,http://dd.eionet.europa.eu/vocabulary/aq/pollutant/7,hour,40.3900000000,µg/m3,2017-01-11 16:00:00 +01:00,2017-01-11 17:00:00 +01:00,1,1
ES,ES.BDCA.AQD,NET_ES131A,STA_ES0125A,,SP_28079017_14_6,SPP_28079017_14_6.1,SAM_28079017_14_6,O3,http://dd.eionet.europa.eu/vocabulary/aq/pollutant/7,hour,27.2700000000,µg/m3,2017-01-11 17:00:00 +01:00,2017-01-11 18:00:00 +01:00,1,1
ES,ES.BDCA.AQD,NET_ES131A,STA_ES0125A,,SP_28079017_14_6,SPP_28079017_14_6.1,SAM_28079017_14_6,O3,http://dd.eionet.europa.eu/vocabulary/aq/pollutant/7,hour,7.3600000000,µg/m3,2017-01-11 18:00:00 +01:00,2017-01-11 19:00:00 +01:00,1,1
ES,ES.BDCA.AQD,NET_ES131A,STA_ES0125A,,SP_28079017_14_6,SPP_28079017_14_6.1,SAM_28079017_14_6,O3,http://dd.eionet.europa.eu/vocabulary/aq/pollutant/7,hour,3.0699999900,µg/m3,2017-01-11 19:00:00 +01:00,2017-01-11 20:00:00 +01:00,1,1
ES,ES.BDCA.AQD,NET_ES131A,STA_ES0125A,,SP_28079017_14_6,SPP_28079017_14_6.1,SAM_28079017_14_6,O3,http://dd.eionet.europa.eu/vocabulary/aq/pollutant/7,hour,2.9700000000,µg/m3,2017-01-11 20:00:00 +01:00,2017-01-11 21:00:00 +01:00,1,1
ES,ES.BDCA.AQD,NET_ES131A,STA_ES0125A,,SP_28079017_14_6,SPP_28079017_14_6.1,SAM_28079017_14_6,O3,http://dd.eionet.europa.eu/vocabulary/aq/pollutant/7,hour,2.7100000000,µg/m3,2017-01-11 21:00:00 +01:00,2017-01-11 22:00:00 +01:00,1,1
ES,ES.BDCA.AQD,NET_ES131A,STA_ES0125A,,SP_28079017_14_6,SPP_28079017_14_6.1,SAM_28079017_14_6,O3,http://dd.eionet.europa.eu/vocabulary/aq/pollutant/7,hour,2.7599999900,µg/m3,2017-01-11 22:00:00 +01:00,2017-01-11 23:00:00 +01:00,1,1
ES,ES.BDCA.AQD,NET_ES131A,STA_ES0125A,,SP_28079017_14_6,SPP_28079017_14_6.1,SAM_28079017_14_6,O3,http://dd.eionet.europa.eu/vocabulary/aq/pollutant/7,hour,2.8199999900,µg/m3,2017-01-11 23:00:00 +01:00,2017-01-12 00:00:00 +01:00,1,1
ES,ES.BDCA.AQD,NET_ES131A,STA_ES0125A,,SP_28079017_14_6,SPP_28079017_14_6.1,SAM_28079017_14_6,O3,http://dd.eionet.europa.eu/vocabulary/aq/pollutant/7,hour,2.6699999900,µg/m3,2017-01-12 00:00:00 +01:00,2017-01-12 01:00:00 +01:00,1,1
ES,ES.BDCA.AQD,NET_ES131A,STA_ES0125A,,SP_28079017_14_6,SPP_28079017_14_6.1,SAM_28079017_14_6,O3,http://dd.eionet.europa.eu/vocabulary/aq/pollutant/7,hour,2.6800000000,µg/m3,2017-01-12 01:00:00 +01:00,2017-01-12 02:00:00 +01:00,1,1
ES,ES.BDCA.AQD,NET_ES131A,STA_ES0125A,,SP_28079017_14_6,SPP_28079017_14_6.1,SAM_28079017_14_6,O3,http://dd.eionet.europa.eu/vocabulary/aq/pollutant/7,hour,2.7900000000,µg/m3,2017-01-12 02:00:00 +01:00,2017-01-12 03:00:00 +01:00,1,1
ES,ES.BDCA.AQD,NET_ES131A,STA_ES0125A,,SP_28079017_14_6,SPP_28079017_14_6.1,SAM_28079017_14_6,O3,http://dd.eionet.europa.eu/vocabulary/aq/pollutant/7,hour,2.7700000000,µg/m3,2017-01-12 03:00:00 +01:00,2017-01-12 04:00:00 +01:00,1,1
ES,ES.BDCA.AQD,NET_ES131A,STA_ES0125A,,SP_28079017_14_6,SPP_28079017_14_6.1,SAM_28079017_14_6,O3,http://dd.eionet.europa.eu/vocabulary/aq/pollutant/7,hour,2.4700000000,µg/m3,2017-01-12 04:00:00 +01:00,2017-01-12 05:00:00 +01:00,1,1
ES,ES.BDCA.AQD,NET_ES131A,STA_ES0125A,,SP_28079017_14_6,SPP_28079017_14_6.1,SAM_28079017_14_6,O3,http://dd.eionet.europa.eu/vocabulary/aq/pollutant/7,hour,2.4399999900,µg/m3,2017-01-12 05:00:00 +01:00,2017-01-12 06:00:00 +01:00,1,1
ES,ES.BDCA.AQD,NET_ES131A,STA_ES0125A,,SP_28079017_14_6,SPP_28079017_14_6.1,SAM_28079017_14_6,O3,http://dd.eionet.europa.eu/vocabulary/aq/pollutant/7,hour,2.3999999900,µg/m3,2017-01-12 06:00:00 +01:00,2017-01-12 07:00:00 +01:00,1,1
ES,ES.BDCA.AQD,NET_ES131A,STA_ES0125A,,SP_28079017_14_6,SPP_28079017_14_6.1,SAM_28079017_14_6,O3,http://dd.eionet.europa.eu/vocabulary/aq/pollutant/7,hour,2.4399999900,µg/m3,2017-01-12 07:00:00 +01:00,2017-01-12 08:00:00 +01:00,1,1
ES,ES.BDCA.AQD,NET_ES131A,STA_ES0125A,,SP_28079017_14_6,SPP_28079017_14_6.1,SAM_28079017_14_6,O3,http://dd.eionet.europa.eu/vocabulary/aq/pollutant/7,hour,2.4800000000,µg/m3,2017-01-12 08:00:00 +01:00,2017-01-12 09:00:00 +01:00,1,1
ES,ES.BDCA.AQD,NET_ES131A,STA_ES0125A,,SP_28079017_14_6,SPP_28079017_14_6.1,SAM_28079017_14_6,O3,http://dd.eionet.europa.eu/vocabulary/aq/pollutant/7,hour,2.2000000000,µg/m3,2017-01-12 09:00:00 +01:00,2017-01-12 10:00:00 +01:00,1,1
ES,ES.BDCA.AQD,NET_ES131A,STA_ES0125A,,SP_28079017_14_6,SPP_28079017_14_6.1,SAM_28079017_14_6,O3,http://dd.eionet.europa.eu/vocabulary/aq/pollutant/7,hour,,µg/m3,2017-01-12 10:00:00 +01:00,2017-01-12 11:00:00 +01:00,-1,1
ES,ES.BDCA.AQD,NET_ES131A,STA_ES0125A,,SP_28079017_14_6,SPP_28079017_14_6.1,SAM_28079017_14_6,O3,http://dd.eionet.europa.eu/vocabulary/aq/pollutant/7,hour,4.8399999900,µg/m3,2017-01-12 11:00:00 +01:00,2017-01-12 12:00:00 +01:00,1,1
ES,ES.BDCA.AQD,NET_ES131A,STA_ES0125A,,SP_28079017_14_6,SPP_28079017_14_6.1,SAM_28079017_14_6,O3,http://dd.eionet.europa.eu/vocabulary/aq/pollutant/7,hour,8.5000000000,µg/m3,2017-01-12 12:00:00 +01:00,2017-01-12 13:00:00 +01:00,1,1
ES,ES.BDCA.AQD,NET_ES131A,STA_ES0125A,,SP_28079017_14_6,SPP_28079017_14_6.1,SAM_28079017_14_6,O3,http://dd.eionet.europa.eu/vocabulary/aq/pollutant/7,hour,28.4600000000,µg/m3,2017-01-12 13:00:00 +01:00,2017-01-12 14:00:00 +01:00,1,1
ES,ES.BDCA.AQD,NET_ES131A,STA_ES0125A,,SP_28079017_14_6,SPP_28079017_14_6.1,SAM_28079017_14_6,O3,http://dd.eionet.europa.eu/vocabulary/aq/pollutant/7,hour,27.5599999900,µg/m3,2017-01-12 14:00:00 +01:00,2017-01-12 15:00:00 +01:00,1,1
ES,ES.BDCA.AQD,NET_ES131A,STA_ES0125A,,SP_28079017_14_6,SPP_28079017_14_6.1,SAM_28079017_14_6,O3,http://dd.eionet.europa.eu/vocabulary/aq/pollutant/7,hour,32.4699999900,µg/m3,2017-01-12 15:00:00 +01:00,2017-01-12 16:00:00 +01:00,1,1
ES,ES.BDCA.AQD,NET_ES131A,STA_ES0125A,,SP_28079017_14_6,SPP_28079017_14_6.1,SAM_28079017_14_6,O3,http://dd.eionet.europa.eu/vocabulary/aq/pollutant/7,hour,29.0900000000,µg/m3,2017-01-12 16:00:00 +01:00,2017-01-12 17:00:00 +01:00,1,1
ES,ES.BDCA.AQD,NET_ES131A,STA_ES0125A,,SP_28079017_14_6,SPP_28079017_14_6.1,SAM_28079017_14_6,O3,http://dd.eionet.europa.eu/vocabulary/aq/pollutant/7,hour,21.5500000000,µg/m3,2017-01-12 17:00:00 +01:00,2017-01-12 18:00:00 +01:00,1,1
ES,ES.BDCA.AQD,NET_ES131A,STA_ES0125A,,SP_28079017_14_6,SPP_28079017_14_6.1,SAM_28079017_14_6,O3,http://dd.eionet.europa.eu/vocabulary/aq/pollutant/7,hour,14.3400000000,µg/m3,2017-01-12 18:00:00 +01:00,2017-01-12 19:00:00 +01:00,1,1
ES,ES.BDCA.AQD,NET_ES131A,STA_ES0125A,,SP_28079017_14_6,SPP_28079017_14_6.1,SAM_28079017_14_6,O3,http://dd.eionet.europa.eu/vocabulary/aq/pollutant/7,hour,11.4499999900,µg/m3,2017-01-12 19:00:00 +01:00,2017-01-12 20:00:00 +01:00,1,1
ES,ES.BDCA.AQD,NET_ES131A,STA_ES0125A,,SP_28079017_14_6,SPP_28079017_14_6.1,SAM_28079017_14_6,O3,http://dd.eionet.europa.eu/vocabulary/aq/pollutant/7,hour,13.1700000000,µg/m3,2017-01-12 20:00:00 +01:00,2017-01-12 21:00:00 +01:00,1,1
ES,ES.BDCA.AQD,NET_ES131A,STA_ES0125A,,SP_28079017_14_6,SPP_28079017_14_6.1,SAM_28079017_14_6,O3,http://dd.eionet.europa.eu/vocabulary/aq/pollutant/7,hour,16.1000000000,µg/m3,2017-01-12 21:00:00 +01:00,2017-01-12 22:00:00 +01:00,1,1
ES,ES.BDCA.AQD,NET_ES131A,STA_ES0125A,,SP_28079017_14_6,SPP_28079017_14_6.1,SAM_28079017_14_6,O3,http://dd.eionet.europa.eu/vocabulary/aq/pollutant/7,hour,14.6000000000,µg/m3,2017-01-12 22:00:00 +01:00,2017-01-12 23:00:00 +01:00,1,1
ES,ES.BDCA.AQD,NET_ES131A,STA_ES0125A,,SP_28079017_14_6,SPP_28079017_14_6.1,SAM_28079017_14_6,O3,http://dd.eionet.europa.eu/vocabulary/aq/pollutant/7,hour,14.6199999900,µg/m3,2017-01-12 23:00:00 +01:00,2017-01-13 00:00:00 +01:00,1,1
ES,ES.BDCA.AQD,NET_ES131A,STA_ES0125A,,SP_28079017_14_6,SPP_28079017_14_6.1,SAM_28079017_14_6,O3,http://dd.eionet.europa.eu/vocabulary/aq/pollutant/7,hour,39.7199999900,µg/m3,2017-01-13 00:00:00 +01:00,2017-01-13 01:00:00 +01:00,1,1
ES,ES.BDCA.AQD,NET_ES131A,STA_ES0125A,,SP_28079017_14_6,SPP_28079017_14_6.1,SAM_28079017_14_6,O3,http://dd.eionet.europa.eu/vocabulary/aq/pollutant/7,hour,45.2100000000,µg/m3,2017-01-13 01:00:00 +01:00,2017-01-13 02:00:00 +01:00,1,1
ES,ES.BDCA.AQD,NET_ES131A,STA_ES0125A,,SP_28079017_14_6,SPP_28079017_14_6.1,SAM_28079017_14_6,O3,http://dd.eionet.europa.eu/vocabulary/aq/pollutant/7,hour,47.3999999900,µg/m3,2017-01-13 02:00:00 +01:00,2017-01-13 03:00:00 +01:00,1,1
ES,ES.BDCA.AQD,NET_ES131A,STA_ES0125A,,SP_28079017_14_6,SPP_28079017_14_6.1,SAM_28079017_14_6,O3,http://dd.eionet.europa.eu/vocabulary/aq/pollutant/7,hour,51.2899999900,µg/m3,2017-01-13 03:00:00 +01:00,2017-01-13 04:00:00 +01:00,1,1
ES,ES.BDCA.AQD,NET_ES131A,STA_ES0125A,,SP_28079017_14_6,SPP_28079017_14_6.1,SAM_28079017_14_6,O3,http://dd.eionet.europa.eu/vocabulary/aq/pollutant/7,hour,52.4699999900,µg/m3,2017-01-13 04:00:00 +01:00,2017-01-13 05:00:00 +01:00,1,1
ES,ES.BDCA.AQD,NET_ES131A,STA_ES0125A,,SP_28079017_14_6,SPP_28079017_14_6.1,SAM_28079017_14_6,O3,http://dd.eionet.europa.eu/vocabulary/aq/pollutant/7,hour,53.4699999900,µg/m3,2017-01-13 05:00:00 +01:00,2017-01-13 06:00:00 +01:00,1,1
ES,ES.BDCA.AQD,NET_ES131A,STA_ES0125A,,SP_28079017_14_6,SPP_28079017_14_6.1,SAM_28079017_14_6,O3,http://dd.eionet.europa.eu/vocabulary/aq/pollutant/7,hour,43.7199999900,µg/m3,2017-01-13 06:00:00 +01:00,2017-01-13 07:00:00 +01:00,1,1
ES,ES.BDCA.AQD,NET_ES131A,STA_ES0125A,,SP_28079017_14_6,SPP_28079017_14_6.1,SAM_28079017_14_6,O3,http://dd.eionet.europa.eu/vocabulary/aq/pollutant/7,hour,39.1099999900,µg/m3,2017-01-13 07:00:00 +01:00,2017-01-13 08:00:00 +01:00,1,1
ES,ES.BDCA.AQD,NET_ES131A,STA_ES0125A,,SP_28079017_14_6,SPP_28079017_14_6.1,SAM_28079017_14_6,O3,http://dd.eionet.europa.eu/vocabulary/aq/pollutant/7,hour,45.6199999900,µg/m3,2017-01-13 08:00:00 +01:00,2017-01-13 09:00:00 +01:00,1,1
ES,ES.BDCA.AQD,NET_ES131A,STA_ES0125A,,SP_28079017_14_6,SPP_28079017_14_6.1,SAM_28079017_14_6,O3,http://dd.eionet.europa.eu/vocabulary/aq/pollutant/7,hour,,µg/m3,2017-01-13 09:00:00 +01:00,2017-01-13 10:00:00 +01:00,-1,1
ES,ES.BDCA.AQD,NET_ES131A,STA_ES0125A,,SP_28079017_14_6,SPP_28079017_14_6.1,SAM_28079017_14_6,O3,http://dd.eionet.europa.eu/vocabulary/aq/pollutant/7,hour,35.2199999900,µg/m3,2017-01-13 10:00:00 +01:00,2017-01-13 11:00:00 +01:00,1,1
ES,ES.BDCA.AQD,NET_ES131A,STA_ES0125A,,SP_28079017_14_6,SPP_28079017_14_6.1,SAM_28079017_14_6,O3,http://dd.eionet.europa.eu/vocabulary/aq/pollutant/7,hour,40.4300000000,µg/m3,2017-01-13 11:00:00 +01:00,2017-01-13 12:00:00 +01:00,1,1
ES,ES.BDCA.AQD,NET_ES131A,STA_ES0125A,,SP_28079017_14_6,SPP_28079017_14_6.1,SAM_28079017_14_6,O3,http://dd.eionet.europa.eu/vocabulary/aq/pollutant/7,hour,40.8900000000,µg/m3,2017-01-13 12:00:00 +01:00,2017-01-13 13:00:00 +01:00,1,1
ES,ES.BDCA.AQD,NET_ES131A,STA_ES0125A,,SP_28079017_14_6,SPP_28079017_14_6.1,SAM_28079017_14_6,O3,http://dd.eionet.europa.eu/vocabulary/aq/pollutant/7,hour,44.8500000000,µg/m3,2017-01-13 13:00:00 +01:00,2017-01-13 14:00:00 +01:00,1,1
ES,ES.BDCA.AQD,NET_ES131A,STA_ES0125A,,SP_28079017_14_6,SPP_28079017_14_6.1,SAM_28079017_14_6,O3,http://dd.eionet.europa.eu/vocabulary/aq/pollutant/7,hour,57.0000000000,µg/m3,2017-01-13 14:00:00 +01:00,2017-01-13 15:00:00 +01:00,1,1
ES,ES.BDCA.AQD,NET_ES131A,STA_ES0125A,,SP_28079017_14_6,SPP_28079017_14_6.1,SAM_28079017_14_6,O3,http://dd.eionet.europa.eu/vocabulary/aq/pollutant/7,hour,64.4300000000,µg/m3,2017-01-13 15:00:00 +01:00,2017-01-13 16:00:00 +01:00,1,1
ES,ES.BDCA.AQD,NET_ES131A,STA_ES0125A,,SP_28079017_14_6,SPP_28079017_14_6.1,SAM_28079017_14_6,O3,http://dd.eionet.europa.eu/vocabulary/aq/pollutant/7,hour,61.9300000000,µg/m3,2017-01-13 16:00:00 +01:00,2017-01-13 17:00:00 +01:00,1,1
ES,ES.BDCA.AQD,NET_ES131A,STA_ES0125A,,SP_28079017_14_6,SPP_28079017_14_6.1,SAM_28079017_14_6,O3,http://dd.eionet.europa.eu/vocabulary/aq/pollutant/7,hour,54.0099999900,µg/m3,2017-01-13 17:00:00 +01:00,2017-01-13 18:00:00 +01:00,1,1
ES,ES.BDCA.AQD,NET_ES131A,STA_ES0125A,,SP_28079017_14_6,SPP_28079017_14_6.1,SAM_28079017_14_6,O3,http://dd.eionet.europa.eu/vocabulary/aq/pollutant/7,hour,43.1800000000,µg/m3,2017-01-13 18:00:00 +01:00,2017-01-13 19:00:00 +01:00,1,1
ES,ES.BDCA.AQD,NET_ES131A,STA_ES0125A,,SP_28079017_14_6,SPP_28079017_14_6.1,SAM_28079017_14_6,O3,http://dd.eionet.europa.eu/vocabulary/aq/pollutant/7,hour,26.0200000000,µg/m3,2017-01-13 19:00:00 +01:00,2017-01-13 20:00:00 +01:00,1,1
ES,ES.BDCA.AQD,NET_ES131A,STA_ES0125A,,SP_28079017_14_6,SPP_28079017_14_6.1,SAM_28079017_14_6,O3,http://dd.eionet.europa.eu/vocabulary/aq/pollutant/7,hour,17.0700000000,µg/m3,2017-01-13 20:00:00 +01:00,2017-01-13 21:00:00 +01:00,1,1
ES,ES.BDCA.AQD,NET_ES131A,STA_ES0125A,,SP_28079017_14_6,SPP_28079017_14_6.1,SAM_28079017_14_6,O3,http://dd.eionet.europa.eu/vocabulary/aq/pollutant/7,hour,10.2100000000,µg/m3,2017-01-13 21:00:00 +01:00,2017-01-13 22:00:00 +01:00,1,1
ES,ES.BDCA.AQD,NET_ES131A,STA_ES0125A,,SP_28079017_14_6,SPP_28079017_14_6.1,SAM_28079017_14_6,O3,http://dd.eionet.europa.eu/vocabulary/aq/pollutant/7,hour,5.2999999900,µg/m3,2017-01-13 22:00:00 +01:00,2017-01-13 23:00:00 +01:00,1,1
ES,ES.BDCA.AQD,NET_ES131A,STA_ES0125A,,SP_28079017_14_6,SPP_28079017_14_6.1,SAM_28079017_14_6,O3,http://dd.eionet.europa.eu/vocabulary/aq/pollutant/7,hour,2.2700000000,µg/m3,2017-01-13 23:00:00 +01:00,2017-01-14 00:00:00 +01:00,1,1
ES,ES.BDCA.AQD,NET_ES131A,STA_ES0125A,,SP_28079017_14_6,SPP_28079017_14_6.1,SAM_28079017_14_6,O3,http://dd.eionet.europa.eu/vocabulary/aq/pollutant/7,hour,2.8700000000,µg/m3,2017-01-14 00:00:00 +01:00,2017-01-14 01:00:00 +01:00,1,1
ES,ES.BDCA.AQD,NET_ES131A,STA_ES0125A,,SP_28079017_14_6,SPP_28079017_14_6.1,SAM_28079017_14_6,O3,http://dd.eionet.europa.eu/vocabulary/aq/pollutant/7,hour,2.4399999900,µg/m3,2017-01-14 01:00:00 +01:00,2017-01-14 02:00:00 +01:00,1,1
ES,ES.BDCA.AQD,NET_ES131A,STA_ES0125A,,SP_28079017_14_6,SPP_28079017_14_6.1,SAM_28079017_14_6,O3,http://dd.eionet.europa.eu/vocabulary/aq/pollutant/7,hour,2.1899999900,µg/m3,2017-01-14 02:00:00 +01:00,2017-01-14 03:00:00 +01:00,1,1
ES,ES.BDCA.AQD,NET_ES131A,STA_ES0125A,,SP_28079017_14_6,SPP_28079017_14_6.1,SAM_28079017_14_6,O3,http://dd.eionet.europa.eu/vocabulary/aq/pollutant/7,hour,2.1499999900,µg/m3,2017-01-14 03:00:00 +01:00,2017-01-14 04:00:00 +01:00,1,1
ES,ES.BDCA.AQD,NET_ES131A,STA_ES0125A,,SP_28079017_14_6,SPP_28079017_14_6.1,SAM_28079017_14_6,O3,http://dd.eionet.europa.eu/vocabulary/aq/pollutant/7,hour,2.3500000000,µg/m3,2017-01-14 04:00:00 +01:00,2017-01-14 05:00:00 +01:00,1,1
ES,ES.BDCA.AQD,NET_ES131A,STA_ES0125A,,SP_28079017_14_6,SPP_28079017_14_6.1,SAM_28079017_14_6,O3,http://dd.eionet.europa.eu/vocabulary/aq/pollutant/7,hour,2.2599999900,µg/m3,2017-01-14 05:00:00 +01:00,2017-01-14 06:00:00 +01:00,1,1
ES,ES.BDCA.AQD,NET_ES131A,STA_ES0125A,,SP_28079017_14_6,SPP_28079017_14_6.1,SAM_28079017_14_6,O3,http://dd.eionet.europa.eu/vocabulary/aq/pollutant/7,hour,2.1899999900,µg/m3,2017-01-14 06:00:00 +01:00,2017-01-14 07:00:00 +01:00,1,1
ES,ES.BDCA.AQD,NET_ES131A,STA_ES0125A,,SP_28079017_14_6,SPP_28079017_14_6.1,SAM_28079017_14_6,O3,http://dd.eionet.europa.eu/vocabulary/aq/pollutant/7,hour,2.0899999900,µg/m3,2017-01-14 07:00:00 +01:00,2017-01-14 08:00:00 +01:00,1,1
ES,ES.BDCA.AQD,NET_ES131A,STA_ES0125A,,SP_28079017_14_6,SPP_28079017_14_6.1,SAM_28079017_14_6,O3,http://dd.eionet.europa.eu/vocabulary/aq/pollutant/7,hour,,µg/m3,2017-01-14 08:00:00 +01:00,2017-01-14 09:00:00 +01:00,-1,1
ES,ES.BDCA.AQD,NET_ES131A,STA_ES0125A,,SP_28079017_14_6,SPP_28079017_14_6.1,SAM_28079017_14_6,O3,http://dd.eionet.europa.eu/vocabulary/aq/pollutant/7,hour,2.8399999900,µg/m3,2017-01-14 09:00:00 +01:00,2017-01-14 10:00:00 +01:00,1,1
ES,ES.BDCA.AQD,NET_ES131A,STA_ES0125A,,SP_28079017_14_6,SPP_28079017_14_6.1,SAM_28079017_14_6,O3,http://dd.eionet.europa.eu/vocabulary/aq/pollutant/7,hour,5.6200000000,µg/m3,2017-01-14 10:00:00 +01:00,2017-01-14 11:00:00 +01:00,1,1
ES,ES.BDCA.AQD,NET_ES131A,STA_ES0125A,,SP_28079017_14_6,SPP_28079017_14_6.1,SAM_28079017_14_6,O3,http://dd.eionet.europa.eu/vocabulary/aq/pollutant/7,hour,27.4800000000,µg/m3,2017-01-14 11:00:00 +01:00,2017-01-14 12:00:00 +01:00,1,1
ES,ES.BDCA.AQD,NET_ES131A,STA_ES0125A,,SP_28079017_14_6,SPP_28079017_14_6.1,SAM_28079017_14_6,O3,http://dd.eionet.europa.eu/vocabulary/aq/pollutant/7,hour,36.8699999900,µg/m3,2017-01-14 12:00:00 +01:00,2017-01-14 13:00:00 +01:00,1,1
ES,ES.BDCA.AQD,NET_ES131A,STA_ES0125A,,SP_28079017_14_6,SPP_28079017_14_6.1,SAM_28079017_14_6,O3,http://dd.eionet.europa.eu/vocabulary/aq/pollutant/7,hour,54.9399999900,µg/m3,2017-01-14 13:00:00 +01:00,2017-01-14 14:00:00 +01:00,1,1
ES,ES.BDCA.AQD,NET_ES131A,STA_ES0125A,,SP_28079017_14_6,SPP_28079017_14_6.1,SAM_28079017_14_6,O3,http://dd.eionet.europa.eu/vocabulary/aq/pollutant/7,hour,63.1700000000,µg/m3,2017-01-14 14:00:00 +01:00,2017-01-14 15:00:00 +01:00,1,1
ES,ES.BDCA.AQD,NET_ES131A,STA_ES0125A,,SP_28079017_14_6,SPP_28079017_14_6.1,SAM_28079017_14_6,O3,http://dd.eionet.europa.eu/vocabulary/aq/pollutant/7,hour,69.6599999900,µg/m3,2017-01-14 15:00:00 +01:00,2017-01-14 16:00:00 +01:00,1,1
ES,ES.BDCA.AQD,NET_ES131A,STA_ES0125A,,SP_28079017_14_6,SPP_28079017_14_6.1,SAM_28079017_14_6,O3,http://dd.eionet.europa.eu/vocabulary/aq/pollutant/7,hour,66.4800000000,µg/m3,2017-01-14 16:00:00 +01:00,2017-01-14 17:00:00 +01:00,1,1
ES,ES.BDCA.AQD,NET_ES131A,STA_ES0125A,,SP_28079017_14_6,SPP_28079017_14_6.1,SAM_28079017_14_6,O3,http://dd.eionet.europa.eu/vocabulary/aq/pollutant/7,hour,59.0700000000,µg/m3,2017-01-14 17:00:00 +01:00,2017-01-14 18:00:00 +01:00,1,1
ES,ES.BDCA.AQD,NET_ES131A,STA_ES0125A,,SP_28079017_14_6,SPP_28079017_14_6.1,SAM_28079017_14_6,O3,http://dd.eionet.europa.eu/vocabulary/aq/pollutant/7,hour,56.9200000000,µg/m3,2017-01-14 18:00:00 +01:00,2017-01-14 19:00:00 +01:00,1,1
ES,ES.BDCA.AQD,NET_ES131A,STA_ES0125A,,SP_28079017_14_6,SPP_28079017_14_6.1,SAM_28079017_14_6,O3,http://dd.eionet.europa.eu/vocabulary/aq/pollutant/7,hour,15.4000000000,µg/m3,2017-01-14 19:00:00 +01:00,2017-01-14 20:00:00 +01:00,1,1
ES,ES.BDCA.AQD,NET_ES131A,STA_ES0125A,,SP_28079017_14_6,SPP_28079017_14_6.1,SAM_28079017_14_6,O3,http://dd.eionet.europa.eu/vocabulary/aq/pollutant/7,hour,3.3399999900,µg/m3,2017-01-14 20:00:00 +01:00,2017-01-14 21:00:00 +01:00,1,1
ES,ES.BDCA.AQD,NET_ES131A,STA_ES0125A,,SP_28079017_14_6,SPP_28079017_14_6.1,SAM_28079017_14_6,O3,http://dd.eionet.europa.eu/vocabulary/aq/pollutant/7,hour,2.3100000000,µg/m3,2017-01-14 21:00:00 +01:00,2017-01-14 22:00:00 +01:00,1,1
ES,ES.BDCA.AQD,NET_ES131A,STA_ES0125A,,SP_28079017_14_6,SPP_28079017_14_6.1,SAM_28079017_14_6,O3,http://dd.eionet.europa.eu/vocabulary/aq/pollutant/7,hour,2.0299999900,µg/m3,2017-01-14 22:00:00 +01:00,2017-01-14 23:00:00 +01:00,1,1
ES,ES.BDCA.AQD,NET_ES131A,STA_ES0125A,,SP_28079017_14_6,SPP_28079017_14_6.1,SAM_28079017_14_6,O3,http://dd.eionet.europa.eu/vocabulary/aq/pollutant/7,hour,1.9199999900,µg/m3,2017-01-14 23:00:00 +01:00,2017-01-15 00:00:00 +01:00,1,1
ES,ES.BDCA.AQD,NET_ES131A,STA_ES0125A,,SP_28079017_14_6,SPP_28079017_14_6.1,SAM_28079017_14_6,O3,http://dd.eionet.europa.eu/vocabulary/aq/pollutant/7,hour,1.8700000000,µg/m3,2017-01-15 00:00:00 +01:00,2017-01-15 01:00:00 +01:00,1,1
ES,ES.BDCA.AQD,NET_ES131A,STA_ES0125A,,SP_28079017_14_6,SPP_28079017_14_6.1,SAM_28079017_14_6,O3,http://dd.eionet.europa.eu/vocabulary/aq/pollutant/7,hour,1.8300000000,µg/m3,2017-01-15 01:00:00 +01:00,2017-01-15 02:00:00 +01:00,1,1
ES,ES.BDCA.AQD,NET_ES131A,STA_ES0125A,,SP_28079017_14_6,SPP_28079017_14_6.1,SAM_28079017_14_6,O3,http://dd.eionet.europa.eu/vocabulary/aq/pollutant/7,hour,2.8399999900,µg/m3,2017-01-15 02:00:00 +01:00,2017-01-15 03:00:00 +01:00,1,1
ES,ES.BDCA.AQD,NET_ES131A,STA_ES0125A,,SP_28079017_14_6,SPP_28079017_14_6.1,SAM_28079017_14_6,O3,http://dd.eionet.europa.eu/vocabulary/aq/pollutant/7,hour,29.2199999900,µg/m3,2017-01-15 03:00:00 +01:00,2017-01-15 04:00:00 +01:00,1,1
ES,ES.BDCA.AQD,NET_ES131A,STA_ES0125A,,SP_28079017_14_6,SPP_28079017_14_6.1,SAM_28079017_14_6,O3,http://dd.eionet.europa.eu/vocabulary/aq/pollutant/7,hour,43.7199999900,µg/m3,2017-01-15 04:00:00 +01:00,2017-01-15 05:00:00 +01:00,1,1
ES,ES.BDCA.AQD,NET_ES131A,STA_ES0125A,,SP_28079017_14_6,SPP_28079017_14_6.1,SAM_28079017_14_6,O3,http://dd.eionet.europa.eu/vocabulary/aq/pollutant/7,hour,49.1700000000,µg/m3,2017-01-15 05:00:00 +01:00,2017-01-15 06:00:00 +01:00,1,1
ES,ES.BDCA.AQD,NET_ES131A,STA_ES0125A,,SP_28079017_14_6,SPP_28079017_14_6.1,SAM_28079017_14_6,O3,http://dd.eionet.europa.eu/vocabulary/aq/pollutant/7,hour,45.2700000000,µg/m3,2017-01-15 06:00:00 +01:00,2017-01-15 07:00:00 +01:00,1,1
ES,ES.BDCA.AQD,NET_ES131A,STA_ES0125A,,SP_28079017_14_6,SPP_28079017_14_6.1,SAM_28079017_14_6,O3,http://dd.eionet.europa.eu/vocabulary/aq/pollutant/7,hour,,µg/m3,2017-01-15 07:00:00 +01:00,2017-01-15 08:00:00 +01:00,-1,1
ES,ES.BDCA.AQD,NET_ES131A,STA_ES0125A,,SP_28079017_14_6,SPP_28079017_14_6.1,SAM_28079017_14_6,O3,http://dd.eionet.europa.eu/vocabulary/aq/pollutant/7,hour,43.1099999900,µg/m3,2017-01-15 08:00:00 +01:00,2017-01-15 09:00:00 +01:00,1,1
ES,ES.BDCA.AQD,NET_ES131A,STA_ES0125A,,SP_28079017_14_6,SPP_28079017_14_6.1,SAM_28079017_14_6,O3,http://dd.eionet.europa.eu/vocabulary/aq/pollutant/7,hour,52.9099999900,µg/m3,2017-01-15 09:00:00 +01:00,2017-01-15 10:00:00 +01:00,1,1
ES,ES.BDCA.AQD,NET_ES131A,STA_ES0125A,,SP_28079017_14_6,SPP_28079017_14_6.1,SAM_28079017_14_6,O3,http://dd.eionet.europa.eu/vocabulary/aq/pollutant/7,hour,55.4699999900,µg/m3,2017-01-15 10:00:00 +01:00,2017-01-15 11:00:00 +01:00,1,1
ES,ES.BDCA.AQD,NET_ES131A,STA_ES0125A,,SP_28079017_14_6,SPP_28079017_14_6.1,SAM_28079017_14_6,O3,http://dd.eionet.europa.eu/vocabulary/aq/pollutant/7,hour,60.6599999900,µg/m3,2017-01-15 11:00:00 +01:00,2017-01-15 12:00:00 +01:00,1,1
ES,ES.BDCA.AQD,NET_ES131A,STA_ES0125A,,SP_28079017_14_6,SPP_28079017_14_6.1,SAM_28079017_14_6,O3,http://dd.eionet.europa.eu/vocabulary/aq/pollutant/7,hour,61.1000000000,µg/m3,2017-01-15 12:00:00 +01:00,2017-01-15 13:00:00 +01:00,1,1
ES,ES.BDCA.AQD,NET_ES131A,STA_ES0125A,,SP_28079017_14_6,SPP_28079017_14_6.1,SAM_28079017_14_6,O3,http://dd.eionet.europa.eu/vocabulary/aq/pollutant/7,hour,55.7500000000,µg/m3,2017-01-15 13:00:00 +01:00,2017-01-15 14:00:00 +01:00,1,1
ES,ES.BDCA.AQD,NET_ES131A,STA_ES0125A,,SP_28079017_14_6,SPP_28079017_14_6.1,SAM_28079017_14_6,O3,http://dd.eionet.europa.eu/vocabulary/aq/pollutant/7,hour,64.1400000000,µg/m3,2017-01-15 14:00:00 +01:00,2017-01-15 15:00:00 +01:00,1,1
ES,ES.BDCA.AQD,NET_ES131A,STA_ES0125A,,SP_28079017_14_6,SPP_28079017_14_6.1,SAM_28079017_14_6,O3,http://dd.eionet.europa.eu/vocabulary/aq/pollutant/7,hour,70.6299999900,µg/m3,2017-01-15 15:00:00 +01:00,2017-01-15 16:00:00 +01:00,1,1
ES,ES.BDCA.AQD,NET_ES131A,STA_ES0125A,,SP_28079017_14_6,SPP_28079017_14_6.1,SAM_28079017_14_6,O3,http://dd.eionet.europa.eu/vocabulary/aq/pollutant/7,hour,60.7000000000,µg/m3,2017-01-15 16:00:00 +01:00,2017-01-15 17:00:00 +01:00,1,1
ES,ES.BDCA.AQD,NET_ES131A,STA_ES0125A,,SP_28079017_14_6,SPP_28079017_14_6.1,SAM_28079017_14_6,O3,http://dd.eionet.europa.eu/vocabulary/aq/pollutant/7,hour,40.4399999900,µg/m3,2017-01-15 17:00:00 +01:00,2017-01-15 18:00:00 +01:00,1,1
ES,ES.BDCA.AQD,NET_ES131A,STA_ES0125A,,SP_28079017_14_6,SPP_28079017_14_6.1,SAM_28079017_14_6,O3,http://dd.eionet.europa.eu/vocabulary/aq/pollutant/7,hour,12.1899999900,µg/m3,2017-01-15 18:00:00 +01:00,2017-01-15 19:00:00 +01:00,1,1
ES,ES.BDCA.AQD,NET_ES131A,STA_ES0125A,,SP_28079017_14_6,SPP_28079017_14_6.1,SAM_28079017_14_6,O3,http://dd.eionet.europa.eu/vocabulary/aq/pollutant/7,hour,2.3500000000,µg/m3,2017-01-15 19:00:00 +01:00,2017-01-15 20:00:00 +01:00,1,1
ES,ES.BDCA.AQD,NET_ES131A,STA_ES0125A,,SP_28079017_14_6,SPP_28079017_14_6.1,SAM_28079017_14_6,O3,http://dd.eionet.europa.eu/vocabulary/aq/pollutant/7,hour,2.4199999900,µg/m3,2017-01-15 20:00:00 +01:00,2017-01-15 21:00:00 +01:00,1,1
ES,ES.BDCA.AQD,NET_ES131A,STA_ES0125A,,SP_28079017_14_6,SPP_28079017_14_6.1,SAM_28079017_14_6,O3,http://dd.eionet.europa.eu/vocabulary/aq/pollutant/7,hour,2.4500000000,µg/m3,2017-01-15 21:00:00 +01:00,2017-01-15 22:00:00 +01:00,1,1
ES,ES.BDCA.AQD,NET_ES131A,STA_ES0125A,,SP_28079017_14_6,SPP_28079017_14_6.1,SAM_28079017_14_6,O3,http://dd.eionet.europa.eu/vocabulary/aq/pollutant/7,hour,2.1499999900,µg/m3,2017-01-15 22:00:00 +01:00,2017-01-15 23:00:00 +01:00,1,1
ES,ES.BDCA.AQD,NET_ES131A,STA_ES0125A,,SP_28079017_14_6,SPP_28079017_14_6.1,SAM_28079017_14_6,O3,http://dd.eionet.europa.eu/vocabulary/aq/pollutant/7,hour,2.1600000000,µg/m3,2017-01-15 23:00:00 +01:00,2017-01-16 00:00:00 +01:00,1,1
ES,ES.BDCA.AQD,NET_ES131A,STA_ES0125A,,SP_28079017_14_6,SPP_28079017_14_6.1,SAM_28079017_14_6,O3,http://dd.eionet.europa.eu/vocabulary/aq/pollutant/7,hour,2.2700000000,µg/m3,2017-01-16 00:00:00 +01:00,2017-01-16 01:00:00 +01:00,1,1
ES,ES.BDCA.AQD,NET_ES131A,STA_ES0125A,,SP_28079017_14_6,SPP_28079017_14_6.1,SAM_28079017_14_6,O3,http://dd.eionet.europa.eu/vocabulary/aq/pollutant/7,hour,2.4800000000,µg/m3,2017-01-16 01:00:00 +01:00,2017-01-16 02:00:00 +01:00,1,1
ES,ES.BDCA.AQD,NET_ES131A,STA_ES0125A,,SP_28079017_14_6,SPP_28079017_14_6.1,SAM_28079017_14_6,O3,http://dd.eionet.europa.eu/vocabulary/aq/pollutant/7,hour,2.3199999900,µg/m3,2017-01-16 02:00:00 +01:00,2017-01-16 03:00:00 +01:00,1,1
ES,ES.BDCA.AQD,NET_ES131A,STA_ES0125A,,SP_28079017_14_6,SPP_28079017_14_6.1,SAM_28079017_14_6,O3,http://dd.eionet.europa.eu/vocabulary/aq/pollutant/7,hour,2.0400000000,µg/m3,2017-01-16 03:00:00 +01:00,2017-01-16 04:00:00 +01:00,1,1
ES,ES.BDCA.AQD,NET_ES131A,STA_ES0125A,,SP_28079017_14_6,SPP_28079017_14_6.1,SAM_28079017_14_6,O3,http://dd.eionet.europa.eu/vocabulary/aq/pollutant/7,hour,2.1899999900,µg/m3,2017-01-16 04:00:00 +01:00,2017-01-16 05:00:00 +01:00,1,1
ES,ES.BDCA.AQD,NET_ES131A,STA_ES0125A,,SP_28079017_14_6,SPP_28079017_14_6.1,SAM_28079017_14_6,O3,http://dd.eionet.europa.eu/vocabulary/aq/pollutant/7,hour,1.8799999900,µg/m3,2017-01-16 05:00:00 +01:00,2017-01-16 06:00:00 +01:00,1,1
ES,ES.BDCA.AQD,NET_ES131A,STA_ES0125A,,SP_28079017_14_6,SPP_28079017_14_6.1,SAM_28079017_14_6,O3,http://dd.eionet.europa.eu/vocabulary/aq/pollutant/7,hour,,µg/m3,2017-01-16 06:00:00 +01:00,2017-01-16 07:00:00 +01:00,-1,1
ES,ES.BDCA.AQD,NET_ES131A,STA_ES0125A,,SP_28079017_14_6,SPP_28079017_14_6.1,SAM_28079017_14_6,O3,http://dd.eionet.europa.eu/vocabulary/aq/pollutant/7,hour,2.0299999900,µg/m3,2017-01-16 07:00:00 +01:00,2017-01-16 08:00:00 +01:00,1,1
ES,ES.BDCA.AQD,NET_ES131A,STA_ES0125A,,SP_28079017_14_6,SPP_28079017_14_6.1,SAM_28079017_14_6,O3,http://dd.eionet.europa.eu/vocabulary/aq/pollutant/7,hour,2.0800000000,µg/m3,2017-01-16 08:00:00 +01:00,2017-01-16 09:00:00 +01:00,1,1
ES,ES.BDCA.AQD,NET_ES131A,STA_ES0125A,,SP_28079017_14_6,SPP_28079017_14_6.1,SAM_28079017_14_6,O3,http://dd.eionet.europa.eu/vocabulary/aq/pollutant/7,hour,2.9600000000,µg/m3,2017-01-16 09:00:00 +01:00,2017-01-16 10:00:00 +01:00,1,1
ES,ES.BDCA.AQD,NET_ES131A,STA_ES0125A,,SP_28079017_14_6,SPP_28079017_14_6.1,SAM_28079017_14_6,O3,http://dd.eionet.europa.eu/vocabulary/aq/pollutant/7,hour,22.3799999900,µg/m3,2017-01-16 10:00:00 +01:00,2017-01-16 11:00:00 +01:00,1,1
ES,ES.BDCA.AQD,NET_ES131A,STA_ES0125A,,SP_28079017_14_6,SPP_28079017_14_6.1,SAM_28079017_14_6,O3,http://dd.eionet.europa.eu/vocabulary/aq/pollutant/7,hour,45.3400000000,µg/m3,2017-01-16 11:00:00 +01:00,2017-01-16 12:00:00 +01:00,1,1
ES,ES.BDCA.AQD,NET_ES131A,STA_ES0125A,,SP_28079017_14_6,SPP_28079017_14_6.1,SAM_28079017_14_6,O3,http://dd.eionet.europa.eu/vocabulary/aq/pollutant/7,hour,54.9900000000,µg/m3,2017-01-16 12:00:00 +01:00,2017-01-16 13:00:00 +01:00,1,1
ES,ES.BDCA.AQD,NET_ES131A,STA_ES0125A,,SP_28079017_14_6,SPP_28079017_14_6.1,SAM_28079017_14_6,O3,http://dd.eionet.europa.eu/vocabulary/aq/pollutant/7,hour,48.4300000000,µg/m3,2017-01-16 13:00:00 +01:00,2017-01-16 14:00:00 +01:00,1,1
ES,ES.BDCA.AQD,NET_ES131A,STA_ES0125A,,SP_28079017_14_6,SPP_28079017_14_6.1,SAM_28079017_14_6,O3,http://dd.eionet.europa.eu/vocabulary/aq/pollutant/7,hour,51.9399999900,µg/m3,2017-01-16 14:00:00 +01:00,2017-01-16 15:00:00 +01:00,1,1
ES,ES.BDCA.AQD,NET_ES131A,STA_ES0125A,,SP_28079017_14_6,SPP_28079017_14_6.1,SAM_28079017_14_6,O3,http://dd.eionet.europa.eu/vocabulary/aq/pollutant/7,hour,60.7000000000,µg/m3,2017-01-16 15:00:00 +01:00,2017-01-16 16:00:00 +01:00,1,1
ES,ES.BDCA.AQD,NET_ES131A,STA_ES0125A,,SP_28079017_14_6,SPP_28079017_14_6.1,SAM_28079017_14_6,O3,http://dd.eionet.europa.eu/vocabulary/aq/pollutant/7,hour,57.4399999900,µg/m3,2017-01-16 16:00:00 +01:00,2017-01-16 17:00:00 +01:00,1,1
ES,ES.BDCA.AQD,NET_ES131A,STA_ES0125A,,SP_28079017_14_6,SPP_28079017_14_6.1,SAM_28079017_14_6,O3,http://dd.eionet.europa.eu/vocabulary/aq/pollutant/7,hour,34.7299999900,µg/m3,2017-01-16 17:00:00 +01:00,2017-01-16 18:00:00 +01:00,1,1
ES,ES.BDCA.AQD,NET_ES131A,STA_ES0125A,,SP_28079017_14_6,SPP_28079017_14_6.1,SAM_28079017_14_6,O3,http://dd.eionet.europa.eu/vocabulary/aq/pollutant/7,hour,2.9900000000,µg/m3,2017-01-16 18:00:00 +01:00,2017-01-16 19:00:00 +01:00,1,1
ES,ES.BDCA.AQD,NET_ES131A,STA_ES0125A,,SP_28079017_14_6,SPP_28079017_14_6.1,SAM_28079017_14_6,O3,http://dd.eionet.europa.eu/vocabulary/aq/pollutant/7,hour,2.5899999900,µg/m3,2017-01-16 19:00:00 +01:00,2017-01-16 20:00:00 +01:00,1,1
ES,ES.BDCA.AQD,NET_ES131A,STA_ES0125A,,SP_28079017_14_6,SPP_28079017_14_6.1,SAM_28079017_14_6,O3,http://dd.eionet.europa.eu/vocabulary/aq/pollutant/7,hour,2.5899999900,µg/m3,2017-01-16 20:00:00 +01:00,2017-01-16 21:00:00 +01:00,1,1
ES,ES.BDCA.AQD,NET_ES131A,STA_ES0125A,,SP_28079017_14_6,SPP_28079017_14_6.1,SAM_28079017_14_6,O3,http://dd.eionet.europa.eu/vocabulary/aq/pollutant/7,hour,6.3499999900,µg/m3,2017-01-16 21:00:00 +01:00,2017-01-16 22:00:00 +01:00,1,1
ES,ES.BDCA.AQD,NET_ES131A,STA_ES0125A,,SP_28079017_14_6,SPP_28079017_14_6.1,SAM_28079017_14_6,O3,http://dd.eionet.europa.eu/vocabulary/aq/pollutant/7,hour,7.0599999900,µg/m3,2017-01-16 22:00:00 +01:00,2017-01-16 23:00:00 +01:00,1,1
ES,ES.BDCA.AQD,NET_ES131A,STA_ES0125A,,SP_28079017_14_6,SPP_28079017_14_6.1,SAM_28079017_14_6,O3,http://dd.eionet.europa.eu/vocabulary/aq/pollutant/7,hour,2.7500000000,µg/m3,2017-01-16 23:00:00 +01:00,2017-01-17 00:00:00 +01:00,1,1
ES,ES.BDCA.AQD,NET_ES131A,STA_ES0125A,,SP_28079017_14_6,SPP_28079017_14_6.1,SAM_28079017_14_6,O3,http://dd.eionet.europa.eu/vocabulary/aq/pollutant/7,hour,2.5400000000,µg/m3,2017-01-17 00:00:00 +01:00,2017-01-17 01:00:00 +01:00,1,1
ES,ES.BDCA.AQD,NET_ES131A,STA_ES0125A,,SP_28079017_14_6,SPP_28079017_14_6.1,SAM_28079017_14_6,O3,http://dd.eionet.europa.eu/vocabulary/aq/pollutant/7,hour,2.5200000000,µg/m3,2017-01-17 01:00:00 +01:00,2017-01-17 02:00:00 +01:00,1,1
ES,ES.BDCA.AQD,NET_ES131A,STA_ES0125A,,SP_28079017_14_6,SPP_28079017_14_6.1,SAM_28079017_14_6,O3,http://dd.eionet.europa.eu/vocabulary/aq/pollutant/7,hour,2.5600000000,µg/m3,2017-01-17 02:00:00 +01:00,2017-01-17 03:00:00 +01:00,1,1
ES,ES.BDCA.AQD,NET_ES131A,STA_ES0125A,,SP_28079017_14_6,SPP_28079017_14_6.1,SAM_28079017_14_6,O3,http://dd.eionet.europa.eu/vocabulary/aq/pollutant/7,hour,2.3700000000,µg/m3,2017-01-17 03:00:00 +01:00,2017-01-17 04:00:00 +01:00,1,1
ES,ES.BDCA.AQD,NET_ES131A,STA_ES0125A,,SP_28079017_14_6,SPP_28079017_14_6.1,SAM_28079017_14_6,O3,http://dd.eionet.europa.eu/vocabulary/aq/pollutant/7,hour,3.9800000000,µg/m3,2017-01-17 04:00:00 +01:00,2017-01-17 05:00:00 +01:00,1,1
ES,ES.BDCA.AQD,NET_ES131A,STA_ES0125A,,SP_28079017_14_6,SPP_28079017_14_6.1,SAM_28079017_14_6,O3,http://dd.eionet.europa.eu/vocabulary/aq/pollutant/7,hour,,µg/m3,2017-01-17 05:00:00 +01:00,2017-01-17 06:00:00 +01:00,-1,1
ES,ES.BDCA.AQD,NET_ES131A,STA_ES0125A,,SP_28079017_14_6,SPP_28079017_14_6.1,SAM_28079017_14_6,O3,http://dd.eionet.europa.eu/vocabulary/aq/pollutant/7,hour,11.6300000000,µg/m3,2017-01-17 06:00:00 +01:00,2017-01-17 07:00:00 +01:00,1,1
ES,ES.BDCA.AQD,NET_ES131A,STA_ES0125A,,SP_28079017_14_6,SPP_28079017_14_6.1,SAM_28079017_14_6,O3,http://dd.eionet.europa.eu/vocabulary/aq/pollutant/7,hour,4.7300000000,µg/m3,2017-01-17 07:00:00 +01:00,2017-01-17 08:00:00 +01:00,1,1
ES,ES.BDCA.AQD,NET_ES131A,STA_ES0125A,,SP_28079017_14_6,SPP_28079017_14_6.1,SAM_28079017_14_6,O3,http://dd.eionet.europa.eu/vocabulary/aq/pollutant/7,hour,2.5800000000,µg/m3,2017-01-17 08:00:00 +01:00,2017-01-17 09:00:00 +01:00,1,1
ES,ES.BDCA.AQD,NET_ES131A,STA_ES0125A,,SP_28079017_14_6,SPP_28079017_14_6.1,SAM_28079017_14_6,O3,http://dd.eionet.europa.eu/vocabulary/aq/pollutant/7,hour,4.3600000000,µg/m3,2017-01-17 09:00:00 +01:00,2017-01-17 10:00:00 +01:00,1,1
ES,ES.BDCA.AQD,NET_ES131A,STA_ES0125A,,SP_28079017_14_6,SPP_28079017_14_6.1,SAM_28079017_14_6,O3,http://dd.eionet.europa.eu/vocabulary/aq/pollutant/7,hour,7.8300000000,µg/m3,2017-01-17 10:00:00 +01:00,2017-01-17 11:00:00 +01:00,1,1
ES,ES.BDCA.AQD,NET_ES131A,STA_ES0125A,,SP_28079017_14_6,SPP_28079017_14_6.1,SAM_28079017_14_6,O3,http://dd.eionet.europa.eu/vocabulary/aq/pollutant/7,hour,43.7800000000,µg/m3,2017-01-17 11:00:00 +01:00,2017-01-17 12:00:00 +01:00,1,1
ES,ES.BDCA.AQD,NET_ES131A,STA_ES0125A,,SP_28079017_14_6,SPP_28079017_14_6.1,SAM_28079017_14_6,O3,http://dd.eionet.europa.eu/vocabulary/aq/pollutant/7,hour,54.0200000000,µg/m3,2017-01-17 12:00:00 +01:00,2017-01-17 13:00:00 +01:00,1,1
ES,ES.BDCA.AQD,NET_ES131A,STA_ES0125A,,SP_28079017_14_6,SPP_28079017_14_6.1,SAM_28079017_14_6,O3,http://dd.eionet.europa.eu/vocabulary/aq/pollutant/7,hour,70.3499999900,µg/m3,2017-01-17 13:00:00 +01:00,2017-01-17 14:00:00 +01:00,1,1
ES,ES.BDCA.AQD,NET_ES131A,STA_ES0125A,,SP_28079017_14_6,SPP_28079017_14_6.1,SAM_28079017_14_6,O3,http://dd.eionet.europa.eu/vocabulary/aq/pollutant/7,hour,71.8100000000,µg/m3,2017-01-17 14:00:00 +01:00,2017-01-17 15:00:00 +01:00,1,1
ES,ES.BDCA.AQD,NET_ES131A,STA_ES0125A,,SP_28079017_14_6,SPP_28079017_14_6.1,SAM_28079017_14_6,O3,http://dd.eionet.europa.eu/vocabulary/aq/pollutant/7,hour,71.7600000000,µg/m3,2017-01-17 15:00:00 +01:00,2017-01-17 16:00:00 +01:00,1,1
ES,ES.BDCA.AQD,NET_ES131A,STA_ES0125A,,SP_28079017_14_6,SPP_28079017_14_6.1,SAM_28079017_14_6,O3,http://dd.eionet.europa.eu/vocabulary/aq/pollutant/7,hour,67.1700000000,µg/m3,2017-01-17 16:00:00 +01:00,2017-01-17 17:00:00 +01:00,1,1
ES,ES.BDCA.AQD,NET_ES131A,STA_ES0125A,,SP_28079017_14_6,SPP_28079017_14_6.1,SAM_28079017_14_6,O3,http://dd.eionet.europa.eu/vocabulary/aq/pollutant/7,hour,62.5300000000,µg/m3,2017-01-17 17:00:00 +01:00,2017-01-17 18:00:00 +01:00,1,1
ES,ES.BDCA.AQD,NET_ES131A,STA_ES0125A,,SP_28079017_14_6,SPP_28079017_14_6.1,SAM_28079017_14_6,O3,http://dd.eionet.europa.eu/vocabulary/aq/pollutant/7,hour,51.2100000000,µg/m3,2017-01-17 18:00:00 +01:00,2017-01-17 19:00:00 +01:00,1,1
ES,ES.BDCA.AQD,NET_ES131A,STA_ES0125A,,SP_28079017_14_6,SPP_28079017_14_6.1,SAM_28079017_14_6,O3,http://dd.eionet.europa.eu/vocabulary/aq/pollutant/7,hour,46.2599999900,µg/m3,2017-01-17 19:00:00 +01:00,2017-01-17 20:00:00 +01:00,1,1
ES,ES.BDCA.AQD,NET_ES131A,STA_ES0125A,,SP_28079017_14_6,SPP_28079017_14_6.1,SAM_28079017_14_6,O3,http://dd.eionet.europa.eu/vocabulary/aq/pollutant/7,hour,41.6499999900,µg/m3,2017-01-17 20:00:00 +01:00,2017-01-17 21:00:00 +01:00,1,1
ES,ES.BDCA.AQD,NET_ES131A,STA_ES0125A,,SP_28079017_14_6,SPP_28079017_14_6.1,SAM_28079017_14_6,O3,http://dd.eionet.europa.eu/vocabulary/aq/pollutant/7,hour,47.5099999900,µg/m3,2017-01-17 21:00:00 +01:00,2017-01-17 22:00:00 +01:00,1,1
ES,ES.BDCA.AQD,NET_ES131A,STA_ES0125A,,SP_28079017_14_6,SPP_28079017_14_6.1,SAM_28079017_14_6,O3,http://dd.eionet.europa.eu/vocabulary/aq/pollutant/7,hour,47.5900000000,µg/m3,2017-01-17 22:00:00 +01:00,2017-01-17 23:00:00 +01:00,1,1
ES,ES.BDCA.AQD,NET_ES131A,STA_ES0125A,,SP_28079017_14_6,SPP_28079017_14_6.1,SAM_28079017_14_6,O3,http://dd.eionet.europa.eu/vocabulary/aq/pollutant/7,hour,43.8599999900,µg/m3,2017-01-17 23:00:00 +01:00,2017-01-18 00:00:00 +01:00,1,1
ES,ES.BDCA.AQD,NET_ES131A,STA_ES0125A,,SP_28079017_14_6,SPP_28079017_14_6.1,SAM_28079017_14_6,O3,http://dd.eionet.europa.eu/vocabulary/aq/pollutant/7,hour,50.4300000000,µg/m3,2017-01-18 00:00:00 +01:00,2017-01-18 01:00:00 +01:00,1,1
ES,ES.BDCA.AQD,NET_ES131A,STA_ES0125A,,SP_28079017_14_6,SPP_28079017_14_6.1,SAM_28079017_14_6,O3,http://dd.eionet.europa.eu/vocabulary/aq/pollutant/7,hour,52.2999999900,µg/m3,2017-01-18 01:00:00 +01:00,2017-01-18 02:00:00 +01:00,1,1
ES,ES.BDCA.AQD,NET_ES131A,STA_ES0125A,,SP_28079017_14_6,SPP_28079017_14_6.1,SAM_28079017_14_6,O3,http://dd.eionet.europa.eu/vocabulary/aq/pollutant/7,hour,62.8599999900,µg/m3,2017-01-18 02:00:00 +01:00,2017-01-18 03:00:00 +01:00,1,1
ES,ES.BDCA.AQD,NET_ES131A,STA_ES0125A,,SP_28079017_14_6,SPP_28079017_14_6.1,SAM_28079017_14_6,O3,http://dd.eionet.europa.eu/vocabulary/aq/pollutant/7,hour,67.1299999900,µg/m3,2017-01-18 03:00:00 +01:00,2017-01-18 04:00:00 +01:00,1,1
ES,ES.BDCA.AQD,NET_ES131A,STA_ES0125A,,SP_28079017_14_6,SPP_28079017_14_6.1,SAM_28079017_14_6,O3,http://dd.eionet.europa.eu/vocabulary/aq/pollutant/7,hour,,µg/m3,2017-01-18 04:00:00 +01:00,2017-01-18 05:00:00 +01:00,-1,1
ES,ES.BDCA.AQD,NET_ES131A,STA_ES0125A,,SP_28079017_14_6,SPP_28079017_14_6.1,SAM_28079017_14_6,O3,http://dd.eionet.europa.eu/vocabulary/aq/pollutant/7,hour,59.5099999900,µg/m3,2017-01-18 05:00:00 +01:00,2017-01-18 06:00:00 +01:00,1,1
ES,ES.BDCA.AQD,NET_ES131A,STA_ES0125A,,SP_28079017_14_6,SPP_28079017_14_6.1,SAM_28079017_14_6,O3,http://dd.eionet.europa.eu/vocabulary/aq/pollutant/7,hour,40.4500000000,µg/m3,2017-01-18 06:00:00 +01:00,2017-01-18 07:00:00 +01:00,1,1
ES,ES.BDCA.AQD,NET_ES131A,STA_ES0125A,,SP_28079017_14_6,SPP_28079017_14_6.1,SAM_28079017_14_6,O3,http://dd.eionet.europa.eu/vocabulary/aq/pollutant/7,hour,20.7500000000,µg/m3,2017-01-18 07:00:00 +01:00,2017-01-18 08:00:00 +01:00,1,1
ES,ES.BDCA.AQD,NET_ES131A,STA_ES0125A,,SP_28079017_14_6,SPP_28079017_14_6.1,SAM_28079017_14_6,O3,http://dd.eionet.europa.eu/vocabulary/aq/pollutant/7,hour,8.2200000000,µg/m3,2017-01-18 08:00:00 +01:00,2017-01-18 09:00:00 +01:00,1,1
ES,ES.BDCA.AQD,NET_ES131A,STA_ES0125A,,SP_28079017_14_6,SPP_28079017_14_6.1,SAM_28079017_14_6,O3,http://dd.eionet.europa.eu/vocabulary/aq/pollutant/7,hour,20.3000000000,µg/m3,2017-01-18 09:00:00 +01:00,2017-01-18 10:00:00 +01:00,1,1
ES,ES.BDCA.AQD,NET_ES131A,STA_ES0125A,,SP_28079017_14_6,SPP_28079017_14_6.1,SAM_28079017_14_6,O3,http://dd.eionet.europa.eu/vocabulary/aq/pollutant/7,hour,35.6099999900,µg/m3,2017-01-18 10:00:00 +01:00,2017-01-18 11:00:00 +01:00,1,1
ES,ES.BDCA.AQD,NET_ES131A,STA_ES0125A,,SP_28079017_14_6,SPP_28079017_14_6.1,SAM_28079017_14_6,O3,http://dd.eionet.europa.eu/vocabulary/aq/pollutant/7,hour,46.0900000000,µg/m3,2017-01-18 11:00:00 +01:00,2017-01-18 12:00:00 +01:00,1,1
ES,ES.BDCA.AQD,NET_ES131A,STA_ES0125A,,SP_28079017_14_6,SPP_28079017_14_6.1,SAM_28079017_14_6,O3,http://dd.eionet.europa.eu/vocabulary/aq/pollutant/7,hour,55.7999999900,µg/m3,2017-01-18 12:00:00 +01:00,2017-01-18 13:00:00 +01:00,1,1
ES,ES.BDCA.AQD,NET_ES131A,STA_ES0125A,,SP_28079017_14_6,SPP_28079017_14_6.1,SAM_28079017_14_6,O3,http://dd.eionet.europa.eu/vocabulary/aq/pollutant/7,hour,57.9399999900,µg/m3,2017-01-18 13:00:00 +01:00,2017-01-18 14:00:00 +01:00,1,1
ES,ES.BDCA.AQD,NET_ES131A,STA_ES0125A,,SP_28079017_14_6,SPP_28079017_14_6.1,SAM_28079017_14_6,O3,http://dd.eionet.europa.eu/vocabulary/aq/pollutant/7,hour,55.8800000000,µg/m3,2017-01-18 14:00:00 +01:00,2017-01-18 15:00:00 +01:00,1,1
ES,ES.BDCA.AQD,NET_ES131A,STA_ES0125A,,SP_28079017_14_6,SPP_28079017_14_6.1,SAM_28079017_14_6,O3,http://dd.eionet.europa.eu/vocabulary/aq/pollutant/7,hour,60.0600000000,µg/m3,2017-01-18 15:00:00 +01:00,2017-01-18 16:00:00 +01:00,1,1
ES,ES.BDCA.AQD,NET_ES131A,STA_ES0125A,,SP_28079017_14_6,SPP_28079017_14_6.1,SAM_28079017_14_6,O3,http://dd.eionet.europa.eu/vocabulary/aq/pollutant/7,hour,60.8200000000,µg/m3,2017-01-18 16:00:00 +01:00,2017-01-18 17:00:00 +01:00,1,1
ES,ES.BDCA.AQD,NET_ES131A,STA_ES0125A,,SP_28079017_14_6,SPP_28079017_14_6.1,SAM_28079017_14_6,O3,http://dd.eionet.europa.eu/vocabulary/aq/pollutant/7,hour,47.3200000000,µg/m3,2017-01-18 17:00:00 +01:00,2017-01-18 18:00:00 +01:00,1,1
ES,ES.BDCA.AQD,NET_ES131A,STA_ES0125A,,SP_28079017_14_6,SPP_28079017_14_6.1,SAM_28079017_14_6,O3,http://dd.eionet.europa.eu/vocabulary/aq/pollutant/7,hour,21.7500000000,µg/m3,2017-01-18 18:00:00 +01:00,2017-01-18 19:00:00 +01:00,1,1
ES,ES.BDCA.AQD,NET_ES131A,STA_ES0125A,,SP_28079017_14_6,SPP_28079017_14_6.1,SAM_28079017_14_6,O3,http://dd.eionet.europa.eu/vocabulary/aq/pollutant/7,hour,14.7400000000,µg/m3,2017-01-18 19:00:00 +01:00,2017-01-18 20:00:00 +01:00,1,1
ES,ES.BDCA.AQD,NET_ES131A,STA_ES0125A,,SP_28079017_14_6,SPP_28079017_14_6.1,SAM_28079017_14_6,O3,http://dd.eionet.europa.eu/vocabulary/aq/pollutant/7,hour,20.9300000000,µg/m3,2017-01-18 20:00:00 +01:00,2017-01-18 21:00:00 +01:00,1,1
ES,ES.BDCA.AQD,NET_ES131A,STA_ES0125A,,SP_28079017_14_6,SPP_28079017_14_6.1,SAM_28079017_14_6,O3,http://dd.eionet.europa.eu/vocabulary/aq/pollutant/7,hour,21.3700000000,µg/m3,2017-01-18 21:00:00 +01:00,2017-01-18 22:00:00 +01:00,1,1
ES,ES.BDCA.AQD,NET_ES131A,STA_ES0125A,,SP_28079017_14_6,SPP_28079017_14_6.1,SAM_28079017_14_6,O3,http://dd.eionet.europa.eu/vocabulary/aq/pollutant/7,hour,28.7500000000,µg/m3,2017-01-18 22:00:00 +01:00,2017-01-18 23:00:00 +01:00,1,1
ES,ES.BDCA.AQD,NET_ES131A,STA_ES0125A,,SP_28079017_14_6,SPP_28079017_14_6.1,SAM_28079017_14_6,O3,http://dd.eionet.europa.eu/vocabulary/aq/pollutant/7,hour,39.1499999900,µg/m3,2017-01-18 23:00:00 +01:00,2017-01-19 00:00:00 +01:00,1,1
ES,ES.BDCA.AQD,NET_ES131A,STA_ES0125A,,SP_28079017_14_6,SPP_28079017_14_6.1,SAM_28079017_14_6,O3,http://dd.eionet.europa.eu/vocabulary/aq/pollutant/7,hour,42.8100000000,µg/m3,2017-01-19 00:00:00 +01:00,2017-01-19 01:00:00 +01:00,1,1
ES,ES.BDCA.AQD,NET_ES131A,STA_ES0125A,,SP_28079017_14_6,SPP_28079017_14_6.1,SAM_28079017_14_6,O3,http://dd.eionet.europa.eu/vocabulary/aq/pollutant/7,hour,41.3100000000,µg/m3,2017-01-19 01:00:00 +01:00,2017-01-19 02:00:00 +01:00,1,1
ES,ES.BDCA.AQD,NET_ES131A,STA_ES0125A,,SP_28079017_14_6,SPP_28079017_14_6.1,SAM_28079017_14_6,O3,http://dd.eionet.europa.eu/vocabulary/aq/pollutant/7,hour,48.1700000000,µg/m3,2017-01-19 02:00:00 +01:00,2017-01-19 03:00:00 +01:00,1,1
ES,ES.BDCA.AQD,NET_ES131A,STA_ES0125A,,SP_28079017_14_6,SPP_28079017_14_6.1,SAM_28079017_14_6,O3,http://dd.eionet.europa.eu/vocabulary/aq/pollutant/7,hour,,µg/m3,2017-01-19 03:00:00 +01:00,2017-01-19 04:00:00 +01:00,-1,1
ES,ES.BDCA.AQD,NET_ES131A,STA_ES0125A,,SP_28079017_14_6,SPP_28079017_14_6.1,SAM_28079017_14_6,O3,http://dd.eionet.europa.eu/vocabulary/aq/pollutant/7,hour,46.5499999900,µg/m3,2017-01-19 04:00:00 +01:00,2017-01-19 05:00:00 +01:00,1,1
ES,ES.BDCA.AQD,NET_ES131A,STA_ES0125A,,SP_28079017_14_6,SPP_28079017_14_6.1,SAM_28079017_14_6,O3,http://dd.eionet.europa.eu/vocabulary/aq/pollutant/7,hour,39.2500000000,µg/m3,2017-01-19 05:00:00 +01:00,2017-01-19 06:00:00 +01:00,1,1
ES,ES.BDCA.AQD,NET_ES131A,STA_ES0125A,,SP_28079017_14_6,SPP_28079017_14_6.1,SAM_28079017_14_6,O3,http://dd.eionet.europa.eu/vocabulary/aq/pollutant/7,hour,29.6499999900,µg/m3,2017-01-19 06:00:00 +01:00,2017-01-19 07:00:00 +01:00,1,1
ES,ES.BDCA.AQD,NET_ES131A,STA_ES0125A,,SP_28079017_14_6,SPP_28079017_14_6.1,SAM_28079017_14_6,O3,http://dd.eionet.europa.eu/vocabulary/aq/pollutant/7,hour,17.4499999900,µg/m3,2017-01-19 07:00:00 +01:00,2017-01-19 08:00:00 +01:00,1,1
ES,ES.BDCA.AQD,NET_ES131A,STA_ES0125A,,SP_28079017_14_6,SPP_28079017_14_6.1,SAM_28079017_14_6,O3,http://dd.eionet.europa.eu/vocabulary/aq/pollutant/7,hour,15.6199999900,µg/m3,2017-01-19 08:00:00 +01:00,2017-01-19 09:00:00 +01:00,1,1
ES,ES.BDCA.AQD,NET_ES131A,STA_ES0125A,,SP_28079017_14_6,SPP_28079017_14_6.1,SAM_28079017_14_6,O3,http://dd.eionet.europa.eu/vocabulary/aq/pollutant/7,hour,18.0100000000,µg/m3,2017-01-19 09:00:00 +01:00,2017-01-19 10:00:00 +01:00,1,1
ES,ES.BDCA.AQD,NET_ES131A,STA_ES0125A,,SP_28079017_14_6,SPP_28079017_14_6.1,SAM_28079017_14_6,O3,http://dd.eionet.europa.eu/vocabulary/aq/pollutant/7,hour,27.2899999900,µg/m3,2017-01-19 10:00:00 +01:00,2017-01-19 11:00:00 +01:00,1,1
ES,ES.BDCA.AQD,NET_ES131A,STA_ES0125A,,SP_28079017_14_6,SPP_28079017_14_6.1,SAM_28079017_14_6,O3,http://dd.eionet.europa.eu/vocabulary/aq/pollutant/7,hour,39.7400000000,µg/m3,2017-01-19 11:00:00 +01:00,2017-01-19 12:00:00 +01:00,1,1
ES,ES.BDCA.AQD,NET_ES131A,STA_ES0125A,,SP_28079017_14_6,SPP_28079017_14_6.1,SAM_28079017_14_6,O3,http://dd.eionet.europa.eu/vocabulary/aq/pollutant/7,hour,46.1000000000,µg/m3,2017-01-19 12:00:00 +01:00,2017-01-19 13:00:00 +01:00,1,1
ES,ES.BDCA.AQD,NET_ES131A,STA_ES0125A,,SP_28079017_14_6,SPP_28079017_14_6.1,SAM_28079017_14_6,O3,http://dd.eionet.europa.eu/vocabulary/aq/pollutant/7,hour,56.4099999900,µg/m3,2017-01-19 13:00:00 +01:00,2017-01-19 14:00:00 +01:00,1,1
ES,ES.BDCA.AQD,NET_ES131A,STA_ES0125A,,SP_28079017_14_6,SPP_28079017_14_6.1,SAM_28079017_14_6,O3,http://dd.eionet.europa.eu/vocabulary/aq/pollutant/7,hour,64.5499999900,µg/m3,2017-01-19 14:00:00 +01:00,2017-01-19 15:00:00 +01:00,1,1
ES,ES.BDCA.AQD,NET_ES131A,STA_ES0125A,,SP_28079017_14_6,SPP_28079017_14_6.1,SAM_28079017_14_6,O3,http://dd.eionet.europa.eu/vocabulary/aq/pollutant/7,hour,60.7999999900,µg/m3,2017-01-19 15:00:00 +01:00,2017-01-19 16:00:00 +01:00,1,1
ES,ES.BDCA.AQD,NET_ES131A,STA_ES0125A,,SP_28079017_14_6,SPP_28079017_14_6.1,SAM_28079017_14_6,O3,http://dd.eionet.europa.eu/vocabulary/aq/pollutant/7,hour,60.9300000000,µg/m3,2017-01-19 16:00:00 +01:00,2017-01-19 17:00:00 +01:00,1,1
ES,ES.BDCA.AQD,NET_ES131A,STA_ES0125A,,SP_28079017_14_6,SPP_28079017_14_6.1,SAM_28079017_14_6,O3,http://dd.eionet.europa.eu/vocabulary/aq/pollutant/7,hour,55.9500000000,µg/m3,2017-01-19 17:00:00 +01:00,2017-01-19 18:00:00 +01:00,1,1
ES,ES.BDCA.AQD,NET_ES131A,STA_ES0125A,,SP_28079017_14_6,SPP_28079017_14_6.1,SAM_28079017_14_6,O3,http://dd.eionet.europa.eu/vocabulary/aq/pollutant/7,hour,42.8299999900,µg/m3,2017-01-19 18:00:00 +01:00,2017-01-19 19:00:00 +01:00,1,1
ES,ES.BDCA.AQD,NET_ES131A,STA_ES0125A,,SP_28079017_14_6,SPP_28079017_14_6.1,SAM_28079017_14_6,O3,http://dd.eionet.europa.eu/vocabulary/aq/pollutant/7,hour,46.6899999900,µg/m3,2017-01-19 19:00:00 +01:00,2017-01-19 20:00:00 +01:00,1,1
ES,ES.BDCA.AQD,NET_ES131A,STA_ES0125A,,SP_28079017_14_6,SPP_28079017_14_6.1,SAM_28079017_14_6,O3,http://dd.eionet.europa.eu/vocabulary/aq/pollutant/7,hour,44.3400000000,µg/m3,2017-01-19 20:00:00 +01:00,2017-01-19 21:00:00 +01:00,1,1
ES,ES.BDCA.AQD,NET_ES131A,STA_ES0125A,,SP_28079017_14_6,SPP_28079017_14_6.1,SAM_28079017_14_6,O3,http://dd.eionet.europa.eu/vocabulary/aq/pollutant/7,hour,52.3800000000,µg/m3,2017-01-19 21:00:00 +01:00,2017-01-19 22:00:00 +01:00,1,1
ES,ES.BDCA.AQD,NET_ES131A,STA_ES0125A,,SP_28079017_14_6,SPP_28079017_14_6.1,SAM_28079017_14_6,O3,http://dd.eionet.europa.eu/vocabulary/aq/pollutant/7,hour,54.5399999900,µg/m3,2017-01-19 22:00:00 +01:00,2017-01-19 23:00:00 +01:00,1,1
ES,ES.BDCA.AQD,NET_ES131A,STA_ES0125A,,SP_28079017_14_6,SPP_28079017_14_6.1,SAM_28079017_14_6,O3,http://dd.eionet.europa.eu/vocabulary/aq/pollutant/7,hour,59.3100000000,µg/m3,2017-01-19 23:00:00 +01:00,2017-01-20 00:00:00 +01:00,1,1
ES,ES.BDCA.AQD,NET_ES131A,STA_ES0125A,,SP_28079017_14_6,SPP_28079017_14_6.1,SAM_28079017_14_6,O3,http://dd.eionet.europa.eu/vocabulary/aq/pollutant/7,hour,63.1700000000,µg/m3,2017-01-20 00:00:00 +01:00,2017-01-20 01:00:00 +01:00,1,1
ES,ES.BDCA.AQD,NET_ES131A,STA_ES0125A,,SP_28079017_14_6,SPP_28079017_14_6.1,SAM_28079017_14_6,O3,http://dd.eionet.europa.eu/vocabulary/aq/pollutant/7,hour,66.7300000000,µg/m3,2017-01-20 01:00:00 +01:00,2017-01-20 02:00:00 +01:00,1,1
ES,ES.BDCA.AQD,NET_ES131A,STA_ES0125A,,SP_28079017_14_6,SPP_28079017_14_6.1,SAM_28079017_14_6,O3,http://dd.eionet.europa.eu/vocabulary/aq/pollutant/7,hour,,µg/m3,2017-01-20 02:00:00 +01:00,2017-01-20 03:00:00 +01:00,-1,1
ES,ES.BDCA.AQD,NET_ES131A,STA_ES0125A,,SP_28079017_14_6,SPP_28079017_14_6.1,SAM_28079017_14_6,O3,http://dd.eionet.europa.eu/vocabulary/aq/pollutant/7,hour,66.9800000000,µg/m3,2017-01-20 03:00:00 +01:00,2017-01-20 04:00:00 +01:00,1,1
ES,ES.BDCA.AQD,NET_ES131A,STA_ES0125A,,SP_28079017_14_6,SPP_28079017_14_6.1,SAM_28079017_14_6,O3,http://dd.eionet.europa.eu/vocabulary/aq/pollutant/7,hour,62.9200000000,µg/m3,2017-01-20 04:00:00 +01:00,2017-01-20 05:00:00 +01:00,1,1
ES,ES.BDCA.AQD,NET_ES131A,STA_ES0125A,,SP_28079017_14_6,SPP_28079017_14_6.1,SAM_28079017_14_6,O3,http://dd.eionet.europa.eu/vocabulary/aq/pollutant/7,hour,57.2100000000,µg/m3,2017-01-20 05:00:00 +01:00,2017-01-20 06:00:00 +01:00,1,1
ES,ES.BDCA.AQD,NET_ES131A,STA_ES0125A,,SP_28079017_14_6,SPP_28079017_14_6.1,SAM_28079017_14_6,O3,http://dd.eionet.europa.eu/vocabulary/aq/pollutant/7,hour,48.2000000000,µg/m3,2017-01-20 06:00:00 +01:00,2017-01-20 07:00:00 +01:00,1,1
ES,ES.BDCA.AQD,NET_ES131A,STA_ES0125A,,SP_28079017_14_6,SPP_28079017_14_6.1,SAM_28079017_14_6,O3,http://dd.eionet.europa.eu/vocabulary/aq/pollutant/7,hour,34.5300000000,µg/m3,2017-01-20 07:00:00 +01:00,2017-01-20 08:00:00 +01:00,1,1
ES,ES.BDCA.AQD,NET_ES131A,STA_ES0125A,,SP_28079017_14_6,SPP_28079017_14_6.1,SAM_28079017_14_6,O3,http://dd.eionet.europa.eu/vocabulary/aq/pollutant/7,hour,27.2899999900,µg/m3,2017-01-20 08:00:00 +01:00,2017-01-20 09:00:00 +01:00,1,1
ES,ES.BDCA.AQD,NET_ES131A,STA_ES0125A,,SP_28079017_14_6,SPP_28079017_14_6.1,SAM_28079017_14_6,O3,http://dd.eionet.europa.eu/vocabulary/aq/pollutant/7,hour,34.1499999900,µg/m3,2017-01-20 09:00:00 +01:00,2017-01-20 10:00:00 +01:00,1,1
ES,ES.BDCA.AQD,NET_ES131A,STA_ES0125A,,SP_28079017_14_6,SPP_28079017_14_6.1,SAM_28079017_14_6,O3,http://dd.eionet.europa.eu/vocabulary/aq/pollutant/7,hour,40.9399999900,µg/m3,2017-01-20 10:00:00 +01:00,2017-01-20 11:00:00 +01:00,1,1
ES,ES.BDCA.AQD,NET_ES131A,STA_ES0125A,,SP_28079017_14_6,SPP_28079017_14_6.1,SAM_28079017_14_6,O3,http://dd.eionet.europa.eu/vocabulary/aq/pollutant/7,hour,49.3400000000,µg/m3,2017-01-20 11:00:00 +01:00,2017-01-20 12:00:00 +01:00,1,1
ES,ES.BDCA.AQD,NET_ES131A,STA_ES0125A,,SP_28079017_14_6,SPP_28079017_14_6.1,SAM_28079017_14_6,O3,http://dd.eionet.europa.eu/vocabulary/aq/pollutant/7,hour,51.2999999900,µg/m3,2017-01-20 12:00:00 +01:00,2017-01-20 13:00:00 +01:00,1,1
ES,ES.BDCA.AQD,NET_ES131A,STA_ES0125A,,SP_28079017_14_6,SPP_28079017_14_6.1,SAM_28079017_14_6,O3,http://dd.eionet.europa.eu/vocabulary/aq/pollutant/7,hour,51.7100000000,µg/m3,2017-01-20 13:00:00 +01:00,2017-01-20 14:00:00 +01:00,1,1
ES,ES.BDCA.AQD,NET_ES131A,STA_ES0125A,,SP_28079017_14_6,SPP_28079017_14_6.1,SAM_28079017_14_6,O3,http://dd.eionet.europa.eu/vocabulary/aq/pollutant/7,hour,50.1899999900,µg/m3,2017-01-20 14:00:00 +01:00,2017-01-20 15:00:00 +01:00,1,1
ES,ES.BDCA.AQD,NET_ES131A,STA_ES0125A,,SP_28079017_14_6,SPP_28079017_14_6.1,SAM_28079017_14_6,O3,http://dd.eionet.europa.eu/vocabulary/aq/pollutant/7,hour,53.5099999900,µg/m3,2017-01-20 15:00:00 +01:00,2017-01-20 16:00:00 +01:00,1,1
ES,ES.BDCA.AQD,NET_ES131A,STA_ES0125A,,SP_28079017_14_6,SPP_28079017_14_6.1,SAM_28079017_14_6,O3,http://dd.eionet.europa.eu/vocabulary/aq/pollutant/7,hour,46.2199999900,µg/m3,2017-01-20 16:00:00 +01:00,2017-01-20 17:00:00 +01:00,1,1
ES,ES.BDCA.AQD,NET_ES131A,STA_ES0125A,,SP_28079017_14_6,SPP_28079017_14_6.1,SAM_28079017_14_6,O3,http://dd.eionet.europa.eu/vocabulary/aq/pollutant/7,hour,42.3500000000,µg/m3,2017-01-20 17:00:00 +01:00,2017-01-20 18:00:00 +01:00,1,1
ES,ES.BDCA.AQD,NET_ES131A,STA_ES0125A,,SP_28079017_14_6,SPP_28079017_14_6.1,SAM_28079017_14_6,O3,http://dd.eionet.europa.eu/vocabulary/aq/pollutant/7,hour,37.6099999900,µg/m3,2017-01-20 18:00:00 +01:00,2017-01-20 19:00:00 +01:00,1,1
ES,ES.BDCA.AQD,NET_ES131A,STA_ES0125A,,SP_28079017_14_6,SPP_28079017_14_6.1,SAM_28079017_14_6,O3,http://dd.eionet.europa.eu/vocabulary/aq/pollutant/7,hour,23.6999999900,µg/m3,2017-01-20 19:00:00 +01:00,2017-01-20 20:00:00 +01:00,1,1
ES,ES.BDCA.AQD,NET_ES131A,STA_ES0125A,,SP_28079017_14_6,SPP_28079017_14_6.1,SAM_28079017_14_6,O3,http://dd.eionet.europa.eu/vocabulary/aq/pollutant/7,hour,20.0100000000,µg/m3,2017-01-20 20:00:00 +01:00,2017-01-20 21:00:00 +01:00,1,1
ES,ES.BDCA.AQD,NET_ES131A,STA_ES0125A,,SP_28079017_14_6,SPP_28079017_14_6.1,SAM_28079017_14_6,O3,http://dd.eionet.europa.eu/vocabulary/aq/pollutant/7,hour,24.5500000000,µg/m3,2017-01-20 21:00:00 +01:00,2017-01-20 22:00:00 +01:00,1,1
ES,ES.BDCA.AQD,NET_ES131A,STA_ES0125A,,SP_28079017_14_6,SPP_28079017_14_6.1,SAM_28079017_14_6,O3,http://dd.eionet.europa.eu/vocabulary/aq/pollutant/7,hour,36.7000000000,µg/m3,2017-01-20 22:00:00 +01:00,2017-01-20 23:00:00 +01:00,1,1
ES,ES.BDCA.AQD,NET_ES131A,STA_ES0125A,,SP_28079017_14_6,SPP_28079017_14_6.1,SAM_28079017_14_6,O3,http://dd.eionet.europa.eu/vocabulary/aq/pollutant/7,hour,45.2599999900,µg/m3,2017-01-20 23:00:00 +01:00,2017-01-21 00:00:00 +01:00,1,1
ES,ES.BDCA.AQD,NET_ES131A,STA_ES0125A,,SP_28079017_14_6,SPP_28079017_14_6.1,SAM_28079017_14_6,O3,http://dd.eionet.europa.eu/vocabulary/aq/pollutant/7,hour,45.1499999900,µg/m3,2017-01-21 00:00:00 +01:00,2017-01-21 01:00:00 +01:00,1,1
ES,ES.BDCA.AQD,NET_ES131A,STA_ES0125A,,SP_28079017_14_6,SPP_28079017_14_6.1,SAM_28079017_14_6,O3,http://dd.eionet.europa.eu/vocabulary/aq/pollutant/7,hour,,µg/m3,2017-01-21 01:00:00 +01:00,2017-01-21 02:00:00 +01:00,-1,1
ES,ES.BDCA.AQD,NET_ES131A,STA_ES0125A,,SP_28079017_14_6,SPP_28079017_14_6.1,SAM_28079017_14_6,O3,http://dd.eionet.europa.eu/vocabulary/aq/pollutant/7,hour,52.9699999900,µg/m3,2017-01-21 02:00:00 +01:00,2017-01-21 03:00:00 +01:00,1,1
ES,ES.BDCA.AQD,NET_ES131A,STA_ES0125A,,SP_28079017_14_6,SPP_28079017_14_6.1,SAM_28079017_14_6,O3,http://dd.eionet.europa.eu/vocabulary/aq/pollutant/7,hour,56.9799999900,µg/m3,2017-01-21 03:00:00 +01:00,2017-01-21 04:00:00 +01:00,1,1
ES,ES.BDCA.AQD,NET_ES131A,STA_ES0125A,,SP_28079017_14_6,SPP_28079017_14_6.1,SAM_28079017_14_6,O3,http://dd.eionet.europa.eu/vocabulary/aq/pollutant/7,hour,57.7500000000,µg/m3,2017-01-21 04:00:00 +01:00,2017-01-21 05:00:00 +01:00,1,1
ES,ES.BDCA.AQD,NET_ES131A,STA_ES0125A,,SP_28079017_14_6,SPP_28079017_14_6.1,SAM_28079017_14_6,O3,http://dd.eionet.europa.eu/vocabulary/aq/pollutant/7,hour,59.7500000000,µg/m3,2017-01-21 05:00:00 +01:00,2017-01-21 06:00:00 +01:00,1,1
ES,ES.BDCA.AQD,NET_ES131A,STA_ES0125A,,SP_28079017_14_6,SPP_28079017_14_6.1,SAM_28079017_14_6,O3,http://dd.eionet.europa.eu/vocabulary/aq/pollutant/7,hour,60.0499999900,µg/m3,2017-01-21 06:00:00 +01:00,2017-01-21 07:00:00 +01:00,1,1
ES,ES.BDCA.AQD,NET_ES131A,STA_ES0125A,,SP_28079017_14_6,SPP_28079017_14_6.1,SAM_28079017_14_6,O3,http://dd.eionet.europa.eu/vocabulary/aq/pollutant/7,hour,58.1099999900,µg/m3,2017-01-21 07:00:00 +01:00,2017-01-21 08:00:00 +01:00,1,1
ES,ES.BDCA.AQD,NET_ES131A,STA_ES0125A,,SP_28079017_14_6,SPP_28079017_14_6.1,SAM_28079017_14_6,O3,http://dd.eionet.europa.eu/vocabulary/aq/pollutant/7,hour,56.8200000000,µg/m3,2017-01-21 08:00:00 +01:00,2017-01-21 09:00:00 +01:00,1,1
ES,ES.BDCA.AQD,NET_ES131A,STA_ES0125A,,SP_28079017_14_6,SPP_28079017_14_6.1,SAM_28079017_14_6,O3,http://dd.eionet.europa.eu/vocabulary/aq/pollutant/7,hour,50.6400000000,µg/m3,2017-01-21 09:00:00 +01:00,2017-01-21 10:00:00 +01:00,1,1
ES,ES.BDCA.AQD,NET_ES131A,STA_ES0125A,,SP_28079017_14_6,SPP_28079017_14_6.1,SAM_28079017_14_6,O3,http://dd.eionet.europa.eu/vocabulary/aq/pollutant/7,hour,57.3999999900,µg/m3,2017-01-21 10:00:00 +01:00,2017-01-21 11:00:00 +01:00,1,1
ES,ES.BDCA.AQD,NET_ES131A,STA_ES0125A,,SP_28079017_14_6,SPP_28079017_14_6.1,SAM_28079017_14_6,O3,http://dd.eionet.europa.eu/vocabulary/aq/pollutant/7,hour,63.6400000000,µg/m3,2017-01-21 11:00:00 +01:00,2017-01-21 12:00:00 +01:00,1,1
ES,ES.BDCA.AQD,NET_ES131A,STA_ES0125A,,SP_28079017_14_6,SPP_28079017_14_6.1,SAM_28079017_14_6,O3,http://dd.eionet.europa.eu/vocabulary/aq/pollutant/7,hour,66.4000000000,µg/m3,2017-01-21 12:00:00 +01:00,2017-01-21 13:00:00 +01:00,1,1
ES,ES.BDCA.AQD,NET_ES131A,STA_ES0125A,,SP_28079017_14_6,SPP_28079017_14_6.1,SAM_28079017_14_6,O3,http://dd.eionet.europa.eu/vocabulary/aq/pollutant/7,hour,70.0699999900,µg/m3,2017-01-21 13:00:00 +01:00,2017-01-21 14:00:00 +01:00,1,1
ES,ES.BDCA.AQD,NET_ES131A,STA_ES0125A,,SP_28079017_14_6,SPP_28079017_14_6.1,SAM_28079017_14_6,O3,http://dd.eionet.europa.eu/vocabulary/aq/pollutant/7,hour,72.0300000000,µg/m3,2017-01-21 14:00:00 +01:00,2017-01-21 15:00:00 +01:00,1,1
ES,ES.BDCA.AQD,NET_ES131A,STA_ES0125A,,SP_28079017_14_6,SPP_28079017_14_6.1,SAM_28079017_14_6,O3,http://dd.eionet.europa.eu/vocabulary/aq/pollutant/7,hour,73.3299999900,µg/m3,2017-01-21 15:00:00 +01:00,2017-01-21 16:00:00 +01:00,1,1
ES,ES.BDCA.AQD,NET_ES131A,STA_ES0125A,,SP_28079017_14_6,SPP_28079017_14_6.1,SAM_28079017_14_6,O3,http://dd.eionet.europa.eu/vocabulary/aq/pollutant/7,hour,76.1700000000,µg/m3,2017-01-21 16:00:00 +01:00,2017-01-21 17:00:00 +01:00,1,1
ES,ES.BDCA.AQD,NET_ES131A,STA_ES0125A,,SP_28079017_14_6,SPP_28079017_14_6.1,SAM_28079017_14_6,O3,http://dd.eionet.europa.eu/vocabulary/aq/pollutant/7,hour,69.9099999900,µg/m3,2017-01-21 17:00:00 +01:00,2017-01-21 18:00:00 +01:00,1,1
ES,ES.BDCA.AQD,NET_ES131A,STA_ES0125A,,SP_28079017_14_6,SPP_28079017_14_6.1,SAM_28079017_14_6,O3,http://dd.eionet.europa.eu/vocabulary/aq/pollutant/7,hour,56.2700000000,µg/m3,2017-01-21 18:00:00 +01:00,2017-01-21 19:00:00 +01:00,1,1
ES,ES.BDCA.AQD,NET_ES131A,STA_ES0125A,,SP_28079017_14_6,SPP_28079017_14_6.1,SAM_28079017_14_6,O3,http://dd.eionet.europa.eu/vocabulary/aq/pollutant/7,hour,20.1299999900,µg/m3,2017-01-21 19:00:00 +01:00,2017-01-21 20:00:00 +01:00,1,1
ES,ES.BDCA.AQD,NET_ES131A,STA_ES0125A,,SP_28079017_14_6,SPP_28079017_14_6.1,SAM_28079017_14_6,O3,http://dd.eionet.europa.eu/vocabulary/aq/pollutant/7,hour,2.7700000000,µg/m3,2017-01-21 20:00:00 +01:00,2017-01-21 21:00:00 +01:00,1,1
ES,ES.BDCA.AQD,NET_ES131A,STA_ES0125A,,SP_28079017_14_6,SPP_28079017_14_6.1,SAM_28079017_14_6,O3,http://dd.eionet.europa.eu/vocabulary/aq/pollutant/7,hour,2.7200000000,µg/m3,2017-01-21 21:00:00 +01:00,2017-01-21 22:00:00 +01:00,1,1
ES,ES.BDCA.AQD,NET_ES131A,STA_ES0125A,,SP_28079017_14_6,SPP_28079017_14_6.1,SAM_28079017_14_6,O3,http://dd.eionet.europa.eu/vocabulary/aq/pollutant/7,hour,2.6400000000,µg/m3,2017-01-21 22:00:00 +01:00,2017-01-21 23:00:00 +01:00,1,1
ES,ES.BDCA.AQD,NET_ES131A,STA_ES0125A,,SP_28079017_14_6,SPP_28079017_14_6.1,SAM_28079017_14_6,O3,http://dd.eionet.europa.eu/vocabulary/aq/pollutant/7,hour,2.4900000000,µg/m3,2017-01-21 23:00:00 +01:00,2017-01-22 00:00:00 +01:00,1,1
ES,ES.BDCA.AQD,NET_ES131A,STA_ES0125A,,SP_28079017_14_6,SPP_28079017_14_6.1,SAM_28079017_14_6,O3,http://dd.eionet.europa.eu/vocabulary/aq/pollutant/7,hour,,µg/m3,2017-01-22 00:00:00 +01:00,2017-01-22 01:00:00 +01:00,-1,1
ES,ES.BDCA.AQD,NET_ES131A,STA_ES0125A,,SP_28079017_14_6,SPP_28079017_14_6.1,SAM_28079017_14_6,O3,http://dd.eionet.europa.eu/vocabulary/aq/pollutant/7,hour,2.5600000000,µg/m3,2017-01-22 01:00:00 +01:00,2017-01-22 02:00:00 +01:00,1,1
ES,ES.BDCA.AQD,NET_ES131A,STA_ES0125A,,SP_28079017_14_6,SPP_28079017_14_6.1,SAM_28079017_14_6,O3,http://dd.eionet.europa.eu/vocabulary/aq/pollutant/7,hour,2.0400000000,µg/m3,2017-01-22 02:00:00 +01:00,2017-01-22 03:00:00 +01:00,1,1
ES,ES.BDCA.AQD,NET_ES131A,STA_ES0125A,,SP_28079017_14_6,SPP_28079017_14_6.1,SAM_28079017_14_6,O3,http://dd.eionet.europa.eu/vocabulary/aq/pollutant/7,hour,2.2200000000,µg/m3,2017-01-22 03:00:00 +01:00,2017-01-22 04:00:00 +01:00,1,1
ES,ES.BDCA.AQD,NET_ES131A,STA_ES0125A,,SP_28079017_14_6,SPP_28079017_14_6.1,SAM_28079017_14_6,O3,http://dd.eionet.europa.eu/vocabulary/aq/pollutant/7,hour,2.1200000000,µg/m3,2017-01-22 04:00:00 +01:00,2017-01-22 05:00:00 +01:00,1,1
ES,ES.BDCA.AQD,NET_ES131A,STA_ES0125A,,SP_28079017_14_6,SPP_28079017_14_6.1,SAM_28079017_14_6,O3,http://dd.eionet.europa.eu/vocabulary/aq/pollutant/7,hour,1.6399999900,µg/m3,2017-01-22 05:00:00 +01:00,2017-01-22 06:00:00 +01:00,1,1
ES,ES.BDCA.AQD,NET_ES131A,STA_ES0125A,,SP_28079017_14_6,SPP_28079017_14_6.1,SAM_28079017_14_6,O3,http://dd.eionet.europa.eu/vocabulary/aq/pollutant/7,hour,2.0400000000,µg/m3,2017-01-22 06:00:00 +01:00,2017-01-22 07:00:00 +01:00,1,1
ES,ES.BDCA.AQD,NET_ES131A,STA_ES0125A,,SP_28079017_14_6,SPP_28079017_14_6.1,SAM_28079017_14_6,O3,http://dd.eionet.europa.eu/vocabulary/aq/pollutant/7,hour,2.2900000000,µg/m3,2017-01-22 07:00:00 +01:00,2017-01-22 08:00:00 +01:00,1,1
ES,ES.BDCA.AQD,NET_ES131A,STA_ES0125A,,SP_28079017_14_6,SPP_28079017_14_6.1,SAM_28079017_14_6,O3,http://dd.eionet.europa.eu/vocabulary/aq/pollutant/7,hour,1.6599999900,µg/m3,2017-01-22 08:00:00 +01:00,2017-01-22 09:00:00 +01:00,1,1
ES,ES.BDCA.AQD,NET_ES131A,STA_ES0125A,,SP_28079017_14_6,SPP_28079017_14_6.1,SAM_28079017_14_6,O3,http://dd.eionet.europa.eu/vocabulary/aq/pollutant/7,hour,4.0300000000,µg/m3,2017-01-22 09:00:00 +01:00,2017-01-22 10:00:00 +01:00,1,1
ES,ES.BDCA.AQD,NET_ES131A,STA_ES0125A,,SP_28079017_14_6,SPP_28079017_14_6.1,SAM_28079017_14_6,O3,http://dd.eionet.europa.eu/vocabulary/aq/pollutant/7,hour,10.2500000000,µg/m3,2017-01-22 10:00:00 +01:00,2017-01-22 11:00:00 +01:00,1,1
ES,ES.BDCA.AQD,NET_ES131A,STA_ES0125A,,SP_28079017_14_6,SPP_28079017_14_6.1,SAM_28079017_14_6,O3,http://dd.eionet.europa.eu/vocabulary/aq/pollutant/7,hour,16.6099999900,µg/m3,2017-01-22 11:00:00 +01:00,2017-01-22 12:00:00 +01:00,1,1
ES,ES.BDCA.AQD,NET_ES131A,STA_ES0125A,,SP_28079017_14_6,SPP_28079017_14_6.1,SAM_28079017_14_6,O3,http://dd.eionet.europa.eu/vocabulary/aq/pollutant/7,hour,28.0599999900,µg/m3,2017-01-22 12:00:00 +01:00,2017-01-22 13:00:00 +01:00,1,1
ES,ES.BDCA.AQD,NET_ES131A,STA_ES0125A,,SP_28079017_14_6,SPP_28079017_14_6.1,SAM_28079017_14_6,O3,http://dd.eionet.europa.eu/vocabulary/aq/pollutant/7,hour,41.0399999900,µg/m3,2017-01-22 13:00:00 +01:00,2017-01-22 14:00:00 +01:00,1,1
ES,ES.BDCA.AQD,NET_ES131A,STA_ES0125A,,SP_28079017_14_6,SPP_28079017_14_6.1,SAM_28079017_14_6,O3,http://dd.eionet.europa.eu/vocabulary/aq/pollutant/7,hour,53.7999999900,µg/m3,2017-01-22 14:00:00 +01:00,2017-01-22 15:00:00 +01:00,1,1
ES,ES.BDCA.AQD,NET_ES131A,STA_ES0125A,,SP_28079017_14_6,SPP_28079017_14_6.1,SAM_28079017_14_6,O3,http://dd.eionet.europa.eu/vocabulary/aq/pollutant/7,hour,57.4200000000,µg/m3,2017-01-22 15:00:00 +01:00,2017-01-22 16:00:00 +01:00,1,1
ES,ES.BDCA.AQD,NET_ES131A,STA_ES0125A,,SP_28079017_14_6,SPP_28079017_14_6.1,SAM_28079017_14_6,O3,http://dd.eionet.europa.eu/vocabulary/aq/pollutant/7,hour,59.2899999900,µg/m3,2017-01-22 16:00:00 +01:00,2017-01-22 17:00:00 +01:00,1,1
ES,ES.BDCA.AQD,NET_ES131A,STA_ES0125A,,SP_28079017_14_6,SPP_28079017_14_6.1,SAM_28079017_14_6,O3,http://dd.eionet.europa.eu/vocabulary/aq/pollutant/7,hour,57.8299999900,µg/m3,2017-01-22 17:00:00 +01:00,2017-01-22 18:00:00 +01:00,1,1
ES,ES.BDCA.AQD,NET_ES131A,STA_ES0125A,,SP_28079017_14_6,SPP_28079017_14_6.1,SAM_28079017_14_6,O3,http://dd.eionet.europa.eu/vocabulary/aq/pollutant/7,hour,51.4300000000,µg/m3,2017-01-22 18:00:00 +01:00,2017-01-22 19:00:00 +01:00,1,1
ES,ES.BDCA.AQD,NET_ES131A,STA_ES0125A,,SP_28079017_14_6,SPP_28079017_14_6.1,SAM_28079017_14_6,O3,http://dd.eionet.europa.eu/vocabulary/aq/pollutant/7,hour,37.6599999900,µg/m3,2017-01-22 19:00:00 +01:00,2017-01-22 20:00:00 +01:00,1,1
ES,ES.BDCA.AQD,NET_ES131A,STA_ES0125A,,SP_28079017_14_6,SPP_28079017_14_6.1,SAM_28079017_14_6,O3,http://dd.eionet.europa.eu/vocabulary/aq/pollutant/7,hour,44.6199999900,µg/m3,2017-01-22 20:00:00 +01:00,2017-01-22 21:00:00 +01:00,1,1
ES,ES.BDCA.AQD,NET_ES131A,STA_ES0125A,,SP_28079017_14_6,SPP_28079017_14_6.1,SAM_28079017_14_6,O3,http://dd.eionet.europa.eu/vocabulary/aq/pollutant/7,hour,49.8299999900,µg/m3,2017-01-22 21:00:00 +01:00,2017-01-22 22:00:00 +01:00,1,1
ES,ES.BDCA.AQD,NET_ES131A,STA_ES0125A,,SP_28079017_14_6,SPP_28079017_14_6.1,SAM_28079017_14_6,O3,http://dd.eionet.europa.eu/vocabulary/aq/pollutant/7,hour,48.7800000000,µg/m3,2017-01-22 22:00:00 +01:00,2017-01-22 23:00:00 +01:00,1,1
ES,ES.BDCA.AQD,NET_ES131A,STA_ES0125A,,SP_28079017_14_6,SPP_28079017_14_6.1,SAM_28079017_14_6,O3,http://dd.eionet.europa.eu/vocabulary/aq/pollutant/7,hour,,µg/m3,2017-01-22 23:00:00 +01:00,2017-01-23 00:00:00 +01:00,-1,1
ES,ES.BDCA.AQD,NET_ES131A,STA_ES0125A,,SP_28079017_14_6,SPP_28079017_14_6.1,SAM_28079017_14_6,O3,http://dd.eionet.europa.eu/vocabulary/aq/pollutant/7,hour,47.9600000000,µg/m3,2017-01-23 00:00:00 +01:00,2017-01-23 01:00:00 +01:00,1,1
ES,ES.BDCA.AQD,NET_ES131A,STA_ES0125A,,SP_28079017_14_6,SPP_28079017_14_6.1,SAM_28079017_14_6,O3,http://dd.eionet.europa.eu/vocabulary/aq/pollutant/7,hour,46.1899999900,µg/m3,2017-01-23 01:00:00 +01:00,2017-01-23 02:00:00 +01:00,1,1
ES,ES.BDCA.AQD,NET_ES131A,STA_ES0125A,,SP_28079017_14_6,SPP_28079017_14_6.1,SAM_28079017_14_6,O3,http://dd.eionet.europa.eu/vocabulary/aq/pollutant/7,hour,47.1400000000,µg/m3,2017-01-23 02:00:00 +01:00,2017-01-23 03:00:00 +01:00,1,1
ES,ES.BDCA.AQD,NET_ES131A,STA_ES0125A,,SP_28079017_14_6,SPP_28079017_14_6.1,SAM_28079017_14_6,O3,http://dd.eionet.europa.eu/vocabulary/aq/pollutant/7,hour,24.0000000000,µg/m3,2017-01-23 03:00:00 +01:00,2017-01-23 04:00:00 +01:00,1,1
ES,ES.BDCA.AQD,NET_ES131A,STA_ES0125A,,SP_28079017_14_6,SPP_28079017_14_6.1,SAM_28079017_14_6,O3,http://dd.eionet.europa.eu/vocabulary/aq/pollutant/7,hour,15.8200000000,µg/m3,2017-01-23 04:00:00 +01:00,2017-01-23 05:00:00 +01:00,1,1
ES,ES.BDCA.AQD,NET_ES131A,STA_ES0125A,,SP_28079017_14_6,SPP_28079017_14_6.1,SAM_28079017_14_6,O3,http://dd.eionet.europa.eu/vocabulary/aq/pollutant/7,hour,8.2300000000,µg/m3,2017-01-23 05:00:00 +01:00,2017-01-23 06:00:00 +01:00,1,1
ES,ES.BDCA.AQD,NET_ES131A,STA_ES0125A,,SP_28079017_14_6,SPP_28079017_14_6.1,SAM_28079017_14_6,O3,http://dd.eionet.europa.eu/vocabulary/aq/pollutant/7,hour,2.6499999900,µg/m3,2017-01-23 06:00:00 +01:00,2017-01-23 07:00:00 +01:00,1,1
ES,ES.BDCA.AQD,NET_ES131A,STA_ES0125A,,SP_28079017_14_6,SPP_28079017_14_6.1,SAM_28079017_14_6,O3,http://dd.eionet.europa.eu/vocabulary/aq/pollutant/7,hour,2.2799999900,µg/m3,2017-01-23 07:00:00 +01:00,2017-01-23 08:00:00 +01:00,1,1
ES,ES.BDCA.AQD,NET_ES131A,STA_ES0125A,,SP_28079017_14_6,SPP_28079017_14_6.1,SAM_28079017_14_6,O3,http://dd.eionet.europa.eu/vocabulary/aq/pollutant/7,hour,2.2799999900,µg/m3,2017-01-23 08:00:00 +01:00,2017-01-23 09:00:00 +01:00,1,1
ES,ES.BDCA.AQD,NET_ES131A,STA_ES0125A,,SP_28079017_14_6,SPP_28079017_14_6.1,SAM_28079017_14_6,O3,http://dd.eionet.europa.eu/vocabulary/aq/pollutant/7,hour,3.7400000000,µg/m3,2017-01-23 09:00:00 +01:00,2017-01-23 10:00:00 +01:00,1,1
ES,ES.BDCA.AQD,NET_ES131A,STA_ES0125A,,SP_28079017_14_6,SPP_28079017_14_6.1,SAM_28079017_14_6,O3,http://dd.eionet.europa.eu/vocabulary/aq/pollutant/7,hour,8.7400000000,µg/m3,2017-01-23 10:00:00 +01:00,2017-01-23 11:00:00 +01:00,1,1
ES,ES.BDCA.AQD,NET_ES131A,STA_ES0125A,,SP_28079017_14_6,SPP_28079017_14_6.1,SAM_28079017_14_6,O3,http://dd.eionet.europa.eu/vocabulary/aq/pollutant/7,hour,21.2100000000,µg/m3,2017-01-23 11:00:00 +01:00,2017-01-23 12:00:00 +01:00,1,1
ES,ES.BDCA.AQD,NET_ES131A,STA_ES0125A,,SP_28079017_14_6,SPP_28079017_14_6.1,SAM_28079017_14_6,O3,http://dd.eionet.europa.eu/vocabulary/aq/pollutant/7,hour,24.8299999900,µg/m3,2017-01-23 12:00:00 +01:00,2017-01-23 13:00:00 +01:00,1,1
ES,ES.BDCA.AQD,NET_ES131A,STA_ES0125A,,SP_28079017_14_6,SPP_28079017_14_6.1,SAM_28079017_14_6,O3,http://dd.eionet.europa.eu/vocabulary/aq/pollutant/7,hour,37.3800000000,µg/m3,2017-01-23 13:00:00 +01:00,2017-01-23 14:00:00 +01:00,1,1
ES,ES.BDCA.AQD,NET_ES131A,STA_ES0125A,,SP_28079017_14_6,SPP_28079017_14_6.1,SAM_28079017_14_6,O3,http://dd.eionet.europa.eu/vocabulary/aq/pollutant/7,hour,40.5200000000,µg/m3,2017-01-23 14:00:00 +01:00,2017-01-23 15:00:00 +01:00,1,1
ES,ES.BDCA.AQD,NET_ES131A,STA_ES0125A,,SP_28079017_14_6,SPP_28079017_14_6.1,SAM_28079017_14_6,O3,http://dd.eionet.europa.eu/vocabulary/aq/pollutant/7,hour,44.3999999900,µg/m3,2017-01-23 15:00:00 +01:00,2017-01-23 16:00:00 +01:00,1,1
ES,ES.BDCA.AQD,NET_ES131A,STA_ES0125A,,SP_28079017_14_6,SPP_28079017_14_6.1,SAM_28079017_14_6,O3,http://dd.eionet.europa.eu/vocabulary/aq/pollutant/7,hour,51.7700000000,µg/m3,2017-01-23 16:00:00 +01:00,2017-01-23 17:00:00 +01:00,1,1
ES,ES.BDCA.AQD,NET_ES131A,STA_ES0125A,,SP_28079017_14_6,SPP_28079017_14_6.1,SAM_28079017_14_6,O3,http://dd.eionet.europa.eu/vocabulary/aq/pollutant/7,hour,43.8500000000,µg/m3,2017-01-23 17:00:00 +01:00,2017-01-23 18:00:00 +01:00,1,1
ES,ES.BDCA.AQD,NET_ES131A,STA_ES0125A,,SP_28079017_14_6,SPP_28079017_14_6.1,SAM_28079017_14_6,O3,http://dd.eionet.europa.eu/vocabulary/aq/pollutant/7,hour,16.4400000000,µg/m3,2017-01-23 18:00:00 +01:00,2017-01-23 19:00:00 +01:00,1,1
ES,ES.BDCA.AQD,NET_ES131A,STA_ES0125A,,SP_28079017_14_6,SPP_28079017_14_6.1,SAM_28079017_14_6,O3,http://dd.eionet.europa.eu/vocabulary/aq/pollutant/7,hour,7.0199999900,µg/m3,2017-01-23 19:00:00 +01:00,2017-01-23 20:00:00 +01:00,1,1
ES,ES.BDCA.AQD,NET_ES131A,STA_ES0125A,,SP_28079017_14_6,SPP_28079017_14_6.1,SAM_28079017_14_6,O3,http://dd.eionet.europa.eu/vocabulary/aq/pollutant/7,hour,2.6200000000,µg/m3,2017-01-23 20:00:00 +01:00,2017-01-23 21:00:00 +01:00,1,1
ES,ES.BDCA.AQD,NET_ES131A,STA_ES0125A,,SP_28079017_14_6,SPP_28079017_14_6.1,SAM_28079017_14_6,O3,http://dd.eionet.europa.eu/vocabulary/aq/pollutant/7,hour,2.4399999900,µg/m3,2017-01-23 21:00:00 +01:00,2017-01-23 22:00:00 +01:00,1,1
ES,ES.BDCA.AQD,NET_ES131A,STA_ES0125A,,SP_28079017_14_6,SPP_28079017_14_6.1,SAM_28079017_14_6,O3,http://dd.eionet.europa.eu/vocabulary/aq/pollutant/7,hour,,µg/m3,2017-01-23 22:00:00 +01:00,2017-01-23 23:00:00 +01:00,-1,1
ES,ES.BDCA.AQD,NET_ES131A,STA_ES0125A,,SP_28079017_14_6,SPP_28079017_14_6.1,SAM_28079017_14_6,O3,http://dd.eionet.europa.eu/vocabulary/aq/pollutant/7,hour,2.5200000000,µg/m3,2017-01-23 23:00:00 +01:00,2017-01-24 00:00:00 +01:00,1,1
ES,ES.BDCA.AQD,NET_ES131A,STA_ES0125A,,SP_28079017_14_6,SPP_28079017_14_6.1,SAM_28079017_14_6,O3,http://dd.eionet.europa.eu/vocabulary/aq/pollutant/7,hour,2.4399999900,µg/m3,2017-01-24 00:00:00 +01:00,2017-01-24 01:00:00 +01:00,1,1
ES,ES.BDCA.AQD,NET_ES131A,STA_ES0125A,,SP_28079017_14_6,SPP_28079017_14_6.1,SAM_28079017_14_6,O3,http://dd.eionet.europa.eu/vocabulary/aq/pollutant/7,hour,2.2999999900,µg/m3,2017-01-24 01:00:00 +01:00,2017-01-24 02:00:00 +01:00,1,1
ES,ES.BDCA.AQD,NET_ES131A,STA_ES0125A,,SP_28079017_14_6,SPP_28079017_14_6.1,SAM_28079017_14_6,O3,http://dd.eionet.europa.eu/vocabulary/aq/pollutant/7,hour,2.0000000000,µg/m3,2017-01-24 02:00:00 +01:00,2017-01-24 03:00:00 +01:00,1,1
ES,ES.BDCA.AQD,NET_ES131A,STA_ES0125A,,SP_28079017_14_6,SPP_28079017_14_6.1,SAM_28079017_14_6,O3,http://dd.eionet.europa.eu/vocabulary/aq/pollutant/7,hour,1.9299999900,µg/m3,2017-01-24 03:00:00 +01:00,2017-01-24 04:00:00 +01:00,1,1
ES,ES.BDCA.AQD,NET_ES131A,STA_ES0125A,,SP_28079017_14_6,SPP_28079017_14_6.1,SAM_28079017_14_6,O3,http://dd.eionet.europa.eu/vocabulary/aq/pollutant/7,hour,1.8200000000,µg/m3,2017-01-24 04:00:00 +01:00,2017-01-24 05:00:00 +01:00,1,1
ES,ES.BDCA.AQD,NET_ES131A,STA_ES0125A,,SP_28079017_14_6,SPP_28079017_14_6.1,SAM_28079017_14_6,O3,http://dd.eionet.europa.eu/vocabulary/aq/pollutant/7,hour,1.7800000000,µg/m3,2017-01-24 05:00:00 +01:00,2017-01-24 06:00:00 +01:00,1,1
ES,ES.BDCA.AQD,NET_ES131A,STA_ES0125A,,SP_28079017_14_6,SPP_28079017_14_6.1,SAM_28079017_14_6,O3,http://dd.eionet.europa.eu/vocabulary/aq/pollutant/7,hour,1.5300000000,µg/m3,2017-01-24 06:00:00 +01:00,2017-01-24 07:00:00 +01:00,1,1
ES,ES.BDCA.AQD,NET_ES131A,STA_ES0125A,,SP_28079017_14_6,SPP_28079017_14_6.1,SAM_28079017_14_6,O3,http://dd.eionet.europa.eu/vocabulary/aq/pollutant/7,hour,1.3700000000,µg/m3,2017-01-24 07:00:00 +01:00,2017-01-24 08:00:00 +01:00,1,1
ES,ES.BDCA.AQD,NET_ES131A,STA_ES0125A,,SP_28079017_14_6,SPP_28079017_14_6.1,SAM_28079017_14_6,O3,http://dd.eionet.europa.eu/vocabulary/aq/pollutant/7,hour,1.4900000000,µg/m3,2017-01-24 08:00:00 +01:00,2017-01-24 09:00:00 +01:00,1,1
ES,ES.BDCA.AQD,NET_ES131A,STA_ES0125A,,SP_28079017_14_6,SPP_28079017_14_6.1,SAM_28079017_14_6,O3,http://dd.eionet.europa.eu/vocabulary/aq/pollutant/7,hour,2.0400000000,µg/m3,2017-01-24 09:00:00 +01:00,2017-01-24 10:00:00 +01:00,1,1
ES,ES.BDCA.AQD,NET_ES131A,STA_ES0125A,,SP_28079017_14_6,SPP_28079017_14_6.1,SAM_28079017_14_6,O3,http://dd.eionet.europa.eu/vocabulary/aq/pollutant/7,hour,4.0599999900,µg/m3,2017-01-24 10:00:00 +01:00,2017-01-24 11:00:00 +01:00,1,1
ES,ES.BDCA.AQD,NET_ES131A,STA_ES0125A,,SP_28079017_14_6,SPP_28079017_14_6.1,SAM_28079017_14_6,O3,http://dd.eionet.europa.eu/vocabulary/aq/pollutant/7,hour,7.0499999900,µg/m3,2017-01-24 11:00:00 +01:00,2017-01-24 12:00:00 +01:00,1,1
ES,ES.BDCA.AQD,NET_ES131A,STA_ES0125A,,SP_28079017_14_6,SPP_28079017_14_6.1,SAM_28079017_14_6,O3,http://dd.eionet.europa.eu/vocabulary/aq/pollutant/7,hour,12.0200000000,µg/m3,2017-01-24 12:00:00 +01:00,2017-01-24 13:00:00 +01:00,1,1
ES,ES.BDCA.AQD,NET_ES131A,STA_ES0125A,,SP_28079017_14_6,SPP_28079017_14_6.1,SAM_28079017_14_6,O3,http://dd.eionet.europa.eu/vocabulary/aq/pollutant/7,hour,19.2800000000,µg/m3,2017-01-24 13:00:00 +01:00,2017-01-24 14:00:00 +01:00,1,1
ES,ES.BDCA.AQD,NET_ES131A,STA_ES0125A,,SP_28079017_14_6,SPP_28079017_14_6.1,SAM_28079017_14_6,O3,http://dd.eionet.europa.eu/vocabulary/aq/pollutant/7,hour,54.5200000000,µg/m3,2017-01-24 14:00:00 +01:00,2017-01-24 15:00:00 +01:00,1,1
ES,ES.BDCA.AQD,NET_ES131A,STA_ES0125A,,SP_28079017_14_6,SPP_28079017_14_6.1,SAM_28079017_14_6,O3,http://dd.eionet.europa.eu/vocabulary/aq/pollutant/7,hour,61.9399999900,µg/m3,2017-01-24 15:00:00 +01:00,2017-01-24 16:00:00 +01:00,1,1
ES,ES.BDCA.AQD,NET_ES131A,STA_ES0125A,,SP_28079017_14_6,SPP_28079017_14_6.1,SAM_28079017_14_6,O3,http://dd.eionet.europa.eu/vocabulary/aq/pollutant/7,hour,58.3800000000,µg/m3,2017-01-24 16:00:00 +01:00,2017-01-24 17:00:00 +01:00,1,1
ES,ES.BDCA.AQD,NET_ES131A,STA_ES0125A,,SP_28079017_14_6,SPP_28079017_14_6.1,SAM_28079017_14_6,O3,http://dd.eionet.europa.eu/vocabulary/aq/pollutant/7,hour,43.5399999900,µg/m3,2017-01-24 17:00:00 +01:00,2017-01-24 18:00:00 +01:00,1,1
ES,ES.BDCA.AQD,NET_ES131A,STA_ES0125A,,SP_28079017_14_6,SPP_28079017_14_6.1,SAM_28079017_14_6,O3,http://dd.eionet.europa.eu/vocabulary/aq/pollutant/7,hour,18.7700000000,µg/m3,2017-01-24 18:00:00 +01:00,2017-01-24 19:00:00 +01:00,1,1
ES,ES.BDCA.AQD,NET_ES131A,STA_ES0125A,,SP_28079017_14_6,SPP_28079017_14_6.1,SAM_28079017_14_6,O3,http://dd.eionet.europa.eu/vocabulary/aq/pollutant/7,hour,3.5000000000,µg/m3,2017-01-24 19:00:00 +01:00,2017-01-24 20:00:00 +01:00,1,1
ES,ES.BDCA.AQD,NET_ES131A,STA_ES0125A,,SP_28079017_14_6,SPP_28079017_14_6.1,SAM_28079017_14_6,O3,http://dd.eionet.europa.eu/vocabulary/aq/pollutant/7,hour,2.8599999900,µg/m3,2017-01-24 20:00:00 +01:00,2017-01-24 21:00:00 +01:00,1,1
ES,ES.BDCA.AQD,NET_ES131A,STA_ES0125A,,SP_28079017_14_6,SPP_28079017_14_6.1,SAM_28079017_14_6,O3,http://dd.eionet.europa.eu/vocabulary/aq/pollutant/7,hour,,µg/m3,2017-01-24 21:00:00 +01:00,2017-01-24 22:00:00 +01:00,-1,1
ES,ES.BDCA.AQD,NET_ES131A,STA_ES0125A,,SP_28079017_14_6,SPP_28079017_14_6.1,SAM_28079017_14_6,O3,http://dd.eionet.europa.eu/vocabulary/aq/pollutant/7,hour,2.6099999900,µg/m3,2017-01-24 22:00:00 +01:00,2017-01-24 23:00:00 +01:00,1,1
ES,ES.BDCA.AQD,NET_ES131A,STA_ES0125A,,SP_28079017_14_6,SPP_28079017_14_6.1,SAM_28079017_14_6,O3,http://dd.eionet.europa.eu/vocabulary/aq/pollutant/7,hour,2.6900000000,µg/m3,2017-01-24 23:00:00 +01:00,2017-01-25 00:00:00 +01:00,1,1
ES,ES.BDCA.AQD,NET_ES131A,STA_ES0125A,,SP_28079017_14_6,SPP_28079017_14_6.1,SAM_28079017_14_6,O3,http://dd.eionet.europa.eu/vocabulary/aq/pollutant/7,hour,2.4900000000,µg/m3,2017-01-25 00:00:00 +01:00,2017-01-25 01:00:00 +01:00,1,1
ES,ES.BDCA.AQD,NET_ES131A,STA_ES0125A,,SP_28079017_14_6,SPP_28079017_14_6.1,SAM_28079017_14_6,O3,http://dd.eionet.europa.eu/vocabulary/aq/pollutant/7,hour,2.5200000000,µg/m3,2017-01-25 01:00:00 +01:00,2017-01-25 02:00:00 +01:00,1,1
ES,ES.BDCA.AQD,NET_ES131A,STA_ES0125A,,SP_28079017_14_6,SPP_28079017_14_6.1,SAM_28079017_14_6,O3,http://dd.eionet.europa.eu/vocabulary/aq/pollutant/7,hour,2.0699999900,µg/m3,2017-01-25 02:00:00 +01:00,2017-01-25 03:00:00 +01:00,1,1
ES,ES.BDCA.AQD,NET_ES131A,STA_ES0125A,,SP_28079017_14_6,SPP_28079017_14_6.1,SAM_28079017_14_6,O3,http://dd.eionet.europa.eu/vocabulary/aq/pollutant/7,hour,1.6100000000,µg/m3,2017-01-25 03:00:00 +01:00,2017-01-25 04:00:00 +01:00,1,1
ES,ES.BDCA.AQD,NET_ES131A,STA_ES0125A,,SP_28079017_14_6,SPP_28079017_14_6.1,SAM_28079017_14_6,O3,http://dd.eionet.europa.eu/vocabulary/aq/pollutant/7,hour,1.3799999900,µg/m3,2017-01-25 04:00:00 +01:00,2017-01-25 05:00:00 +01:00,1,1
ES,ES.BDCA.AQD,NET_ES131A,STA_ES0125A,,SP_28079017_14_6,SPP_28079017_14_6.1,SAM_28079017_14_6,O3,http://dd.eionet.europa.eu/vocabulary/aq/pollutant/7,hour,1.0900000000,µg/m3,2017-01-25 05:00:00 +01:00,2017-01-25 06:00:00 +01:00,1,1
ES,ES.BDCA.AQD,NET_ES131A,STA_ES0125A,,SP_28079017_14_6,SPP_28079017_14_6.1,SAM_28079017_14_6,O3,http://dd.eionet.europa.eu/vocabulary/aq/pollutant/7,hour,1.2300000000,µg/m3,2017-01-25 06:00:00 +01:00,2017-01-25 07:00:00 +01:00,1,1
ES,ES.BDCA.AQD,NET_ES131A,STA_ES0125A,,SP_28079017_14_6,SPP_28079017_14_6.1,SAM_28079017_14_6,O3,http://dd.eionet.europa.eu/vocabulary/aq/pollutant/7,hour,1.0600000000,µg/m3,2017-01-25 07:00:00 +01:00,2017-01-25 08:00:00 +01:00,1,1
ES,ES.BDCA.AQD,NET_ES131A,STA_ES0125A,,SP_28079017_14_6,SPP_28079017_14_6.1,SAM_28079017_14_6,O3,http://dd.eionet.europa.eu/vocabulary/aq/pollutant/7,hour,1.0900000000,µg/m3,2017-01-25 08:00:00 +01:00,2017-01-25 09:00:00 +01:00,1,1
ES,ES.BDCA.AQD,NET_ES131A,STA_ES0125A,,SP_28079017_14_6,SPP_28079017_14_6.1,SAM_28079017_14_6,O3,http://dd.eionet.europa.eu/vocabulary/aq/pollutant/7,hour,1.3000000000,µg/m3,2017-01-25 09:00:00 +01:00,2017-01-25 10:00:00 +01:00,1,1
ES,ES.BDCA.AQD,NET_ES131A,STA_ES0125A,,SP_28079017_14_6,SPP_28079017_14_6.1,SAM_28079017_14_6,O3,http://dd.eionet.europa.eu/vocabulary/aq/pollutant/7,hour,3.0299999900,µg/m3,2017-01-25 10:00:00 +01:00,2017-01-25 11:00:00 +01:00,1,1
ES,ES.BDCA.AQD,NET_ES131A,STA_ES0125A,,SP_28079017_14_6,SPP_28079017_14_6.1,SAM_28079017_14_6,O3,http://dd.eionet.europa.eu/vocabulary/aq/pollutant/7,hour,9.0999999900,µg/m3,2017-01-25 11:00:00 +01:00,2017-01-25 12:00:00 +01:00,1,1
ES,ES.BDCA.AQD,NET_ES131A,STA_ES0125A,,SP_28079017_14_6,SPP_28079017_14_6.1,SAM_28079017_14_6,O3,http://dd.eionet.europa.eu/vocabulary/aq/pollutant/7,hour,13.8900000000,µg/m3,2017-01-25 12:00:00 +01:00,2017-01-25 13:00:00 +01:00,1,1
ES,ES.BDCA.AQD,NET_ES131A,STA_ES0125A,,SP_28079017_14_6,SPP_28079017_14_6.1,SAM_28079017_14_6,O3,http://dd.eionet.europa.eu/vocabulary/aq/pollutant/7,hour,16.3900000000,µg/m3,2017-01-25 13:00:00 +01:00,2017-01-25 14:00:00 +01:00,1,1
ES,ES.BDCA.AQD,NET_ES131A,STA_ES0125A,,SP_28079017_14_6,SPP_28079017_14_6.1,SAM_28079017_14_6,O3,http://dd.eionet.europa.eu/vocabulary/aq/pollutant/7,hour,25.9300000000,µg/m3,2017-01-25 14:00:00 +01:00,2017-01-25 15:00:00 +01:00,1,1
ES,ES.BDCA.AQD,NET_ES131A,STA_ES0125A,,SP_28079017_14_6,SPP_28079017_14_6.1,SAM_28079017_14_6,O3,http://dd.eionet.europa.eu/vocabulary/aq/pollutant/7,hour,38.5099999900,µg/m3,2017-01-25 15:00:00 +01:00,2017-01-25 16:00:00 +01:00,1,1
ES,ES.BDCA.AQD,NET_ES131A,STA_ES0125A,,SP_28079017_14_6,SPP_28079017_14_6.1,SAM_28079017_14_6,O3,http://dd.eionet.europa.eu/vocabulary/aq/pollutant/7,hour,42.6300000000,µg/m3,2017-01-25 16:00:00 +01:00,2017-01-25 17:00:00 +01:00,1,1
ES,ES.BDCA.AQD,NET_ES131A,STA_ES0125A,,SP_28079017_14_6,SPP_28079017_14_6.1,SAM_28079017_14_6,O3,http://dd.eionet.europa.eu/vocabulary/aq/pollutant/7,hour,41.4799999900,µg/m3,2017-01-25 17:00:00 +01:00,2017-01-25 18:00:00 +01:00,1,1
ES,ES.BDCA.AQD,NET_ES131A,STA_ES0125A,,SP_28079017_14_6,SPP_28079017_14_6.1,SAM_28079017_14_6,O3,http://dd.eionet.europa.eu/vocabulary/aq/pollutant/7,hour,20.5799999900,µg/m3,2017-01-25 18:00:00 +01:00,2017-01-25 19:00:00 +01:00,1,1
ES,ES.BDCA.AQD,NET_ES131A,STA_ES0125A,,SP_28079017_14_6,SPP_28079017_14_6.1,SAM_28079017_14_6,O3,http://dd.eionet.europa.eu/vocabulary/aq/pollutant/7,hour,18.2600000000,µg/m3,2017-01-25 19:00:00 +01:00,2017-01-25 20:00:00 +01:00,1,1
ES,ES.BDCA.AQD,NET_ES131A,STA_ES0125A,,SP_28079017_14_6,SPP_28079017_14_6.1,SAM_28079017_14_6,O3,http://dd.eionet.europa.eu/vocabulary/aq/pollutant/7,hour,,µg/m3,2017-01-25 20:00:00 +01:00,2017-01-25 21:00:00 +01:00,-1,1
ES,ES.BDCA.AQD,NET_ES131A,STA_ES0125A,,SP_28079017_14_6,SPP_28079017_14_6.1,SAM_28079017_14_6,O3,http://dd.eionet.europa.eu/vocabulary/aq/pollutant/7,hour,2.7900000000,µg/m3,2017-01-25 21:00:00 +01:00,2017-01-25 22:00:00 +01:00,1,1
ES,ES.BDCA.AQD,NET_ES131A,STA_ES0125A,,SP_28079017_14_6,SPP_28079017_14_6.1,SAM_28079017_14_6,O3,http://dd.eionet.europa.eu/vocabulary/aq/pollutant/7,hour,3.0000000000,µg/m3,2017-01-25 22:00:00 +01:00,2017-01-25 23:00:00 +01:00,1,1
ES,ES.BDCA.AQD,NET_ES131A,STA_ES0125A,,SP_28079017_14_6,SPP_28079017_14_6.1,SAM_28079017_14_6,O3,http://dd.eionet.europa.eu/vocabulary/aq/pollutant/7,hour,7.7500000000,µg/m3,2017-01-25 23:00:00 +01:00,2017-01-26 00:00:00 +01:00,1,1
ES,ES.BDCA.AQD,NET_ES131A,STA_ES0125A,,SP_28079017_14_6,SPP_28079017_14_6.1,SAM_28079017_14_6,O3,http://dd.eionet.europa.eu/vocabulary/aq/pollutant/7,hour,2.2999999900,µg/m3,2017-01-26 00:00:00 +01:00,2017-01-26 01:00:00 +01:00,1,1
ES,ES.BDCA.AQD,NET_ES131A,STA_ES0125A,,SP_28079017_14_6,SPP_28079017_14_6.1,SAM_28079017_14_6,O3,http://dd.eionet.europa.eu/vocabulary/aq/pollutant/7,hour,2.2700000000,µg/m3,2017-01-26 01:00:00 +01:00,2017-01-26 02:00:00 +01:00,1,1
ES,ES.BDCA.AQD,NET_ES131A,STA_ES0125A,,SP_28079017_14_6,SPP_28079017_14_6.1,SAM_28079017_14_6,O3,http://dd.eionet.europa.eu/vocabulary/aq/pollutant/7,hour,1.9700000000,µg/m3,2017-01-26 02:00:00 +01:00,2017-01-26 03:00:00 +01:00,1,1
ES,ES.BDCA.AQD,NET_ES131A,STA_ES0125A,,SP_28079017_14_6,SPP_28079017_14_6.1,SAM_28079017_14_6,O3,http://dd.eionet.europa.eu/vocabulary/aq/pollutant/7,hour,2.4800000000,µg/m3,2017-01-26 03:00:00 +01:00,2017-01-26 04:00:00 +01:00,1,1
ES,ES.BDCA.AQD,NET_ES131A,STA_ES0125A,,SP_28079017_14_6,SPP_28079017_14_6.1,SAM_28079017_14_6,O3,http://dd.eionet.europa.eu/vocabulary/aq/pollutant/7,hour,2.2100000000,µg/m3,2017-01-26 04:00:00 +01:00,2017-01-26 05:00:00 +01:00,1,1
ES,ES.BDCA.AQD,NET_ES131A,STA_ES0125A,,SP_28079017_14_6,SPP_28079017_14_6.1,SAM_28079017_14_6,O3,http://dd.eionet.europa.eu/vocabulary/aq/pollutant/7,hour,1.1299999900,µg/m3,2017-01-26 05:00:00 +01:00,2017-01-26 06:00:00 +01:00,1,1
ES,ES.BDCA.AQD,NET_ES131A,STA_ES0125A,,SP_28079017_14_6,SPP_28079017_14_6.1,SAM_28079017_14_6,O3,http://dd.eionet.europa.eu/vocabulary/aq/pollutant/7,hour,1.1499999900,µg/m3,2017-01-26 06:00:00 +01:00,2017-01-26 07:00:00 +01:00,1,1
ES,ES.BDCA.AQD,NET_ES131A,STA_ES0125A,,SP_28079017_14_6,SPP_28079017_14_6.1,SAM_28079017_14_6,O3,http://dd.eionet.europa.eu/vocabulary/aq/pollutant/7,hour,1.0800000000,µg/m3,2017-01-26 07:00:00 +01:00,2017-01-26 08:00:00 +01:00,1,1
ES,ES.BDCA.AQD,NET_ES131A,STA_ES0125A,,SP_28079017_14_6,SPP_28079017_14_6.1,SAM_28079017_14_6,O3,http://dd.eionet.europa.eu/vocabulary/aq/pollutant/7,hour,1.0200000000,µg/m3,2017-01-26 08:00:00 +01:00,2017-01-26 09:00:00 +01:00,1,1
ES,ES.BDCA.AQD,NET_ES131A,STA_ES0125A,,SP_28079017_14_6,SPP_28079017_14_6.1,SAM_28079017_14_6,O3,http://dd.eionet.europa.eu/vocabulary/aq/pollutant/7,hour,1.1299999900,µg/m3,2017-01-26 09:00:00 +01:00,2017-01-26 10:00:00 +01:00,1,1
ES,ES.BDCA.AQD,NET_ES131A,STA_ES0125A,,SP_28079017_14_6,SPP_28079017_14_6.1,SAM_28079017_14_6,O3,http://dd.eionet.europa.eu/vocabulary/aq/pollutant/7,hour,1.7100000000,µg/m3,2017-01-26 10:00:00 +01:00,2017-01-26 11:00:00 +01:00,1,1
ES,ES.BDCA.AQD,NET_ES131A,STA_ES0125A,,SP_28079017_14_6,SPP_28079017_14_6.1,SAM_28079017_14_6,O3,http://dd.eionet.europa.eu/vocabulary/aq/pollutant/7,hour,7.2000000000,µg/m3,2017-01-26 11:00:00 +01:00,2017-01-26 12:00:00 +01:00,1,1
ES,ES.BDCA.AQD,NET_ES131A,STA_ES0125A,,SP_28079017_14_6,SPP_28079017_14_6.1,SAM_28079017_14_6,O3,http://dd.eionet.europa.eu/vocabulary/aq/pollutant/7,hour,16.3700000000,µg/m3,2017-01-26 12:00:00 +01:00,2017-01-26 13:00:00 +01:00,1,1
ES,ES.BDCA.AQD,NET_ES131A,STA_ES0125A,,SP_28079017_14_6,SPP_28079017_14_6.1,SAM_28079017_14_6,O3,http://dd.eionet.europa.eu/vocabulary/aq/pollutant/7,hour,18.2899999900,µg/m3,2017-01-26 13:00:00 +01:00,2017-01-26 14:00:00 +01:00,1,1
ES,ES.BDCA.AQD,NET_ES131A,STA_ES0125A,,SP_28079017_14_6,SPP_28079017_14_6.1,SAM_28079017_14_6,O3,http://dd.eionet.europa.eu/vocabulary/aq/pollutant/7,hour,31.1999999900,µg/m3,2017-01-26 14:00:00 +01:00,2017-01-26 15:00:00 +01:00,1,1
ES,ES.BDCA.AQD,NET_ES131A,STA_ES0125A,,SP_28079017_14_6,SPP_28079017_14_6.1,SAM_28079017_14_6,O3,http://dd.eionet.europa.eu/vocabulary/aq/pollutant/7,hour,45.0000000000,µg/m3,2017-01-26 15:00:00 +01:00,2017-01-26 16:00:00 +01:00,1,1
ES,ES.BDCA.AQD,NET_ES131A,STA_ES0125A,,SP_28079017_14_6,SPP_28079017_14_6.1,SAM_28079017_14_6,O3,http://dd.eionet.europa.eu/vocabulary/aq/pollutant/7,hour,48.3500000000,µg/m3,2017-01-26 16:00:00 +01:00,2017-01-26 17:00:00 +01:00,1,1
ES,ES.BDCA.AQD,NET_ES131A,STA_ES0125A,,SP_28079017_14_6,SPP_28079017_14_6.1,SAM_28079017_14_6,O3,http://dd.eionet.europa.eu/vocabulary/aq/pollutant/7,hour,45.2100000000,µg/m3,2017-01-26 17:00:00 +01:00,2017-01-26 18:00:00 +01:00,1,1
ES,ES.BDCA.AQD,NET_ES131A,STA_ES0125A,,SP_28079017_14_6,SPP_28079017_14_6.1,SAM_28079017_14_6,O3,http://dd.eionet.europa.eu/vocabulary/aq/pollutant/7,hour,18.2899999900,µg/m3,2017-01-26 18:00:00 +01:00,2017-01-26 19:00:00 +01:00,1,1
ES,ES.BDCA.AQD,NET_ES131A,STA_ES0125A,,SP_28079017_14_6,SPP_28079017_14_6.1,SAM_28079017_14_6,O3,http://dd.eionet.europa.eu/vocabulary/aq/pollutant/7,hour,,µg/m3,2017-01-26 19:00:00 +01:00,2017-01-26 20:00:00 +01:00,-1,1
ES,ES.BDCA.AQD,NET_ES131A,STA_ES0125A,,SP_28079017_14_6,SPP_28079017_14_6.1,SAM_28079017_14_6,O3,http://dd.eionet.europa.eu/vocabulary/aq/pollutant/7,hour,24.3599999900,µg/m3,2017-01-26 20:00:00 +01:00,2017-01-26 21:00:00 +01:00,1,1
ES,ES.BDCA.AQD,NET_ES131A,STA_ES0125A,,SP_28079017_14_6,SPP_28079017_14_6.1,SAM_28079017_14_6,O3,http://dd.eionet.europa.eu/vocabulary/aq/pollutant/7,hour,34.9500000000,µg/m3,2017-01-26 21:00:00 +01:00,2017-01-26 22:00:00 +01:00,1,1
ES,ES.BDCA.AQD,NET_ES131A,STA_ES0125A,,SP_28079017_14_6,SPP_28079017_14_6.1,SAM_28079017_14_6,O3,http://dd.eionet.europa.eu/vocabulary/aq/pollutant/7,hour,37.9200000000,µg/m3,2017-01-26 22:00:00 +01:00,2017-01-26 23:00:00 +01:00,1,1
ES,ES.BDCA.AQD,NET_ES131A,STA_ES0125A,,SP_28079017_14_6,SPP_28079017_14_6.1,SAM_28079017_14_6,O3,http://dd.eionet.europa.eu/vocabulary/aq/pollutant/7,hour,44.7400000000,µg/m3,2017-01-26 23:00:00 +01:00,2017-01-27 00:00:00 +01:00,1,1
ES,ES.BDCA.AQD,NET_ES131A,STA_ES0125A,,SP_28079017_14_6,SPP_28079017_14_6.1,SAM_28079017_14_6,O3,http://dd.eionet.europa.eu/vocabulary/aq/pollutant/7,hour,48.3800000000,µg/m3,2017-01-27 00:00:00 +01:00,2017-01-27 01:00:00 +01:00,1,1
ES,ES.BDCA.AQD,NET_ES131A,STA_ES0125A,,SP_28079017_14_6,SPP_28079017_14_6.1,SAM_28079017_14_6,O3,http://dd.eionet.europa.eu/vocabulary/aq/pollutant/7,hour,49.3900000000,µg/m3,2017-01-27 01:00:00 +01:00,2017-01-27 02:00:00 +01:00,1,1
ES,ES.BDCA.AQD,NET_ES131A,STA_ES0125A,,SP_28079017_14_6,SPP_28079017_14_6.1,SAM_28079017_14_6,O3,http://dd.eionet.europa.eu/vocabulary/aq/pollutant/7,hour,46.4600000000,µg/m3,2017-01-27 02:00:00 +01:00,2017-01-27 03:00:00 +01:00,1,1
ES,ES.BDCA.AQD,NET_ES131A,STA_ES0125A,,SP_28079017_14_6,SPP_28079017_14_6.1,SAM_28079017_14_6,O3,http://dd.eionet.europa.eu/vocabulary/aq/pollutant/7,hour,45.1599999900,µg/m3,2017-01-27 03:00:00 +01:00,2017-01-27 04:00:00 +01:00,1,1
ES,ES.BDCA.AQD,NET_ES131A,STA_ES0125A,,SP_28079017_14_6,SPP_28079017_14_6.1,SAM_28079017_14_6,O3,http://dd.eionet.europa.eu/vocabulary/aq/pollutant/7,hour,61.8900000000,µg/m3,2017-01-27 04:00:00 +01:00,2017-01-27 05:00:00 +01:00,1,1
ES,ES.BDCA.AQD,NET_ES131A,STA_ES0125A,,SP_28079017_14_6,SPP_28079017_14_6.1,SAM_28079017_14_6,O3,http://dd.eionet.europa.eu/vocabulary/aq/pollutant/7,hour,55.8999999900,µg/m3,2017-01-27 05:00:00 +01:00,2017-01-27 06:00:00 +01:00,1,1
ES,ES.BDCA.AQD,NET_ES131A,STA_ES0125A,,SP_28079017_14_6,SPP_28079017_14_6.1,SAM_28079017_14_6,O3,http://dd.eionet.europa.eu/vocabulary/aq/pollutant/7,hour,47.7599999900,µg/m3,2017-01-27 06:00:00 +01:00,2017-01-27 07:00:00 +01:00,1,1
ES,ES.BDCA.AQD,NET_ES131A,STA_ES0125A,,SP_28079017_14_6,SPP_28079017_14_6.1,SAM_28079017_14_6,O3,http://dd.eionet.europa.eu/vocabulary/aq/pollutant/7,hour,15.5800000000,µg/m3,2017-01-27 07:00:00 +01:00,2017-01-27 08:00:00 +01:00,1,1
ES,ES.BDCA.AQD,NET_ES131A,STA_ES0125A,,SP_28079017_14_6,SPP_28079017_14_6.1,SAM_28079017_14_6,O3,http://dd.eionet.europa.eu/vocabulary/aq/pollutant/7,hour,4.4400000000,µg/m3,2017-01-27 08:00:00 +01:00,2017-01-27 09:00:00 +01:00,1,1
ES,ES.BDCA.AQD,NET_ES131A,STA_ES0125A,,SP_28079017_14_6,SPP_28079017_14_6.1,SAM_28079017_14_6,O3,http://dd.eionet.europa.eu/vocabulary/aq/pollutant/7,hour,4.0999999900,µg/m3,2017-01-27 09:00:00 +01:00,2017-01-27 10:00:00 +01:00,1,1
ES,ES.BDCA.AQD,NET_ES131A,STA_ES0125A,,SP_28079017_14_6,SPP_28079017_14_6.1,SAM_28079017_14_6,O3,http://dd.eionet.europa.eu/vocabulary/aq/pollutant/7,hour,4.3099999900,µg/m3,2017-01-27 10:00:00 +01:00,2017-01-27 11:00:00 +01:00,1,1
ES,ES.BDCA.AQD,NET_ES131A,STA_ES0125A,,SP_28079017_14_6,SPP_28079017_14_6.1,SAM_28079017_14_6,O3,http://dd.eionet.europa.eu/vocabulary/aq/pollutant/7,hour,4.5599999900,µg/m3,2017-01-27 11:00:00 +01:00,2017-01-27 12:00:00 +01:00,1,1
ES,ES.BDCA.AQD,NET_ES131A,STA_ES0125A,,SP_28079017_14_6,SPP_28079017_14_6.1,SAM_28079017_14_6,O3,http://dd.eionet.europa.eu/vocabulary/aq/pollutant/7,hour,4.7800000000,µg/m3,2017-01-27 12:00:00 +01:00,2017-01-27 13:00:00 +01:00,1,1
ES,ES.BDCA.AQD,NET_ES131A,STA_ES0125A,,SP_28079017_14_6,SPP_28079017_14_6.1,SAM_28079017_14_6,O3,http://dd.eionet.europa.eu/vocabulary/aq/pollutant/7,hour,15.8800000000,µg/m3,2017-01-27 13:00:00 +01:00,2017-01-27 14:00:00 +01:00,1,1
ES,ES.BDCA.AQD,NET_ES131A,STA_ES0125A,,SP_28079017_14_6,SPP_28079017_14_6.1,SAM_28079017_14_6,O3,http://dd.eionet.europa.eu/vocabulary/aq/pollutant/7,hour,14.6999999900,µg/m3,2017-01-27 14:00:00 +01:00,2017-01-27 15:00:00 +01:00,1,1
ES,ES.BDCA.AQD,NET_ES131A,STA_ES0125A,,SP_28079017_14_6,SPP_28079017_14_6.1,SAM_28079017_14_6,O3,http://dd.eionet.europa.eu/vocabulary/aq/pollutant/7,hour,36.1300000000,µg/m3,2017-01-27 15:00:00 +01:00,2017-01-27 16:00:00 +01:00,1,1
ES,ES.BDCA.AQD,NET_ES131A,STA_ES0125A,,SP_28079017_14_6,SPP_28079017_14_6.1,SAM_28079017_14_6,O3,http://dd.eionet.europa.eu/vocabulary/aq/pollutant/7,hour,52.6400000000,µg/m3,2017-01-27 16:00:00 +01:00,2017-01-27 17:00:00 +01:00,1,1
ES,ES.BDCA.AQD,NET_ES131A,STA_ES0125A,,SP_28079017_14_6,SPP_28079017_14_6.1,SAM_28079017_14_6,O3,http://dd.eionet.europa.eu/vocabulary/aq/pollutant/7,hour,48.4699999900,µg/m3,2017-01-27 17:00:00 +01:00,2017-01-27 18:00:00 +01:00,1,1
ES,ES.BDCA.AQD,NET_ES131A,STA_ES0125A,,SP_28079017_14_6,SPP_28079017_14_6.1,SAM_28079017_14_6,O3,http://dd.eionet.europa.eu/vocabulary/aq/pollutant/7,hour,,µg/m3,2017-01-27 18:00:00 +01:00,2017-01-27 19:00:00 +01:00,-1,1
ES,ES.BDCA.AQD,NET_ES131A,STA_ES0125A,,SP_28079017_14_6,SPP_28079017_14_6.1,SAM_28079017_14_6,O3,http://dd.eionet.europa.eu/vocabulary/aq/pollutant/7,hour,4.8099999900,µg/m3,2017-01-27 19:00:00 +01:00,2017-01-27 20:00:00 +01:00,1,1
ES,ES.BDCA.AQD,NET_ES131A,STA_ES0125A,,SP_28079017_14_6,SPP_28079017_14_6.1,SAM_28079017_14_6,O3,http://dd.eionet.europa.eu/vocabulary/aq/pollutant/7,hour,7.2800000000,µg/m3,2017-01-27 20:00:00 +01:00,2017-01-27 21:00:00 +01:00,1,1
ES,ES.BDCA.AQD,NET_ES131A,STA_ES0125A,,SP_28079017_14_6,SPP_28079017_14_6.1,SAM_28079017_14_6,O3,http://dd.eionet.europa.eu/vocabulary/aq/pollutant/7,hour,11.8800000000,µg/m3,2017-01-27 21:00:00 +01:00,2017-01-27 22:00:00 +01:00,1,1
ES,ES.BDCA.AQD,NET_ES131A,STA_ES0125A,,SP_28079017_14_6,SPP_28079017_14_6.1,SAM_28079017_14_6,O3,http://dd.eionet.europa.eu/vocabulary/aq/pollutant/7,hour,16.2399999900,µg/m3,2017-01-27 22:00:00 +01:00,2017-01-27 23:00:00 +01:00,1,1
ES,ES.BDCA.AQD,NET_ES131A,STA_ES0125A,,SP_28079017_14_6,SPP_28079017_14_6.1,SAM_28079017_14_6,O3,http://dd.eionet.europa.eu/vocabulary/aq/pollutant/7,hour,44.0000000000,µg/m3,2017-01-27 23:00:00 +01:00,2017-01-28 00:00:00 +01:00,1,1
ES,ES.BDCA.AQD,NET_ES131A,STA_ES0125A,,SP_28079017_14_6,SPP_28079017_14_6.1,SAM_28079017_14_6,O3,http://dd.eionet.europa.eu/vocabulary/aq/pollutant/7,hour,59.5600000000,µg/m3,2017-01-28 00:00:00 +01:00,2017-01-28 01:00:00 +01:00,1,1
ES,ES.BDCA.AQD,NET_ES131A,STA_ES0125A,,SP_28079017_14_6,SPP_28079017_14_6.1,SAM_28079017_14_6,O3,http://dd.eionet.europa.eu/vocabulary/aq/pollutant/7,hour,69.0000000000,µg/m3,2017-01-28 01:00:00 +01:00,2017-01-28 02:00:00 +01:00,1,1
ES,ES.BDCA.AQD,NET_ES131A,STA_ES0125A,,SP_28079017_14_6,SPP_28079017_14_6.1,SAM_28079017_14_6,O3,http://dd.eionet.europa.eu/vocabulary/aq/pollutant/7,hour,67.6700000000,µg/m3,2017-01-28 02:00:00 +01:00,2017-01-28 03:00:00 +01:00,1,1
ES,ES.BDCA.AQD,NET_ES131A,STA_ES0125A,,SP_28079017_14_6,SPP_28079017_14_6.1,SAM_28079017_14_6,O3,http://dd.eionet.europa.eu/vocabulary/aq/pollutant/7,hour,69.7099999900,µg/m3,2017-01-28 03:00:00 +01:00,2017-01-28 04:00:00 +01:00,1,1
ES,ES.BDCA.AQD,NET_ES131A,STA_ES0125A,,SP_28079017_14_6,SPP_28079017_14_6.1,SAM_28079017_14_6,O3,http://dd.eionet.europa.eu/vocabulary/aq/pollutant/7,hour,64.6500000000,µg/m3,2017-01-28 04:00:00 +01:00,2017-01-28 05:00:00 +01:00,1,1
ES,ES.BDCA.AQD,NET_ES131A,STA_ES0125A,,SP_28079017_14_6,SPP_28079017_14_6.1,SAM_28079017_14_6,O3,http://dd.eionet.europa.eu/vocabulary/aq/pollutant/7,hour,63.7100000000,µg/m3,2017-01-28 05:00:00 +01:00,2017-01-28 06:00:00 +01:00,1,1
ES,ES.BDCA.AQD,NET_ES131A,STA_ES0125A,,SP_28079017_14_6,SPP_28079017_14_6.1,SAM_28079017_14_6,O3,http://dd.eionet.europa.eu/vocabulary/aq/pollutant/7,hour,67.8599999900,µg/m3,2017-01-28 06:00:00 +01:00,2017-01-28 07:00:00 +01:00,1,1
ES,ES.BDCA.AQD,NET_ES131A,STA_ES0125A,,SP_28079017_14_6,SPP_28079017_14_6.1,SAM_28079017_14_6,O3,http://dd.eionet.europa.eu/vocabulary/aq/pollutant/7,hour,51.7999999900,µg/m3,2017-01-28 07:00:00 +01:00,2017-01-28 08:00:00 +01:00,1,1
ES,ES.BDCA.AQD,NET_ES131A,STA_ES0125A,,SP_28079017_14_6,SPP_28079017_14_6.1,SAM_28079017_14_6,O3,http://dd.eionet.europa.eu/vocabulary/aq/pollutant/7,hour,52.5600000000,µg/m3,2017-01-28 08:00:00 +01:00,2017-01-28 09:00:00 +01:00,1,1
ES,ES.BDCA.AQD,NET_ES131A,STA_ES0125A,,SP_28079017_14_6,SPP_28079017_14_6.1,SAM_28079017_14_6,O3,http://dd.eionet.europa.eu/vocabulary/aq/pollutant/7,hour,49.1700000000,µg/m3,2017-01-28 09:00:00 +01:00,2017-01-28 10:00:00 +01:00,1,1
ES,ES.BDCA.AQD,NET_ES131A,STA_ES0125A,,SP_28079017_14_6,SPP_28079017_14_6.1,SAM_28079017_14_6,O3,http://dd.eionet.europa.eu/vocabulary/aq/pollutant/7,hour,57.6099999900,µg/m3,2017-01-28 10:00:00 +01:00,2017-01-28 11:00:00 +01:00,1,1
ES,ES.BDCA.AQD,NET_ES131A,STA_ES0125A,,SP_28079017_14_6,SPP_28079017_14_6.1,SAM_28079017_14_6,O3,http://dd.eionet.europa.eu/vocabulary/aq/pollutant/7,hour,63.0300000000,µg/m3,2017-01-28 11:00:00 +01:00,2017-01-28 12:00:00 +01:00,1,1
ES,ES.BDCA.AQD,NET_ES131A,STA_ES0125A,,SP_28079017_14_6,SPP_28079017_14_6.1,SAM_28079017_14_6,O3,http://dd.eionet.europa.eu/vocabulary/aq/pollutant/7,hour,63.5499999900,µg/m3,2017-01-28 12:00:00 +01:00,2017-01-28 13:00:00 +01:00,1,1
ES,ES.BDCA.AQD,NET_ES131A,STA_ES0125A,,SP_28079017_14_6,SPP_28079017_14_6.1,SAM_28079017_14_6,O3,http://dd.eionet.europa.eu/vocabulary/aq/pollutant/7,hour,59.3599999900,µg/m3,2017-01-28 13:00:00 +01:00,2017-01-28 14:00:00 +01:00,1,1
ES,ES.BDCA.AQD,NET_ES131A,STA_ES0125A,,SP_28079017_14_6,SPP_28079017_14_6.1,SAM_28079017_14_6,O3,http://dd.eionet.europa.eu/vocabulary/aq/pollutant/7,hour,53.2100000000,µg/m3,2017-01-28 14:00:00 +01:00,2017-01-28 15:00:00 +01:00,1,1
ES,ES.BDCA.AQD,NET_ES131A,STA_ES0125A,,SP_28079017_14_6,SPP_28079017_14_6.1,SAM_28079017_14_6,O3,http://dd.eionet.europa.eu/vocabulary/aq/pollutant/7,hour,55.7500000000,µg/m3,2017-01-28 15:00:00 +01:00,2017-01-28 16:00:00 +01:00,1,1
ES,ES.BDCA.AQD,NET_ES131A,STA_ES0125A,,SP_28079017_14_6,SPP_28079017_14_6.1,SAM_28079017_14_6,O3,http://dd.eionet.europa.eu/vocabulary/aq/pollutant/7,hour,55.4399999900,µg/m3,2017-01-28 16:00:00 +01:00,2017-01-28 17:00:00 +01:00,1,1
ES,ES.BDCA.AQD,NET_ES131A,STA_ES0125A,,SP_28079017_14_6,SPP_28079017_14_6.1,SAM_28079017_14_6,O3,http://dd.eionet.europa.eu/vocabulary/aq/pollutant/7,hour,,µg/m3,2017-01-28 17:00:00 +01:00,2017-01-28 18:00:00 +01:00,-1,1
ES,ES.BDCA.AQD,NET_ES131A,STA_ES0125A,,SP_28079017_14_6,SPP_28079017_14_6.1,SAM_28079017_14_6,O3,http://dd.eionet.europa.eu/vocabulary/aq/pollutant/7,hour,31.8999999900,µg/m3,2017-01-28 18:00:00 +01:00,2017-01-28 19:00:00 +01:00,1,1
ES,ES.BDCA.AQD,NET_ES131A,STA_ES0125A,,SP_28079017_14_6,SPP_28079017_14_6.1,SAM_28079017_14_6,O3,http://dd.eionet.europa.eu/vocabulary/aq/pollutant/7,hour,18.9100000000,µg/m3,2017-01-28 19:00:00 +01:00,2017-01-28 20:00:00 +01:00,1,1
ES,ES.BDCA.AQD,NET_ES131A,STA_ES0125A,,SP_28079017_14_6,SPP_28079017_14_6.1,SAM_28079017_14_6,O3,http://dd.eionet.europa.eu/vocabulary/aq/pollutant/7,hour,10.4600000000,µg/m3,2017-01-28 20:00:00 +01:00,2017-01-28 21:00:00 +01:00,1,1
ES,ES.BDCA.AQD,NET_ES131A,STA_ES0125A,,SP_28079017_14_6,SPP_28079017_14_6.1,SAM_28079017_14_6,O3,http://dd.eionet.europa.eu/vocabulary/aq/pollutant/7,hour,5.7599999900,µg/m3,2017-01-28 21:00:00 +01:00,2017-01-28 22:00:00 +01:00,1,1
ES,ES.BDCA.AQD,NET_ES131A,STA_ES0125A,,SP_28079017_14_6,SPP_28079017_14_6.1,SAM_28079017_14_6,O3,http://dd.eionet.europa.eu/vocabulary/aq/pollutant/7,hour,12.9000000000,µg/m3,2017-01-28 22:00:00 +01:00,2017-01-28 23:00:00 +01:00,1,1
ES,ES.BDCA.AQD,NET_ES131A,STA_ES0125A,,SP_28079017_14_6,SPP_28079017_14_6.1,SAM_28079017_14_6,O3,http://dd.eionet.europa.eu/vocabulary/aq/pollutant/7,hour,17.9200000000,µg/m3,2017-01-28 23:00:00 +01:00,2017-01-29 00:00:00 +01:00,1,1
ES,ES.BDCA.AQD,NET_ES131A,STA_ES0125A,,SP_28079017_14_6,SPP_28079017_14_6.1,SAM_28079017_14_6,O3,http://dd.eionet.europa.eu/vocabulary/aq/pollutant/7,hour,24.4800000000,µg/m3,2017-01-29 00:00:00 +01:00,2017-01-29 01:00:00 +01:00,1,1
ES,ES.BDCA.AQD,NET_ES131A,STA_ES0125A,,SP_28079017_14_6,SPP_28079017_14_6.1,SAM_28079017_14_6,O3,http://dd.eionet.europa.eu/vocabulary/aq/pollutant/7,hour,18.5799999900,µg/m3,2017-01-29 01:00:00 +01:00,2017-01-29 02:00:00 +01:00,1,1
ES,ES.BDCA.AQD,NET_ES131A,STA_ES0125A,,SP_28079017_14_6,SPP_28079017_14_6.1,SAM_28079017_14_6,O3,http://dd.eionet.europa.eu/vocabulary/aq/pollutant/7,hour,28.8200000000,µg/m3,2017-01-29 02:00:00 +01:00,2017-01-29 03:00:00 +01:00,1,1
ES,ES.BDCA.AQD,NET_ES131A,STA_ES0125A,,SP_28079017_14_6,SPP_28079017_14_6.1,SAM_28079017_14_6,O3,http://dd.eionet.europa.eu/vocabulary/aq/pollutant/7,hour,22.4899999900,µg/m3,2017-01-29 03:00:00 +01:00,2017-01-29 04:00:00 +01:00,1,1
ES,ES.BDCA.AQD,NET_ES131A,STA_ES0125A,,SP_28079017_14_6,SPP_28079017_14_6.1,SAM_28079017_14_6,O3,http://dd.eionet.europa.eu/vocabulary/aq/pollutant/7,hour,16.1400000000,µg/m3,2017-01-29 04:00:00 +01:00,2017-01-29 05:00:00 +01:00,1,1
ES,ES.BDCA.AQD,NET_ES131A,STA_ES0125A,,SP_28079017_14_6,SPP_28079017_14_6.1,SAM_28079017_14_6,O3,http://dd.eionet.europa.eu/vocabulary/aq/pollutant/7,hour,32.8299999900,µg/m3,2017-01-29 05:00:00 +01:00,2017-01-29 06:00:00 +01:00,1,1
ES,ES.BDCA.AQD,NET_ES131A,STA_ES0125A,,SP_28079017_14_6,SPP_28079017_14_6.1,SAM_28079017_14_6,O3,http://dd.eionet.europa.eu/vocabulary/aq/pollutant/7,hour,40.2700000000,µg/m3,2017-01-29 06:00:00 +01:00,2017-01-29 07:00:00 +01:00,1,1
ES,ES.BDCA.AQD,NET_ES131A,STA_ES0125A,,SP_28079017_14_6,SPP_28079017_14_6.1,SAM_28079017_14_6,O3,http://dd.eionet.europa.eu/vocabulary/aq/pollutant/7,hour,33.1700000000,µg/m3,2017-01-29 07:00:00 +01:00,2017-01-29 08:00:00 +01:00,1,1
ES,ES.BDCA.AQD,NET_ES131A,STA_ES0125A,,SP_28079017_14_6,SPP_28079017_14_6.1,SAM_28079017_14_6,O3,http://dd.eionet.europa.eu/vocabulary/aq/pollutant/7,hour,23.8900000000,µg/m3,2017-01-29 08:00:00 +01:00,2017-01-29 09:00:00 +01:00,1,1
ES,ES.BDCA.AQD,NET_ES131A,STA_ES0125A,,SP_28079017_14_6,SPP_28079017_14_6.1,SAM_28079017_14_6,O3,http://dd.eionet.europa.eu/vocabulary/aq/pollutant/7,hour,12.1099999900,µg/m3,2017-01-29 09:00:00 +01:00,2017-01-29 10:00:00 +01:00,1,1
ES,ES.BDCA.AQD,NET_ES131A,STA_ES0125A,,SP_28079017_14_6,SPP_28079017_14_6.1,SAM_28079017_14_6,O3,http://dd.eionet.europa.eu/vocabulary/aq/pollutant/7,hour,13.6000000000,µg/m3,2017-01-29 10:00:00 +01:00,2017-01-29 11:00:00 +01:00,1,1
ES,ES.BDCA.AQD,NET_ES131A,STA_ES0125A,,SP_28079017_14_6,SPP_28079017_14_6.1,SAM_28079017_14_6,O3,http://dd.eionet.europa.eu/vocabulary/aq/pollutant/7,hour,29.5300000000,µg/m3,2017-01-29 11:00:00 +01:00,2017-01-29 12:00:00 +01:00,1,1
ES,ES.BDCA.AQD,NET_ES131A,STA_ES0125A,,SP_28079017_14_6,SPP_28079017_14_6.1,SAM_28079017_14_6,O3,http://dd.eionet.europa.eu/vocabulary/aq/pollutant/7,hour,28.0900000000,µg/m3,2017-01-29 12:00:00 +01:00,2017-01-29 13:00:00 +01:00,1,1
ES,ES.BDCA.AQD,NET_ES131A,STA_ES0125A,,SP_28079017_14_6,SPP_28079017_14_6.1,SAM_28079017_14_6,O3,http://dd.eionet.europa.eu/vocabulary/aq/pollutant/7,hour,32.4799999900,µg/m3,2017-01-29 13:00:00 +01:00,2017-01-29 14:00:00 +01:00,1,1
ES,ES.BDCA.AQD,NET_ES131A,STA_ES0125A,,SP_28079017_14_6,SPP_28079017_14_6.1,SAM_28079017_14_6,O3,http://dd.eionet.europa.eu/vocabulary/aq/pollutant/7,hour,26.3700000000,µg/m3,2017-01-29 14:00:00 +01:00,2017-01-29 15:00:00 +01:00,1,1
ES,ES.BDCA.AQD,NET_ES131A,STA_ES0125A,,SP_28079017_14_6,SPP_28079017_14_6.1,SAM_28079017_14_6,O3,http://dd.eionet.europa.eu/vocabulary/aq/pollutant/7,hour,27.9699999900,µg/m3,2017-01-29 15:00:00 +01:00,2017-01-29 16:00:00 +01:00,1,1
ES,ES.BDCA.AQD,NET_ES131A,STA_ES0125A,,SP_28079017_14_6,SPP_28079017_14_6.1,SAM_28079017_14_6,O3,http://dd.eionet.europa.eu/vocabulary/aq/pollutant/7,hour,,µg/m3,2017-01-29 16:00:00 +01:00,2017-01-29 17:00:00 +01:00,-1,1
ES,ES.BDCA.AQD,NET_ES131A,STA_ES0125A,,SP_28079017_14_6,SPP_28079017_14_6.1,SAM_28079017_14_6,O3,http://dd.eionet.europa.eu/vocabulary/aq/pollutant/7,hour,47.6700000000,µg/m3,2017-01-29 17:00:00 +01:00,2017-01-29 18:00:00 +01:00,1,1
ES,ES.BDCA.AQD,NET_ES131A,STA_ES0125A,,SP_28079017_14_6,SPP_28079017_14_6.1,SAM_28079017_14_6,O3,http://dd.eionet.europa.eu/vocabulary/aq/pollutant/7,hour,36.4200000000,µg/m3,2017-01-29 18:00:00 +01:00,2017-01-29 19:00:00 +01:00,1,1
ES,ES.BDCA.AQD,NET_ES131A,STA_ES0125A,,SP_28079017_14_6,SPP_28079017_14_6.1,SAM_28079017_14_6,O3,http://dd.eionet.europa.eu/vocabulary/aq/pollutant/7,hour,36.6599999900,µg/m3,2017-01-29 19:00:00 +01:00,2017-01-29 20:00:00 +01:00,1,1
ES,ES.BDCA.AQD,NET_ES131A,STA_ES0125A,,SP_28079017_14_6,SPP_28079017_14_6.1,SAM_28079017_14_6,O3,http://dd.eionet.europa.eu/vocabulary/aq/pollutant/7,hour,39.5300000000,µg/m3,2017-01-29 20:00:00 +01:00,2017-01-29 21:00:00 +01:00,1,1
ES,ES.BDCA.AQD,NET_ES131A,STA_ES0125A,,SP_28079017_14_6,SPP_28079017_14_6.1,SAM_28079017_14_6,O3,http://dd.eionet.europa.eu/vocabulary/aq/pollutant/7,hour,39.0399999900,µg/m3,2017-01-29 21:00:00 +01:00,2017-01-29 22:00:00 +01:00,1,1
ES,ES.BDCA.AQD,NET_ES131A,STA_ES0125A,,SP_28079017_14_6,SPP_28079017_14_6.1,SAM_28079017_14_6,O3,http://dd.eionet.europa.eu/vocabulary/aq/pollutant/7,hour,38.7800000000,µg/m3,2017-01-29 22:00:00 +01:00,2017-01-29 23:00:00 +01:00,1,1
ES,ES.BDCA.AQD,NET_ES131A,STA_ES0125A,,SP_28079017_14_6,SPP_28079017_14_6.1,SAM_28079017_14_6,O3,http://dd.eionet.europa.eu/vocabulary/aq/pollutant/7,hour,46.4099999900,µg/m3,2017-01-29 23:00:00 +01:00,2017-01-30 00:00:00 +01:00,1,1
ES,ES.BDCA.AQD,NET_ES131A,STA_ES0125A,,SP_28079017_14_6,SPP_28079017_14_6.1,SAM_28079017_14_6,O3,http://dd.eionet.europa.eu/vocabulary/aq/pollutant/7,hour,52.3500000000,µg/m3,2017-01-30 00:00:00 +01:00,2017-01-30 01:00:00 +01:00,1,1
ES,ES.BDCA.AQD,NET_ES131A,STA_ES0125A,,SP_28079017_14_6,SPP_28079017_14_6.1,SAM_28079017_14_6,O3,http://dd.eionet.europa.eu/vocabulary/aq/pollutant/7,hour,56.5700000000,µg/m3,2017-01-30 01:00:00 +01:00,2017-01-30 02:00:00 +01:00,1,1
ES,ES.BDCA.AQD,NET_ES131A,STA_ES0125A,,SP_28079017_14_6,SPP_28079017_14_6.1,SAM_28079017_14_6,O3,http://dd.eionet.europa.eu/vocabulary/aq/pollutant/7,hour,59.1599999900,µg/m3,2017-01-30 02:00:00 +01:00,2017-01-30 03:00:00 +01:00,1,1
ES,ES.BDCA.AQD,NET_ES131A,STA_ES0125A,,SP_28079017_14_6,SPP_28079017_14_6.1,SAM_28079017_14_6,O3,http://dd.eionet.europa.eu/vocabulary/aq/pollutant/7,hour,59.8100000000,µg/m3,2017-01-30 03:00:00 +01:00,2017-01-30 04:00:00 +01:00,1,1
ES,ES.BDCA.AQD,NET_ES131A,STA_ES0125A,,SP_28079017_14_6,SPP_28079017_14_6.1,SAM_28079017_14_6,O3,http://dd.eionet.europa.eu/vocabulary/aq/pollutant/7,hour,58.0700000000,µg/m3,2017-01-30 04:00:00 +01:00,2017-01-30 05:00:00 +01:00,1,1
ES,ES.BDCA.AQD,NET_ES131A,STA_ES0125A,,SP_28079017_14_6,SPP_28079017_14_6.1,SAM_28079017_14_6,O3,http://dd.eionet.europa.eu/vocabulary/aq/pollutant/7,hour,52.7299999900,µg/m3,2017-01-30 05:00:00 +01:00,2017-01-30 06:00:00 +01:00,1,1
ES,ES.BDCA.AQD,NET_ES131A,STA_ES0125A,,SP_28079017_14_6,SPP_28079017_14_6.1,SAM_28079017_14_6,O3,http://dd.eionet.europa.eu/vocabulary/aq/pollutant/7,hour,38.7000000000,µg/m3,2017-01-30 06:00:00 +01:00,2017-01-30 07:00:00 +01:00,1,1
ES,ES.BDCA.AQD,NET_ES131A,STA_ES0125A,,SP_28079017_14_6,SPP_28079017_14_6.1,SAM_28079017_14_6,O3,http://dd.eionet.europa.eu/vocabulary/aq/pollutant/7,hour,22.6800000000,µg/m3,2017-01-30 07:00:00 +01:00,2017-01-30 08:00:00 +01:00,1,1
ES,ES.BDCA.AQD,NET_ES131A,STA_ES0125A,,SP_28079017_14_6,SPP_28079017_14_6.1,SAM_28079017_14_6,O3,http://dd.eionet.europa.eu/vocabulary/aq/pollutant/7,hour,15.1500000000,µg/m3,2017-01-30 08:00:00 +01:00,2017-01-30 09:00:00 +01:00,1,1
ES,ES.BDCA.AQD,NET_ES131A,STA_ES0125A,,SP_28079017_14_6,SPP_28079017_14_6.1,SAM_28079017_14_6,O3,http://dd.eionet.europa.eu/vocabulary/aq/pollutant/7,hour,13.1300000000,µg/m3,2017-01-30 09:00:00 +01:00,2017-01-30 10:00:00 +01:00,1,1
ES,ES.BDCA.AQD,NET_ES131A,STA_ES0125A,,SP_28079017_14_6,SPP_28079017_14_6.1,SAM_28079017_14_6,O3,http://dd.eionet.europa.eu/vocabulary/aq/pollutant/7,hour,18.5100000000,µg/m3,2017-01-30 10:00:00 +01:00,2017-01-30 11:00:00 +01:00,1,1
ES,ES.BDCA.AQD,NET_ES131A,STA_ES0125A,,SP_28079017_14_6,SPP_28079017_14_6.1,SAM_28079017_14_6,O3,http://dd.eionet.europa.eu/vocabulary/aq/pollutant/7,hour,25.5700000000,µg/m3,2017-01-30 11:00:00 +01:00,2017-01-30 12:00:00 +01:00,1,1
ES,ES.BDCA.AQD,NET_ES131A,STA_ES0125A,,SP_28079017_14_6,SPP_28079017_14_6.1,SAM_28079017_14_6,O3,http://dd.eionet.europa.eu/vocabulary/aq/pollutant/7,hour,23.3000000000,µg/m3,2017-01-30 12:00:00 +01:00,2017-01-30 13:00:00 +01:00,1,1
ES,ES.BDCA.AQD,NET_ES131A,STA_ES0125A,,SP_28079017_14_6,SPP_28079017_14_6.1,SAM_28079017_14_6,O3,http://dd.eionet.europa.eu/vocabulary/aq/pollutant/7,hour,31.3799999900,µg/m3,2017-01-30 13:00:00 +01:00,2017-01-30 14:00:00 +01:00,1,1
ES,ES.BDCA.AQD,NET_ES131A,STA_ES0125A,,SP_28079017_14_6,SPP_28079017_14_6.1,SAM_28079017_14_6,O3,http://dd.eionet.europa.eu/vocabulary/aq/pollutant/7,hour,32.6700000000,µg/m3,2017-01-30 14:00:00 +01:00,2017-01-30 15:00:00 +01:00,1,1
ES,ES.BDCA.AQD,NET_ES131A,STA_ES0125A,,SP_28079017_14_6,SPP_28079017_14_6.1,SAM_28079017_14_6,O3,http://dd.eionet.europa.eu/vocabulary/aq/pollutant/7,hour,,µg/m3,2017-01-30 15:00:00 +01:00,2017-01-30 16:00:00 +01:00,-1,1
ES,ES.BDCA.AQD,NET_ES131A,STA_ES0125A,,SP_28079017_14_6,SPP_28079017_14_6.1,SAM_28079017_14_6,O3,http://dd.eionet.europa.eu/vocabulary/aq/pollutant/7,hour,31.2600000000,µg/m3,2017-01-30 16:00:00 +01:00,2017-01-30 17:00:00 +01:00,1,1
ES,ES.BDCA.AQD,NET_ES131A,STA_ES0125A,,SP_28079017_14_6,SPP_28079017_14_6.1,SAM_28079017_14_6,O3,http://dd.eionet.europa.eu/vocabulary/aq/pollutant/7,hour,20.8200000000,µg/m3,2017-01-30 17:00:00 +01:00,2017-01-30 18:00:00 +01:00,1,1
ES,ES.BDCA.AQD,NET_ES131A,STA_ES0125A,,SP_28079017_14_6,SPP_28079017_14_6.1,SAM_28079017_14_6,O3,http://dd.eionet.europa.eu/vocabulary/aq/pollutant/7,hour,5.9800000000,µg/m3,2017-01-30 18:00:00 +01:00,2017-01-30 19:00:00 +01:00,1,1
ES,ES.BDCA.AQD,NET_ES131A,STA_ES0125A,,SP_28079017_14_6,SPP_28079017_14_6.1,SAM_28079017_14_6,O3,http://dd.eionet.europa.eu/vocabulary/aq/pollutant/7,hour,4.6799999900,µg/m3,2017-01-30 19:00:00 +01:00,2017-01-30 20:00:00 +01:00,1,1
ES,ES.BDCA.AQD,NET_ES131A,STA_ES0125A,,SP_28079017_14_6,SPP_28079017_14_6.1,SAM_28079017_14_6,O3,http://dd.eionet.europa.eu/vocabulary/aq/pollutant/7,hour,4.3300000000,µg/m3,2017-01-30 20:00:00 +01:00,2017-01-30 21:00:00 +01:00,1,1
ES,ES.BDCA.AQD,NET_ES131A,STA_ES0125A,,SP_28079017_14_6,SPP_28079017_14_6.1,SAM_28079017_14_6,O3,http://dd.eionet.europa.eu/vocabulary/aq/pollutant/7,hour,4.3499999900,µg/m3,2017-01-30 21:00:00 +01:00,2017-01-30 22:00:00 +01:00,1,1
ES,ES.BDCA.AQD,NET_ES131A,STA_ES0125A,,SP_28079017_14_6,SPP_28079017_14_6.1,SAM_28079017_14_6,O3,http://dd.eionet.europa.eu/vocabulary/aq/pollutant/7,hour,4.5499999900,µg/m3,2017-01-30 22:00:00 +01:00,2017-01-30 23:00:00 +01:00,1,1
ES,ES.BDCA.AQD,NET_ES131A,STA_ES0125A,,SP_28079017_14_6,SPP_28079017_14_6.1,SAM_28079017_14_6,O3,http://dd.eionet.europa.eu/vocabulary/aq/pollutant/7,hour,7.2599999900,µg/m3,2017-01-30 23:00:00 +01:00,2017-01-31 00:00:00 +01:00,1,1
ES,ES.BDCA.AQD,NET_ES131A,STA_ES0125A,,SP_28079017_14_6,SPP_28079017_14_6.1,SAM_28079017_14_6,O3,http://dd.eionet.europa.eu/vocabulary/aq/pollutant/7,hour,13.0399999900,µg/m3,2017-01-31 00:00:00 +01:00,2017-01-31 01:00:00 +01:00,1,1
ES,ES.BDCA.AQD,NET_ES131A,STA_ES0125A,,SP_28079017_14_6,SPP_28079017_14_6.1,SAM_28079017_14_6,O3,http://dd.eionet.europa.eu/vocabulary/aq/pollutant/7,hour,25.4899999900,µg/m3,2017-01-31 01:00:00 +01:00,2017-01-31 02:00:00 +01:00,1,1
ES,ES.BDCA.AQD,NET_ES131A,STA_ES0125A,,SP_28079017_14_6,SPP_28079017_14_6.1,SAM_28079017_14_6,O3,http://dd.eionet.europa.eu/vocabulary/aq/pollutant/7,hour,31.8999999900,µg/m3,2017-01-31 02:00:00 +01:00,2017-01-31 03:00:00 +01:00,1,1
ES,ES.BDCA.AQD,NET_ES131A,STA_ES0125A,,SP_28079017_14_6,SPP_28079017_14_6.1,SAM_28079017_14_6,O3,http://dd.eionet.europa.eu/vocabulary/aq/pollutant/7,hour,23.4100000000,µg/m3,2017-01-31 03:00:00 +01:00,2017-01-31 04:00:00 +01:00,1,1
ES,ES.BDCA.AQD,NET_ES131A,STA_ES0125A,,SP_28079017_14_6,SPP_28079017_14_6.1,SAM_28079017_14_6,O3,http://dd.eionet.europa.eu/vocabulary/aq/pollutant/7,hour,24.1600000000,µg/m3,2017-01-31 04:00:00 +01:00,2017-01-31 05:00:00 +01:00,1,1
ES,ES.BDCA.AQD,NET_ES131A,STA_ES0125A,,SP_28079017_14_6,SPP_28079017_14_6.1,SAM_28079017_14_6,O3,http://dd.eionet.europa.eu/vocabulary/aq/pollutant/7,hour,8.4399999900,µg/m3,2017-01-31 05:00:00 +01:00,2017-01-31 06:00:00 +01:00,1,1
ES,ES.BDCA.AQD,NET_ES131A,STA_ES0125A,,SP_28079017_14_6,SPP_28079017_14_6.1,SAM_28079017_14_6,O3,http://dd.eionet.europa.eu/vocabulary/aq/pollutant/7,hour,3.6099999900,µg/m3,2017-01-31 06:00:00 +01:00,2017-01-31 07:00:00 +01:00,1,1
ES,ES.BDCA.AQD,NET_ES131A,STA_ES0125A,,SP_28079017_14_6,SPP_28079017_14_6.1,SAM_28079017_14_6,O3,http://dd.eionet.europa.eu/vocabulary/aq/pollutant/7,hour,3.3399999900,µg/m3,2017-01-31 07:00:00 +01:00,2017-01-31 08:00:00 +01:00,1,1
ES,ES.BDCA.AQD,NET_ES131A,STA_ES0125A,,SP_28079017_14_6,SPP_28079017_14_6.1,SAM_28079017_14_6,O3,http://dd.eionet.europa.eu/vocabulary/aq/pollutant/7,hour,2.9400000000,µg/m3,2017-01-31 08:00:00 +01:00,2017-01-31 09:00:00 +01:00,1,1
ES,ES.BDCA.AQD,NET_ES131A,STA_ES0125A,,SP_28079017_14_6,SPP_28079017_14_6.1,SAM_28079017_14_6,O3,http://dd.eionet.europa.eu/vocabulary/aq/pollutant/7,hour,3.3700000000,µg/m3,2017-01-31 09:00:00 +01:00,2017-01-31 10:00:00 +01:00,1,1
ES,ES.BDCA.AQD,NET_ES131A,STA_ES0125A,,SP_28079017_14_6,SPP_28079017_14_6.1,SAM_28079017_14_6,O3,http://dd.eionet.europa.eu/vocabulary/aq/pollutant/7,hour,4.9500000000,µg/m3,2017-01-31 10:00:00 +01:00,2017-01-31 11:00:00 +01:00,1,1
ES,ES.BDCA.AQD,NET_ES131A,STA_ES0125A,,SP_28079017_14_6,SPP_28079017_14_6.1,SAM_28079017_14_6,O3,http://dd.eionet.europa.eu/vocabulary/aq/pollutant/7,hour,12.8300000000,µg/m3,2017-01-31 11:00:00 +01:00,2017-01-31 12:00:00 +01:00,1,1
ES,ES.BDCA.AQD,NET_ES131A,STA_ES0125A,,SP_28079017_14_6,SPP_28079017_14_6.1,SAM_28079017_14_6,O3,http://dd.eionet.europa.eu/vocabulary/aq/pollutant/7,hour,29.5500000000,µg/m3,2017-01-31 12:00:00 +01:00,2017-01-31 13:00:00 +01:00,1,1
ES,ES.BDCA.AQD,NET_ES131A,STA_ES0125A,,SP_28079017_14_6,SPP_28079017_14_6.1,SAM_28079017_14_6,O3,http://dd.eionet.europa.eu/vocabulary/aq/pollutant/7,hour,,µg/m3,2017-01-31 13:00:00 +01:00,2017-01-31 14:00:00 +01:00,-1,1
ES,ES.BDCA.AQD,NET_ES131A,STA_ES0125A,,SP_28079017_14_6,SPP_28079017_14_6.1,SAM_28079017_14_6,O3,http://dd.eionet.europa.eu/vocabulary/aq/pollutant/7,hour,,µg/m3,2017-01-31 14:00:00 +01:00,2017-01-31 15:00:00 +01:00,-1,1
ES,ES.BDCA.AQD,NET_ES131A,STA_ES0125A,,SP_28079017_14_6,SPP_28079017_14_6.1,SAM_28079017_14_6,O3,http://dd.eionet.europa.eu/vocabulary/aq/pollutant/7,hour,45.0799999900,µg/m3,2017-01-31 15:00:00 +01:00,2017-01-31 16:00:00 +01:00,1,1
ES,ES.BDCA.AQD,NET_ES131A,STA_ES0125A,,SP_28079017_14_6,SPP_28079017_14_6.1,SAM_28079017_14_6,O3,http://dd.eionet.europa.eu/vocabulary/aq/pollutant/7,hour,50.2400000000,µg/m3,2017-01-31 16:00:00 +01:00,2017-01-31 17:00:00 +01:00,1,1
ES,ES.BDCA.AQD,NET_ES131A,STA_ES0125A,,SP_28079017_14_6,SPP_28079017_14_6.1,SAM_28079017_14_6,O3,http://dd.eionet.europa.eu/vocabulary/aq/pollutant/7,hour,45.5799999900,µg/m3,2017-01-31 17:00:00 +01:00,2017-01-31 18:00:00 +01:00,1,1
ES,ES.BDCA.AQD,NET_ES131A,STA_ES0125A,,SP_28079017_14_6,SPP_28079017_14_6.1,SAM_28079017_14_6,O3,http://dd.eionet.europa.eu/vocabulary/aq/pollutant/7,hour,21.8900000000,µg/m3,2017-01-31 18:00:00 +01:00,2017-01-31 19:00:00 +01:00,1,1
ES,ES.BDCA.AQD,NET_ES131A,STA_ES0125A,,SP_28079017_14_6,SPP_28079017_14_6.1,SAM_28079017_14_6,O3,http://dd.eionet.europa.eu/vocabulary/aq/pollutant/7,hour,3.5400000000,µg/m3,2017-01-31 19:00:00 +01:00,2017-01-31 20:00:00 +01:00,1,1
ES,ES.BDCA.AQD,NET_ES131A,STA_ES0125A,,SP_28079017_14_6,SPP_28079017_14_6.1,SAM_28079017_14_6,O3,http://dd.eionet.europa.eu/vocabulary/aq/pollutant/7,hour,3.2400000000,µg/m3,2017-01-31 20:00:00 +01:00,2017-01-31 21:00:00 +01:00,1,1
ES,ES.BDCA.AQD,NET_ES131A,STA_ES0125A,,SP_28079017_14_6,SPP_28079017_14_6.1,SAM_28079017_14_6,O3,http://dd.eionet.europa.eu/vocabulary/aq/pollutant/7,hour,3.4100000000,µg/m3,2017-01-31 21:00:00 +01:00,2017-01-31 22:00:00 +01:00,1,1
ES,ES.BDCA.AQD,NET_ES131A,STA_ES0125A,,SP_28079017_14_6,SPP_28079017_14_6.1,SAM_28079017_14_6,O3,http://dd.eionet.europa.eu/vocabulary/aq/pollutant/7,hour,2.9300000000,µg/m3,2017-01-31 22:00:00 +01:00,2017-01-31 23:00:00 +01:00,1,1
ES,ES.BDCA.AQD,NET_ES131A,STA_ES0125A,,SP_28079017_14_6,SPP_28079017_14_6.1,SAM_28079017_14_6,O3,http://dd.eionet.europa.eu/vocabulary/aq/pollutant/7,hour,2.4199999900,µg/m3,2017-01-31 23:00:00 +01:00,2017-02-01 00:00:00 +01:00,1,1
ES,ES.BDCA.AQD,NET_ES131A,STA_ES0125A,,SP_28079017_14_6,SPP_28079017_14_6.1,SAM_28079017_14_6,O3,http://dd.eionet.europa.eu/vocabulary/aq/pollutant/7,hour,2.6499999900,µg/m3,2017-02-01 00:00:00 +01:00,2017-02-01 01:00:00 +01:00,1,1
ES,ES.BDCA.AQD,NET_ES131A,STA_ES0125A,,SP_28079017_14_6,SPP_28079017_14_6.1,SAM_28079017_14_6,O3,http://dd.eionet.europa.eu/vocabulary/aq/pollutant/7,hour,3.0200000000,µg/m3,2017-02-01 01:00:00 +01:00,2017-02-01 02:00:00 +01:00,1,1
ES,ES.BDCA.AQD,NET_ES131A,STA_ES0125A,,SP_28079017_14_6,SPP_28079017_14_6.1,SAM_28079017_14_6,O3,http://dd.eionet.europa.eu/vocabulary/aq/pollutant/7,hour,2.7599999900,µg/m3,2017-02-01 02:00:00 +01:00,2017-02-01 03:00:00 +01:00,1,1
ES,ES.BDCA.AQD,NET_ES131A,STA_ES0125A,,SP_28079017_14_6,SPP_28079017_14_6.1,SAM_28079017_14_6,O3,http://dd.eionet.europa.eu/vocabulary/aq/pollutant/7,hour,2.0200000000,µg/m3,2017-02-01 03:00:00 +01:00,2017-02-01 04:00:00 +01:00,1,1
ES,ES.BDCA.AQD,NET_ES131A,STA_ES0125A,,SP_28079017_14_6,SPP_28079017_14_6.1,SAM_28079017_14_6,O3,http://dd.eionet.europa.eu/vocabulary/aq/pollutant/7,hour,2.2599999900,µg/m3,2017-02-01 04:00:00 +01:00,2017-02-01 05:00:00 +01:00,1,1
ES,ES.BDCA.AQD,NET_ES131A,STA_ES0125A,,SP_28079017_14_6,SPP_28079017_14_6.1,SAM_28079017_14_6,O3,http://dd.eionet.europa.eu/vocabulary/aq/pollutant/7,hour,2.4500000000,µg/m3,2017-02-01 05:00:00 +01:00,2017-02-01 06:00:00 +01:00,1,1
ES,ES.BDCA.AQD,NET_ES131A,STA_ES0125A,,SP_28079017_14_6,SPP_28079017_14_6.1,SAM_28079017_14_6,O3,http://dd.eionet.europa.eu/vocabulary/aq/pollutant/7,hour,2.3900000000,µg/m3,2017-02-01 06:00:00 +01:00,2017-02-01 07:00:00 +01:00,1,1
ES,ES.BDCA.AQD,NET_ES131A,STA_ES0125A,,SP_28079017_14_6,SPP_28079017_14_6.1,SAM_28079017_14_6,O3,http://dd.eionet.europa.eu/vocabulary/aq/pollutant/7,hour,2.5400000000,µg/m3,2017-02-01 07:00:00 +01:00,2017-02-01 08:00:00 +01:00,1,1
ES,ES.BDCA.AQD,NET_ES131A,STA_ES0125A,,SP_28079017_14_6,SPP_28079017_14_6.1,SAM_28079017_14_6,O3,http://dd.eionet.europa.eu/vocabulary/aq/pollutant/7,hour,2.4300000000,µg/m3,2017-02-01 08:00:00 +01:00,2017-02-01 09:00:00 +01:00,1,1
ES,ES.BDCA.AQD,NET_ES131A,STA_ES0125A,,SP_28079017_14_6,SPP_28079017_14_6.1,SAM_28079017_14_6,O3,http://dd.eionet.europa.eu/vocabulary/aq/pollutant/7,hour,2.7000000000,µg/m3,2017-02-01 09:00:00 +01:00,2017-02-01 10:00:00 +01:00,1,1
ES,ES.BDCA.AQD,NET_ES131A,STA_ES0125A,,SP_28079017_14_6,SPP_28079017_14_6.1,SAM_28079017_14_6,O3,http://dd.eionet.europa.eu/vocabulary/aq/pollutant/7,hour,3.2900000000,µg/m3,2017-02-01 10:00:00 +01:00,2017-02-01 11:00:00 +01:00,1,1
ES,ES.BDCA.AQD,NET_ES131A,STA_ES0125A,,SP_28079017_14_6,SPP_28079017_14_6.1,SAM_28079017_14_6,O3,http://dd.eionet.europa.eu/vocabulary/aq/pollutant/7,hour,3.8700000000,µg/m3,2017-02-01 11:00:00 +01:00,2017-02-01 12:00:00 +01:00,1,1
ES,ES.BDCA.AQD,NET_ES131A,STA_ES0125A,,SP_28079017_14_6,SPP_28079017_14_6.1,SAM_28079017_14_6,O3,http://dd.eionet.europa.eu/vocabulary/aq/pollutant/7,hour,7.6900000000,µg/m3,2017-02-01 12:00:00 +01:00,2017-02-01 13:00:00 +01:00,1,1
ES,ES.BDCA.AQD,NET_ES131A,STA_ES0125A,,SP_28079017_14_6,SPP_28079017_14_6.1,SAM_28079017_14_6,O3,http://dd.eionet.europa.eu/vocabulary/aq/pollutant/7,hour,,µg/m3,2017-02-01 13:00:00 +01:00,2017-02-01 14:00:00 +01:00,-1,1
ES,ES.BDCA.AQD,NET_ES131A,STA_ES0125A,,SP_28079017_14_6,SPP_28079017_14_6.1,SAM_28079017_14_6,O3,http://dd.eionet.europa.eu/vocabulary/aq/pollutant/7,hour,11.2799999900,µg/m3,2017-02-01 14:00:00 +01:00,2017-02-01 15:00:00 +01:00,1,1
ES,ES.BDCA.AQD,NET_ES131A,STA_ES0125A,,SP_28079017_14_6,SPP_28079017_14_6.1,SAM_28079017_14_6,O3,http://dd.eionet.europa.eu/vocabulary/aq/pollutant/7,hour,9.6400000000,µg/m3,2017-02-01 15:00:00 +01:00,2017-02-01 16:00:00 +01:00,1,1
ES,ES.BDCA.AQD,NET_ES131A,STA_ES0125A,,SP_28079017_14_6,SPP_28079017_14_6.1,SAM_28079017_14_6,O3,http://dd.eionet.europa.eu/vocabulary/aq/pollutant/7,hour,4.4500000000,µg/m3,2017-02-01 16:00:00 +01:00,2017-02-01 17:00:00 +01:00,1,1
ES,ES.BDCA.AQD,NET_ES131A,STA_ES0125A,,SP_28079017_14_6,SPP_28079017_14_6.1,SAM_28079017_14_6,O3,http://dd.eionet.europa.eu/vocabulary/aq/pollutant/7,hour,9.5600000000,µg/m3,2017-02-01 17:00:00 +01:00,2017-02-01 18:00:00 +01:00,1,1
ES,ES.BDCA.AQD,NET_ES131A,STA_ES0125A,,SP_28079017_14_6,SPP_28079017_14_6.1,SAM_28079017_14_6,O3,http://dd.eionet.europa.eu/vocabulary/aq/pollutant/7,hour,5.5999999900,µg/m3,2017-02-01 18:00:00 +01:00,2017-02-01 19:00:00 +01:00,1,1
ES,ES.BDCA.AQD,NET_ES131A,STA_ES0125A,,SP_28079017_14_6,SPP_28079017_14_6.1,SAM_28079017_14_6,O3,http://dd.eionet.europa.eu/vocabulary/aq/pollutant/7,hour,3.0200000000,µg/m3,2017-02-01 19:00:00 +01:00,2017-02-01 20:00:00 +01:00,1,1
ES,ES.BDCA.AQD,NET_ES131A,STA_ES0125A,,SP_28079017_14_6,SPP_28079017_14_6.1,SAM_28079017_14_6,O3,http://dd.eionet.europa.eu/vocabulary/aq/pollutant/7,hour,4.6200000000,µg/m3,2017-02-01 20:00:00 +01:00,2017-02-01 21:00:00 +01:00,1,1
ES,ES.BDCA.AQD,NET_ES131A,STA_ES0125A,,SP_28079017_14_6,SPP_28079017_14_6.1,SAM_28079017_14_6,O3,http://dd.eionet.europa.eu/vocabulary/aq/pollutant/7,hour,11.3800000000,µg/m3,2017-02-01 21:00:00 +01:00,2017-02-01 22:00:00 +01:00,1,1
ES,ES.BDCA.AQD,NET_ES131A,STA_ES0125A,,SP_28079017_14_6,SPP_28079017_14_6.1,SAM_28079017_14_6,O3,http://dd.eionet.europa.eu/vocabulary/aq/pollutant/7,hour,37.1099999900,µg/m3,2017-02-01 22:00:00 +01:00,2017-02-01 23:00:00 +01:00,1,1
ES,ES.BDCA.AQD,NET_ES131A,STA_ES0125A,,SP_28079017_14_6,SPP_28079017_14_6.1,SAM_28079017_14_6,O3,http://dd.eionet.europa.eu/vocabulary/aq/pollutant/7,hour,45.9200000000,µg/m3,2017-02-01 23:00:00 +01:00,2017-02-02 00:00:00 +01:00,1,1
ES,ES.BDCA.AQD,NET_ES131A,STA_ES0125A,,SP_28079017_14_6,SPP_28079017_14_6.1,SAM_28079017_14_6,O3,http://dd.eionet.europa.eu/vocabulary/aq/pollutant/7,hour,36.6899999900,µg/m3,2017-02-02 00:00:00 +01:00,2017-02-02 01:00:00 +01:00,1,1
ES,ES.BDCA.AQD,NET_ES131A,STA_ES0125A,,SP_28079017_14_6,SPP_28079017_14_6.1,SAM_28079017_14_6,O3,http://dd.eionet.europa.eu/vocabulary/aq/pollutant/7,hour,30.8700000000,µg/m3,2017-02-02 01:00:00 +01:00,2017-02-02 02:00:00 +01:00,1,1
ES,ES.BDCA.AQD,NET_ES131A,STA_ES0125A,,SP_28079017_14_6,SPP_28079017_14_6.1,SAM_28079017_14_6,O3,http://dd.eionet.europa.eu/vocabulary/aq/pollutant/7,hour,28.1000000000,µg/m3,2017-02-02 02:00:00 +01:00,2017-02-02 03:00:00 +01:00,1,1
ES,ES.BDCA.AQD,NET_ES131A,STA_ES0125A,,SP_28079017_14_6,SPP_28079017_14_6.1,SAM_28079017_14_6,O3,http://dd.eionet.europa.eu/vocabulary/aq/pollutant/7,hour,44.2100000000,µg/m3,2017-02-02 03:00:00 +01:00,2017-02-02 04:00:00 +01:00,1,1
ES,ES.BDCA.AQD,NET_ES131A,STA_ES0125A,,SP_28079017_14_6,SPP_28079017_14_6.1,SAM_28079017_14_6,O3,http://dd.eionet.europa.eu/vocabulary/aq/pollutant/7,hour,47.4799999900,µg/m3,2017-02-02 04:00:00 +01:00,2017-02-02 05:00:00 +01:00,1,1
ES,ES.BDCA.AQD,NET_ES131A,STA_ES0125A,,SP_28079017_14_6,SPP_28079017_14_6.1,SAM_28079017_14_6,O3,http://dd.eionet.europa.eu/vocabulary/aq/pollutant/7,hour,44.0200000000,µg/m3,2017-02-02 05:00:00 +01:00,2017-02-02 06:00:00 +01:00,1,1
ES,ES.BDCA.AQD,NET_ES131A,STA_ES0125A,,SP_28079017_14_6,SPP_28079017_14_6.1,SAM_28079017_14_6,O3,http://dd.eionet.europa.eu/vocabulary/aq/pollutant/7,hour,35.0300000000,µg/m3,2017-02-02 06:00:00 +01:00,2017-02-02 07:00:00 +01:00,1,1
ES,ES.BDCA.AQD,NET_ES131A,STA_ES0125A,,SP_28079017_14_6,SPP_28079017_14_6.1,SAM_28079017_14_6,O3,http://dd.eionet.europa.eu/vocabulary/aq/pollutant/7,hour,27.6700000000,µg/m3,2017-02-02 07:00:00 +01:00,2017-02-02 08:00:00 +01:00,1,1
ES,ES.BDCA.AQD,NET_ES131A,STA_ES0125A,,SP_28079017_14_6,SPP_28079017_14_6.1,SAM_28079017_14_6,O3,http://dd.eionet.europa.eu/vocabulary/aq/pollutant/7,hour,10.4000000000,µg/m3,2017-02-02 08:00:00 +01:00,2017-02-02 09:00:00 +01:00,1,1
ES,ES.BDCA.AQD,NET_ES131A,STA_ES0125A,,SP_28079017_14_6,SPP_28079017_14_6.1,SAM_28079017_14_6,O3,http://dd.eionet.europa.eu/vocabulary/aq/pollutant/7,hour,5.1900000000,µg/m3,2017-02-02 09:00:00 +01:00,2017-02-02 10:00:00 +01:00,1,1
ES,ES.BDCA.AQD,NET_ES131A,STA_ES0125A,,SP_28079017_14_6,SPP_28079017_14_6.1,SAM_28079017_14_6,O3,http://dd.eionet.europa.eu/vocabulary/aq/pollutant/7,hour,14.3300000000,µg/m3,2017-02-02 10:00:00 +01:00,2017-02-02 11:00:00 +01:00,1,1
ES,ES.BDCA.AQD,NET_ES131A,STA_ES0125A,,SP_28079017_14_6,SPP_28079017_14_6.1,SAM_28079017_14_6,O3,http://dd.eionet.europa.eu/vocabulary/aq/pollutant/7,hour,15.8300000000,µg/m3,2017-02-02 11:00:00 +01:00,2017-02-02 12:00:00 +01:00,1,1
ES,ES.BDCA.AQD,NET_ES131A,STA_ES0125A,,SP_28079017_14_6,SPP_28079017_14_6.1,SAM_28079017_14_6,O3,http://dd.eionet.europa.eu/vocabulary/aq/pollutant/7,hour,,µg/m3,2017-02-02 12:00:00 +01:00,2017-02-02 13:00:00 +01:00,-1,1
ES,ES.BDCA.AQD,NET_ES131A,STA_ES0125A,,SP_28079017_14_6,SPP_28079017_14_6.1,SAM_28079017_14_6,O3,http://dd.eionet.europa.eu/vocabulary/aq/pollutant/7,hour,47.1800000000,µg/m3,2017-02-02 13:00:00 +01:00,2017-02-02 14:00:00 +01:00,1,1
ES,ES.BDCA.AQD,NET_ES131A,STA_ES0125A,,SP_28079017_14_6,SPP_28079017_14_6.1,SAM_28079017_14_6,O3,http://dd.eionet.europa.eu/vocabulary/aq/pollutant/7,hour,45.2400000000,µg/m3,2017-02-02 14:00:00 +01:00,2017-02-02 15:00:00 +01:00,1,1
ES,ES.BDCA.AQD,NET_ES131A,STA_ES0125A,,SP_28079017_14_6,SPP_28079017_14_6.1,SAM_28079017_14_6,O3,http://dd.eionet.europa.eu/vocabulary/aq/pollutant/7,hour,56.7000000000,µg/m3,2017-02-02 15:00:00 +01:00,2017-02-02 16:00:00 +01:00,1,1
ES,ES.BDCA.AQD,NET_ES131A,STA_ES0125A,,SP_28079017_14_6,SPP_28079017_14_6.1,SAM_28079017_14_6,O3,http://dd.eionet.europa.eu/vocabulary/aq/pollutant/7,hour,56.0399999900,µg/m3,2017-02-02 16:00:00 +01:00,2017-02-02 17:00:00 +01:00,1,1
ES,ES.BDCA.AQD,NET_ES131A,STA_ES0125A,,SP_28079017_14_6,SPP_28079017_14_6.1,SAM_28079017_14_6,O3,http://dd.eionet.europa.eu/vocabulary/aq/pollutant/7,hour,59.5799999900,µg/m3,2017-02-02 17:00:00 +01:00,2017-02-02 18:00:00 +01:00,1,1
ES,ES.BDCA.AQD,NET_ES131A,STA_ES0125A,,SP_28079017_14_6,SPP_28079017_14_6.1,SAM_28079017_14_6,O3,http://dd.eionet.europa.eu/vocabulary/aq/pollutant/7,hour,48.1499999900,µg/m3,2017-02-02 18:00:00 +01:00,2017-02-02 19:00:00 +01:00,1,1
ES,ES.BDCA.AQD,NET_ES131A,STA_ES0125A,,SP_28079017_14_6,SPP_28079017_14_6.1,SAM_28079017_14_6,O3,http://dd.eionet.europa.eu/vocabulary/aq/pollutant/7,hour,20.9300000000,µg/m3,2017-02-02 19:00:00 +01:00,2017-02-02 20:00:00 +01:00,1,1
ES,ES.BDCA.AQD,NET_ES131A,STA_ES0125A,,SP_28079017_14_6,SPP_28079017_14_6.1,SAM_28079017_14_6,O3,http://dd.eionet.europa.eu/vocabulary/aq/pollutant/7,hour,7.2800000000,µg/m3,2017-02-02 20:00:00 +01:00,2017-02-02 21:00:00 +01:00,1,1
ES,ES.BDCA.AQD,NET_ES131A,STA_ES0125A,,SP_28079017_14_6,SPP_28079017_14_6.1,SAM_28079017_14_6,O3,http://dd.eionet.europa.eu/vocabulary/aq/pollutant/7,hour,19.1700000000,µg/m3,2017-02-02 21:00:00 +01:00,2017-02-02 22:00:00 +01:00,1,1
ES,ES.BDCA.AQD,NET_ES131A,STA_ES0125A,,SP_28079017_14_6,SPP_28079017_14_6.1,SAM_28079017_14_6,O3,http://dd.eionet.europa.eu/vocabulary/aq/pollutant/7,hour,28.6099999900,µg/m3,2017-02-02 22:00:00 +01:00,2017-02-02 23:00:00 +01:00,1,1
ES,ES.BDCA.AQD,NET_ES131A,STA_ES0125A,,SP_28079017_14_6,SPP_28079017_14_6.1,SAM_28079017_14_6,O3,http://dd.eionet.europa.eu/vocabulary/aq/pollutant/7,hour,46.7599999900,µg/m3,2017-02-02 23:00:00 +01:00,2017-02-03 00:00:00 +01:00,1,1
ES,ES.BDCA.AQD,NET_ES131A,STA_ES0125A,,SP_28079017_14_6,SPP_28079017_14_6.1,SAM_28079017_14_6,O3,http://dd.eionet.europa.eu/vocabulary/aq/pollutant/7,hour,61.4900000000,µg/m3,2017-02-03 00:00:00 +01:00,2017-02-03 01:00:00 +01:00,1,1
ES,ES.BDCA.AQD,NET_ES131A,STA_ES0125A,,SP_28079017_14_6,SPP_28079017_14_6.1,SAM_28079017_14_6,O3,http://dd.eionet.europa.eu/vocabulary/aq/pollutant/7,hour,56.8999999900,µg/m3,2017-02-03 01:00:00 +01:00,2017-02-03 02:00:00 +01:00,1,1
ES,ES.BDCA.AQD,NET_ES131A,STA_ES0125A,,SP_28079017_14_6,SPP_28079017_14_6.1,SAM_28079017_14_6,O3,http://dd.eionet.europa.eu/vocabulary/aq/pollutant/7,hour,66.9200000000,µg/m3,2017-02-03 02:00:00 +01:00,2017-02-03 03:00:00 +01:00,1,1
ES,ES.BDCA.AQD,NET_ES131A,STA_ES0125A,,SP_28079017_14_6,SPP_28079017_14_6.1,SAM_28079017_14_6,O3,http://dd.eionet.europa.eu/vocabulary/aq/pollutant/7,hour,51.5200000000,µg/m3,2017-02-03 03:00:00 +01:00,2017-02-03 04:00:00 +01:00,1,1
ES,ES.BDCA.AQD,NET_ES131A,STA_ES0125A,,SP_28079017_14_6,SPP_28079017_14_6.1,SAM_28079017_14_6,O3,http://dd.eionet.europa.eu/vocabulary/aq/pollutant/7,hour,49.1800000000,µg/m3,2017-02-03 04:00:00 +01:00,2017-02-03 05:00:00 +01:00,1,1
ES,ES.BDCA.AQD,NET_ES131A,STA_ES0125A,,SP_28079017_14_6,SPP_28079017_14_6.1,SAM_28079017_14_6,O3,http://dd.eionet.europa.eu/vocabulary/aq/pollutant/7,hour,49.8299999900,µg/m3,2017-02-03 05:00:00 +01:00,2017-02-03 06:00:00 +01:00,1,1
ES,ES.BDCA.AQD,NET_ES131A,STA_ES0125A,,SP_28079017_14_6,SPP_28079017_14_6.1,SAM_28079017_14_6,O3,http://dd.eionet.europa.eu/vocabulary/aq/pollutant/7,hour,43.2400000000,µg/m3,2017-02-03 06:00:00 +01:00,2017-02-03 07:00:00 +01:00,1,1
ES,ES.BDCA.AQD,NET_ES131A,STA_ES0125A,,SP_28079017_14_6,SPP_28079017_14_6.1,SAM_28079017_14_6,O3,http://dd.eionet.europa.eu/vocabulary/aq/pollutant/7,hour,46.3900000000,µg/m3,2017-02-03 07:00:00 +01:00,2017-02-03 08:00:00 +01:00,1,1
ES,ES.BDCA.AQD,NET_ES131A,STA_ES0125A,,SP_28079017_14_6,SPP_28079017_14_6.1,SAM_28079017_14_6,O3,http://dd.eionet.europa.eu/vocabulary/aq/pollutant/7,hour,40.3900000000,µg/m3,2017-02-03 08:00:00 +01:00,2017-02-03 09:00:00 +01:00,1,1
ES,ES.BDCA.AQD,NET_ES131A,STA_ES0125A,,SP_28079017_14_6,SPP_28079017_14_6.1,SAM_28079017_14_6,O3,http://dd.eionet.europa.eu/vocabulary/aq/pollutant/7,hour,50.2199999900,µg/m3,2017-02-03 09:00:00 +01:00,2017-02-03 10:00:00 +01:00,1,1
ES,ES.BDCA.AQD,NET_ES131A,STA_ES0125A,,SP_28079017_14_6,SPP_28079017_14_6.1,SAM_28079017_14_6,O3,http://dd.eionet.europa.eu/vocabulary/aq/pollutant/7,hour,54.5200000000,µg/m3,2017-02-03 10:00:00 +01:00,2017-02-03 11:00:00 +01:00,1,1
ES,ES.BDCA.AQD,NET_ES131A,STA_ES0125A,,SP_28079017_14_6,SPP_28079017_14_6.1,SAM_28079017_14_6,O3,http://dd.eionet.europa.eu/vocabulary/aq/pollutant/7,hour,,µg/m3,2017-02-03 11:00:00 +01:00,2017-02-03 12:00:00 +01:00,-1,1
ES,ES.BDCA.AQD,NET_ES131A,STA_ES0125A,,SP_28079017_14_6,SPP_28079017_14_6.1,SAM_28079017_14_6,O3,http://dd.eionet.europa.eu/vocabulary/aq/pollutant/7,hour,59.3800000000,µg/m3,2017-02-03 12:00:00 +01:00,2017-02-03 13:00:00 +01:00,1,1
ES,ES.BDCA.AQD,NET_ES131A,STA_ES0125A,,SP_28079017_14_6,SPP_28079017_14_6.1,SAM_28079017_14_6,O3,http://dd.eionet.europa.eu/vocabulary/aq/pollutant/7,hour,61.0600000000,µg/m3,2017-02-03 13:00:00 +01:00,2017-02-03 14:00:00 +01:00,1,1
ES,ES.BDCA.AQD,NET_ES131A,STA_ES0125A,,SP_28079017_14_6,SPP_28079017_14_6.1,SAM_28079017_14_6,O3,http://dd.eionet.europa.eu/vocabulary/aq/pollutant/7,hour,39.6700000000,µg/m3,2017-02-03 14:00:00 +01:00,2017-02-03 15:00:00 +01:00,1,1
ES,ES.BDCA.AQD,NET_ES131A,STA_ES0125A,,SP_28079017_14_6,SPP_28079017_14_6.1,SAM_28079017_14_6,O3,http://dd.eionet.europa.eu/vocabulary/aq/pollutant/7,hour,40.6000000000,µg/m3,2017-02-03 15:00:00 +01:00,2017-02-03 16:00:00 +01:00,1,1
ES,ES.BDCA.AQD,NET_ES131A,STA_ES0125A,,SP_28079017_14_6,SPP_28079017_14_6.1,SAM_28079017_14_6,O3,http://dd.eionet.europa.eu/vocabulary/aq/pollutant/7,hour,57.4099999900,µg/m3,2017-02-03 16:00:00 +01:00,2017-02-03 17:00:00 +01:00,1,1
ES,ES.BDCA.AQD,NET_ES131A,STA_ES0125A,,SP_28079017_14_6,SPP_28079017_14_6.1,SAM_28079017_14_6,O3,http://dd.eionet.europa.eu/vocabulary/aq/pollutant/7,hour,59.3500000000,µg/m3,2017-02-03 17:00:00 +01:00,2017-02-03 18:00:00 +01:00,1,1
ES,ES.BDCA.AQD,NET_ES131A,STA_ES0125A,,SP_28079017_14_6,SPP_28079017_14_6.1,SAM_28079017_14_6,O3,http://dd.eionet.europa.eu/vocabulary/aq/pollutant/7,hour,43.2599999900,µg/m3,2017-02-03 18:00:00 +01:00,2017-02-03 19:00:00 +01:00,1,1
ES,ES.BDCA.AQD,NET_ES131A,STA_ES0125A,,SP_28079017_14_6,SPP_28079017_14_6.1,SAM_28079017_14_6,O3,http://dd.eionet.europa.eu/vocabulary/aq/pollutant/7,hour,43.3400000000,µg/m3,2017-02-03 19:00:00 +01:00,2017-02-03 20:00:00 +01:00,1,1
ES,ES.BDCA.AQD,NET_ES131A,STA_ES0125A,,SP_28079017_14_6,SPP_28079017_14_6.1,SAM_28079017_14_6,O3,http://dd.eionet.europa.eu/vocabulary/aq/pollutant/7,hour,55.1899999900,µg/m3,2017-02-03 20:00:00 +01:00,2017-02-03 21:00:00 +01:00,1,1
ES,ES.BDCA.AQD,NET_ES131A,STA_ES0125A,,SP_28079017_14_6,SPP_28079017_14_6.1,SAM_28079017_14_6,O3,http://dd.eionet.europa.eu/vocabulary/aq/pollutant/7,hour,61.7800000000,µg/m3,2017-02-03 21:00:00 +01:00,2017-02-03 22:00:00 +01:00,1,1
ES,ES.BDCA.AQD,NET_ES131A,STA_ES0125A,,SP_28079017_14_6,SPP_28079017_14_6.1,SAM_28079017_14_6,O3,http://dd.eionet.europa.eu/vocabulary/aq/pollutant/7,hour,64.2699999900,µg/m3,2017-02-03 22:00:00 +01:00,2017-02-03 23:00:00 +01:00,1,1
ES,ES.BDCA.AQD,NET_ES131A,STA_ES0125A,,SP_28079017_14_6,SPP_28079017_14_6.1,SAM_28079017_14_6,O3,http://dd.eionet.europa.eu/vocabulary/aq/pollutant/7,hour,67.5999999900,µg/m3,2017-02-03 23:00:00 +01:00,2017-02-04 00:00:00 +01:00,1,1
ES,ES.BDCA.AQD,NET_ES131A,STA_ES0125A,,SP_28079017_14_6,SPP_28079017_14_6.1,SAM_28079017_14_6,O3,http://dd.eionet.europa.eu/vocabulary/aq/pollutant/7,hour,68.0300000000,µg/m3,2017-02-04 00:00:00 +01:00,2017-02-04 01:00:00 +01:00,1,1
ES,ES.BDCA.AQD,NET_ES131A,STA_ES0125A,,SP_28079017_14_6,SPP_28079017_14_6.1,SAM_28079017_14_6,O3,http://dd.eionet.europa.eu/vocabulary/aq/pollutant/7,hour,74.6400000000,µg/m3,2017-02-04 01:00:00 +01:00,2017-02-04 02:00:00 +01:00,1,1
ES,ES.BDCA.AQD,NET_ES131A,STA_ES0125A,,SP_28079017_14_6,SPP_28079017_14_6.1,SAM_28079017_14_6,O3,http://dd.eionet.europa.eu/vocabulary/aq/pollutant/7,hour,75.1800000000,µg/m3,2017-02-04 02:00:00 +01:00,2017-02-04 03:00:00 +01:00,1,1
ES,ES.BDCA.AQD,NET_ES131A,STA_ES0125A,,SP_28079017_14_6,SPP_28079017_14_6.1,SAM_28079017_14_6,O3,http://dd.eionet.europa.eu/vocabulary/aq/pollutant/7,hour,76.0400000000,µg/m3,2017-02-04 03:00:00 +01:00,2017-02-04 04:00:00 +01:00,1,1
ES,ES.BDCA.AQD,NET_ES131A,STA_ES0125A,,SP_28079017_14_6,SPP_28079017_14_6.1,SAM_28079017_14_6,O3,http://dd.eionet.europa.eu/vocabulary/aq/pollutant/7,hour,70.0799999900,µg/m3,2017-02-04 04:00:00 +01:00,2017-02-04 05:00:00 +01:00,1,1
ES,ES.BDCA.AQD,NET_ES131A,STA_ES0125A,,SP_28079017_14_6,SPP_28079017_14_6.1,SAM_28079017_14_6,O3,http://dd.eionet.europa.eu/vocabulary/aq/pollutant/7,hour,67.8900000000,µg/m3,2017-02-04 05:00:00 +01:00,2017-02-04 06:00:00 +01:00,1,1
ES,ES.BDCA.AQD,NET_ES131A,STA_ES0125A,,SP_28079017_14_6,SPP_28079017_14_6.1,SAM_28079017_14_6,O3,http://dd.eionet.europa.eu/vocabulary/aq/pollutant/7,hour,62.9799999900,µg/m3,2017-02-04 06:00:00 +01:00,2017-02-04 07:00:00 +01:00,1,1
ES,ES.BDCA.AQD,NET_ES131A,STA_ES0125A,,SP_28079017_14_6,SPP_28079017_14_6.1,SAM_28079017_14_6,O3,http://dd.eionet.europa.eu/vocabulary/aq/pollutant/7,hour,59.9600000000,µg/m3,2017-02-04 07:00:00 +01:00,2017-02-04 08:00:00 +01:00,1,1
ES,ES.BDCA.AQD,NET_ES131A,STA_ES0125A,,SP_28079017_14_6,SPP_28079017_14_6.1,SAM_28079017_14_6,O3,http://dd.eionet.europa.eu/vocabulary/aq/pollutant/7,hour,63.5000000000,µg/m3,2017-02-04 08:00:00 +01:00,2017-02-04 09:00:00 +01:00,1,1
ES,ES.BDCA.AQD,NET_ES131A,STA_ES0125A,,SP_28079017_14_6,SPP_28079017_14_6.1,SAM_28079017_14_6,O3,http://dd.eionet.europa.eu/vocabulary/aq/pollutant/7,hour,62.7800000000,µg/m3,2017-02-04 09:00:00 +01:00,2017-02-04 10:00:00 +01:00,1,1
ES,ES.BDCA.AQD,NET_ES131A,STA_ES0125A,,SP_28079017_14_6,SPP_28079017_14_6.1,SAM_28079017_14_6,O3,http://dd.eionet.europa.eu/vocabulary/aq/pollutant/7,hour,,µg/m3,2017-02-04 10:00:00 +01:00,2017-02-04 11:00:00 +01:00,-1,1
ES,ES.BDCA.AQD,NET_ES131A,STA_ES0125A,,SP_28079017_14_6,SPP_28079017_14_6.1,SAM_28079017_14_6,O3,http://dd.eionet.europa.eu/vocabulary/aq/pollutant/7,hour,60.5900000000,µg/m3,2017-02-04 11:00:00 +01:00,2017-02-04 12:00:00 +01:00,1,1
ES,ES.BDCA.AQD,NET_ES131A,STA_ES0125A,,SP_28079017_14_6,SPP_28079017_14_6.1,SAM_28079017_14_6,O3,http://dd.eionet.europa.eu/vocabulary/aq/pollutant/7,hour,57.5799999900,µg/m3,2017-02-04 12:00:00 +01:00,2017-02-04 13:00:00 +01:00,1,1
ES,ES.BDCA.AQD,NET_ES131A,STA_ES0125A,,SP_28079017_14_6,SPP_28079017_14_6.1,SAM_28079017_14_6,O3,http://dd.eionet.europa.eu/vocabulary/aq/pollutant/7,hour,57.7400000000,µg/m3,2017-02-04 13:00:00 +01:00,2017-02-04 14:00:00 +01:00,1,1
ES,ES.BDCA.AQD,NET_ES131A,STA_ES0125A,,SP_28079017_14_6,SPP_28079017_14_6.1,SAM_28079017_14_6,O3,http://dd.eionet.europa.eu/vocabulary/aq/pollutant/7,hour,58.1899999900,µg/m3,2017-02-04 14:00:00 +01:00,2017-02-04 15:00:00 +01:00,1,1
ES,ES.BDCA.AQD,NET_ES131A,STA_ES0125A,,SP_28079017_14_6,SPP_28079017_14_6.1,SAM_28079017_14_6,O3,http://dd.eionet.europa.eu/vocabulary/aq/pollutant/7,hour,62.9500000000,µg/m3,2017-02-04 15:00:00 +01:00,2017-02-04 16:00:00 +01:00,1,1
ES,ES.BDCA.AQD,NET_ES131A,STA_ES0125A,,SP_28079017_14_6,SPP_28079017_14_6.1,SAM_28079017_14_6,O3,http://dd.eionet.europa.eu/vocabulary/aq/pollutant/7,hour,62.6700000000,µg/m3,2017-02-04 16:00:00 +01:00,2017-02-04 17:00:00 +01:00,1,1
ES,ES.BDCA.AQD,NET_ES131A,STA_ES0125A,,SP_28079017_14_6,SPP_28079017_14_6.1,SAM_28079017_14_6,O3,http://dd.eionet.europa.eu/vocabulary/aq/pollutant/7,hour,61.4600000000,µg/m3,2017-02-04 17:00:00 +01:00,2017-02-04 18:00:00 +01:00,1,1
ES,ES.BDCA.AQD,NET_ES131A,STA_ES0125A,,SP_28079017_14_6,SPP_28079017_14_6.1,SAM_28079017_14_6,O3,http://dd.eionet.europa.eu/vocabulary/aq/pollutant/7,hour,53.4300000000,µg/m3,2017-02-04 18:00:00 +01:00,2017-02-04 19:00:00 +01:00,1,1
ES,ES.BDCA.AQD,NET_ES131A,STA_ES0125A,,SP_28079017_14_6,SPP_28079017_14_6.1,SAM_28079017_14_6,O3,http://dd.eionet.europa.eu/vocabulary/aq/pollutant/7,hour,53.8800000000,µg/m3,2017-02-04 19:00:00 +01:00,2017-02-04 20:00:00 +01:00,1,1
ES,ES.BDCA.AQD,NET_ES131A,STA_ES0125A,,SP_28079017_14_6,SPP_28079017_14_6.1,SAM_28079017_14_6,O3,http://dd.eionet.europa.eu/vocabulary/aq/pollutant/7,hour,58.3999999900,µg/m3,2017-02-04 20:00:00 +01:00,2017-02-04 21:00:00 +01:00,1,1
ES,ES.BDCA.AQD,NET_ES131A,STA_ES0125A,,SP_28079017_14_6,SPP_28079017_14_6.1,SAM_28079017_14_6,O3,http://dd.eionet.europa.eu/vocabulary/aq/pollutant/7,hour,63.5600000000,µg/m3,2017-02-04 21:00:00 +01:00,2017-02-04 22:00:00 +01:00,1,1
ES,ES.BDCA.AQD,NET_ES131A,STA_ES0125A,,SP_28079017_14_6,SPP_28079017_14_6.1,SAM_28079017_14_6,O3,http://dd.eionet.europa.eu/vocabulary/aq/pollutant/7,hour,64.0400000000,µg/m3,2017-02-04 22:00:00 +01:00,2017-02-04 23:00:00 +01:00,1,1
ES,ES.BDCA.AQD,NET_ES131A,STA_ES0125A,,SP_28079017_14_6,SPP_28079017_14_6.1,SAM_28079017_14_6,O3,http://dd.eionet.europa.eu/vocabulary/aq/pollutant/7,hour,68.8100000000,µg/m3,2017-02-04 23:00:00 +01:00,2017-02-05 00:00:00 +01:00,1,1
ES,ES.BDCA.AQD,NET_ES131A,STA_ES0125A,,SP_28079017_14_6,SPP_28079017_14_6.1,SAM_28079017_14_6,O3,http://dd.eionet.europa.eu/vocabulary/aq/pollutant/7,hour,70.7900000000,µg/m3,2017-02-05 00:00:00 +01:00,2017-02-05 01:00:00 +01:00,1,1
ES,ES.BDCA.AQD,NET_ES131A,STA_ES0125A,,SP_28079017_14_6,SPP_28079017_14_6.1,SAM_28079017_14_6,O3,http://dd.eionet.europa.eu/vocabulary/aq/pollutant/7,hour,68.0100000000,µg/m3,2017-02-05 01:00:00 +01:00,2017-02-05 02:00:00 +01:00,1,1
ES,ES.BDCA.AQD,NET_ES131A,STA_ES0125A,,SP_28079017_14_6,SPP_28079017_14_6.1,SAM_28079017_14_6,O3,http://dd.eionet.europa.eu/vocabulary/aq/pollutant/7,hour,68.2500000000,µg/m3,2017-02-05 02:00:00 +01:00,2017-02-05 03:00:00 +01:00,1,1
ES,ES.BDCA.AQD,NET_ES131A,STA_ES0125A,,SP_28079017_14_6,SPP_28079017_14_6.1,SAM_28079017_14_6,O3,http://dd.eionet.europa.eu/vocabulary/aq/pollutant/7,hour,73.7500000000,µg/m3,2017-02-05 03:00:00 +01:00,2017-02-05 04:00:00 +01:00,1,1
ES,ES.BDCA.AQD,NET_ES131A,STA_ES0125A,,SP_28079017_14_6,SPP_28079017_14_6.1,SAM_28079017_14_6,O3,http://dd.eionet.europa.eu/vocabulary/aq/pollutant/7,hour,73.0799999900,µg/m3,2017-02-05 04:00:00 +01:00,2017-02-05 05:00:00 +01:00,1,1
ES,ES.BDCA.AQD,NET_ES131A,STA_ES0125A,,SP_28079017_14_6,SPP_28079017_14_6.1,SAM_28079017_14_6,O3,http://dd.eionet.europa.eu/vocabulary/aq/pollutant/7,hour,72.3400000000,µg/m3,2017-02-05 05:00:00 +01:00,2017-02-05 06:00:00 +01:00,1,1
ES,ES.BDCA.AQD,NET_ES131A,STA_ES0125A,,SP_28079017_14_6,SPP_28079017_14_6.1,SAM_28079017_14_6,O3,http://dd.eionet.europa.eu/vocabulary/aq/pollutant/7,hour,73.9899999900,µg/m3,2017-02-05 06:00:00 +01:00,2017-02-05 07:00:00 +01:00,1,1
ES,ES.BDCA.AQD,NET_ES131A,STA_ES0125A,,SP_28079017_14_6,SPP_28079017_14_6.1,SAM_28079017_14_6,O3,http://dd.eionet.europa.eu/vocabulary/aq/pollutant/7,hour,79.5300000000,µg/m3,2017-02-05 07:00:00 +01:00,2017-02-05 08:00:00 +01:00,1,1
ES,ES.BDCA.AQD,NET_ES131A,STA_ES0125A,,SP_28079017_14_6,SPP_28079017_14_6.1,SAM_28079017_14_6,O3,http://dd.eionet.europa.eu/vocabulary/aq/pollutant/7,hour,85.5000000000,µg/m3,2017-02-05 08:00:00 +01:00,2017-02-05 09:00:00 +01:00,1,1
ES,ES.BDCA.AQD,NET_ES131A,STA_ES0125A,,SP_28079017_14_6,SPP_28079017_14_6.1,SAM_28079017_14_6,O3,http://dd.eionet.europa.eu/vocabulary/aq/pollutant/7,hour,,µg/m3,2017-02-05 09:00:00 +01:00,2017-02-05 10:00:00 +01:00,-1,1
ES,ES.BDCA.AQD,NET_ES131A,STA_ES0125A,,SP_28079017_14_6,SPP_28079017_14_6.1,SAM_28079017_14_6,O3,http://dd.eionet.europa.eu/vocabulary/aq/pollutant/7,hour,85.8400000000,µg/m3,2017-02-05 10:00:00 +01:00,2017-02-05 11:00:00 +01:00,1,1
ES,ES.BDCA.AQD,NET_ES131A,STA_ES0125A,,SP_28079017_14_6,SPP_28079017_14_6.1,SAM_28079017_14_6,O3,http://dd.eionet.europa.eu/vocabulary/aq/pollutant/7,hour,86.1400000000,µg/m3,2017-02-05 11:00:00 +01:00,2017-02-05 12:00:00 +01:00,1,1
ES,ES.BDCA.AQD,NET_ES131A,STA_ES0125A,,SP_28079017_14_6,SPP_28079017_14_6.1,SAM_28079017_14_6,O3,http://dd.eionet.europa.eu/vocabulary/aq/pollutant/7,hour,84.4099999900,µg/m3,2017-02-05 12:00:00 +01:00,2017-02-05 13:00:00 +01:00,1,1
ES,ES.BDCA.AQD,NET_ES131A,STA_ES0125A,,SP_28079017_14_6,SPP_28079017_14_6.1,SAM_28079017_14_6,O3,http://dd.eionet.europa.eu/vocabulary/aq/pollutant/7,hour,82.9800000000,µg/m3,2017-02-05 13:00:00 +01:00,2017-02-05 14:00:00 +01:00,1,1
ES,ES.BDCA.AQD,NET_ES131A,STA_ES0125A,,SP_28079017_14_6,SPP_28079017_14_6.1,SAM_28079017_14_6,O3,http://dd.eionet.europa.eu/vocabulary/aq/pollutant/7,hour,81.7800000000,µg/m3,2017-02-05 14:00:00 +01:00,2017-02-05 15:00:00 +01:00,1,1
ES,ES.BDCA.AQD,NET_ES131A,STA_ES0125A,,SP_28079017_14_6,SPP_28079017_14_6.1,SAM_28079017_14_6,O3,http://dd.eionet.europa.eu/vocabulary/aq/pollutant/7,hour,83.0999999900,µg/m3,2017-02-05 15:00:00 +01:00,2017-02-05 16:00:00 +01:00,1,1
ES,ES.BDCA.AQD,NET_ES131A,STA_ES0125A,,SP_28079017_14_6,SPP_28079017_14_6.1,SAM_28079017_14_6,O3,http://dd.eionet.europa.eu/vocabulary/aq/pollutant/7,hour,79.9500000000,µg/m3,2017-02-05 16:00:00 +01:00,2017-02-05 17:00:00 +01:00,1,1
ES,ES.BDCA.AQD,NET_ES131A,STA_ES0125A,,SP_28079017_14_6,SPP_28079017_14_6.1,SAM_28079017_14_6,O3,http://dd.eionet.europa.eu/vocabulary/aq/pollutant/7,hour,79.2800000000,µg/m3,2017-02-05 17:00:00 +01:00,2017-02-05 18:00:00 +01:00,1,1
ES,ES.BDCA.AQD,NET_ES131A,STA_ES0125A,,SP_28079017_14_6,SPP_28079017_14_6.1,SAM_28079017_14_6,O3,http://dd.eionet.europa.eu/vocabulary/aq/pollutant/7,hour,74.6400000000,µg/m3,2017-02-05 18:00:00 +01:00,2017-02-05 19:00:00 +01:00,1,1
ES,ES.BDCA.AQD,NET_ES131A,STA_ES0125A,,SP_28079017_14_6,SPP_28079017_14_6.1,SAM_28079017_14_6,O3,http://dd.eionet.europa.eu/vocabulary/aq/pollutant/7,hour,62.2100000000,µg/m3,2017-02-05 19:00:00 +01:00,2017-02-05 20:00:00 +01:00,1,1
ES,ES.BDCA.AQD,NET_ES131A,STA_ES0125A,,SP_28079017_14_6,SPP_28079017_14_6.1,SAM_28079017_14_6,O3,http://dd.eionet.europa.eu/vocabulary/aq/pollutant/7,hour,62.5499999900,µg/m3,2017-02-05 20:00:00 +01:00,2017-02-05 21:00:00 +01:00,1,1
ES,ES.BDCA.AQD,NET_ES131A,STA_ES0125A,,SP_28079017_14_6,SPP_28079017_14_6.1,SAM_28079017_14_6,O3,http://dd.eionet.europa.eu/vocabulary/aq/pollutant/7,hour,60.0799999900,µg/m3,2017-02-05 21:00:00 +01:00,2017-02-05 22:00:00 +01:00,1,1
ES,ES.BDCA.AQD,NET_ES131A,STA_ES0125A,,SP_28079017_14_6,SPP_28079017_14_6.1,SAM_28079017_14_6,O3,http://dd.eionet.europa.eu/vocabulary/aq/pollutant/7,hour,64.7399999900,µg/m3,2017-02-05 22:00:00 +01:00,2017-02-05 23:00:00 +01:00,1,1
ES,ES.BDCA.AQD,NET_ES131A,STA_ES0125A,,SP_28079017_14_6,SPP_28079017_14_6.1,SAM_28079017_14_6,O3,http://dd.eionet.europa.eu/vocabulary/aq/pollutant/7,hour,67.6099999900,µg/m3,2017-02-05 23:00:00 +01:00,2017-02-06 00:00:00 +01:00,1,1
ES,ES.BDCA.AQD,NET_ES131A,STA_ES0125A,,SP_28079017_14_6,SPP_28079017_14_6.1,SAM_28079017_14_6,O3,http://dd.eionet.europa.eu/vocabulary/aq/pollutant/7,hour,73.7900000000,µg/m3,2017-02-06 00:00:00 +01:00,2017-02-06 01:00:00 +01:00,1,1
ES,ES.BDCA.AQD,NET_ES131A,STA_ES0125A,,SP_28079017_14_6,SPP_28079017_14_6.1,SAM_28079017_14_6,O3,http://dd.eionet.europa.eu/vocabulary/aq/pollutant/7,hour,81.7900000000,µg/m3,2017-02-06 01:00:00 +01:00,2017-02-06 02:00:00 +01:00,1,1
ES,ES.BDCA.AQD,NET_ES131A,STA_ES0125A,,SP_28079017_14_6,SPP_28079017_14_6.1,SAM_28079017_14_6,O3,http://dd.eionet.europa.eu/vocabulary/aq/pollutant/7,hour,83.2699999900,µg/m3,2017-02-06 02:00:00 +01:00,2017-02-06 03:00:00 +01:00,1,1
ES,ES.BDCA.AQD,NET_ES131A,STA_ES0125A,,SP_28079017_14_6,SPP_28079017_14_6.1,SAM_28079017_14_6,O3,http://dd.eionet.europa.eu/vocabulary/aq/pollutant/7,hour,81.7600000000,µg/m3,2017-02-06 03:00:00 +01:00,2017-02-06 04:00:00 +01:00,1,1
ES,ES.BDCA.AQD,NET_ES131A,STA_ES0125A,,SP_28079017_14_6,SPP_28079017_14_6.1,SAM_28079017_14_6,O3,http://dd.eionet.europa.eu/vocabulary/aq/pollutant/7,hour,77.9599999900,µg/m3,2017-02-06 04:00:00 +01:00,2017-02-06 05:00:00 +01:00,1,1
ES,ES.BDCA.AQD,NET_ES131A,STA_ES0125A,,SP_28079017_14_6,SPP_28079017_14_6.1,SAM_28079017_14_6,O3,http://dd.eionet.europa.eu/vocabulary/aq/pollutant/7,hour,75.0100000000,µg/m3,2017-02-06 05:00:00 +01:00,2017-02-06 06:00:00 +01:00,1,1
ES,ES.BDCA.AQD,NET_ES131A,STA_ES0125A,,SP_28079017_14_6,SPP_28079017_14_6.1,SAM_28079017_14_6,O3,http://dd.eionet.europa.eu/vocabulary/aq/pollutant/7,hour,44.4300000000,µg/m3,2017-02-06 06:00:00 +01:00,2017-02-06 07:00:00 +01:00,1,1
ES,ES.BDCA.AQD,NET_ES131A,STA_ES0125A,,SP_28079017_14_6,SPP_28079017_14_6.1,SAM_28079017_14_6,O3,http://dd.eionet.europa.eu/vocabulary/aq/pollutant/7,hour,28.7100000000,µg/m3,2017-02-06 07:00:00 +01:00,2017-02-06 08:00:00 +01:00,1,1
ES,ES.BDCA.AQD,NET_ES131A,STA_ES0125A,,SP_28079017_14_6,SPP_28079017_14_6.1,SAM_28079017_14_6,O3,http://dd.eionet.europa.eu/vocabulary/aq/pollutant/7,hour,,µg/m3,2017-02-06 08:00:00 +01:00,2017-02-06 09:00:00 +01:00,-1,1
ES,ES.BDCA.AQD,NET_ES131A,STA_ES0125A,,SP_28079017_14_6,SPP_28079017_14_6.1,SAM_28079017_14_6,O3,http://dd.eionet.europa.eu/vocabulary/aq/pollutant/7,hour,54.9500000000,µg/m3,2017-02-06 09:00:00 +01:00,2017-02-06 10:00:00 +01:00,1,1
ES,ES.BDCA.AQD,NET_ES131A,STA_ES0125A,,SP_28079017_14_6,SPP_28079017_14_6.1,SAM_28079017_14_6,O3,http://dd.eionet.europa.eu/vocabulary/aq/pollutant/7,hour,58.7100000000,µg/m3,2017-02-06 10:00:00 +01:00,2017-02-06 11:00:00 +01:00,1,1
ES,ES.BDCA.AQD,NET_ES131A,STA_ES0125A,,SP_28079017_14_6,SPP_28079017_14_6.1,SAM_28079017_14_6,O3,http://dd.eionet.europa.eu/vocabulary/aq/pollutant/7,hour,68.9000000000,µg/m3,2017-02-06 11:00:00 +01:00,2017-02-06 12:00:00 +01:00,1,1
ES,ES.BDCA.AQD,NET_ES131A,STA_ES0125A,,SP_28079017_14_6,SPP_28079017_14_6.1,SAM_28079017_14_6,O3,http://dd.eionet.europa.eu/vocabulary/aq/pollutant/7,hour,63.0399999900,µg/m3,2017-02-06 12:00:00 +01:00,2017-02-06 13:00:00 +01:00,1,1
ES,ES.BDCA.AQD,NET_ES131A,STA_ES0125A,,SP_28079017_14_6,SPP_28079017_14_6.1,SAM_28079017_14_6,O3,http://dd.eionet.europa.eu/vocabulary/aq/pollutant/7,hour,69.8799999900,µg/m3,2017-02-06 13:00:00 +01:00,2017-02-06 14:00:00 +01:00,1,1
ES,ES.BDCA.AQD,NET_ES131A,STA_ES0125A,,SP_28079017_14_6,SPP_28079017_14_6.1,SAM_28079017_14_6,O3,http://dd.eionet.europa.eu/vocabulary/aq/pollutant/7,hour,71.0900000000,µg/m3,2017-02-06 14:00:00 +01:00,2017-02-06 15:00:00 +01:00,1,1
ES,ES.BDCA.AQD,NET_ES131A,STA_ES0125A,,SP_28079017_14_6,SPP_28079017_14_6.1,SAM_28079017_14_6,O3,http://dd.eionet.europa.eu/vocabulary/aq/pollutant/7,hour,69.8100000000,µg/m3,2017-02-06 15:00:00 +01:00,2017-02-06 16:00:00 +01:00,1,1
ES,ES.BDCA.AQD,NET_ES131A,STA_ES0125A,,SP_28079017_14_6,SPP_28079017_14_6.1,SAM_28079017_14_6,O3,http://dd.eionet.europa.eu/vocabulary/aq/pollutant/7,hour,72.1400000000,µg/m3,2017-02-06 16:00:00 +01:00,2017-02-06 17:00:00 +01:00,1,1
ES,ES.BDCA.AQD,NET_ES131A,STA_ES0125A,,SP_28079017_14_6,SPP_28079017_14_6.1,SAM_28079017_14_6,O3,http://dd.eionet.europa.eu/vocabulary/aq/pollutant/7,hour,62.0300000000,µg/m3,2017-02-06 17:00:00 +01:00,2017-02-06 18:00:00 +01:00,1,1
ES,ES.BDCA.AQD,NET_ES131A,STA_ES0125A,,SP_28079017_14_6,SPP_28079017_14_6.1,SAM_28079017_14_6,O3,http://dd.eionet.europa.eu/vocabulary/aq/pollutant/7,hour,48.6899999900,µg/m3,2017-02-06 18:00:00 +01:00,2017-02-06 19:00:00 +01:00,1,1
ES,ES.BDCA.AQD,NET_ES131A,STA_ES0125A,,SP_28079017_14_6,SPP_28079017_14_6.1,SAM_28079017_14_6,O3,http://dd.eionet.europa.eu/vocabulary/aq/pollutant/7,hour,42.5099999900,µg/m3,2017-02-06 19:00:00 +01:00,2017-02-06 20:00:00 +01:00,1,1
ES,ES.BDCA.AQD,NET_ES131A,STA_ES0125A,,SP_28079017_14_6,SPP_28079017_14_6.1,SAM_28079017_14_6,O3,http://dd.eionet.europa.eu/vocabulary/aq/pollutant/7,hour,14.9900000000,µg/m3,2017-02-06 20:00:00 +01:00,2017-02-06 21:00:00 +01:00,1,1
ES,ES.BDCA.AQD,NET_ES131A,STA_ES0125A,,SP_28079017_14_6,SPP_28079017_14_6.1,SAM_28079017_14_6,O3,http://dd.eionet.europa.eu/vocabulary/aq/pollutant/7,hour,11.5600000000,µg/m3,2017-02-06 21:00:00 +01:00,2017-02-06 22:00:00 +01:00,1,1
ES,ES.BDCA.AQD,NET_ES131A,STA_ES0125A,,SP_28079017_14_6,SPP_28079017_14_6.1,SAM_28079017_14_6,O3,http://dd.eionet.europa.eu/vocabulary/aq/pollutant/7,hour,15.6600000000,µg/m3,2017-02-06 22:00:00 +01:00,2017-02-06 23:00:00 +01:00,1,1
ES,ES.BDCA.AQD,NET_ES131A,STA_ES0125A,,SP_28079017_14_6,SPP_28079017_14_6.1,SAM_28079017_14_6,O3,http://dd.eionet.europa.eu/vocabulary/aq/pollutant/7,hour,36.5099999900,µg/m3,2017-02-06 23:00:00 +01:00,2017-02-07 00:00:00 +01:00,1,1
ES,ES.BDCA.AQD,NET_ES131A,STA_ES0125A,,SP_28079017_14_6,SPP_28079017_14_6.1,SAM_28079017_14_6,O3,http://dd.eionet.europa.eu/vocabulary/aq/pollutant/7,hour,36.2700000000,µg/m3,2017-02-07 00:00:00 +01:00,2017-02-07 01:00:00 +01:00,1,1
ES,ES.BDCA.AQD,NET_ES131A,STA_ES0125A,,SP_28079017_14_6,SPP_28079017_14_6.1,SAM_28079017_14_6,O3,http://dd.eionet.europa.eu/vocabulary/aq/pollutant/7,hour,34.4799999900,µg/m3,2017-02-07 01:00:00 +01:00,2017-02-07 02:00:00 +01:00,1,1
ES,ES.BDCA.AQD,NET_ES131A,STA_ES0125A,,SP_28079017_14_6,SPP_28079017_14_6.1,SAM_28079017_14_6,O3,http://dd.eionet.europa.eu/vocabulary/aq/pollutant/7,hour,45.4799999900,µg/m3,2017-02-07 02:00:00 +01:00,2017-02-07 03:00:00 +01:00,1,1
ES,ES.BDCA.AQD,NET_ES131A,STA_ES0125A,,SP_28079017_14_6,SPP_28079017_14_6.1,SAM_28079017_14_6,O3,http://dd.eionet.europa.eu/vocabulary/aq/pollutant/7,hour,49.4699999900,µg/m3,2017-02-07 03:00:00 +01:00,2017-02-07 04:00:00 +01:00,1,1
ES,ES.BDCA.AQD,NET_ES131A,STA_ES0125A,,SP_28079017_14_6,SPP_28079017_14_6.1,SAM_28079017_14_6,O3,http://dd.eionet.europa.eu/vocabulary/aq/pollutant/7,hour,48.3599999900,µg/m3,2017-02-07 04:00:00 +01:00,2017-02-07 05:00:00 +01:00,1,1
ES,ES.BDCA.AQD,NET_ES131A,STA_ES0125A,,SP_28079017_14_6,SPP_28079017_14_6.1,SAM_28079017_14_6,O3,http://dd.eionet.europa.eu/vocabulary/aq/pollutant/7,hour,39.4500000000,µg/m3,2017-02-07 05:00:00 +01:00,2017-02-07 06:00:00 +01:00,1,1
ES,ES.BDCA.AQD,NET_ES131A,STA_ES0125A,,SP_28079017_14_6,SPP_28079017_14_6.1,SAM_28079017_14_6,O3,http://dd.eionet.europa.eu/vocabulary/aq/pollutant/7,hour,14.3100000000,µg/m3,2017-02-07 06:00:00 +01:00,2017-02-07 07:00:00 +01:00,1,1
ES,ES.BDCA.AQD,NET_ES131A,STA_ES0125A,,SP_28079017_14_6,SPP_28079017_14_6.1,SAM_28079017_14_6,O3,http://dd.eionet.europa.eu/vocabulary/aq/pollutant/7,hour,,µg/m3,2017-02-07 07:00:00 +01:00,2017-02-07 08:00:00 +01:00,-1,1
ES,ES.BDCA.AQD,NET_ES131A,STA_ES0125A,,SP_28079017_14_6,SPP_28079017_14_6.1,SAM_28079017_14_6,O3,http://dd.eionet.europa.eu/vocabulary/aq/pollutant/7,hour,4.2199999900,µg/m3,2017-02-07 08:00:00 +01:00,2017-02-07 09:00:00 +01:00,1,1
ES,ES.BDCA.AQD,NET_ES131A,STA_ES0125A,,SP_28079017_14_6,SPP_28079017_14_6.1,SAM_28079017_14_6,O3,http://dd.eionet.europa.eu/vocabulary/aq/pollutant/7,hour,10.3200000000,µg/m3,2017-02-07 09:00:00 +01:00,2017-02-07 10:00:00 +01:00,1,1
ES,ES.BDCA.AQD,NET_ES131A,STA_ES0125A,,SP_28079017_14_6,SPP_28079017_14_6.1,SAM_28079017_14_6,O3,http://dd.eionet.europa.eu/vocabulary/aq/pollutant/7,hour,22.9600000000,µg/m3,2017-02-07 10:00:00 +01:00,2017-02-07 11:00:00 +01:00,1,1
ES,ES.BDCA.AQD,NET_ES131A,STA_ES0125A,,SP_28079017_14_6,SPP_28079017_14_6.1,SAM_28079017_14_6,O3,http://dd.eionet.europa.eu/vocabulary/aq/pollutant/7,hour,36.0900000000,µg/m3,2017-02-07 11:00:00 +01:00,2017-02-07 12:00:00 +01:00,1,1
ES,ES.BDCA.AQD,NET_ES131A,STA_ES0125A,,SP_28079017_14_6,SPP_28079017_14_6.1,SAM_28079017_14_6,O3,http://dd.eionet.europa.eu/vocabulary/aq/pollutant/7,hour,36.4099999900,µg/m3,2017-02-07 12:00:00 +01:00,2017-02-07 13:00:00 +01:00,1,1
ES,ES.BDCA.AQD,NET_ES131A,STA_ES0125A,,SP_28079017_14_6,SPP_28079017_14_6.1,SAM_28079017_14_6,O3,http://dd.eionet.europa.eu/vocabulary/aq/pollutant/7,hour,35.8599999900,µg/m3,2017-02-07 13:00:00 +01:00,2017-02-07 14:00:00 +01:00,1,1
ES,ES.BDCA.AQD,NET_ES131A,STA_ES0125A,,SP_28079017_14_6,SPP_28079017_14_6.1,SAM_28079017_14_6,O3,http://dd.eionet.europa.eu/vocabulary/aq/pollutant/7,hour,29.4499999900,µg/m3,2017-02-07 14:00:00 +01:00,2017-02-07 15:00:00 +01:00,1,1
ES,ES.BDCA.AQD,NET_ES131A,STA_ES0125A,,SP_28079017_14_6,SPP_28079017_14_6.1,SAM_28079017_14_6,O3,http://dd.eionet.europa.eu/vocabulary/aq/pollutant/7,hour,38.3299999900,µg/m3,2017-02-07 15:00:00 +01:00,2017-02-07 16:00:00 +01:00,1,1
ES,ES.BDCA.AQD,NET_ES131A,STA_ES0125A,,SP_28079017_14_6,SPP_28079017_14_6.1,SAM_28079017_14_6,O3,http://dd.eionet.europa.eu/vocabulary/aq/pollutant/7,hour,28.7399999900,µg/m3,2017-02-07 16:00:00 +01:00,2017-02-07 17:00:00 +01:00,1,1
ES,ES.BDCA.AQD,NET_ES131A,STA_ES0125A,,SP_28079017_14_6,SPP_28079017_14_6.1,SAM_28079017_14_6,O3,http://dd.eionet.europa.eu/vocabulary/aq/pollutant/7,hour,36.5399999900,µg/m3,2017-02-07 17:00:00 +01:00,2017-02-07 18:00:00 +01:00,1,1
ES,ES.BDCA.AQD,NET_ES131A,STA_ES0125A,,SP_28079017_14_6,SPP_28079017_14_6.1,SAM_28079017_14_6,O3,http://dd.eionet.europa.eu/vocabulary/aq/pollutant/7,hour,42.8599999900,µg/m3,2017-02-07 18:00:00 +01:00,2017-02-07 19:00:00 +01:00,1,1
ES,ES.BDCA.AQD,NET_ES131A,STA_ES0125A,,SP_28079017_14_6,SPP_28079017_14_6.1,SAM_28079017_14_6,O3,http://dd.eionet.europa.eu/vocabulary/aq/pollutant/7,hour,36.0200000000,µg/m3,2017-02-07 19:00:00 +01:00,2017-02-07 20:00:00 +01:00,1,1
ES,ES.BDCA.AQD,NET_ES131A,STA_ES0125A,,SP_28079017_14_6,SPP_28079017_14_6.1,SAM_28079017_14_6,O3,http://dd.eionet.europa.eu/vocabulary/aq/pollutant/7,hour,22.8400000000,µg/m3,2017-02-07 20:00:00 +01:00,2017-02-07 21:00:00 +01:00,1,1
ES,ES.BDCA.AQD,NET_ES131A,STA_ES0125A,,SP_28079017_14_6,SPP_28079017_14_6.1,SAM_28079017_14_6,O3,http://dd.eionet.europa.eu/vocabulary/aq/pollutant/7,hour,41.2700000000,µg/m3,2017-02-07 21:00:00 +01:00,2017-02-07 22:00:00 +01:00,1,1
ES,ES.BDCA.AQD,NET_ES131A,STA_ES0125A,,SP_28079017_14_6,SPP_28079017_14_6.1,SAM_28079017_14_6,O3,http://dd.eionet.europa.eu/vocabulary/aq/pollutant/7,hour,65.2199999900,µg/m3,2017-02-07 22:00:00 +01:00,2017-02-07 23:00:00 +01:00,1,1
ES,ES.BDCA.AQD,NET_ES131A,STA_ES0125A,,SP_28079017_14_6,SPP_28079017_14_6.1,SAM_28079017_14_6,O3,http://dd.eionet.europa.eu/vocabulary/aq/pollutant/7,hour,69.1400000000,µg/m3,2017-02-07 23:00:00 +01:00,2017-02-08 00:00:00 +01:00,1,1
ES,ES.BDCA.AQD,NET_ES131A,STA_ES0125A,,SP_28079017_14_6,SPP_28079017_14_6.1,SAM_28079017_14_6,O3,http://dd.eionet.europa.eu/vocabulary/aq/pollutant/7,hour,72.2699999900,µg/m3,2017-02-08 00:00:00 +01:00,2017-02-08 01:00:00 +01:00,1,1
ES,ES.BDCA.AQD,NET_ES131A,STA_ES0125A,,SP_28079017_14_6,SPP_28079017_14_6.1,SAM_28079017_14_6,O3,http://dd.eionet.europa.eu/vocabulary/aq/pollutant/7,hour,75.1899999900,µg/m3,2017-02-08 01:00:00 +01:00,2017-02-08 02:00:00 +01:00,1,1
ES,ES.BDCA.AQD,NET_ES131A,STA_ES0125A,,SP_28079017_14_6,SPP_28079017_14_6.1,SAM_28079017_14_6,O3,http://dd.eionet.europa.eu/vocabulary/aq/pollutant/7,hour,68.0400000000,µg/m3,2017-02-08 02:00:00 +01:00,2017-02-08 03:00:00 +01:00,1,1
ES,ES.BDCA.AQD,NET_ES131A,STA_ES0125A,,SP_28079017_14_6,SPP_28079017_14_6.1,SAM_28079017_14_6,O3,http://dd.eionet.europa.eu/vocabulary/aq/pollutant/7,hour,60.6000000000,µg/m3,2017-02-08 03:00:00 +01:00,2017-02-08 04:00:00 +01:00,1,1
ES,ES.BDCA.AQD,NET_ES131A,STA_ES0125A,,SP_28079017_14_6,SPP_28079017_14_6.1,SAM_28079017_14_6,O3,http://dd.eionet.europa.eu/vocabulary/aq/pollutant/7,hour,61.7599999900,µg/m3,2017-02-08 04:00:00 +01:00,2017-02-08 05:00:00 +01:00,1,1
ES,ES.BDCA.AQD,NET_ES131A,STA_ES0125A,,SP_28079017_14_6,SPP_28079017_14_6.1,SAM_28079017_14_6,O3,http://dd.eionet.europa.eu/vocabulary/aq/pollutant/7,hour,59.0099999900,µg/m3,2017-02-08 05:00:00 +01:00,2017-02-08 06:00:00 +01:00,1,1
ES,ES.BDCA.AQD,NET_ES131A,STA_ES0125A,,SP_28079017_14_6,SPP_28079017_14_6.1,SAM_28079017_14_6,O3,http://dd.eionet.europa.eu/vocabulary/aq/pollutant/7,hour,,µg/m3,2017-02-08 06:00:00 +01:00,2017-02-08 07:00:00 +01:00,-1,1
ES,ES.BDCA.AQD,NET_ES131A,STA_ES0125A,,SP_28079017_14_6,SPP_28079017_14_6.1,SAM_28079017_14_6,O3,http://dd.eionet.europa.eu/vocabulary/aq/pollutant/7,hour,32.3800000000,µg/m3,2017-02-08 07:00:00 +01:00,2017-02-08 08:00:00 +01:00,1,1
ES,ES.BDCA.AQD,NET_ES131A,STA_ES0125A,,SP_28079017_14_6,SPP_28079017_14_6.1,SAM_28079017_14_6,O3,http://dd.eionet.europa.eu/vocabulary/aq/pollutant/7,hour,8.7699999900,µg/m3,2017-02-08 08:00:00 +01:00,2017-02-08 09:00:00 +01:00,1,1
ES,ES.BDCA.AQD,NET_ES131A,STA_ES0125A,,SP_28079017_14_6,SPP_28079017_14_6.1,SAM_28079017_14_6,O3,http://dd.eionet.europa.eu/vocabulary/aq/pollutant/7,hour,9.9100000000,µg/m3,2017-02-08 09:00:00 +01:00,2017-02-08 10:00:00 +01:00,1,1
ES,ES.BDCA.AQD,NET_ES131A,STA_ES0125A,,SP_28079017_14_6,SPP_28079017_14_6.1,SAM_28079017_14_6,O3,http://dd.eionet.europa.eu/vocabulary/aq/pollutant/7,hour,37.8699999900,µg/m3,2017-02-08 10:00:00 +01:00,2017-02-08 11:00:00 +01:00,1,1
ES,ES.BDCA.AQD,NET_ES131A,STA_ES0125A,,SP_28079017_14_6,SPP_28079017_14_6.1,SAM_28079017_14_6,O3,http://dd.eionet.europa.eu/vocabulary/aq/pollutant/7,hour,57.8500000000,µg/m3,2017-02-08 11:00:00 +01:00,2017-02-08 12:00:00 +01:00,1,1
ES,ES.BDCA.AQD,NET_ES131A,STA_ES0125A,,SP_28079017_14_6,SPP_28079017_14_6.1,SAM_28079017_14_6,O3,http://dd.eionet.europa.eu/vocabulary/aq/pollutant/7,hour,73.0999999900,µg/m3,2017-02-08 12:00:00 +01:00,2017-02-08 13:00:00 +01:00,1,1
ES,ES.BDCA.AQD,NET_ES131A,STA_ES0125A,,SP_28079017_14_6,SPP_28079017_14_6.1,SAM_28079017_14_6,O3,http://dd.eionet.europa.eu/vocabulary/aq/pollutant/7,hour,76.8700000000,µg/m3,2017-02-08 13:00:00 +01:00,2017-02-08 14:00:00 +01:00,1,1
ES,ES.BDCA.AQD,NET_ES131A,STA_ES0125A,,SP_28079017_14_6,SPP_28079017_14_6.1,SAM_28079017_14_6,O3,http://dd.eionet.europa.eu/vocabulary/aq/pollutant/7,hour,73.6599999900,µg/m3,2017-02-08 14:00:00 +01:00,2017-02-08 15:00:00 +01:00,1,1
ES,ES.BDCA.AQD,NET_ES131A,STA_ES0125A,,SP_28079017_14_6,SPP_28079017_14_6.1,SAM_28079017_14_6,O3,http://dd.eionet.europa.eu/vocabulary/aq/pollutant/7,hour,73.0199999900,µg/m3,2017-02-08 15:00:00 +01:00,2017-02-08 16:00:00 +01:00,1,1
ES,ES.BDCA.AQD,NET_ES131A,STA_ES0125A,,SP_28079017_14_6,SPP_28079017_14_6.1,SAM_28079017_14_6,O3,http://dd.eionet.europa.eu/vocabulary/aq/pollutant/7,hour,68.0499999900,µg/m3,2017-02-08 16:00:00 +01:00,2017-02-08 17:00:00 +01:00,1,1
ES,ES.BDCA.AQD,NET_ES131A,STA_ES0125A,,SP_28079017_14_6,SPP_28079017_14_6.1,SAM_28079017_14_6,O3,http://dd.eionet.europa.eu/vocabulary/aq/pollutant/7,hour,62.5700000000,µg/m3,2017-02-08 17:00:00 +01:00,2017-02-08 18:00:00 +01:00,1,1
ES,ES.BDCA.AQD,NET_ES131A,STA_ES0125A,,SP_28079017_14_6,SPP_28079017_14_6.1,SAM_28079017_14_6,O3,http://dd.eionet.europa.eu/vocabulary/aq/pollutant/7,hour,49.3800000000,µg/m3,2017-02-08 18:00:00 +01:00,2017-02-08 19:00:00 +01:00,1,1
ES,ES.BDCA.AQD,NET_ES131A,STA_ES0125A,,SP_28079017_14_6,SPP_28079017_14_6.1,SAM_28079017_14_6,O3,http://dd.eionet.europa.eu/vocabulary/aq/pollutant/7,hour,25.8999999900,µg/m3,2017-02-08 19:00:00 +01:00,2017-02-08 20:00:00 +01:00,1,1
ES,ES.BDCA.AQD,NET_ES131A,STA_ES0125A,,SP_28079017_14_6,SPP_28079017_14_6.1,SAM_28079017_14_6,O3,http://dd.eionet.europa.eu/vocabulary/aq/pollutant/7,hour,6.7100000000,µg/m3,2017-02-08 20:00:00 +01:00,2017-02-08 21:00:00 +01:00,1,1
ES,ES.BDCA.AQD,NET_ES131A,STA_ES0125A,,SP_28079017_14_6,SPP_28079017_14_6.1,SAM_28079017_14_6,O3,http://dd.eionet.europa.eu/vocabulary/aq/pollutant/7,hour,2.6299999900,µg/m3,2017-02-08 21:00:00 +01:00,2017-02-08 22:00:00 +01:00,1,1
ES,ES.BDCA.AQD,NET_ES131A,STA_ES0125A,,SP_28079017_14_6,SPP_28079017_14_6.1,SAM_28079017_14_6,O3,http://dd.eionet.europa.eu/vocabulary/aq/pollutant/7,hour,1.9600000000,µg/m3,2017-02-08 22:00:00 +01:00,2017-02-08 23:00:00 +01:00,1,1
ES,ES.BDCA.AQD,NET_ES131A,STA_ES0125A,,SP_28079017_14_6,SPP_28079017_14_6.1,SAM_28079017_14_6,O3,http://dd.eionet.europa.eu/vocabulary/aq/pollutant/7,hour,2.6099999900,µg/m3,2017-02-08 23:00:00 +01:00,2017-02-09 00:00:00 +01:00,1,1
ES,ES.BDCA.AQD,NET_ES131A,STA_ES0125A,,SP_28079017_14_6,SPP_28079017_14_6.1,SAM_28079017_14_6,O3,http://dd.eionet.europa.eu/vocabulary/aq/pollutant/7,hour,2.6600000000,µg/m3,2017-02-09 00:00:00 +01:00,2017-02-09 01:00:00 +01:00,1,1
ES,ES.BDCA.AQD,NET_ES131A,STA_ES0125A,,SP_28079017_14_6,SPP_28079017_14_6.1,SAM_28079017_14_6,O3,http://dd.eionet.europa.eu/vocabulary/aq/pollutant/7,hour,2.0200000000,µg/m3,2017-02-09 01:00:00 +01:00,2017-02-09 02:00:00 +01:00,1,1
ES,ES.BDCA.AQD,NET_ES131A,STA_ES0125A,,SP_28079017_14_6,SPP_28079017_14_6.1,SAM_28079017_14_6,O3,http://dd.eionet.europa.eu/vocabulary/aq/pollutant/7,hour,1.9600000000,µg/m3,2017-02-09 02:00:00 +01:00,2017-02-09 03:00:00 +01:00,1,1
ES,ES.BDCA.AQD,NET_ES131A,STA_ES0125A,,SP_28079017_14_6,SPP_28079017_14_6.1,SAM_28079017_14_6,O3,http://dd.eionet.europa.eu/vocabulary/aq/pollutant/7,hour,2.0299999900,µg/m3,2017-02-09 03:00:00 +01:00,2017-02-09 04:00:00 +01:00,1,1
ES,ES.BDCA.AQD,NET_ES131A,STA_ES0125A,,SP_28079017_14_6,SPP_28079017_14_6.1,SAM_28079017_14_6,O3,http://dd.eionet.europa.eu/vocabulary/aq/pollutant/7,hour,2.0800000000,µg/m3,2017-02-09 04:00:00 +01:00,2017-02-09 05:00:00 +01:00,1,1
ES,ES.BDCA.AQD,NET_ES131A,STA_ES0125A,,SP_28079017_14_6,SPP_28079017_14_6.1,SAM_28079017_14_6,O3,http://dd.eionet.europa.eu/vocabulary/aq/pollutant/7,hour,,µg/m3,2017-02-09 05:00:00 +01:00,2017-02-09 06:00:00 +01:00,-1,1
ES,ES.BDCA.AQD,NET_ES131A,STA_ES0125A,,SP_28079017_14_6,SPP_28079017_14_6.1,SAM_28079017_14_6,O3,http://dd.eionet.europa.eu/vocabulary/aq/pollutant/7,hour,1.5700000000,µg/m3,2017-02-09 06:00:00 +01:00,2017-02-09 07:00:00 +01:00,1,1
ES,ES.BDCA.AQD,NET_ES131A,STA_ES0125A,,SP_28079017_14_6,SPP_28079017_14_6.1,SAM_28079017_14_6,O3,http://dd.eionet.europa.eu/vocabulary/aq/pollutant/7,hour,1.4199999900,µg/m3,2017-02-09 07:00:00 +01:00,2017-02-09 08:00:00 +01:00,1,1
ES,ES.BDCA.AQD,NET_ES131A,STA_ES0125A,,SP_28079017_14_6,SPP_28079017_14_6.1,SAM_28079017_14_6,O3,http://dd.eionet.europa.eu/vocabulary/aq/pollutant/7,hour,1.7700000000,µg/m3,2017-02-09 08:00:00 +01:00,2017-02-09 09:00:00 +01:00,1,1
ES,ES.BDCA.AQD,NET_ES131A,STA_ES0125A,,SP_28079017_14_6,SPP_28079017_14_6.1,SAM_28079017_14_6,O3,http://dd.eionet.europa.eu/vocabulary/aq/pollutant/7,hour,2.5400000000,µg/m3,2017-02-09 09:00:00 +01:00,2017-02-09 10:00:00 +01:00,1,1
ES,ES.BDCA.AQD,NET_ES131A,STA_ES0125A,,SP_28079017_14_6,SPP_28079017_14_6.1,SAM_28079017_14_6,O3,http://dd.eionet.europa.eu/vocabulary/aq/pollutant/7,hour,4.7699999900,µg/m3,2017-02-09 10:00:00 +01:00,2017-02-09 11:00:00 +01:00,1,1
ES,ES.BDCA.AQD,NET_ES131A,STA_ES0125A,,SP_28079017_14_6,SPP_28079017_14_6.1,SAM_28079017_14_6,O3,http://dd.eionet.europa.eu/vocabulary/aq/pollutant/7,hour,23.4699999900,µg/m3,2017-02-09 11:00:00 +01:00,2017-02-09 12:00:00 +01:00,1,1
ES,ES.BDCA.AQD,NET_ES131A,STA_ES0125A,,SP_28079017_14_6,SPP_28079017_14_6.1,SAM_28079017_14_6,O3,http://dd.eionet.europa.eu/vocabulary/aq/pollutant/7,hour,42.9799999900,µg/m3,2017-02-09 12:00:00 +01:00,2017-02-09 13:00:00 +01:00,1,1
ES,ES.BDCA.AQD,NET_ES131A,STA_ES0125A,,SP_28079017_14_6,SPP_28079017_14_6.1,SAM_28079017_14_6,O3,http://dd.eionet.europa.eu/vocabulary/aq/pollutant/7,hour,51.8900000000,µg/m3,2017-02-09 13:00:00 +01:00,2017-02-09 14:00:00 +01:00,1,1
ES,ES.BDCA.AQD,NET_ES131A,STA_ES0125A,,SP_28079017_14_6,SPP_28079017_14_6.1,SAM_28079017_14_6,O3,http://dd.eionet.europa.eu/vocabulary/aq/pollutant/7,hour,59.5600000000,µg/m3,2017-02-09 14:00:00 +01:00,2017-02-09 15:00:00 +01:00,1,1
ES,ES.BDCA.AQD,NET_ES131A,STA_ES0125A,,SP_28079017_14_6,SPP_28079017_14_6.1,SAM_28079017_14_6,O3,http://dd.eionet.europa.eu/vocabulary/aq/pollutant/7,hour,58.7199999900,µg/m3,2017-02-09 15:00:00 +01:00,2017-02-09 16:00:00 +01:00,1,1
ES,ES.BDCA.AQD,NET_ES131A,STA_ES0125A,,SP_28079017_14_6,SPP_28079017_14_6.1,SAM_28079017_14_6,O3,http://dd.eionet.europa.eu/vocabulary/aq/pollutant/7,hour,51.7100000000,µg/m3,2017-02-09 16:00:00 +01:00,2017-02-09 17:00:00 +01:00,1,1
ES,ES.BDCA.AQD,NET_ES131A,STA_ES0125A,,SP_28079017_14_6,SPP_28079017_14_6.1,SAM_28079017_14_6,O3,http://dd.eionet.europa.eu/vocabulary/aq/pollutant/7,hour,46.1000000000,µg/m3,2017-02-09 17:00:00 +01:00,2017-02-09 18:00:00 +01:00,1,1
ES,ES.BDCA.AQD,NET_ES131A,STA_ES0125A,,SP_28079017_14_6,SPP_28079017_14_6.1,SAM_28079017_14_6,O3,http://dd.eionet.europa.eu/vocabulary/aq/pollutant/7,hour,43.1000000000,µg/m3,2017-02-09 18:00:00 +01:00,2017-02-09 19:00:00 +01:00,1,1
ES,ES.BDCA.AQD,NET_ES131A,STA_ES0125A,,SP_28079017_14_6,SPP_28079017_14_6.1,SAM_28079017_14_6,O3,http://dd.eionet.europa.eu/vocabulary/aq/pollutant/7,hour,5.9600000000,µg/m3,2017-02-09 19:00:00 +01:00,2017-02-09 20:00:00 +01:00,1,1
ES,ES.BDCA.AQD,NET_ES131A,STA_ES0125A,,SP_28079017_14_6,SPP_28079017_14_6.1,SAM_28079017_14_6,O3,http://dd.eionet.europa.eu/vocabulary/aq/pollutant/7,hour,1.7700000000,µg/m3,2017-02-09 20:00:00 +01:00,2017-02-09 21:00:00 +01:00,1,1
ES,ES.BDCA.AQD,NET_ES131A,STA_ES0125A,,SP_28079017_14_6,SPP_28079017_14_6.1,SAM_28079017_14_6,O3,http://dd.eionet.europa.eu/vocabulary/aq/pollutant/7,hour,1.6499999900,µg/m3,2017-02-09 21:00:00 +01:00,2017-02-09 22:00:00 +01:00,1,1
ES,ES.BDCA.AQD,NET_ES131A,STA_ES0125A,,SP_28079017_14_6,SPP_28079017_14_6.1,SAM_28079017_14_6,O3,http://dd.eionet.europa.eu/vocabulary/aq/pollutant/7,hour,1.4599999900,µg/m3,2017-02-09 22:00:00 +01:00,2017-02-09 23:00:00 +01:00,1,1
ES,ES.BDCA.AQD,NET_ES131A,STA_ES0125A,,SP_28079017_14_6,SPP_28079017_14_6.1,SAM_28079017_14_6,O3,http://dd.eionet.europa.eu/vocabulary/aq/pollutant/7,hour,1.2800000000,µg/m3,2017-02-09 23:00:00 +01:00,2017-02-10 00:00:00 +01:00,1,1
ES,ES.BDCA.AQD,NET_ES131A,STA_ES0125A,,SP_28079017_14_6,SPP_28079017_14_6.1,SAM_28079017_14_6,O3,http://dd.eionet.europa.eu/vocabulary/aq/pollutant/7,hour,1.2700000000,µg/m3,2017-02-10 00:00:00 +01:00,2017-02-10 01:00:00 +01:00,1,1
ES,ES.BDCA.AQD,NET_ES131A,STA_ES0125A,,SP_28079017_14_6,SPP_28079017_14_6.1,SAM_28079017_14_6,O3,http://dd.eionet.europa.eu/vocabulary/aq/pollutant/7,hour,3.3799999900,µg/m3,2017-02-10 01:00:00 +01:00,2017-02-10 02:00:00 +01:00,1,1
ES,ES.BDCA.AQD,NET_ES131A,STA_ES0125A,,SP_28079017_14_6,SPP_28079017_14_6.1,SAM_28079017_14_6,O3,http://dd.eionet.europa.eu/vocabulary/aq/pollutant/7,hour,3.5499999900,µg/m3,2017-02-10 02:00:00 +01:00,2017-02-10 03:00:00 +01:00,1,1
ES,ES.BDCA.AQD,NET_ES131A,STA_ES0125A,,SP_28079017_14_6,SPP_28079017_14_6.1,SAM_28079017_14_6,O3,http://dd.eionet.europa.eu/vocabulary/aq/pollutant/7,hour,1.1499999900,µg/m3,2017-02-10 03:00:00 +01:00,2017-02-10 04:00:00 +01:00,1,1
ES,ES.BDCA.AQD,NET_ES131A,STA_ES0125A,,SP_28079017_14_6,SPP_28079017_14_6.1,SAM_28079017_14_6,O3,http://dd.eionet.europa.eu/vocabulary/aq/pollutant/7,hour,,µg/m3,2017-02-10 04:00:00 +01:00,2017-02-10 05:00:00 +01:00,-1,1
ES,ES.BDCA.AQD,NET_ES131A,STA_ES0125A,,SP_28079017_14_6,SPP_28079017_14_6.1,SAM_28079017_14_6,O3,http://dd.eionet.europa.eu/vocabulary/aq/pollutant/7,hour,1.3899999900,µg/m3,2017-02-10 05:00:00 +01:00,2017-02-10 06:00:00 +01:00,1,1
ES,ES.BDCA.AQD,NET_ES131A,STA_ES0125A,,SP_28079017_14_6,SPP_28079017_14_6.1,SAM_28079017_14_6,O3,http://dd.eionet.europa.eu/vocabulary/aq/pollutant/7,hour,1.0400000000,µg/m3,2017-02-10 06:00:00 +01:00,2017-02-10 07:00:00 +01:00,1,1
ES,ES.BDCA.AQD,NET_ES131A,STA_ES0125A,,SP_28079017_14_6,SPP_28079017_14_6.1,SAM_28079017_14_6,O3,http://dd.eionet.europa.eu/vocabulary/aq/pollutant/7,hour,1.1799999900,µg/m3,2017-02-10 07:00:00 +01:00,2017-02-10 08:00:00 +01:00,1,1
ES,ES.BDCA.AQD,NET_ES131A,STA_ES0125A,,SP_28079017_14_6,SPP_28079017_14_6.1,SAM_28079017_14_6,O3,http://dd.eionet.europa.eu/vocabulary/aq/pollutant/7,hour,1.1599999900,µg/m3,2017-02-10 08:00:00 +01:00,2017-02-10 09:00:00 +01:00,1,1
ES,ES.BDCA.AQD,NET_ES131A,STA_ES0125A,,SP_28079017_14_6,SPP_28079017_14_6.1,SAM_28079017_14_6,O3,http://dd.eionet.europa.eu/vocabulary/aq/pollutant/7,hour,1.7000000000,µg/m3,2017-02-10 09:00:00 +01:00,2017-02-10 10:00:00 +01:00,1,1
ES,ES.BDCA.AQD,NET_ES131A,STA_ES0125A,,SP_28079017_14_6,SPP_28079017_14_6.1,SAM_28079017_14_6,O3,http://dd.eionet.europa.eu/vocabulary/aq/pollutant/7,hour,2.0299999900,µg/m3,2017-02-10 10:00:00 +01:00,2017-02-10 11:00:00 +01:00,1,1
ES,ES.BDCA.AQD,NET_ES131A,STA_ES0125A,,SP_28079017_14_6,SPP_28079017_14_6.1,SAM_28079017_14_6,O3,http://dd.eionet.europa.eu/vocabulary/aq/pollutant/7,hour,5.1900000000,µg/m3,2017-02-10 11:00:00 +01:00,2017-02-10 12:00:00 +01:00,1,1
ES,ES.BDCA.AQD,NET_ES131A,STA_ES0125A,,SP_28079017_14_6,SPP_28079017_14_6.1,SAM_28079017_14_6,O3,http://dd.eionet.europa.eu/vocabulary/aq/pollutant/7,hour,9.3800000000,µg/m3,2017-02-10 12:00:00 +01:00,2017-02-10 13:00:00 +01:00,1,1
ES,ES.BDCA.AQD,NET_ES131A,STA_ES0125A,,SP_28079017_14_6,SPP_28079017_14_6.1,SAM_28079017_14_6,O3,http://dd.eionet.europa.eu/vocabulary/aq/pollutant/7,hour,11.0600000000,µg/m3,2017-02-10 13:00:00 +01:00,2017-02-10 14:00:00 +01:00,1,1
ES,ES.BDCA.AQD,NET_ES131A,STA_ES0125A,,SP_28079017_14_6,SPP_28079017_14_6.1,SAM_28079017_14_6,O3,http://dd.eionet.europa.eu/vocabulary/aq/pollutant/7,hour,13.1600000000,µg/m3,2017-02-10 14:00:00 +01:00,2017-02-10 15:00:00 +01:00,1,1
ES,ES.BDCA.AQD,NET_ES131A,STA_ES0125A,,SP_28079017_14_6,SPP_28079017_14_6.1,SAM_28079017_14_6,O3,http://dd.eionet.europa.eu/vocabulary/aq/pollutant/7,hour,10.7300000000,µg/m3,2017-02-10 15:00:00 +01:00,2017-02-10 16:00:00 +01:00,1,1
ES,ES.BDCA.AQD,NET_ES131A,STA_ES0125A,,SP_28079017_14_6,SPP_28079017_14_6.1,SAM_28079017_14_6,O3,http://dd.eionet.europa.eu/vocabulary/aq/pollutant/7,hour,17.0100000000,µg/m3,2017-02-10 16:00:00 +01:00,2017-02-10 17:00:00 +01:00,1,1
ES,ES.BDCA.AQD,NET_ES131A,STA_ES0125A,,SP_28079017_14_6,SPP_28079017_14_6.1,SAM_28079017_14_6,O3,http://dd.eionet.europa.eu/vocabulary/aq/pollutant/7,hour,5.2800000000,µg/m3,2017-02-10 17:00:00 +01:00,2017-02-10 18:00:00 +01:00,1,1
ES,ES.BDCA.AQD,NET_ES131A,STA_ES0125A,,SP_28079017_14_6,SPP_28079017_14_6.1,SAM_28079017_14_6,O3,http://dd.eionet.europa.eu/vocabulary/aq/pollutant/7,hour,1.3899999900,µg/m3,2017-02-10 18:00:00 +01:00,2017-02-10 19:00:00 +01:00,1,1
ES,ES.BDCA.AQD,NET_ES131A,STA_ES0125A,,SP_28079017_14_6,SPP_28079017_14_6.1,SAM_28079017_14_6,O3,http://dd.eionet.europa.eu/vocabulary/aq/pollutant/7,hour,1.3500000000,µg/m3,2017-02-10 19:00:00 +01:00,2017-02-10 20:00:00 +01:00,1,1
ES,ES.BDCA.AQD,NET_ES131A,STA_ES0125A,,SP_28079017_14_6,SPP_28079017_14_6.1,SAM_28079017_14_6,O3,http://dd.eionet.europa.eu/vocabulary/aq/pollutant/7,hour,1.4499999900,µg/m3,2017-02-10 20:00:00 +01:00,2017-02-10 21:00:00 +01:00,1,1
ES,ES.BDCA.AQD,NET_ES131A,STA_ES0125A,,SP_28079017_14_6,SPP_28079017_14_6.1,SAM_28079017_14_6,O3,http://dd.eionet.europa.eu/vocabulary/aq/pollutant/7,hour,0.8000000000,µg/m3,2017-02-10 21:00:00 +01:00,2017-02-10 22:00:00 +01:00,1,1
ES,ES.BDCA.AQD,NET_ES131A,STA_ES0125A,,SP_28079017_14_6,SPP_28079017_14_6.1,SAM_28079017_14_6,O3,http://dd.eionet.europa.eu/vocabulary/aq/pollutant/7,hour,7.3600000000,µg/m3,2017-02-10 22:00:00 +01:00,2017-02-10 23:00:00 +01:00,1,1
ES,ES.BDCA.AQD,NET_ES131A,STA_ES0125A,,SP_28079017_14_6,SPP_28079017_14_6.1,SAM_28079017_14_6,O3,http://dd.eionet.europa.eu/vocabulary/aq/pollutant/7,hour,34.4699999900,µg/m3,2017-02-10 23:00:00 +01:00,2017-02-11 00:00:00 +01:00,1,1
ES,ES.BDCA.AQD,NET_ES131A,STA_ES0125A,,SP_28079017_14_6,SPP_28079017_14_6.1,SAM_28079017_14_6,O3,http://dd.eionet.europa.eu/vocabulary/aq/pollutant/7,hour,39.1199999900,µg/m3,2017-02-11 00:00:00 +01:00,2017-02-11 01:00:00 +01:00,1,1
ES,ES.BDCA.AQD,NET_ES131A,STA_ES0125A,,SP_28079017_14_6,SPP_28079017_14_6.1,SAM_28079017_14_6,O3,http://dd.eionet.europa.eu/vocabulary/aq/pollutant/7,hour,43.5700000000,µg/m3,2017-02-11 01:00:00 +01:00,2017-02-11 02:00:00 +01:00,1,1
ES,ES.BDCA.AQD,NET_ES131A,STA_ES0125A,,SP_28079017_14_6,SPP_28079017_14_6.1,SAM_28079017_14_6,O3,http://dd.eionet.europa.eu/vocabulary/aq/pollutant/7,hour,58.0200000000,µg/m3,2017-02-11 02:00:00 +01:00,2017-02-11 03:00:00 +01:00,1,1
ES,ES.BDCA.AQD,NET_ES131A,STA_ES0125A,,SP_28079017_14_6,SPP_28079017_14_6.1,SAM_28079017_14_6,O3,http://dd.eionet.europa.eu/vocabulary/aq/pollutant/7,hour,,µg/m3,2017-02-11 03:00:00 +01:00,2017-02-11 04:00:00 +01:00,-1,1
ES,ES.BDCA.AQD,NET_ES131A,STA_ES0125A,,SP_28079017_14_6,SPP_28079017_14_6.1,SAM_28079017_14_6,O3,http://dd.eionet.europa.eu/vocabulary/aq/pollutant/7,hour,54.6800000000,µg/m3,2017-02-11 04:00:00 +01:00,2017-02-11 05:00:00 +01:00,1,1
ES,ES.BDCA.AQD,NET_ES131A,STA_ES0125A,,SP_28079017_14_6,SPP_28079017_14_6.1,SAM_28079017_14_6,O3,http://dd.eionet.europa.eu/vocabulary/aq/pollutant/7,hour,51.6099999900,µg/m3,2017-02-11 05:00:00 +01:00,2017-02-11 06:00:00 +01:00,1,1
ES,ES.BDCA.AQD,NET_ES131A,STA_ES0125A,,SP_28079017_14_6,SPP_28079017_14_6.1,SAM_28079017_14_6,O3,http://dd.eionet.europa.eu/vocabulary/aq/pollutant/7,hour,43.9600000000,µg/m3,2017-02-11 06:00:00 +01:00,2017-02-11 07:00:00 +01:00,1,1
ES,ES.BDCA.AQD,NET_ES131A,STA_ES0125A,,SP_28079017_14_6,SPP_28079017_14_6.1,SAM_28079017_14_6,O3,http://dd.eionet.europa.eu/vocabulary/aq/pollutant/7,hour,31.0700000000,µg/m3,2017-02-11 07:00:00 +01:00,2017-02-11 08:00:00 +01:00,1,1
ES,ES.BDCA.AQD,NET_ES131A,STA_ES0125A,,SP_28079017_14_6,SPP_28079017_14_6.1,SAM_28079017_14_6,O3,http://dd.eionet.europa.eu/vocabulary/aq/pollutant/7,hour,29.3200000000,µg/m3,2017-02-11 08:00:00 +01:00,2017-02-11 09:00:00 +01:00,1,1
ES,ES.BDCA.AQD,NET_ES131A,STA_ES0125A,,SP_28079017_14_6,SPP_28079017_14_6.1,SAM_28079017_14_6,O3,http://dd.eionet.europa.eu/vocabulary/aq/pollutant/7,hour,31.4699999900,µg/m3,2017-02-11 09:00:00 +01:00,2017-02-11 10:00:00 +01:00,1,1
ES,ES.BDCA.AQD,NET_ES131A,STA_ES0125A,,SP_28079017_14_6,SPP_28079017_14_6.1,SAM_28079017_14_6,O3,http://dd.eionet.europa.eu/vocabulary/aq/pollutant/7,hour,23.0799999900,µg/m3,2017-02-11 10:00:00 +01:00,2017-02-11 11:00:00 +01:00,1,1
ES,ES.BDCA.AQD,NET_ES131A,STA_ES0125A,,SP_28079017_14_6,SPP_28079017_14_6.1,SAM_28079017_14_6,O3,http://dd.eionet.europa.eu/vocabulary/aq/pollutant/7,hour,18.1000000000,µg/m3,2017-02-11 11:00:00 +01:00,2017-02-11 12:00:00 +01:00,1,1
ES,ES.BDCA.AQD,NET_ES131A,STA_ES0125A,,SP_28079017_14_6,SPP_28079017_14_6.1,SAM_28079017_14_6,O3,http://dd.eionet.europa.eu/vocabulary/aq/pollutant/7,hour,24.0500000000,µg/m3,2017-02-11 12:00:00 +01:00,2017-02-11 13:00:00 +01:00,1,1
ES,ES.BDCA.AQD,NET_ES131A,STA_ES0125A,,SP_28079017_14_6,SPP_28079017_14_6.1,SAM_28079017_14_6,O3,http://dd.eionet.europa.eu/vocabulary/aq/pollutant/7,hour,22.1800000000,µg/m3,2017-02-11 13:00:00 +01:00,2017-02-11 14:00:00 +01:00,1,1
ES,ES.BDCA.AQD,NET_ES131A,STA_ES0125A,,SP_28079017_14_6,SPP_28079017_14_6.1,SAM_28079017_14_6,O3,http://dd.eionet.europa.eu/vocabulary/aq/pollutant/7,hour,22.8799999900,µg/m3,2017-02-11 14:00:00 +01:00,2017-02-11 15:00:00 +01:00,1,1
ES,ES.BDCA.AQD,NET_ES131A,STA_ES0125A,,SP_28079017_14_6,SPP_28079017_14_6.1,SAM_28079017_14_6,O3,http://dd.eionet.europa.eu/vocabulary/aq/pollutant/7,hour,17.8700000000,µg/m3,2017-02-11 15:00:00 +01:00,2017-02-11 16:00:00 +01:00,1,1
ES,ES.BDCA.AQD,NET_ES131A,STA_ES0125A,,SP_28079017_14_6,SPP_28079017_14_6.1,SAM_28079017_14_6,O3,http://dd.eionet.europa.eu/vocabulary/aq/pollutant/7,hour,23.2800000000,µg/m3,2017-02-11 16:00:00 +01:00,2017-02-11 17:00:00 +01:00,1,1
ES,ES.BDCA.AQD,NET_ES131A,STA_ES0125A,,SP_28079017_14_6,SPP_28079017_14_6.1,SAM_28079017_14_6,O3,http://dd.eionet.europa.eu/vocabulary/aq/pollutant/7,hour,13.8400000000,µg/m3,2017-02-11 17:00:00 +01:00,2017-02-11 18:00:00 +01:00,1,1
ES,ES.BDCA.AQD,NET_ES131A,STA_ES0125A,,SP_28079017_14_6,SPP_28079017_14_6.1,SAM_28079017_14_6,O3,http://dd.eionet.europa.eu/vocabulary/aq/pollutant/7,hour,8.5700000000,µg/m3,2017-02-11 18:00:00 +01:00,2017-02-11 19:00:00 +01:00,1,1
ES,ES.BDCA.AQD,NET_ES131A,STA_ES0125A,,SP_28079017_14_6,SPP_28079017_14_6.1,SAM_28079017_14_6,O3,http://dd.eionet.europa.eu/vocabulary/aq/pollutant/7,hour,20.6000000000,µg/m3,2017-02-11 19:00:00 +01:00,2017-02-11 20:00:00 +01:00,1,1
ES,ES.BDCA.AQD,NET_ES131A,STA_ES0125A,,SP_28079017_14_6,SPP_28079017_14_6.1,SAM_28079017_14_6,O3,http://dd.eionet.europa.eu/vocabulary/aq/pollutant/7,hour,19.5200000000,µg/m3,2017-02-11 20:00:00 +01:00,2017-02-11 21:00:00 +01:00,1,1
ES,ES.BDCA.AQD,NET_ES131A,STA_ES0125A,,SP_28079017_14_6,SPP_28079017_14_6.1,SAM_28079017_14_6,O3,http://dd.eionet.europa.eu/vocabulary/aq/pollutant/7,hour,12.1400000000,µg/m3,2017-02-11 21:00:00 +01:00,2017-02-11 22:00:00 +01:00,1,1
ES,ES.BDCA.AQD,NET_ES131A,STA_ES0125A,,SP_28079017_14_6,SPP_28079017_14_6.1,SAM_28079017_14_6,O3,http://dd.eionet.europa.eu/vocabulary/aq/pollutant/7,hour,9.2100000000,µg/m3,2017-02-11 22:00:00 +01:00,2017-02-11 23:00:00 +01:00,1,1
ES,ES.BDCA.AQD,NET_ES131A,STA_ES0125A,,SP_28079017_14_6,SPP_28079017_14_6.1,SAM_28079017_14_6,O3,http://dd.eionet.europa.eu/vocabulary/aq/pollutant/7,hour,12.7799999900,µg/m3,2017-02-11 23:00:00 +01:00,2017-02-12 00:00:00 +01:00,1,1
ES,ES.BDCA.AQD,NET_ES131A,STA_ES0125A,,SP_28079017_14_6,SPP_28079017_14_6.1,SAM_28079017_14_6,O3,http://dd.eionet.europa.eu/vocabulary/aq/pollutant/7,hour,39.0300000000,µg/m3,2017-02-12 00:00:00 +01:00,2017-02-12 01:00:00 +01:00,1,1
ES,ES.BDCA.AQD,NET_ES131A,STA_ES0125A,,SP_28079017_14_6,SPP_28079017_14_6.1,SAM_28079017_14_6,O3,http://dd.eionet.europa.eu/vocabulary/aq/pollutant/7,hour,56.7000000000,µg/m3,2017-02-12 01:00:00 +01:00,2017-02-12 02:00:00 +01:00,1,1
ES,ES.BDCA.AQD,NET_ES131A,STA_ES0125A,,SP_28079017_14_6,SPP_28079017_14_6.1,SAM_28079017_14_6,O3,http://dd.eionet.europa.eu/vocabulary/aq/pollutant/7,hour,,µg/m3,2017-02-12 02:00:00 +01:00,2017-02-12 03:00:00 +01:00,-1,1
ES,ES.BDCA.AQD,NET_ES131A,STA_ES0125A,,SP_28079017_14_6,SPP_28079017_14_6.1,SAM_28079017_14_6,O3,http://dd.eionet.europa.eu/vocabulary/aq/pollutant/7,hour,61.9699999900,µg/m3,2017-02-12 03:00:00 +01:00,2017-02-12 04:00:00 +01:00,1,1
ES,ES.BDCA.AQD,NET_ES131A,STA_ES0125A,,SP_28079017_14_6,SPP_28079017_14_6.1,SAM_28079017_14_6,O3,http://dd.eionet.europa.eu/vocabulary/aq/pollutant/7,hour,57.0399999900,µg/m3,2017-02-12 04:00:00 +01:00,2017-02-12 05:00:00 +01:00,1,1
ES,ES.BDCA.AQD,NET_ES131A,STA_ES0125A,,SP_28079017_14_6,SPP_28079017_14_6.1,SAM_28079017_14_6,O3,http://dd.eionet.europa.eu/vocabulary/aq/pollutant/7,hour,57.3299999900,µg/m3,2017-02-12 05:00:00 +01:00,2017-02-12 06:00:00 +01:00,1,1
ES,ES.BDCA.AQD,NET_ES131A,STA_ES0125A,,SP_28079017_14_6,SPP_28079017_14_6.1,SAM_28079017_14_6,O3,http://dd.eionet.europa.eu/vocabulary/aq/pollutant/7,hour,57.5600000000,µg/m3,2017-02-12 06:00:00 +01:00,2017-02-12 07:00:00 +01:00,1,1
ES,ES.BDCA.AQD,NET_ES131A,STA_ES0125A,,SP_28079017_14_6,SPP_28079017_14_6.1,SAM_28079017_14_6,O3,http://dd.eionet.europa.eu/vocabulary/aq/pollutant/7,hour,51.0799999900,µg/m3,2017-02-12 07:00:00 +01:00,2017-02-12 08:00:00 +01:00,1,1
ES,ES.BDCA.AQD,NET_ES131A,STA_ES0125A,,SP_28079017_14_6,SPP_28079017_14_6.1,SAM_28079017_14_6,O3,http://dd.eionet.europa.eu/vocabulary/aq/pollutant/7,hour,35.1800000000,µg/m3,2017-02-12 08:00:00 +01:00,2017-02-12 09:00:00 +01:00,1,1
ES,ES.BDCA.AQD,NET_ES131A,STA_ES0125A,,SP_28079017_14_6,SPP_28079017_14_6.1,SAM_28079017_14_6,O3,http://dd.eionet.europa.eu/vocabulary/aq/pollutant/7,hour,30.1299999900,µg/m3,2017-02-12 09:00:00 +01:00,2017-02-12 10:00:00 +01:00,1,1
ES,ES.BDCA.AQD,NET_ES131A,STA_ES0125A,,SP_28079017_14_6,SPP_28079017_14_6.1,SAM_28079017_14_6,O3,http://dd.eionet.europa.eu/vocabulary/aq/pollutant/7,hour,31.6999999900,µg/m3,2017-02-12 10:00:00 +01:00,2017-02-12 11:00:00 +01:00,1,1
ES,ES.BDCA.AQD,NET_ES131A,STA_ES0125A,,SP_28079017_14_6,SPP_28079017_14_6.1,SAM_28079017_14_6,O3,http://dd.eionet.europa.eu/vocabulary/aq/pollutant/7,hour,44.2100000000,µg/m3,2017-02-12 11:00:00 +01:00,2017-02-12 12:00:00 +01:00,1,1
ES,ES.BDCA.AQD,NET_ES131A,STA_ES0125A,,SP_28079017_14_6,SPP_28079017_14_6.1,SAM_28079017_14_6,O3,http://dd.eionet.europa.eu/vocabulary/aq/pollutant/7,hour,44.7800000000,µg/m3,2017-02-12 12:00:00 +01:00,2017-02-12 13:00:00 +01:00,1,1
ES,ES.BDCA.AQD,NET_ES131A,STA_ES0125A,,SP_28079017_14_6,SPP_28079017_14_6.1,SAM_28079017_14_6,O3,http://dd.eionet.europa.eu/vocabulary/aq/pollutant/7,hour,47.3299999900,µg/m3,2017-02-12 13:00:00 +01:00,2017-02-12 14:00:00 +01:00,1,1
ES,ES.BDCA.AQD,NET_ES131A,STA_ES0125A,,SP_28079017_14_6,SPP_28079017_14_6.1,SAM_28079017_14_6,O3,http://dd.eionet.europa.eu/vocabulary/aq/pollutant/7,hour,44.7899999900,µg/m3,2017-02-12 14:00:00 +01:00,2017-02-12 15:00:00 +01:00,1,1
ES,ES.BDCA.AQD,NET_ES131A,STA_ES0125A,,SP_28079017_14_6,SPP_28079017_14_6.1,SAM_28079017_14_6,O3,http://dd.eionet.europa.eu/vocabulary/aq/pollutant/7,hour,26.9600000000,µg/m3,2017-02-12 15:00:00 +01:00,2017-02-12 16:00:00 +01:00,1,1
ES,ES.BDCA.AQD,NET_ES131A,STA_ES0125A,,SP_28079017_14_6,SPP_28079017_14_6.1,SAM_28079017_14_6,O3,http://dd.eionet.europa.eu/vocabulary/aq/pollutant/7,hour,16.1800000000,µg/m3,2017-02-12 16:00:00 +01:00,2017-02-12 17:00:00 +01:00,1,1
ES,ES.BDCA.AQD,NET_ES131A,STA_ES0125A,,SP_28079017_14_6,SPP_28079017_14_6.1,SAM_28079017_14_6,O3,http://dd.eionet.europa.eu/vocabulary/aq/pollutant/7,hour,5.0899999900,µg/m3,2017-02-12 17:00:00 +01:00,2017-02-12 18:00:00 +01:00,1,1
ES,ES.BDCA.AQD,NET_ES131A,STA_ES0125A,,SP_28079017_14_6,SPP_28079017_14_6.1,SAM_28079017_14_6,O3,http://dd.eionet.europa.eu/vocabulary/aq/pollutant/7,hour,30.9100000000,µg/m3,2017-02-12 18:00:00 +01:00,2017-02-12 19:00:00 +01:00,1,1
ES,ES.BDCA.AQD,NET_ES131A,STA_ES0125A,,SP_28079017_14_6,SPP_28079017_14_6.1,SAM_28079017_14_6,O3,http://dd.eionet.europa.eu/vocabulary/aq/pollutant/7,hour,58.5900000000,µg/m3,2017-02-12 19:00:00 +01:00,2017-02-12 20:00:00 +01:00,1,1
ES,ES.BDCA.AQD,NET_ES131A,STA_ES0125A,,SP_28079017_14_6,SPP_28079017_14_6.1,SAM_28079017_14_6,O3,http://dd.eionet.europa.eu/vocabulary/aq/pollutant/7,hour,59.4600000000,µg/m3,2017-02-12 20:00:00 +01:00,2017-02-12 21:00:00 +01:00,1,1
ES,ES.BDCA.AQD,NET_ES131A,STA_ES0125A,,SP_28079017_14_6,SPP_28079017_14_6.1,SAM_28079017_14_6,O3,http://dd.eionet.europa.eu/vocabulary/aq/pollutant/7,hour,62.4099999900,µg/m3,2017-02-12 21:00:00 +01:00,2017-02-12 22:00:00 +01:00,1,1
ES,ES.BDCA.AQD,NET_ES131A,STA_ES0125A,,SP_28079017_14_6,SPP_28079017_14_6.1,SAM_28079017_14_6,O3,http://dd.eionet.europa.eu/vocabulary/aq/pollutant/7,hour,67.9500000000,µg/m3,2017-02-12 22:00:00 +01:00,2017-02-12 23:00:00 +01:00,1,1
ES,ES.BDCA.AQD,NET_ES131A,STA_ES0125A,,SP_28079017_14_6,SPP_28079017_14_6.1,SAM_28079017_14_6,O3,http://dd.eionet.europa.eu/vocabulary/aq/pollutant/7,hour,68.9300000000,µg/m3,2017-02-12 23:00:00 +01:00,2017-02-13 00:00:00 +01:00,1,1
ES,ES.BDCA.AQD,NET_ES131A,STA_ES0125A,,SP_28079017_14_6,SPP_28079017_14_6.1,SAM_28079017_14_6,O3,http://dd.eionet.europa.eu/vocabulary/aq/pollutant/7,hour,69.2199999900,µg/m3,2017-02-13 00:00:00 +01:00,2017-02-13 01:00:00 +01:00,1,1
ES,ES.BDCA.AQD,NET_ES131A,STA_ES0125A,,SP_28079017_14_6,SPP_28079017_14_6.1,SAM_28079017_14_6,O3,http://dd.eionet.europa.eu/vocabulary/aq/pollutant/7,hour,,µg/m3,2017-02-13 01:00:00 +01:00,2017-02-13 02:00:00 +01:00,-1,1
ES,ES.BDCA.AQD,NET_ES131A,STA_ES0125A,,SP_28079017_14_6,SPP_28079017_14_6.1,SAM_28079017_14_6,O3,http://dd.eionet.europa.eu/vocabulary/aq/pollutant/7,hour,67.4599999900,µg/m3,2017-02-13 02:00:00 +01:00,2017-02-13 03:00:00 +01:00,1,1
ES,ES.BDCA.AQD,NET_ES131A,STA_ES0125A,,SP_28079017_14_6,SPP_28079017_14_6.1,SAM_28079017_14_6,O3,http://dd.eionet.europa.eu/vocabulary/aq/pollutant/7,hour,67.2000000000,µg/m3,2017-02-13 03:00:00 +01:00,2017-02-13 04:00:00 +01:00,1,1
ES,ES.BDCA.AQD,NET_ES131A,STA_ES0125A,,SP_28079017_14_6,SPP_28079017_14_6.1,SAM_28079017_14_6,O3,http://dd.eionet.europa.eu/vocabulary/aq/pollutant/7,hour,67.4599999900,µg/m3,2017-02-13 04:00:00 +01:00,2017-02-13 05:00:00 +01:00,1,1
ES,ES.BDCA.AQD,NET_ES131A,STA_ES0125A,,SP_28079017_14_6,SPP_28079017_14_6.1,SAM_28079017_14_6,O3,http://dd.eionet.europa.eu/vocabulary/aq/pollutant/7,hour,58.9399999900,µg/m3,2017-02-13 05:00:00 +01:00,2017-02-13 06:00:00 +01:00,1,1
ES,ES.BDCA.AQD,NET_ES131A,STA_ES0125A,,SP_28079017_14_6,SPP_28079017_14_6.1,SAM_28079017_14_6,O3,http://dd.eionet.europa.eu/vocabulary/aq/pollutant/7,hour,41.4699999900,µg/m3,2017-02-13 06:00:00 +01:00,2017-02-13 07:00:00 +01:00,1,1
ES,ES.BDCA.AQD,NET_ES131A,STA_ES0125A,,SP_28079017_14_6,SPP_28079017_14_6.1,SAM_28079017_14_6,O3,http://dd.eionet.europa.eu/vocabulary/aq/pollutant/7,hour,36.0799999900,µg/m3,2017-02-13 07:00:00 +01:00,2017-02-13 08:00:00 +01:00,1,1
ES,ES.BDCA.AQD,NET_ES131A,STA_ES0125A,,SP_28079017_14_6,SPP_28079017_14_6.1,SAM_28079017_14_6,O3,http://dd.eionet.europa.eu/vocabulary/aq/pollutant/7,hour,34.7500000000,µg/m3,2017-02-13 08:00:00 +01:00,2017-02-13 09:00:00 +01:00,1,1
ES,ES.BDCA.AQD,NET_ES131A,STA_ES0125A,,SP_28079017_14_6,SPP_28079017_14_6.1,SAM_28079017_14_6,O3,http://dd.eionet.europa.eu/vocabulary/aq/pollutant/7,hour,31.2700000000,µg/m3,2017-02-13 09:00:00 +01:00,2017-02-13 10:00:00 +01:00,1,1
ES,ES.BDCA.AQD,NET_ES131A,STA_ES0125A,,SP_28079017_14_6,SPP_28079017_14_6.1,SAM_28079017_14_6,O3,http://dd.eionet.europa.eu/vocabulary/aq/pollutant/7,hour,52.9799999900,µg/m3,2017-02-13 10:00:00 +01:00,2017-02-13 11:00:00 +01:00,1,1
ES,ES.BDCA.AQD,NET_ES131A,STA_ES0125A,,SP_28079017_14_6,SPP_28079017_14_6.1,SAM_28079017_14_6,O3,http://dd.eionet.europa.eu/vocabulary/aq/pollutant/7,hour,66.6700000000,µg/m3,2017-02-13 11:00:00 +01:00,2017-02-13 12:00:00 +01:00,1,1
ES,ES.BDCA.AQD,NET_ES131A,STA_ES0125A,,SP_28079017_14_6,SPP_28079017_14_6.1,SAM_28079017_14_6,O3,http://dd.eionet.europa.eu/vocabulary/aq/pollutant/7,hour,73.5600000000,µg/m3,2017-02-13 12:00:00 +01:00,2017-02-13 13:00:00 +01:00,1,1
ES,ES.BDCA.AQD,NET_ES131A,STA_ES0125A,,SP_28079017_14_6,SPP_28079017_14_6.1,SAM_28079017_14_6,O3,http://dd.eionet.europa.eu/vocabulary/aq/pollutant/7,hour,68.9200000000,µg/m3,2017-02-13 13:00:00 +01:00,2017-02-13 14:00:00 +01:00,1,1
ES,ES.BDCA.AQD,NET_ES131A,STA_ES0125A,,SP_28079017_14_6,SPP_28079017_14_6.1,SAM_28079017_14_6,O3,http://dd.eionet.europa.eu/vocabulary/aq/pollutant/7,hour,68.4899999900,µg/m3,2017-02-13 14:00:00 +01:00,2017-02-13 15:00:00 +01:00,1,1
ES,ES.BDCA.AQD,NET_ES131A,STA_ES0125A,,SP_28079017_14_6,SPP_28079017_14_6.1,SAM_28079017_14_6,O3,http://dd.eionet.europa.eu/vocabulary/aq/pollutant/7,hour,66.4899999900,µg/m3,2017-02-13 15:00:00 +01:00,2017-02-13 16:00:00 +01:00,1,1
ES,ES.BDCA.AQD,NET_ES131A,STA_ES0125A,,SP_28079017_14_6,SPP_28079017_14_6.1,SAM_28079017_14_6,O3,http://dd.eionet.europa.eu/vocabulary/aq/pollutant/7,hour,69.5400000000,µg/m3,2017-02-13 16:00:00 +01:00,2017-02-13 17:00:00 +01:00,1,1
ES,ES.BDCA.AQD,NET_ES131A,STA_ES0125A,,SP_28079017_14_6,SPP_28079017_14_6.1,SAM_28079017_14_6,O3,http://dd.eionet.europa.eu/vocabulary/aq/pollutant/7,hour,65.2999999900,µg/m3,2017-02-13 17:00:00 +01:00,2017-02-13 18:00:00 +01:00,1,1
ES,ES.BDCA.AQD,NET_ES131A,STA_ES0125A,,SP_28079017_14_6,SPP_28079017_14_6.1,SAM_28079017_14_6,O3,http://dd.eionet.europa.eu/vocabulary/aq/pollutant/7,hour,42.2299999900,µg/m3,2017-02-13 18:00:00 +01:00,2017-02-13 19:00:00 +01:00,1,1
ES,ES.BDCA.AQD,NET_ES131A,STA_ES0125A,,SP_28079017_14_6,SPP_28079017_14_6.1,SAM_28079017_14_6,O3,http://dd.eionet.europa.eu/vocabulary/aq/pollutant/7,hour,20.1900000000,µg/m3,2017-02-13 19:00:00 +01:00,2017-02-13 20:00:00 +01:00,1,1
ES,ES.BDCA.AQD,NET_ES131A,STA_ES0125A,,SP_28079017_14_6,SPP_28079017_14_6.1,SAM_28079017_14_6,O3,http://dd.eionet.europa.eu/vocabulary/aq/pollutant/7,hour,41.9099999900,µg/m3,2017-02-13 20:00:00 +01:00,2017-02-13 21:00:00 +01:00,1,1
ES,ES.BDCA.AQD,NET_ES131A,STA_ES0125A,,SP_28079017_14_6,SPP_28079017_14_6.1,SAM_28079017_14_6,O3,http://dd.eionet.europa.eu/vocabulary/aq/pollutant/7,hour,38.2299999900,µg/m3,2017-02-13 21:00:00 +01:00,2017-02-13 22:00:00 +01:00,1,1
ES,ES.BDCA.AQD,NET_ES131A,STA_ES0125A,,SP_28079017_14_6,SPP_28079017_14_6.1,SAM_28079017_14_6,O3,http://dd.eionet.europa.eu/vocabulary/aq/pollutant/7,hour,33.9699999900,µg/m3,2017-02-13 22:00:00 +01:00,2017-02-13 23:00:00 +01:00,1,1
ES,ES.BDCA.AQD,NET_ES131A,STA_ES0125A,,SP_28079017_14_6,SPP_28079017_14_6.1,SAM_28079017_14_6,O3,http://dd.eionet.europa.eu/vocabulary/aq/pollutant/7,hour,36.5799999900,µg/m3,2017-02-13 23:00:00 +01:00,2017-02-14 00:00:00 +01:00,1,1
ES,ES.BDCA.AQD,NET_ES131A,STA_ES0125A,,SP_28079017_14_6,SPP_28079017_14_6.1,SAM_28079017_14_6,O3,http://dd.eionet.europa.eu/vocabulary/aq/pollutant/7,hour,,µg/m3,2017-02-14 00:00:00 +01:00,2017-02-14 01:00:00 +01:00,-1,1
ES,ES.BDCA.AQD,NET_ES131A,STA_ES0125A,,SP_28079017_14_6,SPP_28079017_14_6.1,SAM_28079017_14_6,O3,http://dd.eionet.europa.eu/vocabulary/aq/pollutant/7,hour,5.6200000000,µg/m3,2017-02-14 01:00:00 +01:00,2017-02-14 02:00:00 +01:00,1,1
ES,ES.BDCA.AQD,NET_ES131A,STA_ES0125A,,SP_28079017_14_6,SPP_28079017_14_6.1,SAM_28079017_14_6,O3,http://dd.eionet.europa.eu/vocabulary/aq/pollutant/7,hour,2.7000000000,µg/m3,2017-02-14 02:00:00 +01:00,2017-02-14 03:00:00 +01:00,1,1
ES,ES.BDCA.AQD,NET_ES131A,STA_ES0125A,,SP_28079017_14_6,SPP_28079017_14_6.1,SAM_28079017_14_6,O3,http://dd.eionet.europa.eu/vocabulary/aq/pollutant/7,hour,5.8799999900,µg/m3,2017-02-14 03:00:00 +01:00,2017-02-14 04:00:00 +01:00,1,1
ES,ES.BDCA.AQD,NET_ES131A,STA_ES0125A,,SP_28079017_14_6,SPP_28079017_14_6.1,SAM_28079017_14_6,O3,http://dd.eionet.europa.eu/vocabulary/aq/pollutant/7,hour,1.5600000000,µg/m3,2017-02-14 04:00:00 +01:00,2017-02-14 05:00:00 +01:00,1,1
ES,ES.BDCA.AQD,NET_ES131A,STA_ES0125A,,SP_28079017_14_6,SPP_28079017_14_6.1,SAM_28079017_14_6,O3,http://dd.eionet.europa.eu/vocabulary/aq/pollutant/7,hour,1.7300000000,µg/m3,2017-02-14 05:00:00 +01:00,2017-02-14 06:00:00 +01:00,1,1
ES,ES.BDCA.AQD,NET_ES131A,STA_ES0125A,,SP_28079017_14_6,SPP_28079017_14_6.1,SAM_28079017_14_6,O3,http://dd.eionet.europa.eu/vocabulary/aq/pollutant/7,hour,1.4900000000,µg/m3,2017-02-14 06:00:00 +01:00,2017-02-14 07:00:00 +01:00,1,1
ES,ES.BDCA.AQD,NET_ES131A,STA_ES0125A,,SP_28079017_14_6,SPP_28079017_14_6.1,SAM_28079017_14_6,O3,http://dd.eionet.europa.eu/vocabulary/aq/pollutant/7,hour,1.1699999900,µg/m3,2017-02-14 07:00:00 +01:00,2017-02-14 08:00:00 +01:00,1,1
ES,ES.BDCA.AQD,NET_ES131A,STA_ES0125A,,SP_28079017_14_6,SPP_28079017_14_6.1,SAM_28079017_14_6,O3,http://dd.eionet.europa.eu/vocabulary/aq/pollutant/7,hour,1.5300000000,µg/m3,2017-02-14 08:00:00 +01:00,2017-02-14 09:00:00 +01:00,1,1
ES,ES.BDCA.AQD,NET_ES131A,STA_ES0125A,,SP_28079017_14_6,SPP_28079017_14_6.1,SAM_28079017_14_6,O3,http://dd.eionet.europa.eu/vocabulary/aq/pollutant/7,hour,2.3300000000,µg/m3,2017-02-14 09:00:00 +01:00,2017-02-14 10:00:00 +01:00,1,1
ES,ES.BDCA.AQD,NET_ES131A,STA_ES0125A,,SP_28079017_14_6,SPP_28079017_14_6.1,SAM_28079017_14_6,O3,http://dd.eionet.europa.eu/vocabulary/aq/pollutant/7,hour,8.7400000000,µg/m3,2017-02-14 10:00:00 +01:00,2017-02-14 11:00:00 +01:00,1,1
ES,ES.BDCA.AQD,NET_ES131A,STA_ES0125A,,SP_28079017_14_6,SPP_28079017_14_6.1,SAM_28079017_14_6,O3,http://dd.eionet.europa.eu/vocabulary/aq/pollutant/7,hour,23.6900000000,µg/m3,2017-02-14 11:00:00 +01:00,2017-02-14 12:00:00 +01:00,1,1
ES,ES.BDCA.AQD,NET_ES131A,STA_ES0125A,,SP_28079017_14_6,SPP_28079017_14_6.1,SAM_28079017_14_6,O3,http://dd.eionet.europa.eu/vocabulary/aq/pollutant/7,hour,41.3299999900,µg/m3,2017-02-14 12:00:00 +01:00,2017-02-14 13:00:00 +01:00,1,1
ES,ES.BDCA.AQD,NET_ES131A,STA_ES0125A,,SP_28079017_14_6,SPP_28079017_14_6.1,SAM_28079017_14_6,O3,http://dd.eionet.europa.eu/vocabulary/aq/pollutant/7,hour,52.6400000000,µg/m3,2017-02-14 13:00:00 +01:00,2017-02-14 14:00:00 +01:00,1,1
ES,ES.BDCA.AQD,NET_ES131A,STA_ES0125A,,SP_28079017_14_6,SPP_28079017_14_6.1,SAM_28079017_14_6,O3,http://dd.eionet.europa.eu/vocabulary/aq/pollutant/7,hour,55.2599999900,µg/m3,2017-02-14 14:00:00 +01:00,2017-02-14 15:00:00 +01:00,1,1
ES,ES.BDCA.AQD,NET_ES131A,STA_ES0125A,,SP_28079017_14_6,SPP_28079017_14_6.1,SAM_28079017_14_6,O3,http://dd.eionet.europa.eu/vocabulary/aq/pollutant/7,hour,58.7500000000,µg/m3,2017-02-14 15:00:00 +01:00,2017-02-14 16:00:00 +01:00,1,1
ES,ES.BDCA.AQD,NET_ES131A,STA_ES0125A,,SP_28079017_14_6,SPP_28079017_14_6.1,SAM_28079017_14_6,O3,http://dd.eionet.europa.eu/vocabulary/aq/pollutant/7,hour,55.4699999900,µg/m3,2017-02-14 16:00:00 +01:00,2017-02-14 17:00:00 +01:00,1,1
ES,ES.BDCA.AQD,NET_ES131A,STA_ES0125A,,SP_28079017_14_6,SPP_28079017_14_6.1,SAM_28079017_14_6,O3,http://dd.eionet.europa.eu/vocabulary/aq/pollutant/7,hour,59.6199999900,µg/m3,2017-02-14 17:00:00 +01:00,2017-02-14 18:00:00 +01:00,1,1
ES,ES.BDCA.AQD,NET_ES131A,STA_ES0125A,,SP_28079017_14_6,SPP_28079017_14_6.1,SAM_28079017_14_6,O3,http://dd.eionet.europa.eu/vocabulary/aq/pollutant/7,hour,54.1700000000,µg/m3,2017-02-14 18:00:00 +01:00,2017-02-14 19:00:00 +01:00,1,1
ES,ES.BDCA.AQD,NET_ES131A,STA_ES0125A,,SP_28079017_14_6,SPP_28079017_14_6.1,SAM_28079017_14_6,O3,http://dd.eionet.europa.eu/vocabulary/aq/pollutant/7,hour,34.3599999900,µg/m3,2017-02-14 19:00:00 +01:00,2017-02-14 20:00:00 +01:00,1,1
ES,ES.BDCA.AQD,NET_ES131A,STA_ES0125A,,SP_28079017_14_6,SPP_28079017_14_6.1,SAM_28079017_14_6,O3,http://dd.eionet.europa.eu/vocabulary/aq/pollutant/7,hour,12.6300000000,µg/m3,2017-02-14 20:00:00 +01:00,2017-02-14 21:00:00 +01:00,1,1
ES,ES.BDCA.AQD,NET_ES131A,STA_ES0125A,,SP_28079017_14_6,SPP_28079017_14_6.1,SAM_28079017_14_6,O3,http://dd.eionet.europa.eu/vocabulary/aq/pollutant/7,hour,4.1100000000,µg/m3,2017-02-14 21:00:00 +01:00,2017-02-14 22:00:00 +01:00,1,1
ES,ES.BDCA.AQD,NET_ES131A,STA_ES0125A,,SP_28079017_14_6,SPP_28079017_14_6.1,SAM_28079017_14_6,O3,http://dd.eionet.europa.eu/vocabulary/aq/pollutant/7,hour,1.4499999900,µg/m3,2017-02-14 22:00:00 +01:00,2017-02-14 23:00:00 +01:00,1,1
ES,ES.BDCA.AQD,NET_ES131A,STA_ES0125A,,SP_28079017_14_6,SPP_28079017_14_6.1,SAM_28079017_14_6,O3,http://dd.eionet.europa.eu/vocabulary/aq/pollutant/7,hour,,µg/m3,2017-02-14 23:00:00 +01:00,2017-02-15 00:00:00 +01:00,-1,1
ES,ES.BDCA.AQD,NET_ES131A,STA_ES0125A,,SP_28079017_14_6,SPP_28079017_14_6.1,SAM_28079017_14_6,O3,http://dd.eionet.europa.eu/vocabulary/aq/pollutant/7,hour,1.2000000000,µg/m3,2017-02-15 00:00:00 +01:00,2017-02-15 01:00:00 +01:00,1,1
ES,ES.BDCA.AQD,NET_ES131A,STA_ES0125A,,SP_28079017_14_6,SPP_28079017_14_6.1,SAM_28079017_14_6,O3,http://dd.eionet.europa.eu/vocabulary/aq/pollutant/7,hour,1.2200000000,µg/m3,2017-02-15 01:00:00 +01:00,2017-02-15 02:00:00 +01:00,1,1
ES,ES.BDCA.AQD,NET_ES131A,STA_ES0125A,,SP_28079017_14_6,SPP_28079017_14_6.1,SAM_28079017_14_6,O3,http://dd.eionet.europa.eu/vocabulary/aq/pollutant/7,hour,2.2000000000,µg/m3,2017-02-15 02:00:00 +01:00,2017-02-15 03:00:00 +01:00,1,1
ES,ES.BDCA.AQD,NET_ES131A,STA_ES0125A,,SP_28079017_14_6,SPP_28079017_14_6.1,SAM_28079017_14_6,O3,http://dd.eionet.europa.eu/vocabulary/aq/pollutant/7,hour,1.6000000000,µg/m3,2017-02-15 03:00:00 +01:00,2017-02-15 04:00:00 +01:00,1,1
ES,ES.BDCA.AQD,NET_ES131A,STA_ES0125A,,SP_28079017_14_6,SPP_28079017_14_6.1,SAM_28079017_14_6,O3,http://dd.eionet.europa.eu/vocabulary/aq/pollutant/7,hour,4.1399999900,µg/m3,2017-02-15 04:00:00 +01:00,2017-02-15 05:00:00 +01:00,1,1
ES,ES.BDCA.AQD,NET_ES131A,STA_ES0125A,,SP_28079017_14_6,SPP_28079017_14_6.1,SAM_28079017_14_6,O3,http://dd.eionet.europa.eu/vocabulary/aq/pollutant/7,hour,3.9700000000,µg/m3,2017-02-15 05:00:00 +01:00,2017-02-15 06:00:00 +01:00,1,1
ES,ES.BDCA.AQD,NET_ES131A,STA_ES0125A,,SP_28079017_14_6,SPP_28079017_14_6.1,SAM_28079017_14_6,O3,http://dd.eionet.europa.eu/vocabulary/aq/pollutant/7,hour,5.2300000000,µg/m3,2017-02-15 06:00:00 +01:00,2017-02-15 07:00:00 +01:00,1,1
ES,ES.BDCA.AQD,NET_ES131A,STA_ES0125A,,SP_28079017_14_6,SPP_28079017_14_6.1,SAM_28079017_14_6,O3,http://dd.eionet.europa.eu/vocabulary/aq/pollutant/7,hour,0.9100000000,µg/m3,2017-02-15 07:00:00 +01:00,2017-02-15 08:00:00 +01:00,1,1
ES,ES.BDCA.AQD,NET_ES131A,STA_ES0125A,,SP_28079017_14_6,SPP_28079017_14_6.1,SAM_28079017_14_6,O3,http://dd.eionet.europa.eu/vocabulary/aq/pollutant/7,hour,1.3999999900,µg/m3,2017-02-15 08:00:00 +01:00,2017-02-15 09:00:00 +01:00,1,1
ES,ES.BDCA.AQD,NET_ES131A,STA_ES0125A,,SP_28079017_14_6,SPP_28079017_14_6.1,SAM_28079017_14_6,O3,http://dd.eionet.europa.eu/vocabulary/aq/pollutant/7,hour,5.3300000000,µg/m3,2017-02-15 09:00:00 +01:00,2017-02-15 10:00:00 +01:00,1,1
ES,ES.BDCA.AQD,NET_ES131A,STA_ES0125A,,SP_28079017_14_6,SPP_28079017_14_6.1,SAM_28079017_14_6,O3,http://dd.eionet.europa.eu/vocabulary/aq/pollutant/7,hour,11.2300000000,µg/m3,2017-02-15 10:00:00 +01:00,2017-02-15 11:00:00 +01:00,1,1
ES,ES.BDCA.AQD,NET_ES131A,STA_ES0125A,,SP_28079017_14_6,SPP_28079017_14_6.1,SAM_28079017_14_6,O3,http://dd.eionet.europa.eu/vocabulary/aq/pollutant/7,hour,39.3500000000,µg/m3,2017-02-15 11:00:00 +01:00,2017-02-15 12:00:00 +01:00,1,1
ES,ES.BDCA.AQD,NET_ES131A,STA_ES0125A,,SP_28079017_14_6,SPP_28079017_14_6.1,SAM_28079017_14_6,O3,http://dd.eionet.europa.eu/vocabulary/aq/pollutant/7,hour,56.3400000000,µg/m3,2017-02-15 12:00:00 +01:00,2017-02-15 13:00:00 +01:00,1,1
ES,ES.BDCA.AQD,NET_ES131A,STA_ES0125A,,SP_28079017_14_6,SPP_28079017_14_6.1,SAM_28079017_14_6,O3,http://dd.eionet.europa.eu/vocabulary/aq/pollutant/7,hour,56.5799999900,µg/m3,2017-02-15 13:00:00 +01:00,2017-02-15 14:00:00 +01:00,1,1
ES,ES.BDCA.AQD,NET_ES131A,STA_ES0125A,,SP_28079017_14_6,SPP_28079017_14_6.1,SAM_28079017_14_6,O3,http://dd.eionet.europa.eu/vocabulary/aq/pollutant/7,hour,63.6099999900,µg/m3,2017-02-15 14:00:00 +01:00,2017-02-15 15:00:00 +01:00,1,1
ES,ES.BDCA.AQD,NET_ES131A,STA_ES0125A,,SP_28079017_14_6,SPP_28079017_14_6.1,SAM_28079017_14_6,O3,http://dd.eionet.europa.eu/vocabulary/aq/pollutant/7,hour,72.4599999900,µg/m3,2017-02-15 15:00:00 +01:00,2017-02-15 16:00:00 +01:00,1,1
ES,ES.BDCA.AQD,NET_ES131A,STA_ES0125A,,SP_28079017_14_6,SPP_28079017_14_6.1,SAM_28079017_14_6,O3,http://dd.eionet.europa.eu/vocabulary/aq/pollutant/7,hour,70.4200000000,µg/m3,2017-02-15 16:00:00 +01:00,2017-02-15 17:00:00 +01:00,1,1
ES,ES.BDCA.AQD,NET_ES131A,STA_ES0125A,,SP_28079017_14_6,SPP_28079017_14_6.1,SAM_28079017_14_6,O3,http://dd.eionet.europa.eu/vocabulary/aq/pollutant/7,hour,61.0600000000,µg/m3,2017-02-15 17:00:00 +01:00,2017-02-15 18:00:00 +01:00,1,1
ES,ES.BDCA.AQD,NET_ES131A,STA_ES0125A,,SP_28079017_14_6,SPP_28079017_14_6.1,SAM_28079017_14_6,O3,http://dd.eionet.europa.eu/vocabulary/aq/pollutant/7,hour,32.2999999900,µg/m3,2017-02-15 18:00:00 +01:00,2017-02-15 19:00:00 +01:00,1,1
ES,ES.BDCA.AQD,NET_ES131A,STA_ES0125A,,SP_28079017_14_6,SPP_28079017_14_6.1,SAM_28079017_14_6,O3,http://dd.eionet.europa.eu/vocabulary/aq/pollutant/7,hour,6.1100000000,µg/m3,2017-02-15 19:00:00 +01:00,2017-02-15 20:00:00 +01:00,1,1
ES,ES.BDCA.AQD,NET_ES131A,STA_ES0125A,,SP_28079017_14_6,SPP_28079017_14_6.1,SAM_28079017_14_6,O3,http://dd.eionet.europa.eu/vocabulary/aq/pollutant/7,hour,7.9000000000,µg/m3,2017-02-15 20:00:00 +01:00,2017-02-15 21:00:00 +01:00,1,1
ES,ES.BDCA.AQD,NET_ES131A,STA_ES0125A,,SP_28079017_14_6,SPP_28079017_14_6.1,SAM_28079017_14_6,O3,http://dd.eionet.europa.eu/vocabulary/aq/pollutant/7,hour,10.5700000000,µg/m3,2017-02-15 21:00:00 +01:00,2017-02-15 22:00:00 +01:00,1,1
ES,ES.BDCA.AQD,NET_ES131A,STA_ES0125A,,SP_28079017_14_6,SPP_28079017_14_6.1,SAM_28079017_14_6,O3,http://dd.eionet.europa.eu/vocabulary/aq/pollutant/7,hour,,µg/m3,2017-02-15 22:00:00 +01:00,2017-02-15 23:00:00 +01:00,-1,1
ES,ES.BDCA.AQD,NET_ES131A,STA_ES0125A,,SP_28079017_14_6,SPP_28079017_14_6.1,SAM_28079017_14_6,O3,http://dd.eionet.europa.eu/vocabulary/aq/pollutant/7,hour,9.3100000000,µg/m3,2017-02-15 23:00:00 +01:00,2017-02-16 00:00:00 +01:00,1,1
ES,ES.BDCA.AQD,NET_ES131A,STA_ES0125A,,SP_28079017_14_6,SPP_28079017_14_6.1,SAM_28079017_14_6,O3,http://dd.eionet.europa.eu/vocabulary/aq/pollutant/7,hour,30.1600000000,µg/m3,2017-02-16 00:00:00 +01:00,2017-02-16 01:00:00 +01:00,1,1
ES,ES.BDCA.AQD,NET_ES131A,STA_ES0125A,,SP_28079017_14_6,SPP_28079017_14_6.1,SAM_28079017_14_6,O3,http://dd.eionet.europa.eu/vocabulary/aq/pollutant/7,hour,48.0700000000,µg/m3,2017-02-16 01:00:00 +01:00,2017-02-16 02:00:00 +01:00,1,1
ES,ES.BDCA.AQD,NET_ES131A,STA_ES0125A,,SP_28079017_14_6,SPP_28079017_14_6.1,SAM_28079017_14_6,O3,http://dd.eionet.europa.eu/vocabulary/aq/pollutant/7,hour,29.3900000000,µg/m3,2017-02-16 02:00:00 +01:00,2017-02-16 03:00:00 +01:00,1,1
ES,ES.BDCA.AQD,NET_ES131A,STA_ES0125A,,SP_28079017_14_6,SPP_28079017_14_6.1,SAM_28079017_14_6,O3,http://dd.eionet.europa.eu/vocabulary/aq/pollutant/7,hour,13.3400000000,µg/m3,2017-02-16 03:00:00 +01:00,2017-02-16 04:00:00 +01:00,1,1
ES,ES.BDCA.AQD,NET_ES131A,STA_ES0125A,,SP_28079017_14_6,SPP_28079017_14_6.1,SAM_28079017_14_6,O3,http://dd.eionet.europa.eu/vocabulary/aq/pollutant/7,hour,3.4399999900,µg/m3,2017-02-16 04:00:00 +01:00,2017-02-16 05:00:00 +01:00,1,1
ES,ES.BDCA.AQD,NET_ES131A,STA_ES0125A,,SP_28079017_14_6,SPP_28079017_14_6.1,SAM_28079017_14_6,O3,http://dd.eionet.europa.eu/vocabulary/aq/pollutant/7,hour,4.9000000000,µg/m3,2017-02-16 05:00:00 +01:00,2017-02-16 06:00:00 +01:00,1,1
ES,ES.BDCA.AQD,NET_ES131A,STA_ES0125A,,SP_28079017_14_6,SPP_28079017_14_6.1,SAM_28079017_14_6,O3,http://dd.eionet.europa.eu/vocabulary/aq/pollutant/7,hour,1.3000000000,µg/m3,2017-02-16 06:00:00 +01:00,2017-02-16 07:00:00 +01:00,1,1
ES,ES.BDCA.AQD,NET_ES131A,STA_ES0125A,,SP_28079017_14_6,SPP_28079017_14_6.1,SAM_28079017_14_6,O3,http://dd.eionet.europa.eu/vocabulary/aq/pollutant/7,hour,0.7500000000,µg/m3,2017-02-16 07:00:00 +01:00,2017-02-16 08:00:00 +01:00,1,1
ES,ES.BDCA.AQD,NET_ES131A,STA_ES0125A,,SP_28079017_14_6,SPP_28079017_14_6.1,SAM_28079017_14_6,O3,http://dd.eionet.europa.eu/vocabulary/aq/pollutant/7,hour,1.2300000000,µg/m3,2017-02-16 08:00:00 +01:00,2017-02-16 09:00:00 +01:00,1,1
ES,ES.BDCA.AQD,NET_ES131A,STA_ES0125A,,SP_28079017_14_6,SPP_28079017_14_6.1,SAM_28079017_14_6,O3,http://dd.eionet.europa.eu/vocabulary/aq/pollutant/7,hour,1.9400000000,µg/m3,2017-02-16 09:00:00 +01:00,2017-02-16 10:00:00 +01:00,1,1
ES,ES.BDCA.AQD,NET_ES131A,STA_ES0125A,,SP_28079017_14_6,SPP_28079017_14_6.1,SAM_28079017_14_6,O3,http://dd.eionet.europa.eu/vocabulary/aq/pollutant/7,hour,4.0099999900,µg/m3,2017-02-16 10:00:00 +01:00,2017-02-16 11:00:00 +01:00,1,1
ES,ES.BDCA.AQD,NET_ES131A,STA_ES0125A,,SP_28079017_14_6,SPP_28079017_14_6.1,SAM_28079017_14_6,O3,http://dd.eionet.europa.eu/vocabulary/aq/pollutant/7,hour,32.6400000000,µg/m3,2017-02-16 11:00:00 +01:00,2017-02-16 12:00:00 +01:00,1,1
ES,ES.BDCA.AQD,NET_ES131A,STA_ES0125A,,SP_28079017_14_6,SPP_28079017_14_6.1,SAM_28079017_14_6,O3,http://dd.eionet.europa.eu/vocabulary/aq/pollutant/7,hour,65.1299999900,µg/m3,2017-02-16 12:00:00 +01:00,2017-02-16 13:00:00 +01:00,1,1
ES,ES.BDCA.AQD,NET_ES131A,STA_ES0125A,,SP_28079017_14_6,SPP_28079017_14_6.1,SAM_28079017_14_6,O3,http://dd.eionet.europa.eu/vocabulary/aq/pollutant/7,hour,67.2099999900,µg/m3,2017-02-16 13:00:00 +01:00,2017-02-16 14:00:00 +01:00,1,1
ES,ES.BDCA.AQD,NET_ES131A,STA_ES0125A,,SP_28079017_14_6,SPP_28079017_14_6.1,SAM_28079017_14_6,O3,http://dd.eionet.europa.eu/vocabulary/aq/pollutant/7,hour,67.6599999900,µg/m3,2017-02-16 14:00:00 +01:00,2017-02-16 15:00:00 +01:00,1,1
ES,ES.BDCA.AQD,NET_ES131A,STA_ES0125A,,SP_28079017_14_6,SPP_28079017_14_6.1,SAM_28079017_14_6,O3,http://dd.eionet.europa.eu/vocabulary/aq/pollutant/7,hour,68.7300000000,µg/m3,2017-02-16 15:00:00 +01:00,2017-02-16 16:00:00 +01:00,1,1
ES,ES.BDCA.AQD,NET_ES131A,STA_ES0125A,,SP_28079017_14_6,SPP_28079017_14_6.1,SAM_28079017_14_6,O3,http://dd.eionet.europa.eu/vocabulary/aq/pollutant/7,hour,67.7199999900,µg/m3,2017-02-16 16:00:00 +01:00,2017-02-16 17:00:00 +01:00,1,1
ES,ES.BDCA.AQD,NET_ES131A,STA_ES0125A,,SP_28079017_14_6,SPP_28079017_14_6.1,SAM_28079017_14_6,O3,http://dd.eionet.europa.eu/vocabulary/aq/pollutant/7,hour,65.4800000000,µg/m3,2017-02-16 17:00:00 +01:00,2017-02-16 18:00:00 +01:00,1,1
ES,ES.BDCA.AQD,NET_ES131A,STA_ES0125A,,SP_28079017_14_6,SPP_28079017_14_6.1,SAM_28079017_14_6,O3,http://dd.eionet.europa.eu/vocabulary/aq/pollutant/7,hour,65.0699999900,µg/m3,2017-02-16 18:00:00 +01:00,2017-02-16 19:00:00 +01:00,1,1
ES,ES.BDCA.AQD,NET_ES131A,STA_ES0125A,,SP_28079017_14_6,SPP_28079017_14_6.1,SAM_28079017_14_6,O3,http://dd.eionet.europa.eu/vocabulary/aq/pollutant/7,hour,14.1099999900,µg/m3,2017-02-16 19:00:00 +01:00,2017-02-16 20:00:00 +01:00,1,1
ES,ES.BDCA.AQD,NET_ES131A,STA_ES0125A,,SP_28079017_14_6,SPP_28079017_14_6.1,SAM_28079017_14_6,O3,http://dd.eionet.europa.eu/vocabulary/aq/pollutant/7,hour,2.0899999900,µg/m3,2017-02-16 20:00:00 +01:00,2017-02-16 21:00:00 +01:00,1,1
ES,ES.BDCA.AQD,NET_ES131A,STA_ES0125A,,SP_28079017_14_6,SPP_28079017_14_6.1,SAM_28079017_14_6,O3,http://dd.eionet.europa.eu/vocabulary/aq/pollutant/7,hour,,µg/m3,2017-02-16 21:00:00 +01:00,2017-02-16 22:00:00 +01:00,-1,1
ES,ES.BDCA.AQD,NET_ES131A,STA_ES0125A,,SP_28079017_14_6,SPP_28079017_14_6.1,SAM_28079017_14_6,O3,http://dd.eionet.europa.eu/vocabulary/aq/pollutant/7,hour,1.3000000000,µg/m3,2017-02-16 22:00:00 +01:00,2017-02-16 23:00:00 +01:00,1,1
ES,ES.BDCA.AQD,NET_ES131A,STA_ES0125A,,SP_28079017_14_6,SPP_28079017_14_6.1,SAM_28079017_14_6,O3,http://dd.eionet.europa.eu/vocabulary/aq/pollutant/7,hour,0.8600000000,µg/m3,2017-02-16 23:00:00 +01:00,2017-02-17 00:00:00 +01:00,1,1
ES,ES.BDCA.AQD,NET_ES131A,STA_ES0125A,,SP_28079017_14_6,SPP_28079017_14_6.1,SAM_28079017_14_6,O3,http://dd.eionet.europa.eu/vocabulary/aq/pollutant/7,hour,0.8200000000,µg/m3,2017-02-17 00:00:00 +01:00,2017-02-17 01:00:00 +01:00,1,1
ES,ES.BDCA.AQD,NET_ES131A,STA_ES0125A,,SP_28079017_14_6,SPP_28079017_14_6.1,SAM_28079017_14_6,O3,http://dd.eionet.europa.eu/vocabulary/aq/pollutant/7,hour,0.9300000000,µg/m3,2017-02-17 01:00:00 +01:00,2017-02-17 02:00:00 +01:00,1,1
ES,ES.BDCA.AQD,NET_ES131A,STA_ES0125A,,SP_28079017_14_6,SPP_28079017_14_6.1,SAM_28079017_14_6,O3,http://dd.eionet.europa.eu/vocabulary/aq/pollutant/7,hour,1.0300000000,µg/m3,2017-02-17 02:00:00 +01:00,2017-02-17 03:00:00 +01:00,1,1
ES,ES.BDCA.AQD,NET_ES131A,STA_ES0125A,,SP_28079017_14_6,SPP_28079017_14_6.1,SAM_28079017_14_6,O3,http://dd.eionet.europa.eu/vocabulary/aq/pollutant/7,hour,0.9800000000,µg/m3,2017-02-17 03:00:00 +01:00,2017-02-17 04:00:00 +01:00,1,1
ES,ES.BDCA.AQD,NET_ES131A,STA_ES0125A,,SP_28079017_14_6,SPP_28079017_14_6.1,SAM_28079017_14_6,O3,http://dd.eionet.europa.eu/vocabulary/aq/pollutant/7,hour,1.1299999900,µg/m3,2017-02-17 04:00:00 +01:00,2017-02-17 05:00:00 +01:00,1,1
ES,ES.BDCA.AQD,NET_ES131A,STA_ES0125A,,SP_28079017_14_6,SPP_28079017_14_6.1,SAM_28079017_14_6,O3,http://dd.eionet.europa.eu/vocabulary/aq/pollutant/7,hour,1.1100000000,µg/m3,2017-02-17 05:00:00 +01:00,2017-02-17 06:00:00 +01:00,1,1
ES,ES.BDCA.AQD,NET_ES131A,STA_ES0125A,,SP_28079017_14_6,SPP_28079017_14_6.1,SAM_28079017_14_6,O3,http://dd.eionet.europa.eu/vocabulary/aq/pollutant/7,hour,0.9700000000,µg/m3,2017-02-17 06:00:00 +01:00,2017-02-17 07:00:00 +01:00,1,1
ES,ES.BDCA.AQD,NET_ES131A,STA_ES0125A,,SP_28079017_14_6,SPP_28079017_14_6.1,SAM_28079017_14_6,O3,http://dd.eionet.europa.eu/vocabulary/aq/pollutant/7,hour,0.8800000000,µg/m3,2017-02-17 07:00:00 +01:00,2017-02-17 08:00:00 +01:00,1,1
ES,ES.BDCA.AQD,NET_ES131A,STA_ES0125A,,SP_28079017_14_6,SPP_28079017_14_6.1,SAM_28079017_14_6,O3,http://dd.eionet.europa.eu/vocabulary/aq/pollutant/7,hour,1.0000000000,µg/m3,2017-02-17 08:00:00 +01:00,2017-02-17 09:00:00 +01:00,1,1
ES,ES.BDCA.AQD,NET_ES131A,STA_ES0125A,,SP_28079017_14_6,SPP_28079017_14_6.1,SAM_28079017_14_6,O3,http://dd.eionet.europa.eu/vocabulary/aq/pollutant/7,hour,1.9199999900,µg/m3,2017-02-17 09:00:00 +01:00,2017-02-17 10:00:00 +01:00,1,1
ES,ES.BDCA.AQD,NET_ES131A,STA_ES0125A,,SP_28079017_14_6,SPP_28079017_14_6.1,SAM_28079017_14_6,O3,http://dd.eionet.europa.eu/vocabulary/aq/pollutant/7,hour,3.7000000000,µg/m3,2017-02-17 10:00:00 +01:00,2017-02-17 11:00:00 +01:00,1,1
ES,ES.BDCA.AQD,NET_ES131A,STA_ES0125A,,SP_28079017_14_6,SPP_28079017_14_6.1,SAM_28079017_14_6,O3,http://dd.eionet.europa.eu/vocabulary/aq/pollutant/7,hour,8.9700000000,µg/m3,2017-02-17 11:00:00 +01:00,2017-02-17 12:00:00 +01:00,1,1
ES,ES.BDCA.AQD,NET_ES131A,STA_ES0125A,,SP_28079017_14_6,SPP_28079017_14_6.1,SAM_28079017_14_6,O3,http://dd.eionet.europa.eu/vocabulary/aq/pollutant/7,hour,30.3799999900,µg/m3,2017-02-17 12:00:00 +01:00,2017-02-17 13:00:00 +01:00,1,1
ES,ES.BDCA.AQD,NET_ES131A,STA_ES0125A,,SP_28079017_14_6,SPP_28079017_14_6.1,SAM_28079017_14_6,O3,http://dd.eionet.europa.eu/vocabulary/aq/pollutant/7,hour,38.7599999900,µg/m3,2017-02-17 13:00:00 +01:00,2017-02-17 14:00:00 +01:00,1,1
ES,ES.BDCA.AQD,NET_ES131A,STA_ES0125A,,SP_28079017_14_6,SPP_28079017_14_6.1,SAM_28079017_14_6,O3,http://dd.eionet.europa.eu/vocabulary/aq/pollutant/7,hour,51.5099999900,µg/m3,2017-02-17 14:00:00 +01:00,2017-02-17 15:00:00 +01:00,1,1
ES,ES.BDCA.AQD,NET_ES131A,STA_ES0125A,,SP_28079017_14_6,SPP_28079017_14_6.1,SAM_28079017_14_6,O3,http://dd.eionet.europa.eu/vocabulary/aq/pollutant/7,hour,56.8900000000,µg/m3,2017-02-17 15:00:00 +01:00,2017-02-17 16:00:00 +01:00,1,1
ES,ES.BDCA.AQD,NET_ES131A,STA_ES0125A,,SP_28079017_14_6,SPP_28079017_14_6.1,SAM_28079017_14_6,O3,http://dd.eionet.europa.eu/vocabulary/aq/pollutant/7,hour,54.3100000000,µg/m3,2017-02-17 16:00:00 +01:00,2017-02-17 17:00:00 +01:00,1,1
ES,ES.BDCA.AQD,NET_ES131A,STA_ES0125A,,SP_28079017_14_6,SPP_28079017_14_6.1,SAM_28079017_14_6,O3,http://dd.eionet.europa.eu/vocabulary/aq/pollutant/7,hour,40.1800000000,µg/m3,2017-02-17 17:00:00 +01:00,2017-02-17 18:00:00 +01:00,1,1
ES,ES.BDCA.AQD,NET_ES131A,STA_ES0125A,,SP_28079017_14_6,SPP_28079017_14_6.1,SAM_28079017_14_6,O3,http://dd.eionet.europa.eu/vocabulary/aq/pollutant/7,hour,14.5600000000,µg/m3,2017-02-17 18:00:00 +01:00,2017-02-17 19:00:00 +01:00,1,1
ES,ES.BDCA.AQD,NET_ES131A,STA_ES0125A,,SP_28079017_14_6,SPP_28079017_14_6.1,SAM_28079017_14_6,O3,http://dd.eionet.europa.eu/vocabulary/aq/pollutant/7,hour,1.6399999900,µg/m3,2017-02-17 19:00:00 +01:00,2017-02-17 20:00:00 +01:00,1,1
ES,ES.BDCA.AQD,NET_ES131A,STA_ES0125A,,SP_28079017_14_6,SPP_28079017_14_6.1,SAM_28079017_14_6,O3,http://dd.eionet.europa.eu/vocabulary/aq/pollutant/7,hour,,µg/m3,2017-02-17 20:00:00 +01:00,2017-02-17 21:00:00 +01:00,-1,1
ES,ES.BDCA.AQD,NET_ES131A,STA_ES0125A,,SP_28079017_14_6,SPP_28079017_14_6.1,SAM_28079017_14_6,O3,http://dd.eionet.europa.eu/vocabulary/aq/pollutant/7,hour,1.5800000000,µg/m3,2017-02-17 21:00:00 +01:00,2017-02-17 22:00:00 +01:00,1,1
ES,ES.BDCA.AQD,NET_ES131A,STA_ES0125A,,SP_28079017_14_6,SPP_28079017_14_6.1,SAM_28079017_14_6,O3,http://dd.eionet.europa.eu/vocabulary/aq/pollutant/7,hour,1.0600000000,µg/m3,2017-02-17 22:00:00 +01:00,2017-02-17 23:00:00 +01:00,1,1
ES,ES.BDCA.AQD,NET_ES131A,STA_ES0125A,,SP_28079017_14_6,SPP_28079017_14_6.1,SAM_28079017_14_6,O3,http://dd.eionet.europa.eu/vocabulary/aq/pollutant/7,hour,0.8200000000,µg/m3,2017-02-17 23:00:00 +01:00,2017-02-18 00:00:00 +01:00,1,1
ES,ES.BDCA.AQD,NET_ES131A,STA_ES0125A,,SP_28079017_14_6,SPP_28079017_14_6.1,SAM_28079017_14_6,O3,http://dd.eionet.europa.eu/vocabulary/aq/pollutant/7,hour,0.8600000000,µg/m3,2017-02-18 00:00:00 +01:00,2017-02-18 01:00:00 +01:00,1,1
ES,ES.BDCA.AQD,NET_ES131A,STA_ES0125A,,SP_28079017_14_6,SPP_28079017_14_6.1,SAM_28079017_14_6,O3,http://dd.eionet.europa.eu/vocabulary/aq/pollutant/7,hour,1.1000000000,µg/m3,2017-02-18 01:00:00 +01:00,2017-02-18 02:00:00 +01:00,1,1
ES,ES.BDCA.AQD,NET_ES131A,STA_ES0125A,,SP_28079017_14_6,SPP_28079017_14_6.1,SAM_28079017_14_6,O3,http://dd.eionet.europa.eu/vocabulary/aq/pollutant/7,hour,0.7400000000,µg/m3,2017-02-18 02:00:00 +01:00,2017-02-18 03:00:00 +01:00,1,1
ES,ES.BDCA.AQD,NET_ES131A,STA_ES0125A,,SP_28079017_14_6,SPP_28079017_14_6.1,SAM_28079017_14_6,O3,http://dd.eionet.europa.eu/vocabulary/aq/pollutant/7,hour,0.7700000000,µg/m3,2017-02-18 03:00:00 +01:00,2017-02-18 04:00:00 +01:00,1,1
ES,ES.BDCA.AQD,NET_ES131A,STA_ES0125A,,SP_28079017_14_6,SPP_28079017_14_6.1,SAM_28079017_14_6,O3,http://dd.eionet.europa.eu/vocabulary/aq/pollutant/7,hour,0.7100000000,µg/m3,2017-02-18 04:00:00 +01:00,2017-02-18 05:00:00 +01:00,1,1
ES,ES.BDCA.AQD,NET_ES131A,STA_ES0125A,,SP_28079017_14_6,SPP_28079017_14_6.1,SAM_28079017_14_6,O3,http://dd.eionet.europa.eu/vocabulary/aq/pollutant/7,hour,0.9600000000,µg/m3,2017-02-18 05:00:00 +01:00,2017-02-18 06:00:00 +01:00,1,1
ES,ES.BDCA.AQD,NET_ES131A,STA_ES0125A,,SP_28079017_14_6,SPP_28079017_14_6.1,SAM_28079017_14_6,O3,http://dd.eionet.europa.eu/vocabulary/aq/pollutant/7,hour,0.9200000000,µg/m3,2017-02-18 06:00:00 +01:00,2017-02-18 07:00:00 +01:00,1,1
ES,ES.BDCA.AQD,NET_ES131A,STA_ES0125A,,SP_28079017_14_6,SPP_28079017_14_6.1,SAM_28079017_14_6,O3,http://dd.eionet.europa.eu/vocabulary/aq/pollutant/7,hour,0.8600000000,µg/m3,2017-02-18 07:00:00 +01:00,2017-02-18 08:00:00 +01:00,1,1
ES,ES.BDCA.AQD,NET_ES131A,STA_ES0125A,,SP_28079017_14_6,SPP_28079017_14_6.1,SAM_28079017_14_6,O3,http://dd.eionet.europa.eu/vocabulary/aq/pollutant/7,hour,1.1100000000,µg/m3,2017-02-18 08:00:00 +01:00,2017-02-18 09:00:00 +01:00,1,1
ES,ES.BDCA.AQD,NET_ES131A,STA_ES0125A,,SP_28079017_14_6,SPP_28079017_14_6.1,SAM_28079017_14_6,O3,http://dd.eionet.europa.eu/vocabulary/aq/pollutant/7,hour,2.6400000000,µg/m3,2017-02-18 09:00:00 +01:00,2017-02-18 10:00:00 +01:00,1,1
ES,ES.BDCA.AQD,NET_ES131A,STA_ES0125A,,SP_28079017_14_6,SPP_28079017_14_6.1,SAM_28079017_14_6,O3,http://dd.eionet.europa.eu/vocabulary/aq/pollutant/7,hour,5.0099999900,µg/m3,2017-02-18 10:00:00 +01:00,2017-02-18 11:00:00 +01:00,1,1
ES,ES.BDCA.AQD,NET_ES131A,STA_ES0125A,,SP_28079017_14_6,SPP_28079017_14_6.1,SAM_28079017_14_6,O3,http://dd.eionet.europa.eu/vocabulary/aq/pollutant/7,hour,12.1800000000,µg/m3,2017-02-18 11:00:00 +01:00,2017-02-18 12:00:00 +01:00,1,1
ES,ES.BDCA.AQD,NET_ES131A,STA_ES0125A,,SP_28079017_14_6,SPP_28079017_14_6.1,SAM_28079017_14_6,O3,http://dd.eionet.europa.eu/vocabulary/aq/pollutant/7,hour,20.3500000000,µg/m3,2017-02-18 12:00:00 +01:00,2017-02-18 13:00:00 +01:00,1,1
ES,ES.BDCA.AQD,NET_ES131A,STA_ES0125A,,SP_28079017_14_6,SPP_28079017_14_6.1,SAM_28079017_14_6,O3,http://dd.eionet.europa.eu/vocabulary/aq/pollutant/7,hour,30.2600000000,µg/m3,2017-02-18 13:00:00 +01:00,2017-02-18 14:00:00 +01:00,1,1
ES,ES.BDCA.AQD,NET_ES131A,STA_ES0125A,,SP_28079017_14_6,SPP_28079017_14_6.1,SAM_28079017_14_6,O3,http://dd.eionet.europa.eu/vocabulary/aq/pollutant/7,hour,25.8999999900,µg/m3,2017-02-18 14:00:00 +01:00,2017-02-18 15:00:00 +01:00,1,1
ES,ES.BDCA.AQD,NET_ES131A,STA_ES0125A,,SP_28079017_14_6,SPP_28079017_14_6.1,SAM_28079017_14_6,O3,http://dd.eionet.europa.eu/vocabulary/aq/pollutant/7,hour,27.9899999900,µg/m3,2017-02-18 15:00:00 +01:00,2017-02-18 16:00:00 +01:00,1,1
ES,ES.BDCA.AQD,NET_ES131A,STA_ES0125A,,SP_28079017_14_6,SPP_28079017_14_6.1,SAM_28079017_14_6,O3,http://dd.eionet.europa.eu/vocabulary/aq/pollutant/7,hour,33.5499999900,µg/m3,2017-02-18 16:00:00 +01:00,2017-02-18 17:00:00 +01:00,1,1
ES,ES.BDCA.AQD,NET_ES131A,STA_ES0125A,,SP_28079017_14_6,SPP_28079017_14_6.1,SAM_28079017_14_6,O3,http://dd.eionet.europa.eu/vocabulary/aq/pollutant/7,hour,32.7000000000,µg/m3,2017-02-18 17:00:00 +01:00,2017-02-18 18:00:00 +01:00,1,1
ES,ES.BDCA.AQD,NET_ES131A,STA_ES0125A,,SP_28079017_14_6,SPP_28079017_14_6.1,SAM_28079017_14_6,O3,http://dd.eionet.europa.eu/vocabulary/aq/pollutant/7,hour,40.2800000000,µg/m3,2017-02-18 18:00:00 +01:00,2017-02-18 19:00:00 +01:00,1,1
ES,ES.BDCA.AQD,NET_ES131A,STA_ES0125A,,SP_28079017_14_6,SPP_28079017_14_6.1,SAM_28079017_14_6,O3,http://dd.eionet.europa.eu/vocabulary/aq/pollutant/7,hour,,µg/m3,2017-02-18 19:00:00 +01:00,2017-02-18 20:00:00 +01:00,-1,1
ES,ES.BDCA.AQD,NET_ES131A,STA_ES0125A,,SP_28079017_14_6,SPP_28079017_14_6.1,SAM_28079017_14_6,O3,http://dd.eionet.europa.eu/vocabulary/aq/pollutant/7,hour,2.2900000000,µg/m3,2017-02-18 20:00:00 +01:00,2017-02-18 21:00:00 +01:00,1,1
ES,ES.BDCA.AQD,NET_ES131A,STA_ES0125A,,SP_28079017_14_6,SPP_28079017_14_6.1,SAM_28079017_14_6,O3,http://dd.eionet.europa.eu/vocabulary/aq/pollutant/7,hour,1.8700000000,µg/m3,2017-02-18 21:00:00 +01:00,2017-02-18 22:00:00 +01:00,1,1
ES,ES.BDCA.AQD,NET_ES131A,STA_ES0125A,,SP_28079017_14_6,SPP_28079017_14_6.1,SAM_28079017_14_6,O3,http://dd.eionet.europa.eu/vocabulary/aq/pollutant/7,hour,1.1899999900,µg/m3,2017-02-18 22:00:00 +01:00,2017-02-18 23:00:00 +01:00,1,1
ES,ES.BDCA.AQD,NET_ES131A,STA_ES0125A,,SP_28079017_14_6,SPP_28079017_14_6.1,SAM_28079017_14_6,O3,http://dd.eionet.europa.eu/vocabulary/aq/pollutant/7,hour,0.9800000000,µg/m3,2017-02-18 23:00:00 +01:00,2017-02-19 00:00:00 +01:00,1,1
ES,ES.BDCA.AQD,NET_ES131A,STA_ES0125A,,SP_28079017_14_6,SPP_28079017_14_6.1,SAM_28079017_14_6,O3,http://dd.eionet.europa.eu/vocabulary/aq/pollutant/7,hour,0.9300000000,µg/m3,2017-02-19 00:00:00 +01:00,2017-02-19 01:00:00 +01:00,1,1
ES,ES.BDCA.AQD,NET_ES131A,STA_ES0125A,,SP_28079017_14_6,SPP_28079017_14_6.1,SAM_28079017_14_6,O3,http://dd.eionet.europa.eu/vocabulary/aq/pollutant/7,hour,1.1100000000,µg/m3,2017-02-19 01:00:00 +01:00,2017-02-19 02:00:00 +01:00,1,1
ES,ES.BDCA.AQD,NET_ES131A,STA_ES0125A,,SP_28079017_14_6,SPP_28079017_14_6.1,SAM_28079017_14_6,O3,http://dd.eionet.europa.eu/vocabulary/aq/pollutant/7,hour,1.0000000000,µg/m3,2017-02-19 02:00:00 +01:00,2017-02-19 03:00:00 +01:00,1,1
ES,ES.BDCA.AQD,NET_ES131A,STA_ES0125A,,SP_28079017_14_6,SPP_28079017_14_6.1,SAM_28079017_14_6,O3,http://dd.eionet.europa.eu/vocabulary/aq/pollutant/7,hour,1.0000000000,µg/m3,2017-02-19 03:00:00 +01:00,2017-02-19 04:00:00 +01:00,1,1
ES,ES.BDCA.AQD,NET_ES131A,STA_ES0125A,,SP_28079017_14_6,SPP_28079017_14_6.1,SAM_28079017_14_6,O3,http://dd.eionet.europa.eu/vocabulary/aq/pollutant/7,hour,13.1600000000,µg/m3,2017-02-19 04:00:00 +01:00,2017-02-19 05:00:00 +01:00,1,1
ES,ES.BDCA.AQD,NET_ES131A,STA_ES0125A,,SP_28079017_14_6,SPP_28079017_14_6.1,SAM_28079017_14_6,O3,http://dd.eionet.europa.eu/vocabulary/aq/pollutant/7,hour,39.9500000000,µg/m3,2017-02-19 05:00:00 +01:00,2017-02-19 06:00:00 +01:00,1,1
ES,ES.BDCA.AQD,NET_ES131A,STA_ES0125A,,SP_28079017_14_6,SPP_28079017_14_6.1,SAM_28079017_14_6,O3,http://dd.eionet.europa.eu/vocabulary/aq/pollutant/7,hour,32.7800000000,µg/m3,2017-02-19 06:00:00 +01:00,2017-02-19 07:00:00 +01:00,1,1
ES,ES.BDCA.AQD,NET_ES131A,STA_ES0125A,,SP_28079017_14_6,SPP_28079017_14_6.1,SAM_28079017_14_6,O3,http://dd.eionet.europa.eu/vocabulary/aq/pollutant/7,hour,30.2600000000,µg/m3,2017-02-19 07:00:00 +01:00,2017-02-19 08:00:00 +01:00,1,1
ES,ES.BDCA.AQD,NET_ES131A,STA_ES0125A,,SP_28079017_14_6,SPP_28079017_14_6.1,SAM_28079017_14_6,O3,http://dd.eionet.europa.eu/vocabulary/aq/pollutant/7,hour,39.4399999900,µg/m3,2017-02-19 08:00:00 +01:00,2017-02-19 09:00:00 +01:00,1,1
ES,ES.BDCA.AQD,NET_ES131A,STA_ES0125A,,SP_28079017_14_6,SPP_28079017_14_6.1,SAM_28079017_14_6,O3,http://dd.eionet.europa.eu/vocabulary/aq/pollutant/7,hour,48.0700000000,µg/m3,2017-02-19 09:00:00 +01:00,2017-02-19 10:00:00 +01:00,1,1
ES,ES.BDCA.AQD,NET_ES131A,STA_ES0125A,,SP_28079017_14_6,SPP_28079017_14_6.1,SAM_28079017_14_6,O3,http://dd.eionet.europa.eu/vocabulary/aq/pollutant/7,hour,48.3500000000,µg/m3,2017-02-19 10:00:00 +01:00,2017-02-19 11:00:00 +01:00,1,1
ES,ES.BDCA.AQD,NET_ES131A,STA_ES0125A,,SP_28079017_14_6,SPP_28079017_14_6.1,SAM_28079017_14_6,O3,http://dd.eionet.europa.eu/vocabulary/aq/pollutant/7,hour,53.6000000000,µg/m3,2017-02-19 11:00:00 +01:00,2017-02-19 12:00:00 +01:00,1,1
ES,ES.BDCA.AQD,NET_ES131A,STA_ES0125A,,SP_28079017_14_6,SPP_28079017_14_6.1,SAM_28079017_14_6,O3,http://dd.eionet.europa.eu/vocabulary/aq/pollutant/7,hour,56.5099999900,µg/m3,2017-02-19 12:00:00 +01:00,2017-02-19 13:00:00 +01:00,1,1
ES,ES.BDCA.AQD,NET_ES131A,STA_ES0125A,,SP_28079017_14_6,SPP_28079017_14_6.1,SAM_28079017_14_6,O3,http://dd.eionet.europa.eu/vocabulary/aq/pollutant/7,hour,63.0300000000,µg/m3,2017-02-19 13:00:00 +01:00,2017-02-19 14:00:00 +01:00,1,1
ES,ES.BDCA.AQD,NET_ES131A,STA_ES0125A,,SP_28079017_14_6,SPP_28079017_14_6.1,SAM_28079017_14_6,O3,http://dd.eionet.europa.eu/vocabulary/aq/pollutant/7,hour,70.3199999900,µg/m3,2017-02-19 14:00:00 +01:00,2017-02-19 15:00:00 +01:00,1,1
ES,ES.BDCA.AQD,NET_ES131A,STA_ES0125A,,SP_28079017_14_6,SPP_28079017_14_6.1,SAM_28079017_14_6,O3,http://dd.eionet.europa.eu/vocabulary/aq/pollutant/7,hour,74.2600000000,µg/m3,2017-02-19 15:00:00 +01:00,2017-02-19 16:00:00 +01:00,1,1
ES,ES.BDCA.AQD,NET_ES131A,STA_ES0125A,,SP_28079017_14_6,SPP_28079017_14_6.1,SAM_28079017_14_6,O3,http://dd.eionet.europa.eu/vocabulary/aq/pollutant/7,hour,80.4899999900,µg/m3,2017-02-19 16:00:00 +01:00,2017-02-19 17:00:00 +01:00,1,1
ES,ES.BDCA.AQD,NET_ES131A,STA_ES0125A,,SP_28079017_14_6,SPP_28079017_14_6.1,SAM_28079017_14_6,O3,http://dd.eionet.europa.eu/vocabulary/aq/pollutant/7,hour,74.5000000000,µg/m3,2017-02-19 17:00:00 +01:00,2017-02-19 18:00:00 +01:00,1,1
ES,ES.BDCA.AQD,NET_ES131A,STA_ES0125A,,SP_28079017_14_6,SPP_28079017_14_6.1,SAM_28079017_14_6,O3,http://dd.eionet.europa.eu/vocabulary/aq/pollutant/7,hour,,µg/m3,2017-02-19 18:00:00 +01:00,2017-02-19 19:00:00 +01:00,-1,1
ES,ES.BDCA.AQD,NET_ES131A,STA_ES0125A,,SP_28079017_14_6,SPP_28079017_14_6.1,SAM_28079017_14_6,O3,http://dd.eionet.europa.eu/vocabulary/aq/pollutant/7,hour,8.9700000000,µg/m3,2017-02-19 19:00:00 +01:00,2017-02-19 20:00:00 +01:00,1,1
ES,ES.BDCA.AQD,NET_ES131A,STA_ES0125A,,SP_28079017_14_6,SPP_28079017_14_6.1,SAM_28079017_14_6,O3,http://dd.eionet.europa.eu/vocabulary/aq/pollutant/7,hour,47.9099999900,µg/m3,2017-02-19 20:00:00 +01:00,2017-02-19 21:00:00 +01:00,1,1
ES,ES.BDCA.AQD,NET_ES131A,STA_ES0125A,,SP_28079017_14_6,SPP_28079017_14_6.1,SAM_28079017_14_6,O3,http://dd.eionet.europa.eu/vocabulary/aq/pollutant/7,hour,45.1700000000,µg/m3,2017-02-19 21:00:00 +01:00,2017-02-19 22:00:00 +01:00,1,1
ES,ES.BDCA.AQD,NET_ES131A,STA_ES0125A,,SP_28079017_14_6,SPP_28079017_14_6.1,SAM_28079017_14_6,O3,http://dd.eionet.europa.eu/vocabulary/aq/pollutant/7,hour,26.6499999900,µg/m3,2017-02-19 22:00:00 +01:00,2017-02-19 23:00:00 +01:00,1,1
ES,ES.BDCA.AQD,NET_ES131A,STA_ES0125A,,SP_28079017_14_6,SPP_28079017_14_6.1,SAM_28079017_14_6,O3,http://dd.eionet.europa.eu/vocabulary/aq/pollutant/7,hour,2.6200000000,µg/m3,2017-02-19 23:00:00 +01:00,2017-02-20 00:00:00 +01:00,1,1
ES,ES.BDCA.AQD,NET_ES131A,STA_ES0125A,,SP_28079017_14_6,SPP_28079017_14_6.1,SAM_28079017_14_6,O3,http://dd.eionet.europa.eu/vocabulary/aq/pollutant/7,hour,0.9700000000,µg/m3,2017-02-20 00:00:00 +01:00,2017-02-20 01:00:00 +01:00,1,1
ES,ES.BDCA.AQD,NET_ES131A,STA_ES0125A,,SP_28079017_14_6,SPP_28079017_14_6.1,SAM_28079017_14_6,O3,http://dd.eionet.europa.eu/vocabulary/aq/pollutant/7,hour,0.8700000000,µg/m3,2017-02-20 01:00:00 +01:00,2017-02-20 02:00:00 +01:00,1,1
ES,ES.BDCA.AQD,NET_ES131A,STA_ES0125A,,SP_28079017_14_6,SPP_28079017_14_6.1,SAM_28079017_14_6,O3,http://dd.eionet.europa.eu/vocabulary/aq/pollutant/7,hour,0.8900000000,µg/m3,2017-02-20 02:00:00 +01:00,2017-02-20 03:00:00 +01:00,1,1
ES,ES.BDCA.AQD,NET_ES131A,STA_ES0125A,,SP_28079017_14_6,SPP_28079017_14_6.1,SAM_28079017_14_6,O3,http://dd.eionet.europa.eu/vocabulary/aq/pollutant/7,hour,1.8400000000,µg/m3,2017-02-20 03:00:00 +01:00,2017-02-20 04:00:00 +01:00,1,1
ES,ES.BDCA.AQD,NET_ES131A,STA_ES0125A,,SP_28079017_14_6,SPP_28079017_14_6.1,SAM_28079017_14_6,O3,http://dd.eionet.europa.eu/vocabulary/aq/pollutant/7,hour,1.1100000000,µg/m3,2017-02-20 04:00:00 +01:00,2017-02-20 05:00:00 +01:00,1,1
ES,ES.BDCA.AQD,NET_ES131A,STA_ES0125A,,SP_28079017_14_6,SPP_28079017_14_6.1,SAM_28079017_14_6,O3,http://dd.eionet.europa.eu/vocabulary/aq/pollutant/7,hour,1.7300000000,µg/m3,2017-02-20 05:00:00 +01:00,2017-02-20 06:00:00 +01:00,1,1
ES,ES.BDCA.AQD,NET_ES131A,STA_ES0125A,,SP_28079017_14_6,SPP_28079017_14_6.1,SAM_28079017_14_6,O3,http://dd.eionet.europa.eu/vocabulary/aq/pollutant/7,hour,4.4100000000,µg/m3,2017-02-20 06:00:00 +01:00,2017-02-20 07:00:00 +01:00,1,1
ES,ES.BDCA.AQD,NET_ES131A,STA_ES0125A,,SP_28079017_14_6,SPP_28079017_14_6.1,SAM_28079017_14_6,O3,http://dd.eionet.europa.eu/vocabulary/aq/pollutant/7,hour,3.2999999900,µg/m3,2017-02-20 07:00:00 +01:00,2017-02-20 08:00:00 +01:00,1,1
ES,ES.BDCA.AQD,NET_ES131A,STA_ES0125A,,SP_28079017_14_6,SPP_28079017_14_6.1,SAM_28079017_14_6,O3,http://dd.eionet.europa.eu/vocabulary/aq/pollutant/7,hour,4.1600000000,µg/m3,2017-02-20 08:00:00 +01:00,2017-02-20 09:00:00 +01:00,1,1
ES,ES.BDCA.AQD,NET_ES131A,STA_ES0125A,,SP_28079017_14_6,SPP_28079017_14_6.1,SAM_28079017_14_6,O3,http://dd.eionet.europa.eu/vocabulary/aq/pollutant/7,hour,13.4800000000,µg/m3,2017-02-20 09:00:00 +01:00,2017-02-20 10:00:00 +01:00,1,1
ES,ES.BDCA.AQD,NET_ES131A,STA_ES0125A,,SP_28079017_14_6,SPP_28079017_14_6.1,SAM_28079017_14_6,O3,http://dd.eionet.europa.eu/vocabulary/aq/pollutant/7,hour,25.8400000000,µg/m3,2017-02-20 10:00:00 +01:00,2017-02-20 11:00:00 +01:00,1,1
ES,ES.BDCA.AQD,NET_ES131A,STA_ES0125A,,SP_28079017_14_6,SPP_28079017_14_6.1,SAM_28079017_14_6,O3,http://dd.eionet.europa.eu/vocabulary/aq/pollutant/7,hour,38.9900000000,µg/m3,2017-02-20 11:00:00 +01:00,2017-02-20 12:00:00 +01:00,1,1
ES,ES.BDCA.AQD,NET_ES131A,STA_ES0125A,,SP_28079017_14_6,SPP_28079017_14_6.1,SAM_28079017_14_6,O3,http://dd.eionet.europa.eu/vocabulary/aq/pollutant/7,hour,58.7400000000,µg/m3,2017-02-20 12:00:00 +01:00,2017-02-20 13:00:00 +01:00,1,1
ES,ES.BDCA.AQD,NET_ES131A,STA_ES0125A,,SP_28079017_14_6,SPP_28079017_14_6.1,SAM_28079017_14_6,O3,http://dd.eionet.europa.eu/vocabulary/aq/pollutant/7,hour,66.8599999900,µg/m3,2017-02-20 13:00:00 +01:00,2017-02-20 14:00:00 +01:00,1,1
ES,ES.BDCA.AQD,NET_ES131A,STA_ES0125A,,SP_28079017_14_6,SPP_28079017_14_6.1,SAM_28079017_14_6,O3,http://dd.eionet.europa.eu/vocabulary/aq/pollutant/7,hour,72.8700000000,µg/m3,2017-02-20 14:00:00 +01:00,2017-02-20 15:00:00 +01:00,1,1
ES,ES.BDCA.AQD,NET_ES131A,STA_ES0125A,,SP_28079017_14_6,SPP_28079017_14_6.1,SAM_28079017_14_6,O3,http://dd.eionet.europa.eu/vocabulary/aq/pollutant/7,hour,72.3299999900,µg/m3,2017-02-20 15:00:00 +01:00,2017-02-20 16:00:00 +01:00,1,1
ES,ES.BDCA.AQD,NET_ES131A,STA_ES0125A,,SP_28079017_14_6,SPP_28079017_14_6.1,SAM_28079017_14_6,O3,http://dd.eionet.europa.eu/vocabulary/aq/pollutant/7,hour,68.2399999900,µg/m3,2017-02-20 16:00:00 +01:00,2017-02-20 17:00:00 +01:00,1,1
ES,ES.BDCA.AQD,NET_ES131A,STA_ES0125A,,SP_28079017_14_6,SPP_28079017_14_6.1,SAM_28079017_14_6,O3,http://dd.eionet.europa.eu/vocabulary/aq/pollutant/7,hour,,µg/m3,2017-02-20 17:00:00 +01:00,2017-02-20 18:00:00 +01:00,-1,1
ES,ES.BDCA.AQD,NET_ES131A,STA_ES0125A,,SP_28079017_14_6,SPP_28079017_14_6.1,SAM_28079017_14_6,O3,http://dd.eionet.europa.eu/vocabulary/aq/pollutant/7,hour,52.1599999900,µg/m3,2017-02-20 18:00:00 +01:00,2017-02-20 19:00:00 +01:00,1,1
ES,ES.BDCA.AQD,NET_ES131A,STA_ES0125A,,SP_28079017_14_6,SPP_28079017_14_6.1,SAM_28079017_14_6,O3,http://dd.eionet.europa.eu/vocabulary/aq/pollutant/7,hour,6.0199999900,µg/m3,2017-02-20 19:00:00 +01:00,2017-02-20 20:00:00 +01:00,1,1
ES,ES.BDCA.AQD,NET_ES131A,STA_ES0125A,,SP_28079017_14_6,SPP_28079017_14_6.1,SAM_28079017_14_6,O3,http://dd.eionet.europa.eu/vocabulary/aq/pollutant/7,hour,2.9300000000,µg/m3,2017-02-20 20:00:00 +01:00,2017-02-20 21:00:00 +01:00,1,1
ES,ES.BDCA.AQD,NET_ES131A,STA_ES0125A,,SP_28079017_14_6,SPP_28079017_14_6.1,SAM_28079017_14_6,O3,http://dd.eionet.europa.eu/vocabulary/aq/pollutant/7,hour,1.6900000000,µg/m3,2017-02-20 21:00:00 +01:00,2017-02-20 22:00:00 +01:00,1,1
ES,ES.BDCA.AQD,NET_ES131A,STA_ES0125A,,SP_28079017_14_6,SPP_28079017_14_6.1,SAM_28079017_14_6,O3,http://dd.eionet.europa.eu/vocabulary/aq/pollutant/7,hour,0.9800000000,µg/m3,2017-02-20 22:00:00 +01:00,2017-02-20 23:00:00 +01:00,1,1
ES,ES.BDCA.AQD,NET_ES131A,STA_ES0125A,,SP_28079017_14_6,SPP_28079017_14_6.1,SAM_28079017_14_6,O3,http://dd.eionet.europa.eu/vocabulary/aq/pollutant/7,hour,7.0499999900,µg/m3,2017-02-20 23:00:00 +01:00,2017-02-21 00:00:00 +01:00,1,1
ES,ES.BDCA.AQD,NET_ES131A,STA_ES0125A,,SP_28079017_14_6,SPP_28079017_14_6.1,SAM_28079017_14_6,O3,http://dd.eionet.europa.eu/vocabulary/aq/pollutant/7,hour,21.1999999900,µg/m3,2017-02-21 00:00:00 +01:00,2017-02-21 01:00:00 +01:00,1,1
ES,ES.BDCA.AQD,NET_ES131A,STA_ES0125A,,SP_28079017_14_6,SPP_28079017_14_6.1,SAM_28079017_14_6,O3,http://dd.eionet.europa.eu/vocabulary/aq/pollutant/7,hour,9.8900000000,µg/m3,2017-02-21 01:00:00 +01:00,2017-02-21 02:00:00 +01:00,1,1
ES,ES.BDCA.AQD,NET_ES131A,STA_ES0125A,,SP_28079017_14_6,SPP_28079017_14_6.1,SAM_28079017_14_6,O3,http://dd.eionet.europa.eu/vocabulary/aq/pollutant/7,hour,1.2700000000,µg/m3,2017-02-21 02:00:00 +01:00,2017-02-21 03:00:00 +01:00,1,1
ES,ES.BDCA.AQD,NET_ES131A,STA_ES0125A,,SP_28079017_14_6,SPP_28079017_14_6.1,SAM_28079017_14_6,O3,http://dd.eionet.europa.eu/vocabulary/aq/pollutant/7,hour,0.9100000000,µg/m3,2017-02-21 03:00:00 +01:00,2017-02-21 04:00:00 +01:00,1,1
ES,ES.BDCA.AQD,NET_ES131A,STA_ES0125A,,SP_28079017_14_6,SPP_28079017_14_6.1,SAM_28079017_14_6,O3,http://dd.eionet.europa.eu/vocabulary/aq/pollutant/7,hour,0.9600000000,µg/m3,2017-02-21 04:00:00 +01:00,2017-02-21 05:00:00 +01:00,1,1
ES,ES.BDCA.AQD,NET_ES131A,STA_ES0125A,,SP_28079017_14_6,SPP_28079017_14_6.1,SAM_28079017_14_6,O3,http://dd.eionet.europa.eu/vocabulary/aq/pollutant/7,hour,0.9800000000,µg/m3,2017-02-21 05:00:00 +01:00,2017-02-21 06:00:00 +01:00,1,1
ES,ES.BDCA.AQD,NET_ES131A,STA_ES0125A,,SP_28079017_14_6,SPP_28079017_14_6.1,SAM_28079017_14_6,O3,http://dd.eionet.europa.eu/vocabulary/aq/pollutant/7,hour,1.4099999900,µg/m3,2017-02-21 06:00:00 +01:00,2017-02-21 07:00:00 +01:00,1,1
ES,ES.BDCA.AQD,NET_ES131A,STA_ES0125A,,SP_28079017_14_6,SPP_28079017_14_6.1,SAM_28079017_14_6,O3,http://dd.eionet.europa.eu/vocabulary/aq/pollutant/7,hour,0.9700000000,µg/m3,2017-02-21 07:00:00 +01:00,2017-02-21 08:00:00 +01:00,1,1
ES,ES.BDCA.AQD,NET_ES131A,STA_ES0125A,,SP_28079017_14_6,SPP_28079017_14_6.1,SAM_28079017_14_6,O3,http://dd.eionet.europa.eu/vocabulary/aq/pollutant/7,hour,1.5000000000,µg/m3,2017-02-21 08:00:00 +01:00,2017-02-21 09:00:00 +01:00,1,1
ES,ES.BDCA.AQD,NET_ES131A,STA_ES0125A,,SP_28079017_14_6,SPP_28079017_14_6.1,SAM_28079017_14_6,O3,http://dd.eionet.europa.eu/vocabulary/aq/pollutant/7,hour,8.0999999900,µg/m3,2017-02-21 09:00:00 +01:00,2017-02-21 10:00:00 +01:00,1,1
ES,ES.BDCA.AQD,NET_ES131A,STA_ES0125A,,SP_28079017_14_6,SPP_28079017_14_6.1,SAM_28079017_14_6,O3,http://dd.eionet.europa.eu/vocabulary/aq/pollutant/7,hour,19.0200000000,µg/m3,2017-02-21 10:00:00 +01:00,2017-02-21 11:00:00 +01:00,1,1
ES,ES.BDCA.AQD,NET_ES131A,STA_ES0125A,,SP_28079017_14_6,SPP_28079017_14_6.1,SAM_28079017_14_6,O3,http://dd.eionet.europa.eu/vocabulary/aq/pollutant/7,hour,23.3999999900,µg/m3,2017-02-21 11:00:00 +01:00,2017-02-21 12:00:00 +01:00,1,1
ES,ES.BDCA.AQD,NET_ES131A,STA_ES0125A,,SP_28079017_14_6,SPP_28079017_14_6.1,SAM_28079017_14_6,O3,http://dd.eionet.europa.eu/vocabulary/aq/pollutant/7,hour,50.9500000000,µg/m3,2017-02-21 12:00:00 +01:00,2017-02-21 13:00:00 +01:00,1,1
ES,ES.BDCA.AQD,NET_ES131A,STA_ES0125A,,SP_28079017_14_6,SPP_28079017_14_6.1,SAM_28079017_14_6,O3,http://dd.eionet.europa.eu/vocabulary/aq/pollutant/7,hour,64.4399999900,µg/m3,2017-02-21 13:00:00 +01:00,2017-02-21 14:00:00 +01:00,1,1
ES,ES.BDCA.AQD,NET_ES131A,STA_ES0125A,,SP_28079017_14_6,SPP_28079017_14_6.1,SAM_28079017_14_6,O3,http://dd.eionet.europa.eu/vocabulary/aq/pollutant/7,hour,63.8400000000,µg/m3,2017-02-21 14:00:00 +01:00,2017-02-21 15:00:00 +01:00,1,1
ES,ES.BDCA.AQD,NET_ES131A,STA_ES0125A,,SP_28079017_14_6,SPP_28079017_14_6.1,SAM_28079017_14_6,O3,http://dd.eionet.europa.eu/vocabulary/aq/pollutant/7,hour,65.5300000000,µg/m3,2017-02-21 15:00:00 +01:00,2017-02-21 16:00:00 +01:00,1,1
ES,ES.BDCA.AQD,NET_ES131A,STA_ES0125A,,SP_28079017_14_6,SPP_28079017_14_6.1,SAM_28079017_14_6,O3,http://dd.eionet.europa.eu/vocabulary/aq/pollutant/7,hour,,µg/m3,2017-02-21 16:00:00 +01:00,2017-02-21 17:00:00 +01:00,-1,1
ES,ES.BDCA.AQD,NET_ES131A,STA_ES0125A,,SP_28079017_14_6,SPP_28079017_14_6.1,SAM_28079017_14_6,O3,http://dd.eionet.europa.eu/vocabulary/aq/pollutant/7,hour,64.4899999900,µg/m3,2017-02-21 17:00:00 +01:00,2017-02-21 18:00:00 +01:00,1,1
ES,ES.BDCA.AQD,NET_ES131A,STA_ES0125A,,SP_28079017_14_6,SPP_28079017_14_6.1,SAM_28079017_14_6,O3,http://dd.eionet.europa.eu/vocabulary/aq/pollutant/7,hour,30.6099999900,µg/m3,2017-02-21 18:00:00 +01:00,2017-02-21 19:00:00 +01:00,1,1
ES,ES.BDCA.AQD,NET_ES131A,STA_ES0125A,,SP_28079017_14_6,SPP_28079017_14_6.1,SAM_28079017_14_6,O3,http://dd.eionet.europa.eu/vocabulary/aq/pollutant/7,hour,2.7400000000,µg/m3,2017-02-21 19:00:00 +01:00,2017-02-21 20:00:00 +01:00,1,1
ES,ES.BDCA.AQD,NET_ES131A,STA_ES0125A,,SP_28079017_14_6,SPP_28079017_14_6.1,SAM_28079017_14_6,O3,http://dd.eionet.europa.eu/vocabulary/aq/pollutant/7,hour,2.7200000000,µg/m3,2017-02-21 20:00:00 +01:00,2017-02-21 21:00:00 +01:00,1,1
ES,ES.BDCA.AQD,NET_ES131A,STA_ES0125A,,SP_28079017_14_6,SPP_28079017_14_6.1,SAM_28079017_14_6,O3,http://dd.eionet.europa.eu/vocabulary/aq/pollutant/7,hour,1.8100000000,µg/m3,2017-02-21 21:00:00 +01:00,2017-02-21 22:00:00 +01:00,1,1
ES,ES.BDCA.AQD,NET_ES131A,STA_ES0125A,,SP_28079017_14_6,SPP_28079017_14_6.1,SAM_28079017_14_6,O3,http://dd.eionet.europa.eu/vocabulary/aq/pollutant/7,hour,1.3600000000,µg/m3,2017-02-21 22:00:00 +01:00,2017-02-21 23:00:00 +01:00,1,1
ES,ES.BDCA.AQD,NET_ES131A,STA_ES0125A,,SP_28079017_14_6,SPP_28079017_14_6.1,SAM_28079017_14_6,O3,http://dd.eionet.europa.eu/vocabulary/aq/pollutant/7,hour,1.3000000000,µg/m3,2017-02-21 23:00:00 +01:00,2017-02-22 00:00:00 +01:00,1,1
ES,ES.BDCA.AQD,NET_ES131A,STA_ES0125A,,SP_28079017_14_6,SPP_28079017_14_6.1,SAM_28079017_14_6,O3,http://dd.eionet.europa.eu/vocabulary/aq/pollutant/7,hour,1.2500000000,µg/m3,2017-02-22 00:00:00 +01:00,2017-02-22 01:00:00 +01:00,1,1
ES,ES.BDCA.AQD,NET_ES131A,STA_ES0125A,,SP_28079017_14_6,SPP_28079017_14_6.1,SAM_28079017_14_6,O3,http://dd.eionet.europa.eu/vocabulary/aq/pollutant/7,hour,0.9500000000,µg/m3,2017-02-22 01:00:00 +01:00,2017-02-22 02:00:00 +01:00,1,1
ES,ES.BDCA.AQD,NET_ES131A,STA_ES0125A,,SP_28079017_14_6,SPP_28079017_14_6.1,SAM_28079017_14_6,O3,http://dd.eionet.europa.eu/vocabulary/aq/pollutant/7,hour,1.0000000000,µg/m3,2017-02-22 02:00:00 +01:00,2017-02-22 03:00:00 +01:00,1,1
ES,ES.BDCA.AQD,NET_ES131A,STA_ES0125A,,SP_28079017_14_6,SPP_28079017_14_6.1,SAM_28079017_14_6,O3,http://dd.eionet.europa.eu/vocabulary/aq/pollutant/7,hour,1.0000000000,µg/m3,2017-02-22 03:00:00 +01:00,2017-02-22 04:00:00 +01:00,1,1
ES,ES.BDCA.AQD,NET_ES131A,STA_ES0125A,,SP_28079017_14_6,SPP_28079017_14_6.1,SAM_28079017_14_6,O3,http://dd.eionet.europa.eu/vocabulary/aq/pollutant/7,hour,0.8800000000,µg/m3,2017-02-22 04:00:00 +01:00,2017-02-22 05:00:00 +01:00,1,1
ES,ES.BDCA.AQD,NET_ES131A,STA_ES0125A,,SP_28079017_14_6,SPP_28079017_14_6.1,SAM_28079017_14_6,O3,http://dd.eionet.europa.eu/vocabulary/aq/pollutant/7,hour,0.9000000000,µg/m3,2017-02-22 05:00:00 +01:00,2017-02-22 06:00:00 +01:00,1,1
ES,ES.BDCA.AQD,NET_ES131A,STA_ES0125A,,SP_28079017_14_6,SPP_28079017_14_6.1,SAM_28079017_14_6,O3,http://dd.eionet.europa.eu/vocabulary/aq/pollutant/7,hour,1.0600000000,µg/m3,2017-02-22 06:00:00 +01:00,2017-02-22 07:00:00 +01:00,1,1
ES,ES.BDCA.AQD,NET_ES131A,STA_ES0125A,,SP_28079017_14_6,SPP_28079017_14_6.1,SAM_28079017_14_6,O3,http://dd.eionet.europa.eu/vocabulary/aq/pollutant/7,hour,1.0600000000,µg/m3,2017-02-22 07:00:00 +01:00,2017-02-22 08:00:00 +01:00,1,1
ES,ES.BDCA.AQD,NET_ES131A,STA_ES0125A,,SP_28079017_14_6,SPP_28079017_14_6.1,SAM_28079017_14_6,O3,http://dd.eionet.europa.eu/vocabulary/aq/pollutant/7,hour,1.0700000000,µg/m3,2017-02-22 08:00:00 +01:00,2017-02-22 09:00:00 +01:00,1,1
ES,ES.BDCA.AQD,NET_ES131A,STA_ES0125A,,SP_28079017_14_6,SPP_28079017_14_6.1,SAM_28079017_14_6,O3,http://dd.eionet.europa.eu/vocabulary/aq/pollutant/7,hour,1.6599999900,µg/m3,2017-02-22 09:00:00 +01:00,2017-02-22 10:00:00 +01:00,1,1
ES,ES.BDCA.AQD,NET_ES131A,STA_ES0125A,,SP_28079017_14_6,SPP_28079017_14_6.1,SAM_28079017_14_6,O3,http://dd.eionet.europa.eu/vocabulary/aq/pollutant/7,hour,6.7300000000,µg/m3,2017-02-22 10:00:00 +01:00,2017-02-22 11:00:00 +01:00,1,1
ES,ES.BDCA.AQD,NET_ES131A,STA_ES0125A,,SP_28079017_14_6,SPP_28079017_14_6.1,SAM_28079017_14_6,O3,http://dd.eionet.europa.eu/vocabulary/aq/pollutant/7,hour,19.6999999900,µg/m3,2017-02-22 11:00:00 +01:00,2017-02-22 12:00:00 +01:00,1,1
ES,ES.BDCA.AQD,NET_ES131A,STA_ES0125A,,SP_28079017_14_6,SPP_28079017_14_6.1,SAM_28079017_14_6,O3,http://dd.eionet.europa.eu/vocabulary/aq/pollutant/7,hour,28.4899999900,µg/m3,2017-02-22 12:00:00 +01:00,2017-02-22 13:00:00 +01:00,1,1
ES,ES.BDCA.AQD,NET_ES131A,STA_ES0125A,,SP_28079017_14_6,SPP_28079017_14_6.1,SAM_28079017_14_6,O3,http://dd.eionet.europa.eu/vocabulary/aq/pollutant/7,hour,54.5600000000,µg/m3,2017-02-22 13:00:00 +01:00,2017-02-22 14:00:00 +01:00,1,1
ES,ES.BDCA.AQD,NET_ES131A,STA_ES0125A,,SP_28079017_14_6,SPP_28079017_14_6.1,SAM_28079017_14_6,O3,http://dd.eionet.europa.eu/vocabulary/aq/pollutant/7,hour,55.6199999900,µg/m3,2017-02-22 14:00:00 +01:00,2017-02-22 15:00:00 +01:00,1,1
ES,ES.BDCA.AQD,NET_ES131A,STA_ES0125A,,SP_28079017_14_6,SPP_28079017_14_6.1,SAM_28079017_14_6,O3,http://dd.eionet.europa.eu/vocabulary/aq/pollutant/7,hour,,µg/m3,2017-02-22 15:00:00 +01:00,2017-02-22 16:00:00 +01:00,-1,1
ES,ES.BDCA.AQD,NET_ES131A,STA_ES0125A,,SP_28079017_14_6,SPP_28079017_14_6.1,SAM_28079017_14_6,O3,http://dd.eionet.europa.eu/vocabulary/aq/pollutant/7,hour,54.0200000000,µg/m3,2017-02-22 16:00:00 +01:00,2017-02-22 17:00:00 +01:00,1,1
ES,ES.BDCA.AQD,NET_ES131A,STA_ES0125A,,SP_28079017_14_6,SPP_28079017_14_6.1,SAM_28079017_14_6,O3,http://dd.eionet.europa.eu/vocabulary/aq/pollutant/7,hour,47.7400000000,µg/m3,2017-02-22 17:00:00 +01:00,2017-02-22 18:00:00 +01:00,1,1
ES,ES.BDCA.AQD,NET_ES131A,STA_ES0125A,,SP_28079017_14_6,SPP_28079017_14_6.1,SAM_28079017_14_6,O3,http://dd.eionet.europa.eu/vocabulary/aq/pollutant/7,hour,14.8500000000,µg/m3,2017-02-22 18:00:00 +01:00,2017-02-22 19:00:00 +01:00,1,1
ES,ES.BDCA.AQD,NET_ES131A,STA_ES0125A,,SP_28079017_14_6,SPP_28079017_14_6.1,SAM_28079017_14_6,O3,http://dd.eionet.europa.eu/vocabulary/aq/pollutant/7,hour,1.1399999900,µg/m3,2017-02-22 19:00:00 +01:00,2017-02-22 20:00:00 +01:00,1,1
ES,ES.BDCA.AQD,NET_ES131A,STA_ES0125A,,SP_28079017_14_6,SPP_28079017_14_6.1,SAM_28079017_14_6,O3,http://dd.eionet.europa.eu/vocabulary/aq/pollutant/7,hour,2.2799999900,µg/m3,2017-02-22 20:00:00 +01:00,2017-02-22 21:00:00 +01:00,1,1
ES,ES.BDCA.AQD,NET_ES131A,STA_ES0125A,,SP_28079017_14_6,SPP_28079017_14_6.1,SAM_28079017_14_6,O3,http://dd.eionet.europa.eu/vocabulary/aq/pollutant/7,hour,1.4199999900,µg/m3,2017-02-22 21:00:00 +01:00,2017-02-22 22:00:00 +01:00,1,1
ES,ES.BDCA.AQD,NET_ES131A,STA_ES0125A,,SP_28079017_14_6,SPP_28079017_14_6.1,SAM_28079017_14_6,O3,http://dd.eionet.europa.eu/vocabulary/aq/pollutant/7,hour,2.1000000000,µg/m3,2017-02-22 22:00:00 +01:00,2017-02-22 23:00:00 +01:00,1,1
ES,ES.BDCA.AQD,NET_ES131A,STA_ES0125A,,SP_28079017_14_6,SPP_28079017_14_6.1,SAM_28079017_14_6,O3,http://dd.eionet.europa.eu/vocabulary/aq/pollutant/7,hour,1.6399999900,µg/m3,2017-02-22 23:00:00 +01:00,2017-02-23 00:00:00 +01:00,1,1
ES,ES.BDCA.AQD,NET_ES131A,STA_ES0125A,,SP_28079017_14_6,SPP_28079017_14_6.1,SAM_28079017_14_6,O3,http://dd.eionet.europa.eu/vocabulary/aq/pollutant/7,hour,1.1699999900,µg/m3,2017-02-23 00:00:00 +01:00,2017-02-23 01:00:00 +01:00,1,1
ES,ES.BDCA.AQD,NET_ES131A,STA_ES0125A,,SP_28079017_14_6,SPP_28079017_14_6.1,SAM_28079017_14_6,O3,http://dd.eionet.europa.eu/vocabulary/aq/pollutant/7,hour,0.9800000000,µg/m3,2017-02-23 01:00:00 +01:00,2017-02-23 02:00:00 +01:00,1,1
ES,ES.BDCA.AQD,NET_ES131A,STA_ES0125A,,SP_28079017_14_6,SPP_28079017_14_6.1,SAM_28079017_14_6,O3,http://dd.eionet.europa.eu/vocabulary/aq/pollutant/7,hour,0.8900000000,µg/m3,2017-02-23 02:00:00 +01:00,2017-02-23 03:00:00 +01:00,1,1
ES,ES.BDCA.AQD,NET_ES131A,STA_ES0125A,,SP_28079017_14_6,SPP_28079017_14_6.1,SAM_28079017_14_6,O3,http://dd.eionet.europa.eu/vocabulary/aq/pollutant/7,hour,1.1200000000,µg/m3,2017-02-23 03:00:00 +01:00,2017-02-23 04:00:00 +01:00,1,1
ES,ES.BDCA.AQD,NET_ES131A,STA_ES0125A,,SP_28079017_14_6,SPP_28079017_14_6.1,SAM_28079017_14_6,O3,http://dd.eionet.europa.eu/vocabulary/aq/pollutant/7,hour,0.8800000000,µg/m3,2017-02-23 04:00:00 +01:00,2017-02-23 05:00:00 +01:00,1,1
ES,ES.BDCA.AQD,NET_ES131A,STA_ES0125A,,SP_28079017_14_6,SPP_28079017_14_6.1,SAM_28079017_14_6,O3,http://dd.eionet.europa.eu/vocabulary/aq/pollutant/7,hour,0.8800000000,µg/m3,2017-02-23 05:00:00 +01:00,2017-02-23 06:00:00 +01:00,1,1
ES,ES.BDCA.AQD,NET_ES131A,STA_ES0125A,,SP_28079017_14_6,SPP_28079017_14_6.1,SAM_28079017_14_6,O3,http://dd.eionet.europa.eu/vocabulary/aq/pollutant/7,hour,0.8800000000,µg/m3,2017-02-23 06:00:00 +01:00,2017-02-23 07:00:00 +01:00,1,1
ES,ES.BDCA.AQD,NET_ES131A,STA_ES0125A,,SP_28079017_14_6,SPP_28079017_14_6.1,SAM_28079017_14_6,O3,http://dd.eionet.europa.eu/vocabulary/aq/pollutant/7,hour,0.9400000000,µg/m3,2017-02-23 07:00:00 +01:00,2017-02-23 08:00:00 +01:00,1,1
ES,ES.BDCA.AQD,NET_ES131A,STA_ES0125A,,SP_28079017_14_6,SPP_28079017_14_6.1,SAM_28079017_14_6,O3,http://dd.eionet.europa.eu/vocabulary/aq/pollutant/7,hour,0.7100000000,µg/m3,2017-02-23 08:00:00 +01:00,2017-02-23 09:00:00 +01:00,1,1
ES,ES.BDCA.AQD,NET_ES131A,STA_ES0125A,,SP_28079017_14_6,SPP_28079017_14_6.1,SAM_28079017_14_6,O3,http://dd.eionet.europa.eu/vocabulary/aq/pollutant/7,hour,0.8900000000,µg/m3,2017-02-23 09:00:00 +01:00,2017-02-23 10:00:00 +01:00,1,1
ES,ES.BDCA.AQD,NET_ES131A,STA_ES0125A,,SP_28079017_14_6,SPP_28079017_14_6.1,SAM_28079017_14_6,O3,http://dd.eionet.europa.eu/vocabulary/aq/pollutant/7,hour,0.7600000000,µg/m3,2017-02-23 10:00:00 +01:00,2017-02-23 11:00:00 +01:00,1,1
ES,ES.BDCA.AQD,NET_ES131A,STA_ES0125A,,SP_28079017_14_6,SPP_28079017_14_6.1,SAM_28079017_14_6,O3,http://dd.eionet.europa.eu/vocabulary/aq/pollutant/7,hour,1.3000000000,µg/m3,2017-02-23 11:00:00 +01:00,2017-02-23 12:00:00 +01:00,1,1
ES,ES.BDCA.AQD,NET_ES131A,STA_ES0125A,,SP_28079017_14_6,SPP_28079017_14_6.1,SAM_28079017_14_6,O3,http://dd.eionet.europa.eu/vocabulary/aq/pollutant/7,hour,2.5000000000,µg/m3,2017-02-23 12:00:00 +01:00,2017-02-23 13:00:00 +01:00,1,1
ES,ES.BDCA.AQD,NET_ES131A,STA_ES0125A,,SP_28079017_14_6,SPP_28079017_14_6.1,SAM_28079017_14_6,O3,http://dd.eionet.europa.eu/vocabulary/aq/pollutant/7,hour,3.1699999900,µg/m3,2017-02-23 13:00:00 +01:00,2017-02-23 14:00:00 +01:00,1,1
ES,ES.BDCA.AQD,NET_ES131A,STA_ES0125A,,SP_28079017_14_6,SPP_28079017_14_6.1,SAM_28079017_14_6,O3,http://dd.eionet.europa.eu/vocabulary/aq/pollutant/7,hour,,µg/m3,2017-02-23 14:00:00 +01:00,2017-02-23 15:00:00 +01:00,-1,1
ES,ES.BDCA.AQD,NET_ES131A,STA_ES0125A,,SP_28079017_14_6,SPP_28079017_14_6.1,SAM_28079017_14_6,O3,http://dd.eionet.europa.eu/vocabulary/aq/pollutant/7,hour,16.3999999900,µg/m3,2017-02-23 15:00:00 +01:00,2017-02-23 16:00:00 +01:00,1,1
ES,ES.BDCA.AQD,NET_ES131A,STA_ES0125A,,SP_28079017_14_6,SPP_28079017_14_6.1,SAM_28079017_14_6,O3,http://dd.eionet.europa.eu/vocabulary/aq/pollutant/7,hour,8.0600000000,µg/m3,2017-02-23 16:00:00 +01:00,2017-02-23 17:00:00 +01:00,1,1
ES,ES.BDCA.AQD,NET_ES131A,STA_ES0125A,,SP_28079017_14_6,SPP_28079017_14_6.1,SAM_28079017_14_6,O3,http://dd.eionet.europa.eu/vocabulary/aq/pollutant/7,hour,8.1899999900,µg/m3,2017-02-23 17:00:00 +01:00,2017-02-23 18:00:00 +01:00,1,1
ES,ES.BDCA.AQD,NET_ES131A,STA_ES0125A,,SP_28079017_14_6,SPP_28079017_14_6.1,SAM_28079017_14_6,O3,http://dd.eionet.europa.eu/vocabulary/aq/pollutant/7,hour,3.3799999900,µg/m3,2017-02-23 18:00:00 +01:00,2017-02-23 19:00:00 +01:00,1,1
ES,ES.BDCA.AQD,NET_ES131A,STA_ES0125A,,SP_28079017_14_6,SPP_28079017_14_6.1,SAM_28079017_14_6,O3,http://dd.eionet.europa.eu/vocabulary/aq/pollutant/7,hour,1.5000000000,µg/m3,2017-02-23 19:00:00 +01:00,2017-02-23 20:00:00 +01:00,1,1
ES,ES.BDCA.AQD,NET_ES131A,STA_ES0125A,,SP_28079017_14_6,SPP_28079017_14_6.1,SAM_28079017_14_6,O3,http://dd.eionet.europa.eu/vocabulary/aq/pollutant/7,hour,1.3100000000,µg/m3,2017-02-23 20:00:00 +01:00,2017-02-23 21:00:00 +01:00,1,1
ES,ES.BDCA.AQD,NET_ES131A,STA_ES0125A,,SP_28079017_14_6,SPP_28079017_14_6.1,SAM_28079017_14_6,O3,http://dd.eionet.europa.eu/vocabulary/aq/pollutant/7,hour,0.9900000000,µg/m3,2017-02-23 21:00:00 +01:00,2017-02-23 22:00:00 +01:00,1,1
ES,ES.BDCA.AQD,NET_ES131A,STA_ES0125A,,SP_28079017_14_6,SPP_28079017_14_6.1,SAM_28079017_14_6,O3,http://dd.eionet.europa.eu/vocabulary/aq/pollutant/7,hour,8.2799999900,µg/m3,2017-02-23 22:00:00 +01:00,2017-02-23 23:00:00 +01:00,1,1
ES,ES.BDCA.AQD,NET_ES131A,STA_ES0125A,,SP_28079017_14_6,SPP_28079017_14_6.1,SAM_28079017_14_6,O3,http://dd.eionet.europa.eu/vocabulary/aq/pollutant/7,hour,8.1400000000,µg/m3,2017-02-23 23:00:00 +01:00,2017-02-24 00:00:00 +01:00,1,1
ES,ES.BDCA.AQD,NET_ES131A,STA_ES0125A,,SP_28079017_14_6,SPP_28079017_14_6.1,SAM_28079017_14_6,O3,http://dd.eionet.europa.eu/vocabulary/aq/pollutant/7,hour,6.6100000000,µg/m3,2017-02-24 00:00:00 +01:00,2017-02-24 01:00:00 +01:00,1,1
ES,ES.BDCA.AQD,NET_ES131A,STA_ES0125A,,SP_28079017_14_6,SPP_28079017_14_6.1,SAM_28079017_14_6,O3,http://dd.eionet.europa.eu/vocabulary/aq/pollutant/7,hour,2.7000000000,µg/m3,2017-02-24 01:00:00 +01:00,2017-02-24 02:00:00 +01:00,1,1
ES,ES.BDCA.AQD,NET_ES131A,STA_ES0125A,,SP_28079017_14_6,SPP_28079017_14_6.1,SAM_28079017_14_6,O3,http://dd.eionet.europa.eu/vocabulary/aq/pollutant/7,hour,0.7600000000,µg/m3,2017-02-24 02:00:00 +01:00,2017-02-24 03:00:00 +01:00,1,1
ES,ES.BDCA.AQD,NET_ES131A,STA_ES0125A,,SP_28079017_14_6,SPP_28079017_14_6.1,SAM_28079017_14_6,O3,http://dd.eionet.europa.eu/vocabulary/aq/pollutant/7,hour,0.7400000000,µg/m3,2017-02-24 03:00:00 +01:00,2017-02-24 04:00:00 +01:00,1,1
ES,ES.BDCA.AQD,NET_ES131A,STA_ES0125A,,SP_28079017_14_6,SPP_28079017_14_6.1,SAM_28079017_14_6,O3,http://dd.eionet.europa.eu/vocabulary/aq/pollutant/7,hour,0.7600000000,µg/m3,2017-02-24 04:00:00 +01:00,2017-02-24 05:00:00 +01:00,1,1
ES,ES.BDCA.AQD,NET_ES131A,STA_ES0125A,,SP_28079017_14_6,SPP_28079017_14_6.1,SAM_28079017_14_6,O3,http://dd.eionet.europa.eu/vocabulary/aq/pollutant/7,hour,1.1200000000,µg/m3,2017-02-24 05:00:00 +01:00,2017-02-24 06:00:00 +01:00,1,1
ES,ES.BDCA.AQD,NET_ES131A,STA_ES0125A,,SP_28079017_14_6,SPP_28079017_14_6.1,SAM_28079017_14_6,O3,http://dd.eionet.europa.eu/vocabulary/aq/pollutant/7,hour,0.8900000000,µg/m3,2017-02-24 06:00:00 +01:00,2017-02-24 07:00:00 +01:00,1,1
ES,ES.BDCA.AQD,NET_ES131A,STA_ES0125A,,SP_28079017_14_6,SPP_28079017_14_6.1,SAM_28079017_14_6,O3,http://dd.eionet.europa.eu/vocabulary/aq/pollutant/7,hour,0.9100000000,µg/m3,2017-02-24 07:00:00 +01:00,2017-02-24 08:00:00 +01:00,1,1
ES,ES.BDCA.AQD,NET_ES131A,STA_ES0125A,,SP_28079017_14_6,SPP_28079017_14_6.1,SAM_28079017_14_6,O3,http://dd.eionet.europa.eu/vocabulary/aq/pollutant/7,hour,1.2300000000,µg/m3,2017-02-24 08:00:00 +01:00,2017-02-24 09:00:00 +01:00,1,1
ES,ES.BDCA.AQD,NET_ES131A,STA_ES0125A,,SP_28079017_14_6,SPP_28079017_14_6.1,SAM_28079017_14_6,O3,http://dd.eionet.europa.eu/vocabulary/aq/pollutant/7,hour,0.9000000000,µg/m3,2017-02-24 09:00:00 +01:00,2017-02-24 10:00:00 +01:00,1,1
ES,ES.BDCA.AQD,NET_ES131A,STA_ES0125A,,SP_28079017_14_6,SPP_28079017_14_6.1,SAM_28079017_14_6,O3,http://dd.eionet.europa.eu/vocabulary/aq/pollutant/7,hour,3.2200000000,µg/m3,2017-02-24 10:00:00 +01:00,2017-02-24 11:00:00 +01:00,1,1
ES,ES.BDCA.AQD,NET_ES131A,STA_ES0125A,,SP_28079017_14_6,SPP_28079017_14_6.1,SAM_28079017_14_6,O3,http://dd.eionet.europa.eu/vocabulary/aq/pollutant/7,hour,19.3299999900,µg/m3,2017-02-24 11:00:00 +01:00,2017-02-24 12:00:00 +01:00,1,1
ES,ES.BDCA.AQD,NET_ES131A,STA_ES0125A,,SP_28079017_14_6,SPP_28079017_14_6.1,SAM_28079017_14_6,O3,http://dd.eionet.europa.eu/vocabulary/aq/pollutant/7,hour,30.4800000000,µg/m3,2017-02-24 12:00:00 +01:00,2017-02-24 13:00:00 +01:00,1,1
ES,ES.BDCA.AQD,NET_ES131A,STA_ES0125A,,SP_28079017_14_6,SPP_28079017_14_6.1,SAM_28079017_14_6,O3,http://dd.eionet.europa.eu/vocabulary/aq/pollutant/7,hour,,µg/m3,2017-02-24 13:00:00 +01:00,2017-02-24 14:00:00 +01:00,-1,1
ES,ES.BDCA.AQD,NET_ES131A,STA_ES0125A,,SP_28079017_14_6,SPP_28079017_14_6.1,SAM_28079017_14_6,O3,http://dd.eionet.europa.eu/vocabulary/aq/pollutant/7,hour,32.6700000000,µg/m3,2017-02-24 14:00:00 +01:00,2017-02-24 15:00:00 +01:00,1,1
ES,ES.BDCA.AQD,NET_ES131A,STA_ES0125A,,SP_28079017_14_6,SPP_28079017_14_6.1,SAM_28079017_14_6,O3,http://dd.eionet.europa.eu/vocabulary/aq/pollutant/7,hour,35.2100000000,µg/m3,2017-02-24 15:00:00 +01:00,2017-02-24 16:00:00 +01:00,1,1
ES,ES.BDCA.AQD,NET_ES131A,STA_ES0125A,,SP_28079017_14_6,SPP_28079017_14_6.1,SAM_28079017_14_6,O3,http://dd.eionet.europa.eu/vocabulary/aq/pollutant/7,hour,31.8900000000,µg/m3,2017-02-24 16:00:00 +01:00,2017-02-24 17:00:00 +01:00,1,1
ES,ES.BDCA.AQD,NET_ES131A,STA_ES0125A,,SP_28079017_14_6,SPP_28079017_14_6.1,SAM_28079017_14_6,O3,http://dd.eionet.europa.eu/vocabulary/aq/pollutant/7,hour,37.5499999900,µg/m3,2017-02-24 17:00:00 +01:00,2017-02-24 18:00:00 +01:00,1,1
ES,ES.BDCA.AQD,NET_ES131A,STA_ES0125A,,SP_28079017_14_6,SPP_28079017_14_6.1,SAM_28079017_14_6,O3,http://dd.eionet.europa.eu/vocabulary/aq/pollutant/7,hour,27.0000000000,µg/m3,2017-02-24 18:00:00 +01:00,2017-02-24 19:00:00 +01:00,1,1
ES,ES.BDCA.AQD,NET_ES131A,STA_ES0125A,,SP_28079017_14_6,SPP_28079017_14_6.1,SAM_28079017_14_6,O3,http://dd.eionet.europa.eu/vocabulary/aq/pollutant/7,hour,13.8699999900,µg/m3,2017-02-24 19:00:00 +01:00,2017-02-24 20:00:00 +01:00,1,1
ES,ES.BDCA.AQD,NET_ES131A,STA_ES0125A,,SP_28079017_14_6,SPP_28079017_14_6.1,SAM_28079017_14_6,O3,http://dd.eionet.europa.eu/vocabulary/aq/pollutant/7,hour,3.1200000000,µg/m3,2017-02-24 20:00:00 +01:00,2017-02-24 21:00:00 +01:00,1,1
ES,ES.BDCA.AQD,NET_ES131A,STA_ES0125A,,SP_28079017_14_6,SPP_28079017_14_6.1,SAM_28079017_14_6,O3,http://dd.eionet.europa.eu/vocabulary/aq/pollutant/7,hour,22.9699999900,µg/m3,2017-02-24 21:00:00 +01:00,2017-02-24 22:00:00 +01:00,1,1
ES,ES.BDCA.AQD,NET_ES131A,STA_ES0125A,,SP_28079017_14_6,SPP_28079017_14_6.1,SAM_28079017_14_6,O3,http://dd.eionet.europa.eu/vocabulary/aq/pollutant/7,hour,43.3400000000,µg/m3,2017-02-24 22:00:00 +01:00,2017-02-24 23:00:00 +01:00,1,1
ES,ES.BDCA.AQD,NET_ES131A,STA_ES0125A,,SP_28079017_14_6,SPP_28079017_14_6.1,SAM_28079017_14_6,O3,http://dd.eionet.europa.eu/vocabulary/aq/pollutant/7,hour,39.1499999900,µg/m3,2017-02-24 23:00:00 +01:00,2017-02-25 00:00:00 +01:00,1,1
ES,ES.BDCA.AQD,NET_ES131A,STA_ES0125A,,SP_28079017_14_6,SPP_28079017_14_6.1,SAM_28079017_14_6,O3,http://dd.eionet.europa.eu/vocabulary/aq/pollutant/7,hour,44.5700000000,µg/m3,2017-02-25 00:00:00 +01:00,2017-02-25 01:00:00 +01:00,1,1
ES,ES.BDCA.AQD,NET_ES131A,STA_ES0125A,,SP_28079017_14_6,SPP_28079017_14_6.1,SAM_28079017_14_6,O3,http://dd.eionet.europa.eu/vocabulary/aq/pollutant/7,hour,49.0300000000,µg/m3,2017-02-25 01:00:00 +01:00,2017-02-25 02:00:00 +01:00,1,1
ES,ES.BDCA.AQD,NET_ES131A,STA_ES0125A,,SP_28079017_14_6,SPP_28079017_14_6.1,SAM_28079017_14_6,O3,http://dd.eionet.europa.eu/vocabulary/aq/pollutant/7,hour,42.5200000000,µg/m3,2017-02-25 02:00:00 +01:00,2017-02-25 03:00:00 +01:00,1,1
ES,ES.BDCA.AQD,NET_ES131A,STA_ES0125A,,SP_28079017_14_6,SPP_28079017_14_6.1,SAM_28079017_14_6,O3,http://dd.eionet.europa.eu/vocabulary/aq/pollutant/7,hour,20.9300000000,µg/m3,2017-02-25 03:00:00 +01:00,2017-02-25 04:00:00 +01:00,1,1
ES,ES.BDCA.AQD,NET_ES131A,STA_ES0125A,,SP_28079017_14_6,SPP_28079017_14_6.1,SAM_28079017_14_6,O3,http://dd.eionet.europa.eu/vocabulary/aq/pollutant/7,hour,1.6799999900,µg/m3,2017-02-25 04:00:00 +01:00,2017-02-25 05:00:00 +01:00,1,1
ES,ES.BDCA.AQD,NET_ES131A,STA_ES0125A,,SP_28079017_14_6,SPP_28079017_14_6.1,SAM_28079017_14_6,O3,http://dd.eionet.europa.eu/vocabulary/aq/pollutant/7,hour,1.0900000000,µg/m3,2017-02-25 05:00:00 +01:00,2017-02-25 06:00:00 +01:00,1,1
ES,ES.BDCA.AQD,NET_ES131A,STA_ES0125A,,SP_28079017_14_6,SPP_28079017_14_6.1,SAM_28079017_14_6,O3,http://dd.eionet.europa.eu/vocabulary/aq/pollutant/7,hour,0.9700000000,µg/m3,2017-02-25 06:00:00 +01:00,2017-02-25 07:00:00 +01:00,1,1
ES,ES.BDCA.AQD,NET_ES131A,STA_ES0125A,,SP_28079017_14_6,SPP_28079017_14_6.1,SAM_28079017_14_6,O3,http://dd.eionet.europa.eu/vocabulary/aq/pollutant/7,hour,0.9700000000,µg/m3,2017-02-25 07:00:00 +01:00,2017-02-25 08:00:00 +01:00,1,1
ES,ES.BDCA.AQD,NET_ES131A,STA_ES0125A,,SP_28079017_14_6,SPP_28079017_14_6.1,SAM_28079017_14_6,O3,http://dd.eionet.europa.eu/vocabulary/aq/pollutant/7,hour,1.3999999900,µg/m3,2017-02-25 08:00:00 +01:00,2017-02-25 09:00:00 +01:00,1,1
ES,ES.BDCA.AQD,NET_ES131A,STA_ES0125A,,SP_28079017_14_6,SPP_28079017_14_6.1,SAM_28079017_14_6,O3,http://dd.eionet.europa.eu/vocabulary/aq/pollutant/7,hour,7.3899999900,µg/m3,2017-02-25 09:00:00 +01:00,2017-02-25 10:00:00 +01:00,1,1
ES,ES.BDCA.AQD,NET_ES131A,STA_ES0125A,,SP_28079017_14_6,SPP_28079017_14_6.1,SAM_28079017_14_6,O3,http://dd.eionet.europa.eu/vocabulary/aq/pollutant/7,hour,18.6499999900,µg/m3,2017-02-25 10:00:00 +01:00,2017-02-25 11:00:00 +01:00,1,1
ES,ES.BDCA.AQD,NET_ES131A,STA_ES0125A,,SP_28079017_14_6,SPP_28079017_14_6.1,SAM_28079017_14_6,O3,http://dd.eionet.europa.eu/vocabulary/aq/pollutant/7,hour,32.2199999900,µg/m3,2017-02-25 11:00:00 +01:00,2017-02-25 12:00:00 +01:00,1,1
ES,ES.BDCA.AQD,NET_ES131A,STA_ES0125A,,SP_28079017_14_6,SPP_28079017_14_6.1,SAM_28079017_14_6,O3,http://dd.eionet.europa.eu/vocabulary/aq/pollutant/7,hour,,µg/m3,2017-02-25 12:00:00 +01:00,2017-02-25 13:00:00 +01:00,-1,1
ES,ES.BDCA.AQD,NET_ES131A,STA_ES0125A,,SP_28079017_14_6,SPP_28079017_14_6.1,SAM_28079017_14_6,O3,http://dd.eionet.europa.eu/vocabulary/aq/pollutant/7,hour,56.1899999900,µg/m3,2017-02-25 13:00:00 +01:00,2017-02-25 14:00:00 +01:00,1,1
ES,ES.BDCA.AQD,NET_ES131A,STA_ES0125A,,SP_28079017_14_6,SPP_28079017_14_6.1,SAM_28079017_14_6,O3,http://dd.eionet.europa.eu/vocabulary/aq/pollutant/7,hour,62.0200000000,µg/m3,2017-02-25 14:00:00 +01:00,2017-02-25 15:00:00 +01:00,1,1
ES,ES.BDCA.AQD,NET_ES131A,STA_ES0125A,,SP_28079017_14_6,SPP_28079017_14_6.1,SAM_28079017_14_6,O3,http://dd.eionet.europa.eu/vocabulary/aq/pollutant/7,hour,69.5400000000,µg/m3,2017-02-25 15:00:00 +01:00,2017-02-25 16:00:00 +01:00,1,1
ES,ES.BDCA.AQD,NET_ES131A,STA_ES0125A,,SP_28079017_14_6,SPP_28079017_14_6.1,SAM_28079017_14_6,O3,http://dd.eionet.europa.eu/vocabulary/aq/pollutant/7,hour,68.9099999900,µg/m3,2017-02-25 16:00:00 +01:00,2017-02-25 17:00:00 +01:00,1,1
ES,ES.BDCA.AQD,NET_ES131A,STA_ES0125A,,SP_28079017_14_6,SPP_28079017_14_6.1,SAM_28079017_14_6,O3,http://dd.eionet.europa.eu/vocabulary/aq/pollutant/7,hour,65.8100000000,µg/m3,2017-02-25 17:00:00 +01:00,2017-02-25 18:00:00 +01:00,1,1
ES,ES.BDCA.AQD,NET_ES131A,STA_ES0125A,,SP_28079017_14_6,SPP_28079017_14_6.1,SAM_28079017_14_6,O3,http://dd.eionet.europa.eu/vocabulary/aq/pollutant/7,hour,53.4099999900,µg/m3,2017-02-25 18:00:00 +01:00,2017-02-25 19:00:00 +01:00,1,1
ES,ES.BDCA.AQD,NET_ES131A,STA_ES0125A,,SP_28079017_14_6,SPP_28079017_14_6.1,SAM_28079017_14_6,O3,http://dd.eionet.europa.eu/vocabulary/aq/pollutant/7,hour,16.1000000000,µg/m3,2017-02-25 19:00:00 +01:00,2017-02-25 20:00:00 +01:00,1,1
ES,ES.BDCA.AQD,NET_ES131A,STA_ES0125A,,SP_28079017_14_6,SPP_28079017_14_6.1,SAM_28079017_14_6,O3,http://dd.eionet.europa.eu/vocabulary/aq/pollutant/7,hour,9.1400000000,µg/m3,2017-02-25 20:00:00 +01:00,2017-02-25 21:00:00 +01:00,1,1
ES,ES.BDCA.AQD,NET_ES131A,STA_ES0125A,,SP_28079017_14_6,SPP_28079017_14_6.1,SAM_28079017_14_6,O3,http://dd.eionet.europa.eu/vocabulary/aq/pollutant/7,hour,2.9100000000,µg/m3,2017-02-25 21:00:00 +01:00,2017-02-25 22:00:00 +01:00,1,1
ES,ES.BDCA.AQD,NET_ES131A,STA_ES0125A,,SP_28079017_14_6,SPP_28079017_14_6.1,SAM_28079017_14_6,O3,http://dd.eionet.europa.eu/vocabulary/aq/pollutant/7,hour,1.4099999900,µg/m3,2017-02-25 22:00:00 +01:00,2017-02-25 23:00:00 +01:00,1,1
ES,ES.BDCA.AQD,NET_ES131A,STA_ES0125A,,SP_28079017_14_6,SPP_28079017_14_6.1,SAM_28079017_14_6,O3,http://dd.eionet.europa.eu/vocabulary/aq/pollutant/7,hour,3.9700000000,µg/m3,2017-02-25 23:00:00 +01:00,2017-02-26 00:00:00 +01:00,1,1
ES,ES.BDCA.AQD,NET_ES131A,STA_ES0125A,,SP_28079017_14_6,SPP_28079017_14_6.1,SAM_28079017_14_6,O3,http://dd.eionet.europa.eu/vocabulary/aq/pollutant/7,hour,2.7400000000,µg/m3,2017-02-26 00:00:00 +01:00,2017-02-26 01:00:00 +01:00,1,1
ES,ES.BDCA.AQD,NET_ES131A,STA_ES0125A,,SP_28079017_14_6,SPP_28079017_14_6.1,SAM_28079017_14_6,O3,http://dd.eionet.europa.eu/vocabulary/aq/pollutant/7,hour,0.7000000000,µg/m3,2017-02-26 01:00:00 +01:00,2017-02-26 02:00:00 +01:00,1,1
ES,ES.BDCA.AQD,NET_ES131A,STA_ES0125A,,SP_28079017_14_6,SPP_28079017_14_6.1,SAM_28079017_14_6,O3,http://dd.eionet.europa.eu/vocabulary/aq/pollutant/7,hour,0.9100000000,µg/m3,2017-02-26 02:00:00 +01:00,2017-02-26 03:00:00 +01:00,1,1
ES,ES.BDCA.AQD,NET_ES131A,STA_ES0125A,,SP_28079017_14_6,SPP_28079017_14_6.1,SAM_28079017_14_6,O3,http://dd.eionet.europa.eu/vocabulary/aq/pollutant/7,hour,2.8599999900,µg/m3,2017-02-26 03:00:00 +01:00,2017-02-26 04:00:00 +01:00,1,1
ES,ES.BDCA.AQD,NET_ES131A,STA_ES0125A,,SP_28079017_14_6,SPP_28079017_14_6.1,SAM_28079017_14_6,O3,http://dd.eionet.europa.eu/vocabulary/aq/pollutant/7,hour,0.9100000000,µg/m3,2017-02-26 04:00:00 +01:00,2017-02-26 05:00:00 +01:00,1,1
ES,ES.BDCA.AQD,NET_ES131A,STA_ES0125A,,SP_28079017_14_6,SPP_28079017_14_6.1,SAM_28079017_14_6,O3,http://dd.eionet.europa.eu/vocabulary/aq/pollutant/7,hour,0.8800000000,µg/m3,2017-02-26 05:00:00 +01:00,2017-02-26 06:00:00 +01:00,1,1
ES,ES.BDCA.AQD,NET_ES131A,STA_ES0125A,,SP_28079017_14_6,SPP_28079017_14_6.1,SAM_28079017_14_6,O3,http://dd.eionet.europa.eu/vocabulary/aq/pollutant/7,hour,0.9000000000,µg/m3,2017-02-26 06:00:00 +01:00,2017-02-26 07:00:00 +01:00,1,1
ES,ES.BDCA.AQD,NET_ES131A,STA_ES0125A,,SP_28079017_14_6,SPP_28079017_14_6.1,SAM_28079017_14_6,O3,http://dd.eionet.europa.eu/vocabulary/aq/pollutant/7,hour,0.8400000000,µg/m3,2017-02-26 07:00:00 +01:00,2017-02-26 08:00:00 +01:00,1,1
ES,ES.BDCA.AQD,NET_ES131A,STA_ES0125A,,SP_28079017_14_6,SPP_28079017_14_6.1,SAM_28079017_14_6,O3,http://dd.eionet.europa.eu/vocabulary/aq/pollutant/7,hour,4.2599999900,µg/m3,2017-02-26 08:00:00 +01:00,2017-02-26 09:00:00 +01:00,1,1
ES,ES.BDCA.AQD,NET_ES131A,STA_ES0125A,,SP_28079017_14_6,SPP_28079017_14_6.1,SAM_28079017_14_6,O3,http://dd.eionet.europa.eu/vocabulary/aq/pollutant/7,hour,11.1899999900,µg/m3,2017-02-26 09:00:00 +01:00,2017-02-26 10:00:00 +01:00,1,1
ES,ES.BDCA.AQD,NET_ES131A,STA_ES0125A,,SP_28079017_14_6,SPP_28079017_14_6.1,SAM_28079017_14_6,O3,http://dd.eionet.europa.eu/vocabulary/aq/pollutant/7,hour,23.4300000000,µg/m3,2017-02-26 10:00:00 +01:00,2017-02-26 11:00:00 +01:00,1,1
ES,ES.BDCA.AQD,NET_ES131A,STA_ES0125A,,SP_28079017_14_6,SPP_28079017_14_6.1,SAM_28079017_14_6,O3,http://dd.eionet.europa.eu/vocabulary/aq/pollutant/7,hour,,µg/m3,2017-02-26 11:00:00 +01:00,2017-02-26 12:00:00 +01:00,-1,1
ES,ES.BDCA.AQD,NET_ES131A,STA_ES0125A,,SP_28079017_14_6,SPP_28079017_14_6.1,SAM_28079017_14_6,O3,http://dd.eionet.europa.eu/vocabulary/aq/pollutant/7,hour,24.4699999900,µg/m3,2017-02-26 12:00:00 +01:00,2017-02-26 13:00:00 +01:00,1,1
ES,ES.BDCA.AQD,NET_ES131A,STA_ES0125A,,SP_28079017_14_6,SPP_28079017_14_6.1,SAM_28079017_14_6,O3,http://dd.eionet.europa.eu/vocabulary/aq/pollutant/7,hour,31.9899999900,µg/m3,2017-02-26 13:00:00 +01:00,2017-02-26 14:00:00 +01:00,1,1
ES,ES.BDCA.AQD,NET_ES131A,STA_ES0125A,,SP_28079017_14_6,SPP_28079017_14_6.1,SAM_28079017_14_6,O3,http://dd.eionet.europa.eu/vocabulary/aq/pollutant/7,hour,56.3400000000,µg/m3,2017-02-26 14:00:00 +01:00,2017-02-26 15:00:00 +01:00,1,1
ES,ES.BDCA.AQD,NET_ES131A,STA_ES0125A,,SP_28079017_14_6,SPP_28079017_14_6.1,SAM_28079017_14_6,O3,http://dd.eionet.europa.eu/vocabulary/aq/pollutant/7,hour,66.6700000000,µg/m3,2017-02-26 15:00:00 +01:00,2017-02-26 16:00:00 +01:00,1,1
ES,ES.BDCA.AQD,NET_ES131A,STA_ES0125A,,SP_28079017_14_6,SPP_28079017_14_6.1,SAM_28079017_14_6,O3,http://dd.eionet.europa.eu/vocabulary/aq/pollutant/7,hour,72.0300000000,µg/m3,2017-02-26 16:00:00 +01:00,2017-02-26 17:00:00 +01:00,1,1
ES,ES.BDCA.AQD,NET_ES131A,STA_ES0125A,,SP_28079017_14_6,SPP_28079017_14_6.1,SAM_28079017_14_6,O3,http://dd.eionet.europa.eu/vocabulary/aq/pollutant/7,hour,69.2199999900,µg/m3,2017-02-26 17:00:00 +01:00,2017-02-26 18:00:00 +01:00,1,1
ES,ES.BDCA.AQD,NET_ES131A,STA_ES0125A,,SP_28079017_14_6,SPP_28079017_14_6.1,SAM_28079017_14_6,O3,http://dd.eionet.europa.eu/vocabulary/aq/pollutant/7,hour,58.7000000000,µg/m3,2017-02-26 18:00:00 +01:00,2017-02-26 19:00:00 +01:00,1,1
ES,ES.BDCA.AQD,NET_ES131A,STA_ES0125A,,SP_28079017_14_6,SPP_28079017_14_6.1,SAM_28079017_14_6,O3,http://dd.eionet.europa.eu/vocabulary/aq/pollutant/7,hour,33.8500000000,µg/m3,2017-02-26 19:00:00 +01:00,2017-02-26 20:00:00 +01:00,1,1
ES,ES.BDCA.AQD,NET_ES131A,STA_ES0125A,,SP_28079017_14_6,SPP_28079017_14_6.1,SAM_28079017_14_6,O3,http://dd.eionet.europa.eu/vocabulary/aq/pollutant/7,hour,40.2800000000,µg/m3,2017-02-26 20:00:00 +01:00,2017-02-26 21:00:00 +01:00,1,1
ES,ES.BDCA.AQD,NET_ES131A,STA_ES0125A,,SP_28079017_14_6,SPP_28079017_14_6.1,SAM_28079017_14_6,O3,http://dd.eionet.europa.eu/vocabulary/aq/pollutant/7,hour,43.4799999900,µg/m3,2017-02-26 21:00:00 +01:00,2017-02-26 22:00:00 +01:00,1,1
ES,ES.BDCA.AQD,NET_ES131A,STA_ES0125A,,SP_28079017_14_6,SPP_28079017_14_6.1,SAM_28079017_14_6,O3,http://dd.eionet.europa.eu/vocabulary/aq/pollutant/7,hour,50.5600000000,µg/m3,2017-02-26 22:00:00 +01:00,2017-02-26 23:00:00 +01:00,1,1
ES,ES.BDCA.AQD,NET_ES131A,STA_ES0125A,,SP_28079017_14_6,SPP_28079017_14_6.1,SAM_28079017_14_6,O3,http://dd.eionet.europa.eu/vocabulary/aq/pollutant/7,hour,49.5200000000,µg/m3,2017-02-26 23:00:00 +01:00,2017-02-27 00:00:00 +01:00,1,1
ES,ES.BDCA.AQD,NET_ES131A,STA_ES0125A,,SP_28079017_14_6,SPP_28079017_14_6.1,SAM_28079017_14_6,O3,http://dd.eionet.europa.eu/vocabulary/aq/pollutant/7,hour,43.5600000000,µg/m3,2017-02-27 00:00:00 +01:00,2017-02-27 01:00:00 +01:00,1,1
ES,ES.BDCA.AQD,NET_ES131A,STA_ES0125A,,SP_28079017_14_6,SPP_28079017_14_6.1,SAM_28079017_14_6,O3,http://dd.eionet.europa.eu/vocabulary/aq/pollutant/7,hour,26.8700000000,µg/m3,2017-02-27 01:00:00 +01:00,2017-02-27 02:00:00 +01:00,1,1
ES,ES.BDCA.AQD,NET_ES131A,STA_ES0125A,,SP_28079017_14_6,SPP_28079017_14_6.1,SAM_28079017_14_6,O3,http://dd.eionet.europa.eu/vocabulary/aq/pollutant/7,hour,26.4499999900,µg/m3,2017-02-27 02:00:00 +01:00,2017-02-27 03:00:00 +01:00,1,1
ES,ES.BDCA.AQD,NET_ES131A,STA_ES0125A,,SP_28079017_14_6,SPP_28079017_14_6.1,SAM_28079017_14_6,O3,http://dd.eionet.europa.eu/vocabulary/aq/pollutant/7,hour,34.8999999900,µg/m3,2017-02-27 03:00:00 +01:00,2017-02-27 04:00:00 +01:00,1,1
ES,ES.BDCA.AQD,NET_ES131A,STA_ES0125A,,SP_28079017_14_6,SPP_28079017_14_6.1,SAM_28079017_14_6,O3,http://dd.eionet.europa.eu/vocabulary/aq/pollutant/7,hour,58.6400000000,µg/m3,2017-02-27 04:00:00 +01:00,2017-02-27 05:00:00 +01:00,1,1
ES,ES.BDCA.AQD,NET_ES131A,STA_ES0125A,,SP_28079017_14_6,SPP_28079017_14_6.1,SAM_28079017_14_6,O3,http://dd.eionet.europa.eu/vocabulary/aq/pollutant/7,hour,56.0799999900,µg/m3,2017-02-27 05:00:00 +01:00,2017-02-27 06:00:00 +01:00,1,1
ES,ES.BDCA.AQD,NET_ES131A,STA_ES0125A,,SP_28079017_14_6,SPP_28079017_14_6.1,SAM_28079017_14_6,O3,http://dd.eionet.europa.eu/vocabulary/aq/pollutant/7,hour,45.1800000000,µg/m3,2017-02-27 06:00:00 +01:00,2017-02-27 07:00:00 +01:00,1,1
ES,ES.BDCA.AQD,NET_ES131A,STA_ES0125A,,SP_28079017_14_6,SPP_28079017_14_6.1,SAM_28079017_14_6,O3,http://dd.eionet.europa.eu/vocabulary/aq/pollutant/7,hour,28.0500000000,µg/m3,2017-02-27 07:00:00 +01:00,2017-02-27 08:00:00 +01:00,1,1
ES,ES.BDCA.AQD,NET_ES131A,STA_ES0125A,,SP_28079017_14_6,SPP_28079017_14_6.1,SAM_28079017_14_6,O3,http://dd.eionet.europa.eu/vocabulary/aq/pollutant/7,hour,18.9300000000,µg/m3,2017-02-27 08:00:00 +01:00,2017-02-27 09:00:00 +01:00,1,1
ES,ES.BDCA.AQD,NET_ES131A,STA_ES0125A,,SP_28079017_14_6,SPP_28079017_14_6.1,SAM_28079017_14_6,O3,http://dd.eionet.europa.eu/vocabulary/aq/pollutant/7,hour,21.7600000000,µg/m3,2017-02-27 09:00:00 +01:00,2017-02-27 10:00:00 +01:00,1,1
ES,ES.BDCA.AQD,NET_ES131A,STA_ES0125A,,SP_28079017_14_6,SPP_28079017_14_6.1,SAM_28079017_14_6,O3,http://dd.eionet.europa.eu/vocabulary/aq/pollutant/7,hour,,µg/m3,2017-02-27 10:00:00 +01:00,2017-02-27 11:00:00 +01:00,-1,1
ES,ES.BDCA.AQD,NET_ES131A,STA_ES0125A,,SP_28079017_14_6,SPP_28079017_14_6.1,SAM_28079017_14_6,O3,http://dd.eionet.europa.eu/vocabulary/aq/pollutant/7,hour,47.0300000000,µg/m3,2017-02-27 11:00:00 +01:00,2017-02-27 12:00:00 +01:00,1,1
ES,ES.BDCA.AQD,NET_ES131A,STA_ES0125A,,SP_28079017_14_6,SPP_28079017_14_6.1,SAM_28079017_14_6,O3,http://dd.eionet.europa.eu/vocabulary/aq/pollutant/7,hour,51.3500000000,µg/m3,2017-02-27 12:00:00 +01:00,2017-02-27 13:00:00 +01:00,1,1
ES,ES.BDCA.AQD,NET_ES131A,STA_ES0125A,,SP_28079017_14_6,SPP_28079017_14_6.1,SAM_28079017_14_6,O3,http://dd.eionet.europa.eu/vocabulary/aq/pollutant/7,hour,61.6800000000,µg/m3,2017-02-27 13:00:00 +01:00,2017-02-27 14:00:00 +01:00,1,1
ES,ES.BDCA.AQD,NET_ES131A,STA_ES0125A,,SP_28079017_14_6,SPP_28079017_14_6.1,SAM_28079017_14_6,O3,http://dd.eionet.europa.eu/vocabulary/aq/pollutant/7,hour,65.2000000000,µg/m3,2017-02-27 14:00:00 +01:00,2017-02-27 15:00:00 +01:00,1,1
ES,ES.BDCA.AQD,NET_ES131A,STA_ES0125A,,SP_28079017_14_6,SPP_28079017_14_6.1,SAM_28079017_14_6,O3,http://dd.eionet.europa.eu/vocabulary/aq/pollutant/7,hour,70.0400000000,µg/m3,2017-02-27 15:00:00 +01:00,2017-02-27 16:00:00 +01:00,1,1
ES,ES.BDCA.AQD,NET_ES131A,STA_ES0125A,,SP_28079017_14_6,SPP_28079017_14_6.1,SAM_28079017_14_6,O3,http://dd.eionet.europa.eu/vocabulary/aq/pollutant/7,hour,65.0400000000,µg/m3,2017-02-27 16:00:00 +01:00,2017-02-27 17:00:00 +01:00,1,1
ES,ES.BDCA.AQD,NET_ES131A,STA_ES0125A,,SP_28079017_14_6,SPP_28079017_14_6.1,SAM_28079017_14_6,O3,http://dd.eionet.europa.eu/vocabulary/aq/pollutant/7,hour,59.2999999900,µg/m3,2017-02-27 17:00:00 +01:00,2017-02-27 18:00:00 +01:00,1,1
ES,ES.BDCA.AQD,NET_ES131A,STA_ES0125A,,SP_28079017_14_6,SPP_28079017_14_6.1,SAM_28079017_14_6,O3,http://dd.eionet.europa.eu/vocabulary/aq/pollutant/7,hour,49.9099999900,µg/m3,2017-02-27 18:00:00 +01:00,2017-02-27 19:00:00 +01:00,1,1
ES,ES.BDCA.AQD,NET_ES131A,STA_ES0125A,,SP_28079017_14_6,SPP_28079017_14_6.1,SAM_28079017_14_6,O3,http://dd.eionet.europa.eu/vocabulary/aq/pollutant/7,hour,37.5399999900,µg/m3,2017-02-27 19:00:00 +01:00,2017-02-27 20:00:00 +01:00,1,1
ES,ES.BDCA.AQD,NET_ES131A,STA_ES0125A,,SP_28079017_14_6,SPP_28079017_14_6.1,SAM_28079017_14_6,O3,http://dd.eionet.europa.eu/vocabulary/aq/pollutant/7,hour,36.8100000000,µg/m3,2017-02-27 20:00:00 +01:00,2017-02-27 21:00:00 +01:00,1,1
ES,ES.BDCA.AQD,NET_ES131A,STA_ES0125A,,SP_28079017_14_6,SPP_28079017_14_6.1,SAM_28079017_14_6,O3,http://dd.eionet.europa.eu/vocabulary/aq/pollutant/7,hour,41.9399999900,µg/m3,2017-02-27 21:00:00 +01:00,2017-02-27 22:00:00 +01:00,1,1
ES,ES.BDCA.AQD,NET_ES131A,STA_ES0125A,,SP_28079017_14_6,SPP_28079017_14_6.1,SAM_28079017_14_6,O3,http://dd.eionet.europa.eu/vocabulary/aq/pollutant/7,hour,49.1800000000,µg/m3,2017-02-27 22:00:00 +01:00,2017-02-27 23:00:00 +01:00,1,1
ES,ES.BDCA.AQD,NET_ES131A,STA_ES0125A,,SP_28079017_14_6,SPP_28079017_14_6.1,SAM_28079017_14_6,O3,http://dd.eionet.europa.eu/vocabulary/aq/pollutant/7,hour,59.3299999900,µg/m3,2017-02-27 23:00:00 +01:00,2017-02-28 00:00:00 +01:00,1,1
ES,ES.BDCA.AQD,NET_ES131A,STA_ES0125A,,SP_28079017_14_6,SPP_28079017_14_6.1,SAM_28079017_14_6,O3,http://dd.eionet.europa.eu/vocabulary/aq/pollutant/7,hour,59.3699999900,µg/m3,2017-02-28 00:00:00 +01:00,2017-02-28 01:00:00 +01:00,1,1
ES,ES.BDCA.AQD,NET_ES131A,STA_ES0125A,,SP_28079017_14_6,SPP_28079017_14_6.1,SAM_28079017_14_6,O3,http://dd.eionet.europa.eu/vocabulary/aq/pollutant/7,hour,61.8200000000,µg/m3,2017-02-28 01:00:00 +01:00,2017-02-28 02:00:00 +01:00,1,1
ES,ES.BDCA.AQD,NET_ES131A,STA_ES0125A,,SP_28079017_14_6,SPP_28079017_14_6.1,SAM_28079017_14_6,O3,http://dd.eionet.europa.eu/vocabulary/aq/pollutant/7,hour,63.7400000000,µg/m3,2017-02-28 02:00:00 +01:00,2017-02-28 03:00:00 +01:00,1,1
ES,ES.BDCA.AQD,NET_ES131A,STA_ES0125A,,SP_28079017_14_6,SPP_28079017_14_6.1,SAM_28079017_14_6,O3,http://dd.eionet.europa.eu/vocabulary/aq/pollutant/7,hour,64.8799999900,µg/m3,2017-02-28 03:00:00 +01:00,2017-02-28 04:00:00 +01:00,1,1
ES,ES.BDCA.AQD,NET_ES131A,STA_ES0125A,,SP_28079017_14_6,SPP_28079017_14_6.1,SAM_28079017_14_6,O3,http://dd.eionet.europa.eu/vocabulary/aq/pollutant/7,hour,62.3200000000,µg/m3,2017-02-28 04:00:00 +01:00,2017-02-28 05:00:00 +01:00,1,1
ES,ES.BDCA.AQD,NET_ES131A,STA_ES0125A,,SP_28079017_14_6,SPP_28079017_14_6.1,SAM_28079017_14_6,O3,http://dd.eionet.europa.eu/vocabulary/aq/pollutant/7,hour,59.5000000000,µg/m3,2017-02-28 05:00:00 +01:00,2017-02-28 06:00:00 +01:00,1,1
ES,ES.BDCA.AQD,NET_ES131A,STA_ES0125A,,SP_28079017_14_6,SPP_28079017_14_6.1,SAM_28079017_14_6,O3,http://dd.eionet.europa.eu/vocabulary/aq/pollutant/7,hour,48.6700000000,µg/m3,2017-02-28 06:00:00 +01:00,2017-02-28 07:00:00 +01:00,1,1
ES,ES.BDCA.AQD,NET_ES131A,STA_ES0125A,,SP_28079017_14_6,SPP_28079017_14_6.1,SAM_28079017_14_6,O3,http://dd.eionet.europa.eu/vocabulary/aq/pollutant/7,hour,33.9799999900,µg/m3,2017-02-28 07:00:00 +01:00,2017-02-28 08:00:00 +01:00,1,1
ES,ES.BDCA.AQD,NET_ES131A,STA_ES0125A,,SP_28079017_14_6,SPP_28079017_14_6.1,SAM_28079017_14_6,O3,http://dd.eionet.europa.eu/vocabulary/aq/pollutant/7,hour,29.3900000000,µg/m3,2017-02-28 08:00:00 +01:00,2017-02-28 09:00:00 +01:00,1,1
ES,ES.BDCA.AQD,NET_ES131A,STA_ES0125A,,SP_28079017_14_6,SPP_28079017_14_6.1,SAM_28079017_14_6,O3,http://dd.eionet.europa.eu/vocabulary/aq/pollutant/7,hour,,µg/m3,2017-02-28 09:00:00 +01:00,2017-02-28 10:00:00 +01:00,-1,1
ES,ES.BDCA.AQD,NET_ES131A,STA_ES0125A,,SP_28079017_14_6,SPP_28079017_14_6.1,SAM_28079017_14_6,O3,http://dd.eionet.europa.eu/vocabulary/aq/pollutant/7,hour,45.2599999900,µg/m3,2017-02-28 10:00:00 +01:00,2017-02-28 11:00:00 +01:00,1,1
ES,ES.BDCA.AQD,NET_ES131A,STA_ES0125A,,SP_28079017_14_6,SPP_28079017_14_6.1,SAM_28079017_14_6,O3,http://dd.eionet.europa.eu/vocabulary/aq/pollutant/7,hour,50.2700000000,µg/m3,2017-02-28 11:00:00 +01:00,2017-02-28 12:00:00 +01:00,1,1
ES,ES.BDCA.AQD,NET_ES131A,STA_ES0125A,,SP_28079017_14_6,SPP_28079017_14_6.1,SAM_28079017_14_6,O3,http://dd.eionet.europa.eu/vocabulary/aq/pollutant/7,hour,60.8500000000,µg/m3,2017-02-28 12:00:00 +01:00,2017-02-28 13:00:00 +01:00,1,1
ES,ES.BDCA.AQD,NET_ES131A,STA_ES0125A,,SP_28079017_14_6,SPP_28079017_14_6.1,SAM_28079017_14_6,O3,http://dd.eionet.europa.eu/vocabulary/aq/pollutant/7,hour,,µg/m3,2017-02-28 13:00:00 +01:00,2017-02-28 14:00:00 +01:00,-1,1
ES,ES.BDCA.AQD,NET_ES131A,STA_ES0125A,,SP_28079017_14_6,SPP_28079017_14_6.1,SAM_28079017_14_6,O3,http://dd.eionet.europa.eu/vocabulary/aq/pollutant/7,hour,62.6000000000,µg/m3,2017-02-28 14:00:00 +01:00,2017-02-28 15:00:00 +01:00,1,1
ES,ES.BDCA.AQD,NET_ES131A,STA_ES0125A,,SP_28079017_14_6,SPP_28079017_14_6.1,SAM_28079017_14_6,O3,http://dd.eionet.europa.eu/vocabulary/aq/pollutant/7,hour,59.7599999900,µg/m3,2017-02-28 15:00:00 +01:00,2017-02-28 16:00:00 +01:00,1,1
ES,ES.BDCA.AQD,NET_ES131A,STA_ES0125A,,SP_28079017_14_6,SPP_28079017_14_6.1,SAM_28079017_14_6,O3,http://dd.eionet.europa.eu/vocabulary/aq/pollutant/7,hour,58.7700000000,µg/m3,2017-02-28 16:00:00 +01:00,2017-02-28 17:00:00 +01:00,1,1
ES,ES.BDCA.AQD,NET_ES131A,STA_ES0125A,,SP_28079017_14_6,SPP_28079017_14_6.1,SAM_28079017_14_6,O3,http://dd.eionet.europa.eu/vocabulary/aq/pollutant/7,hour,53.4300000000,µg/m3,2017-02-28 17:00:00 +01:00,2017-02-28 18:00:00 +01:00,1,1
ES,ES.BDCA.AQD,NET_ES131A,STA_ES0125A,,SP_28079017_14_6,SPP_28079017_14_6.1,SAM_28079017_14_6,O3,http://dd.eionet.europa.eu/vocabulary/aq/pollutant/7,hour,40.7999999900,µg/m3,2017-02-28 18:00:00 +01:00,2017-02-28 19:00:00 +01:00,1,1
ES,ES.BDCA.AQD,NET_ES131A,STA_ES0125A,,SP_28079017_14_6,SPP_28079017_14_6.1,SAM_28079017_14_6,O3,http://dd.eionet.europa.eu/vocabulary/aq/pollutant/7,hour,41.0300000000,µg/m3,2017-02-28 19:00:00 +01:00,2017-02-28 20:00:00 +01:00,1,1
ES,ES.BDCA.AQD,NET_ES131A,STA_ES0125A,,SP_28079017_14_6,SPP_28079017_14_6.1,SAM_28079017_14_6,O3,http://dd.eionet.europa.eu/vocabulary/aq/pollutant/7,hour,29.4899999900,µg/m3,2017-02-28 20:00:00 +01:00,2017-02-28 21:00:00 +01:00,1,1
ES,ES.BDCA.AQD,NET_ES131A,STA_ES0125A,,SP_28079017_14_6,SPP_28079017_14_6.1,SAM_28079017_14_6,O3,http://dd.eionet.europa.eu/vocabulary/aq/pollutant/7,hour,33.5200000000,µg/m3,2017-02-28 21:00:00 +01:00,2017-02-28 22:00:00 +01:00,1,1
ES,ES.BDCA.AQD,NET_ES131A,STA_ES0125A,,SP_28079017_14_6,SPP_28079017_14_6.1,SAM_28079017_14_6,O3,http://dd.eionet.europa.eu/vocabulary/aq/pollutant/7,hour,37.1300000000,µg/m3,2017-02-28 22:00:00 +01:00,2017-02-28 23:00:00 +01:00,1,1
ES,ES.BDCA.AQD,NET_ES131A,STA_ES0125A,,SP_28079017_14_6,SPP_28079017_14_6.1,SAM_28079017_14_6,O3,http://dd.eionet.europa.eu/vocabulary/aq/pollutant/7,hour,44.7599999900,µg/m3,2017-02-28 23:00:00 +01:00,2017-03-01 00:00:00 +01:00,1,1
ES,ES.BDCA.AQD,NET_ES131A,STA_ES0125A,,SP_28079017_14_6,SPP_28079017_14_6.1,SAM_28079017_14_6,O3,http://dd.eionet.europa.eu/vocabulary/aq/pollutant/7,hour,42.1499999900,µg/m3,2017-03-01 00:00:00 +01:00,2017-03-01 01:00:00 +01:00,1,1
ES,ES.BDCA.AQD,NET_ES131A,STA_ES0125A,,SP_28079017_14_6,SPP_28079017_14_6.1,SAM_28079017_14_6,O3,http://dd.eionet.europa.eu/vocabulary/aq/pollutant/7,hour,51.6800000000,µg/m3,2017-03-01 01:00:00 +01:00,2017-03-01 02:00:00 +01:00,1,1
ES,ES.BDCA.AQD,NET_ES131A,STA_ES0125A,,SP_28079017_14_6,SPP_28079017_14_6.1,SAM_28079017_14_6,O3,http://dd.eionet.europa.eu/vocabulary/aq/pollutant/7,hour,52.5200000000,µg/m3,2017-03-01 02:00:00 +01:00,2017-03-01 03:00:00 +01:00,1,1
ES,ES.BDCA.AQD,NET_ES131A,STA_ES0125A,,SP_28079017_14_6,SPP_28079017_14_6.1,SAM_28079017_14_6,O3,http://dd.eionet.europa.eu/vocabulary/aq/pollutant/7,hour,49.0499999900,µg/m3,2017-03-01 03:00:00 +01:00,2017-03-01 04:00:00 +01:00,1,1
ES,ES.BDCA.AQD,NET_ES131A,STA_ES0125A,,SP_28079017_14_6,SPP_28079017_14_6.1,SAM_28079017_14_6,O3,http://dd.eionet.europa.eu/vocabulary/aq/pollutant/7,hour,39.5399999900,µg/m3,2017-03-01 04:00:00 +01:00,2017-03-01 05:00:00 +01:00,1,1
ES,ES.BDCA.AQD,NET_ES131A,STA_ES0125A,,SP_28079017_14_6,SPP_28079017_14_6.1,SAM_28079017_14_6,O3,http://dd.eionet.europa.eu/vocabulary/aq/pollutant/7,hour,29.6600000000,µg/m3,2017-03-01 05:00:00 +01:00,2017-03-01 06:00:00 +01:00,1,1
ES,ES.BDCA.AQD,NET_ES131A,STA_ES0125A,,SP_28079017_14_6,SPP_28079017_14_6.1,SAM_28079017_14_6,O3,http://dd.eionet.europa.eu/vocabulary/aq/pollutant/7,hour,5.5599999900,µg/m3,2017-03-01 06:00:00 +01:00,2017-03-01 07:00:00 +01:00,1,1
ES,ES.BDCA.AQD,NET_ES131A,STA_ES0125A,,SP_28079017_14_6,SPP_28079017_14_6.1,SAM_28079017_14_6,O3,http://dd.eionet.europa.eu/vocabulary/aq/pollutant/7,hour,1.5700000000,µg/m3,2017-03-01 07:00:00 +01:00,2017-03-01 08:00:00 +01:00,1,1
ES,ES.BDCA.AQD,NET_ES131A,STA_ES0125A,,SP_28079017_14_6,SPP_28079017_14_6.1,SAM_28079017_14_6,O3,http://dd.eionet.europa.eu/vocabulary/aq/pollutant/7,hour,,µg/m3,2017-03-01 08:00:00 +01:00,2017-03-01 09:00:00 +01:00,-1,1
ES,ES.BDCA.AQD,NET_ES131A,STA_ES0125A,,SP_28079017_14_6,SPP_28079017_14_6.1,SAM_28079017_14_6,O3,http://dd.eionet.europa.eu/vocabulary/aq/pollutant/7,hour,4.6699999900,µg/m3,2017-03-01 09:00:00 +01:00,2017-03-01 10:00:00 +01:00,1,1
ES,ES.BDCA.AQD,NET_ES131A,STA_ES0125A,,SP_28079017_14_6,SPP_28079017_14_6.1,SAM_28079017_14_6,O3,http://dd.eionet.europa.eu/vocabulary/aq/pollutant/7,hour,11.4400000000,µg/m3,2017-03-01 10:00:00 +01:00,2017-03-01 11:00:00 +01:00,1,1
ES,ES.BDCA.AQD,NET_ES131A,STA_ES0125A,,SP_28079017_14_6,SPP_28079017_14_6.1,SAM_28079017_14_6,O3,http://dd.eionet.europa.eu/vocabulary/aq/pollutant/7,hour,18.3900000000,µg/m3,2017-03-01 11:00:00 +01:00,2017-03-01 12:00:00 +01:00,1,1
ES,ES.BDCA.AQD,NET_ES131A,STA_ES0125A,,SP_28079017_14_6,SPP_28079017_14_6.1,SAM_28079017_14_6,O3,http://dd.eionet.europa.eu/vocabulary/aq/pollutant/7,hour,30.4800000000,µg/m3,2017-03-01 12:00:00 +01:00,2017-03-01 13:00:00 +01:00,1,1
ES,ES.BDCA.AQD,NET_ES131A,STA_ES0125A,,SP_28079017_14_6,SPP_28079017_14_6.1,SAM_28079017_14_6,O3,http://dd.eionet.europa.eu/vocabulary/aq/pollutant/7,hour,56.2599999900,µg/m3,2017-03-01 13:00:00 +01:00,2017-03-01 14:00:00 +01:00,1,1
ES,ES.BDCA.AQD,NET_ES131A,STA_ES0125A,,SP_28079017_14_6,SPP_28079017_14_6.1,SAM_28079017_14_6,O3,http://dd.eionet.europa.eu/vocabulary/aq/pollutant/7,hour,66.6599999900,µg/m3,2017-03-01 14:00:00 +01:00,2017-03-01 15:00:00 +01:00,1,1
ES,ES.BDCA.AQD,NET_ES131A,STA_ES0125A,,SP_28079017_14_6,SPP_28079017_14_6.1,SAM_28079017_14_6,O3,http://dd.eionet.europa.eu/vocabulary/aq/pollutant/7,hour,70.6099999900,µg/m3,2017-03-01 15:00:00 +01:00,2017-03-01 16:00:00 +01:00,1,1
ES,ES.BDCA.AQD,NET_ES131A,STA_ES0125A,,SP_28079017_14_6,SPP_28079017_14_6.1,SAM_28079017_14_6,O3,http://dd.eionet.europa.eu/vocabulary/aq/pollutant/7,hour,69.7999999900,µg/m3,2017-03-01 16:00:00 +01:00,2017-03-01 17:00:00 +01:00,1,1
ES,ES.BDCA.AQD,NET_ES131A,STA_ES0125A,,SP_28079017_14_6,SPP_28079017_14_6.1,SAM_28079017_14_6,O3,http://dd.eionet.europa.eu/vocabulary/aq/pollutant/7,hour,63.5499999900,µg/m3,2017-03-01 17:00:00 +01:00,2017-03-01 18:00:00 +01:00,1,1
ES,ES.BDCA.AQD,NET_ES131A,STA_ES0125A,,SP_28079017_14_6,SPP_28079017_14_6.1,SAM_28079017_14_6,O3,http://dd.eionet.europa.eu/vocabulary/aq/pollutant/7,hour,50.3400000000,µg/m3,2017-03-01 18:00:00 +01:00,2017-03-01 19:00:00 +01:00,1,1
ES,ES.BDCA.AQD,NET_ES131A,STA_ES0125A,,SP_28079017_14_6,SPP_28079017_14_6.1,SAM_28079017_14_6,O3,http://dd.eionet.europa.eu/vocabulary/aq/pollutant/7,hour,19.6099999900,µg/m3,2017-03-01 19:00:00 +01:00,2017-03-01 20:00:00 +01:00,1,1
ES,ES.BDCA.AQD,NET_ES131A,STA_ES0125A,,SP_28079017_14_6,SPP_28079017_14_6.1,SAM_28079017_14_6,O3,http://dd.eionet.europa.eu/vocabulary/aq/pollutant/7,hour,9.2200000000,µg/m3,2017-03-01 20:00:00 +01:00,2017-03-01 21:00:00 +01:00,1,1
ES,ES.BDCA.AQD,NET_ES131A,STA_ES0125A,,SP_28079017_14_6,SPP_28079017_14_6.1,SAM_28079017_14_6,O3,http://dd.eionet.europa.eu/vocabulary/aq/pollutant/7,hour,13.0500000000,µg/m3,2017-03-01 21:00:00 +01:00,2017-03-01 22:00:00 +01:00,1,1
ES,ES.BDCA.AQD,NET_ES131A,STA_ES0125A,,SP_28079017_14_6,SPP_28079017_14_6.1,SAM_28079017_14_6,O3,http://dd.eionet.europa.eu/vocabulary/aq/pollutant/7,hour,8.9600000000,µg/m3,2017-03-01 22:00:00 +01:00,2017-03-01 23:00:00 +01:00,1,1
ES,ES.BDCA.AQD,NET_ES131A,STA_ES0125A,,SP_28079017_14_6,SPP_28079017_14_6.1,SAM_28079017_14_6,O3,http://dd.eionet.europa.eu/vocabulary/aq/pollutant/7,hour,8.5999999900,µg/m3,2017-03-01 23:00:00 +01:00,2017-03-02 00:00:00 +01:00,1,1
ES,ES.BDCA.AQD,NET_ES131A,STA_ES0125A,,SP_28079017_14_6,SPP_28079017_14_6.1,SAM_28079017_14_6,O3,http://dd.eionet.europa.eu/vocabulary/aq/pollutant/7,hour,9.9199999900,µg/m3,2017-03-02 00:00:00 +01:00,2017-03-02 01:00:00 +01:00,1,1
ES,ES.BDCA.AQD,NET_ES131A,STA_ES0125A,,SP_28079017_14_6,SPP_28079017_14_6.1,SAM_28079017_14_6,O3,http://dd.eionet.europa.eu/vocabulary/aq/pollutant/7,hour,9.4000000000,µg/m3,2017-03-02 01:00:00 +01:00,2017-03-02 02:00:00 +01:00,1,1
ES,ES.BDCA.AQD,NET_ES131A,STA_ES0125A,,SP_28079017_14_6,SPP_28079017_14_6.1,SAM_28079017_14_6,O3,http://dd.eionet.europa.eu/vocabulary/aq/pollutant/7,hour,7.4800000000,µg/m3,2017-03-02 02:00:00 +01:00,2017-03-02 03:00:00 +01:00,1,1
ES,ES.BDCA.AQD,NET_ES131A,STA_ES0125A,,SP_28079017_14_6,SPP_28079017_14_6.1,SAM_28079017_14_6,O3,http://dd.eionet.europa.eu/vocabulary/aq/pollutant/7,hour,1.3100000000,µg/m3,2017-03-02 03:00:00 +01:00,2017-03-02 04:00:00 +01:00,1,1
ES,ES.BDCA.AQD,NET_ES131A,STA_ES0125A,,SP_28079017_14_6,SPP_28079017_14_6.1,SAM_28079017_14_6,O3,http://dd.eionet.europa.eu/vocabulary/aq/pollutant/7,hour,1.3799999900,µg/m3,2017-03-02 04:00:00 +01:00,2017-03-02 05:00:00 +01:00,1,1
ES,ES.BDCA.AQD,NET_ES131A,STA_ES0125A,,SP_28079017_14_6,SPP_28079017_14_6.1,SAM_28079017_14_6,O3,http://dd.eionet.europa.eu/vocabulary/aq/pollutant/7,hour,1.1699999900,µg/m3,2017-03-02 05:00:00 +01:00,2017-03-02 06:00:00 +01:00,1,1
ES,ES.BDCA.AQD,NET_ES131A,STA_ES0125A,,SP_28079017_14_6,SPP_28079017_14_6.1,SAM_28079017_14_6,O3,http://dd.eionet.europa.eu/vocabulary/aq/pollutant/7,hour,0.8700000000,µg/m3,2017-03-02 06:00:00 +01:00,2017-03-02 07:00:00 +01:00,1,1
ES,ES.BDCA.AQD,NET_ES131A,STA_ES0125A,,SP_28079017_14_6,SPP_28079017_14_6.1,SAM_28079017_14_6,O3,http://dd.eionet.europa.eu/vocabulary/aq/pollutant/7,hour,,µg/m3,2017-03-02 07:00:00 +01:00,2017-03-02 08:00:00 +01:00,-1,1
ES,ES.BDCA.AQD,NET_ES131A,STA_ES0125A,,SP_28079017_14_6,SPP_28079017_14_6.1,SAM_28079017_14_6,O3,http://dd.eionet.europa.eu/vocabulary/aq/pollutant/7,hour,1.4700000000,µg/m3,2017-03-02 08:00:00 +01:00,2017-03-02 09:00:00 +01:00,1,1
ES,ES.BDCA.AQD,NET_ES131A,STA_ES0125A,,SP_28079017_14_6,SPP_28079017_14_6.1,SAM_28079017_14_6,O3,http://dd.eionet.europa.eu/vocabulary/aq/pollutant/7,hour,3.6299999900,µg/m3,2017-03-02 09:00:00 +01:00,2017-03-02 10:00:00 +01:00,1,1
ES,ES.BDCA.AQD,NET_ES131A,STA_ES0125A,,SP_28079017_14_6,SPP_28079017_14_6.1,SAM_28079017_14_6,O3,http://dd.eionet.europa.eu/vocabulary/aq/pollutant/7,hour,9.1600000000,µg/m3,2017-03-02 10:00:00 +01:00,2017-03-02 11:00:00 +01:00,1,1
ES,ES.BDCA.AQD,NET_ES131A,STA_ES0125A,,SP_28079017_14_6,SPP_28079017_14_6.1,SAM_28079017_14_6,O3,http://dd.eionet.europa.eu/vocabulary/aq/pollutant/7,hour,18.4899999900,µg/m3,2017-03-02 11:00:00 +01:00,2017-03-02 12:00:00 +01:00,1,1
ES,ES.BDCA.AQD,NET_ES131A,STA_ES0125A,,SP_28079017_14_6,SPP_28079017_14_6.1,SAM_28079017_14_6,O3,http://dd.eionet.europa.eu/vocabulary/aq/pollutant/7,hour,25.8999999900,µg/m3,2017-03-02 12:00:00 +01:00,2017-03-02 13:00:00 +01:00,1,1
ES,ES.BDCA.AQD,NET_ES131A,STA_ES0125A,,SP_28079017_14_6,SPP_28079017_14_6.1,SAM_28079017_14_6,O3,http://dd.eionet.europa.eu/vocabulary/aq/pollutant/7,hour,34.8800000000,µg/m3,2017-03-02 13:00:00 +01:00,2017-03-02 14:00:00 +01:00,1,1
ES,ES.BDCA.AQD,NET_ES131A,STA_ES0125A,,SP_28079017_14_6,SPP_28079017_14_6.1,SAM_28079017_14_6,O3,http://dd.eionet.europa.eu/vocabulary/aq/pollutant/7,hour,45.1700000000,µg/m3,2017-03-02 14:00:00 +01:00,2017-03-02 15:00:00 +01:00,1,1
ES,ES.BDCA.AQD,NET_ES131A,STA_ES0125A,,SP_28079017_14_6,SPP_28079017_14_6.1,SAM_28079017_14_6,O3,http://dd.eionet.europa.eu/vocabulary/aq/pollutant/7,hour,54.7000000000,µg/m3,2017-03-02 15:00:00 +01:00,2017-03-02 16:00:00 +01:00,1,1
ES,ES.BDCA.AQD,NET_ES131A,STA_ES0125A,,SP_28079017_14_6,SPP_28079017_14_6.1,SAM_28079017_14_6,O3,http://dd.eionet.europa.eu/vocabulary/aq/pollutant/7,hour,60.4600000000,µg/m3,2017-03-02 16:00:00 +01:00,2017-03-02 17:00:00 +01:00,1,1
ES,ES.BDCA.AQD,NET_ES131A,STA_ES0125A,,SP_28079017_14_6,SPP_28079017_14_6.1,SAM_28079017_14_6,O3,http://dd.eionet.europa.eu/vocabulary/aq/pollutant/7,hour,63.8299999900,µg/m3,2017-03-02 17:00:00 +01:00,2017-03-02 18:00:00 +01:00,1,1
ES,ES.BDCA.AQD,NET_ES131A,STA_ES0125A,,SP_28079017_14_6,SPP_28079017_14_6.1,SAM_28079017_14_6,O3,http://dd.eionet.europa.eu/vocabulary/aq/pollutant/7,hour,43.7500000000,µg/m3,2017-03-02 18:00:00 +01:00,2017-03-02 19:00:00 +01:00,1,1
ES,ES.BDCA.AQD,NET_ES131A,STA_ES0125A,,SP_28079017_14_6,SPP_28079017_14_6.1,SAM_28079017_14_6,O3,http://dd.eionet.europa.eu/vocabulary/aq/pollutant/7,hour,4.7900000000,µg/m3,2017-03-02 19:00:00 +01:00,2017-03-02 20:00:00 +01:00,1,1
ES,ES.BDCA.AQD,NET_ES131A,STA_ES0125A,,SP_28079017_14_6,SPP_28079017_14_6.1,SAM_28079017_14_6,O3,http://dd.eionet.europa.eu/vocabulary/aq/pollutant/7,hour,2.9199999900,µg/m3,2017-03-02 20:00:00 +01:00,2017-03-02 21:00:00 +01:00,1,1
ES,ES.BDCA.AQD,NET_ES131A,STA_ES0125A,,SP_28079017_14_6,SPP_28079017_14_6.1,SAM_28079017_14_6,O3,http://dd.eionet.europa.eu/vocabulary/aq/pollutant/7,hour,2.9700000000,µg/m3,2017-03-02 21:00:00 +01:00,2017-03-02 22:00:00 +01:00,1,1
ES,ES.BDCA.AQD,NET_ES131A,STA_ES0125A,,SP_28079017_14_6,SPP_28079017_14_6.1,SAM_28079017_14_6,O3,http://dd.eionet.europa.eu/vocabulary/aq/pollutant/7,hour,1.9600000000,µg/m3,2017-03-02 22:00:00 +01:00,2017-03-02 23:00:00 +01:00,1,1
ES,ES.BDCA.AQD,NET_ES131A,STA_ES0125A,,SP_28079017_14_6,SPP_28079017_14_6.1,SAM_28079017_14_6,O3,http://dd.eionet.europa.eu/vocabulary/aq/pollutant/7,hour,1.3000000000,µg/m3,2017-03-02 23:00:00 +01:00,2017-03-03 00:00:00 +01:00,1,1
ES,ES.BDCA.AQD,NET_ES131A,STA_ES0125A,,SP_28079017_14_6,SPP_28079017_14_6.1,SAM_28079017_14_6,O3,http://dd.eionet.europa.eu/vocabulary/aq/pollutant/7,hour,1.0100000000,µg/m3,2017-03-03 00:00:00 +01:00,2017-03-03 01:00:00 +01:00,1,1
ES,ES.BDCA.AQD,NET_ES131A,STA_ES0125A,,SP_28079017_14_6,SPP_28079017_14_6.1,SAM_28079017_14_6,O3,http://dd.eionet.europa.eu/vocabulary/aq/pollutant/7,hour,1.1799999900,µg/m3,2017-03-03 01:00:00 +01:00,2017-03-03 02:00:00 +01:00,1,1
ES,ES.BDCA.AQD,NET_ES131A,STA_ES0125A,,SP_28079017_14_6,SPP_28079017_14_6.1,SAM_28079017_14_6,O3,http://dd.eionet.europa.eu/vocabulary/aq/pollutant/7,hour,0.9900000000,µg/m3,2017-03-03 02:00:00 +01:00,2017-03-03 03:00:00 +01:00,1,1
ES,ES.BDCA.AQD,NET_ES131A,STA_ES0125A,,SP_28079017_14_6,SPP_28079017_14_6.1,SAM_28079017_14_6,O3,http://dd.eionet.europa.eu/vocabulary/aq/pollutant/7,hour,0.7200000000,µg/m3,2017-03-03 03:00:00 +01:00,2017-03-03 04:00:00 +01:00,1,1
ES,ES.BDCA.AQD,NET_ES131A,STA_ES0125A,,SP_28079017_14_6,SPP_28079017_14_6.1,SAM_28079017_14_6,O3,http://dd.eionet.europa.eu/vocabulary/aq/pollutant/7,hour,0.9400000000,µg/m3,2017-03-03 04:00:00 +01:00,2017-03-03 05:00:00 +01:00,1,1
ES,ES.BDCA.AQD,NET_ES131A,STA_ES0125A,,SP_28079017_14_6,SPP_28079017_14_6.1,SAM_28079017_14_6,O3,http://dd.eionet.europa.eu/vocabulary/aq/pollutant/7,hour,0.8600000000,µg/m3,2017-03-03 05:00:00 +01:00,2017-03-03 06:00:00 +01:00,1,1
ES,ES.BDCA.AQD,NET_ES131A,STA_ES0125A,,SP_28079017_14_6,SPP_28079017_14_6.1,SAM_28079017_14_6,O3,http://dd.eionet.europa.eu/vocabulary/aq/pollutant/7,hour,,µg/m3,2017-03-03 06:00:00 +01:00,2017-03-03 07:00:00 +01:00,-1,1
ES,ES.BDCA.AQD,NET_ES131A,STA_ES0125A,,SP_28079017_14_6,SPP_28079017_14_6.1,SAM_28079017_14_6,O3,http://dd.eionet.europa.eu/vocabulary/aq/pollutant/7,hour,0.8000000000,µg/m3,2017-03-03 07:00:00 +01:00,2017-03-03 08:00:00 +01:00,1,1
ES,ES.BDCA.AQD,NET_ES131A,STA_ES0125A,,SP_28079017_14_6,SPP_28079017_14_6.1,SAM_28079017_14_6,O3,http://dd.eionet.europa.eu/vocabulary/aq/pollutant/7,hour,1.9500000000,µg/m3,2017-03-03 08:00:00 +01:00,2017-03-03 09:00:00 +01:00,1,1
ES,ES.BDCA.AQD,NET_ES131A,STA_ES0125A,,SP_28079017_14_6,SPP_28079017_14_6.1,SAM_28079017_14_6,O3,http://dd.eionet.europa.eu/vocabulary/aq/pollutant/7,hour,12.0600000000,µg/m3,2017-03-03 09:00:00 +01:00,2017-03-03 10:00:00 +01:00,1,1
ES,ES.BDCA.AQD,NET_ES131A,STA_ES0125A,,SP_28079017_14_6,SPP_28079017_14_6.1,SAM_28079017_14_6,O3,http://dd.eionet.europa.eu/vocabulary/aq/pollutant/7,hour,26.9200000000,µg/m3,2017-03-03 10:00:00 +01:00,2017-03-03 11:00:00 +01:00,1,1
ES,ES.BDCA.AQD,NET_ES131A,STA_ES0125A,,SP_28079017_14_6,SPP_28079017_14_6.1,SAM_28079017_14_6,O3,http://dd.eionet.europa.eu/vocabulary/aq/pollutant/7,hour,45.2899999900,µg/m3,2017-03-03 11:00:00 +01:00,2017-03-03 12:00:00 +01:00,1,1
ES,ES.BDCA.AQD,NET_ES131A,STA_ES0125A,,SP_28079017_14_6,SPP_28079017_14_6.1,SAM_28079017_14_6,O3,http://dd.eionet.europa.eu/vocabulary/aq/pollutant/7,hour,60.3500000000,µg/m3,2017-03-03 12:00:00 +01:00,2017-03-03 13:00:00 +01:00,1,1
ES,ES.BDCA.AQD,NET_ES131A,STA_ES0125A,,SP_28079017_14_6,SPP_28079017_14_6.1,SAM_28079017_14_6,O3,http://dd.eionet.europa.eu/vocabulary/aq/pollutant/7,hour,57.3599999900,µg/m3,2017-03-03 13:00:00 +01:00,2017-03-03 14:00:00 +01:00,1,1
ES,ES.BDCA.AQD,NET_ES131A,STA_ES0125A,,SP_28079017_14_6,SPP_28079017_14_6.1,SAM_28079017_14_6,O3,http://dd.eionet.europa.eu/vocabulary/aq/pollutant/7,hour,41.5200000000,µg/m3,2017-03-03 14:00:00 +01:00,2017-03-03 15:00:00 +01:00,1,1
ES,ES.BDCA.AQD,NET_ES131A,STA_ES0125A,,SP_28079017_14_6,SPP_28079017_14_6.1,SAM_28079017_14_6,O3,http://dd.eionet.europa.eu/vocabulary/aq/pollutant/7,hour,52.4900000000,µg/m3,2017-03-03 15:00:00 +01:00,2017-03-03 16:00:00 +01:00,1,1
ES,ES.BDCA.AQD,NET_ES131A,STA_ES0125A,,SP_28079017_14_6,SPP_28079017_14_6.1,SAM_28079017_14_6,O3,http://dd.eionet.europa.eu/vocabulary/aq/pollutant/7,hour,56.2700000000,µg/m3,2017-03-03 16:00:00 +01:00,2017-03-03 17:00:00 +01:00,1,1
ES,ES.BDCA.AQD,NET_ES131A,STA_ES0125A,,SP_28079017_14_6,SPP_28079017_14_6.1,SAM_28079017_14_6,O3,http://dd.eionet.europa.eu/vocabulary/aq/pollutant/7,hour,55.2999999900,µg/m3,2017-03-03 17:00:00 +01:00,2017-03-03 18:00:00 +01:00,1,1
ES,ES.BDCA.AQD,NET_ES131A,STA_ES0125A,,SP_28079017_14_6,SPP_28079017_14_6.1,SAM_28079017_14_6,O3,http://dd.eionet.europa.eu/vocabulary/aq/pollutant/7,hour,53.8599999900,µg/m3,2017-03-03 18:00:00 +01:00,2017-03-03 19:00:00 +01:00,1,1
ES,ES.BDCA.AQD,NET_ES131A,STA_ES0125A,,SP_28079017_14_6,SPP_28079017_14_6.1,SAM_28079017_14_6,O3,http://dd.eionet.europa.eu/vocabulary/aq/pollutant/7,hour,50.6000000000,µg/m3,2017-03-03 19:00:00 +01:00,2017-03-03 20:00:00 +01:00,1,1
ES,ES.BDCA.AQD,NET_ES131A,STA_ES0125A,,SP_28079017_14_6,SPP_28079017_14_6.1,SAM_28079017_14_6,O3,http://dd.eionet.europa.eu/vocabulary/aq/pollutant/7,hour,50.2800000000,µg/m3,2017-03-03 20:00:00 +01:00,2017-03-03 21:00:00 +01:00,1,1
ES,ES.BDCA.AQD,NET_ES131A,STA_ES0125A,,SP_28079017_14_6,SPP_28079017_14_6.1,SAM_28079017_14_6,O3,http://dd.eionet.europa.eu/vocabulary/aq/pollutant/7,hour,46.7000000000,µg/m3,2017-03-03 21:00:00 +01:00,2017-03-03 22:00:00 +01:00,1,1
ES,ES.BDCA.AQD,NET_ES131A,STA_ES0125A,,SP_28079017_14_6,SPP_28079017_14_6.1,SAM_28079017_14_6,O3,http://dd.eionet.europa.eu/vocabulary/aq/pollutant/7,hour,49.4399999900,µg/m3,2017-03-03 22:00:00 +01:00,2017-03-03 23:00:00 +01:00,1,1
ES,ES.BDCA.AQD,NET_ES131A,STA_ES0125A,,SP_28079017_14_6,SPP_28079017_14_6.1,SAM_28079017_14_6,O3,http://dd.eionet.europa.eu/vocabulary/aq/pollutant/7,hour,55.5799999900,µg/m3,2017-03-03 23:00:00 +01:00,2017-03-04 00:00:00 +01:00,1,1
ES,ES.BDCA.AQD,NET_ES131A,STA_ES0125A,,SP_28079017_14_6,SPP_28079017_14_6.1,SAM_28079017_14_6,O3,http://dd.eionet.europa.eu/vocabulary/aq/pollutant/7,hour,60.3400000000,µg/m3,2017-03-04 00:00:00 +01:00,2017-03-04 01:00:00 +01:00,1,1
ES,ES.BDCA.AQD,NET_ES131A,STA_ES0125A,,SP_28079017_14_6,SPP_28079017_14_6.1,SAM_28079017_14_6,O3,http://dd.eionet.europa.eu/vocabulary/aq/pollutant/7,hour,68.8199999900,µg/m3,2017-03-04 01:00:00 +01:00,2017-03-04 02:00:00 +01:00,1,1
ES,ES.BDCA.AQD,NET_ES131A,STA_ES0125A,,SP_28079017_14_6,SPP_28079017_14_6.1,SAM_28079017_14_6,O3,http://dd.eionet.europa.eu/vocabulary/aq/pollutant/7,hour,70.1500000000,µg/m3,2017-03-04 02:00:00 +01:00,2017-03-04 03:00:00 +01:00,1,1
ES,ES.BDCA.AQD,NET_ES131A,STA_ES0125A,,SP_28079017_14_6,SPP_28079017_14_6.1,SAM_28079017_14_6,O3,http://dd.eionet.europa.eu/vocabulary/aq/pollutant/7,hour,73.9300000000,µg/m3,2017-03-04 03:00:00 +01:00,2017-03-04 04:00:00 +01:00,1,1
ES,ES.BDCA.AQD,NET_ES131A,STA_ES0125A,,SP_28079017_14_6,SPP_28079017_14_6.1,SAM_28079017_14_6,O3,http://dd.eionet.europa.eu/vocabulary/aq/pollutant/7,hour,72.1899999900,µg/m3,2017-03-04 04:00:00 +01:00,2017-03-04 05:00:00 +01:00,1,1
ES,ES.BDCA.AQD,NET_ES131A,STA_ES0125A,,SP_28079017_14_6,SPP_28079017_14_6.1,SAM_28079017_14_6,O3,http://dd.eionet.europa.eu/vocabulary/aq/pollutant/7,hour,,µg/m3,2017-03-04 05:00:00 +01:00,2017-03-04 06:00:00 +01:00,-1,1
ES,ES.BDCA.AQD,NET_ES131A,STA_ES0125A,,SP_28079017_14_6,SPP_28079017_14_6.1,SAM_28079017_14_6,O3,http://dd.eionet.europa.eu/vocabulary/aq/pollutant/7,hour,64.2199999900,µg/m3,2017-03-04 06:00:00 +01:00,2017-03-04 07:00:00 +01:00,1,1
ES,ES.BDCA.AQD,NET_ES131A,STA_ES0125A,,SP_28079017_14_6,SPP_28079017_14_6.1,SAM_28079017_14_6,O3,http://dd.eionet.europa.eu/vocabulary/aq/pollutant/7,hour,55.5900000000,µg/m3,2017-03-04 07:00:00 +01:00,2017-03-04 08:00:00 +01:00,1,1
ES,ES.BDCA.AQD,NET_ES131A,STA_ES0125A,,SP_28079017_14_6,SPP_28079017_14_6.1,SAM_28079017_14_6,O3,http://dd.eionet.europa.eu/vocabulary/aq/pollutant/7,hour,43.4600000000,µg/m3,2017-03-04 08:00:00 +01:00,2017-03-04 09:00:00 +01:00,1,1
ES,ES.BDCA.AQD,NET_ES131A,STA_ES0125A,,SP_28079017_14_6,SPP_28079017_14_6.1,SAM_28079017_14_6,O3,http://dd.eionet.europa.eu/vocabulary/aq/pollutant/7,hour,53.4399999900,µg/m3,2017-03-04 09:00:00 +01:00,2017-03-04 10:00:00 +01:00,1,1
ES,ES.BDCA.AQD,NET_ES131A,STA_ES0125A,,SP_28079017_14_6,SPP_28079017_14_6.1,SAM_28079017_14_6,O3,http://dd.eionet.europa.eu/vocabulary/aq/pollutant/7,hour,58.5399999900,µg/m3,2017-03-04 10:00:00 +01:00,2017-03-04 11:00:00 +01:00,1,1
ES,ES.BDCA.AQD,NET_ES131A,STA_ES0125A,,SP_28079017_14_6,SPP_28079017_14_6.1,SAM_28079017_14_6,O3,http://dd.eionet.europa.eu/vocabulary/aq/pollutant/7,hour,61.3699999900,µg/m3,2017-03-04 11:00:00 +01:00,2017-03-04 12:00:00 +01:00,1,1
ES,ES.BDCA.AQD,NET_ES131A,STA_ES0125A,,SP_28079017_14_6,SPP_28079017_14_6.1,SAM_28079017_14_6,O3,http://dd.eionet.europa.eu/vocabulary/aq/pollutant/7,hour,58.9099999900,µg/m3,2017-03-04 12:00:00 +01:00,2017-03-04 13:00:00 +01:00,1,1
ES,ES.BDCA.AQD,NET_ES131A,STA_ES0125A,,SP_28079017_14_6,SPP_28079017_14_6.1,SAM_28079017_14_6,O3,http://dd.eionet.europa.eu/vocabulary/aq/pollutant/7,hour,64.3499999900,µg/m3,2017-03-04 13:00:00 +01:00,2017-03-04 14:00:00 +01:00,1,1
ES,ES.BDCA.AQD,NET_ES131A,STA_ES0125A,,SP_28079017_14_6,SPP_28079017_14_6.1,SAM_28079017_14_6,O3,http://dd.eionet.europa.eu/vocabulary/aq/pollutant/7,hour,63.7999999900,µg/m3,2017-03-04 14:00:00 +01:00,2017-03-04 15:00:00 +01:00,1,1
ES,ES.BDCA.AQD,NET_ES131A,STA_ES0125A,,SP_28079017_14_6,SPP_28079017_14_6.1,SAM_28079017_14_6,O3,http://dd.eionet.europa.eu/vocabulary/aq/pollutant/7,hour,64.7900000000,µg/m3,2017-03-04 15:00:00 +01:00,2017-03-04 16:00:00 +01:00,1,1
ES,ES.BDCA.AQD,NET_ES131A,STA_ES0125A,,SP_28079017_14_6,SPP_28079017_14_6.1,SAM_28079017_14_6,O3,http://dd.eionet.europa.eu/vocabulary/aq/pollutant/7,hour,66.5100000000,µg/m3,2017-03-04 16:00:00 +01:00,2017-03-04 17:00:00 +01:00,1,1
ES,ES.BDCA.AQD,NET_ES131A,STA_ES0125A,,SP_28079017_14_6,SPP_28079017_14_6.1,SAM_28079017_14_6,O3,http://dd.eionet.europa.eu/vocabulary/aq/pollutant/7,hour,62.3999999900,µg/m3,2017-03-04 17:00:00 +01:00,2017-03-04 18:00:00 +01:00,1,1
ES,ES.BDCA.AQD,NET_ES131A,STA_ES0125A,,SP_28079017_14_6,SPP_28079017_14_6.1,SAM_28079017_14_6,O3,http://dd.eionet.europa.eu/vocabulary/aq/pollutant/7,hour,56.9099999900,µg/m3,2017-03-04 18:00:00 +01:00,2017-03-04 19:00:00 +01:00,1,1
ES,ES.BDCA.AQD,NET_ES131A,STA_ES0125A,,SP_28079017_14_6,SPP_28079017_14_6.1,SAM_28079017_14_6,O3,http://dd.eionet.europa.eu/vocabulary/aq/pollutant/7,hour,35.1400000000,µg/m3,2017-03-04 19:00:00 +01:00,2017-03-04 20:00:00 +01:00,1,1
ES,ES.BDCA.AQD,NET_ES131A,STA_ES0125A,,SP_28079017_14_6,SPP_28079017_14_6.1,SAM_28079017_14_6,O3,http://dd.eionet.europa.eu/vocabulary/aq/pollutant/7,hour,30.2100000000,µg/m3,2017-03-04 20:00:00 +01:00,2017-03-04 21:00:00 +01:00,1,1
ES,ES.BDCA.AQD,NET_ES131A,STA_ES0125A,,SP_28079017_14_6,SPP_28079017_14_6.1,SAM_28079017_14_6,O3,http://dd.eionet.europa.eu/vocabulary/aq/pollutant/7,hour,28.6000000000,µg/m3,2017-03-04 21:00:00 +01:00,2017-03-04 22:00:00 +01:00,1,1
ES,ES.BDCA.AQD,NET_ES131A,STA_ES0125A,,SP_28079017_14_6,SPP_28079017_14_6.1,SAM_28079017_14_6,O3,http://dd.eionet.europa.eu/vocabulary/aq/pollutant/7,hour,30.3299999900,µg/m3,2017-03-04 22:00:00 +01:00,2017-03-04 23:00:00 +01:00,1,1
ES,ES.BDCA.AQD,NET_ES131A,STA_ES0125A,,SP_28079017_14_6,SPP_28079017_14_6.1,SAM_28079017_14_6,O3,http://dd.eionet.europa.eu/vocabulary/aq/pollutant/7,hour,29.6800000000,µg/m3,2017-03-04 23:00:00 +01:00,2017-03-05 00:00:00 +01:00,1,1
ES,ES.BDCA.AQD,NET_ES131A,STA_ES0125A,,SP_28079017_14_6,SPP_28079017_14_6.1,SAM_28079017_14_6,O3,http://dd.eionet.europa.eu/vocabulary/aq/pollutant/7,hour,24.6499999900,µg/m3,2017-03-05 00:00:00 +01:00,2017-03-05 01:00:00 +01:00,1,1
ES,ES.BDCA.AQD,NET_ES131A,STA_ES0125A,,SP_28079017_14_6,SPP_28079017_14_6.1,SAM_28079017_14_6,O3,http://dd.eionet.europa.eu/vocabulary/aq/pollutant/7,hour,39.2500000000,µg/m3,2017-03-05 01:00:00 +01:00,2017-03-05 02:00:00 +01:00,1,1
ES,ES.BDCA.AQD,NET_ES131A,STA_ES0125A,,SP_28079017_14_6,SPP_28079017_14_6.1,SAM_28079017_14_6,O3,http://dd.eionet.europa.eu/vocabulary/aq/pollutant/7,hour,40.5499999900,µg/m3,2017-03-05 02:00:00 +01:00,2017-03-05 03:00:00 +01:00,1,1
ES,ES.BDCA.AQD,NET_ES131A,STA_ES0125A,,SP_28079017_14_6,SPP_28079017_14_6.1,SAM_28079017_14_6,O3,http://dd.eionet.europa.eu/vocabulary/aq/pollutant/7,hour,54.5600000000,µg/m3,2017-03-05 03:00:00 +01:00,2017-03-05 04:00:00 +01:00,1,1
ES,ES.BDCA.AQD,NET_ES131A,STA_ES0125A,,SP_28079017_14_6,SPP_28079017_14_6.1,SAM_28079017_14_6,O3,http://dd.eionet.europa.eu/vocabulary/aq/pollutant/7,hour,,µg/m3,2017-03-05 04:00:00 +01:00,2017-03-05 05:00:00 +01:00,-1,1
ES,ES.BDCA.AQD,NET_ES131A,STA_ES0125A,,SP_28079017_14_6,SPP_28079017_14_6.1,SAM_28079017_14_6,O3,http://dd.eionet.europa.eu/vocabulary/aq/pollutant/7,hour,58.8400000000,µg/m3,2017-03-05 05:00:00 +01:00,2017-03-05 06:00:00 +01:00,1,1
ES,ES.BDCA.AQD,NET_ES131A,STA_ES0125A,,SP_28079017_14_6,SPP_28079017_14_6.1,SAM_28079017_14_6,O3,http://dd.eionet.europa.eu/vocabulary/aq/pollutant/7,hour,59.6499999900,µg/m3,2017-03-05 06:00:00 +01:00,2017-03-05 07:00:00 +01:00,1,1
ES,ES.BDCA.AQD,NET_ES131A,STA_ES0125A,,SP_28079017_14_6,SPP_28079017_14_6.1,SAM_28079017_14_6,O3,http://dd.eionet.europa.eu/vocabulary/aq/pollutant/7,hour,58.6700000000,µg/m3,2017-03-05 07:00:00 +01:00,2017-03-05 08:00:00 +01:00,1,1
ES,ES.BDCA.AQD,NET_ES131A,STA_ES0125A,,SP_28079017_14_6,SPP_28079017_14_6.1,SAM_28079017_14_6,O3,http://dd.eionet.europa.eu/vocabulary/aq/pollutant/7,hour,60.2400000000,µg/m3,2017-03-05 08:00:00 +01:00,2017-03-05 09:00:00 +01:00,1,1
ES,ES.BDCA.AQD,NET_ES131A,STA_ES0125A,,SP_28079017_14_6,SPP_28079017_14_6.1,SAM_28079017_14_6,O3,http://dd.eionet.europa.eu/vocabulary/aq/pollutant/7,hour,58.6800000000,µg/m3,2017-03-05 09:00:00 +01:00,2017-03-05 10:00:00 +01:00,1,1
ES,ES.BDCA.AQD,NET_ES131A,STA_ES0125A,,SP_28079017_14_6,SPP_28079017_14_6.1,SAM_28079017_14_6,O3,http://dd.eionet.europa.eu/vocabulary/aq/pollutant/7,hour,54.4300000000,µg/m3,2017-03-05 10:00:00 +01:00,2017-03-05 11:00:00 +01:00,1,1
ES,ES.BDCA.AQD,NET_ES131A,STA_ES0125A,,SP_28079017_14_6,SPP_28079017_14_6.1,SAM_28079017_14_6,O3,http://dd.eionet.europa.eu/vocabulary/aq/pollutant/7,hour,52.8599999900,µg/m3,2017-03-05 11:00:00 +01:00,2017-03-05 12:00:00 +01:00,1,1
ES,ES.BDCA.AQD,NET_ES131A,STA_ES0125A,,SP_28079017_14_6,SPP_28079017_14_6.1,SAM_28079017_14_6,O3,http://dd.eionet.europa.eu/vocabulary/aq/pollutant/7,hour,53.4099999900,µg/m3,2017-03-05 12:00:00 +01:00,2017-03-05 13:00:00 +01:00,1,1
ES,ES.BDCA.AQD,NET_ES131A,STA_ES0125A,,SP_28079017_14_6,SPP_28079017_14_6.1,SAM_28079017_14_6,O3,http://dd.eionet.europa.eu/vocabulary/aq/pollutant/7,hour,51.1000000000,µg/m3,2017-03-05 13:00:00 +01:00,2017-03-05 14:00:00 +01:00,1,1
ES,ES.BDCA.AQD,NET_ES131A,STA_ES0125A,,SP_28079017_14_6,SPP_28079017_14_6.1,SAM_28079017_14_6,O3,http://dd.eionet.europa.eu/vocabulary/aq/pollutant/7,hour,50.3400000000,µg/m3,2017-03-05 14:00:00 +01:00,2017-03-05 15:00:00 +01:00,1,1
ES,ES.BDCA.AQD,NET_ES131A,STA_ES0125A,,SP_28079017_14_6,SPP_28079017_14_6.1,SAM_28079017_14_6,O3,http://dd.eionet.europa.eu/vocabulary/aq/pollutant/7,hour,49.5900000000,µg/m3,2017-03-05 15:00:00 +01:00,2017-03-05 16:00:00 +01:00,1,1
ES,ES.BDCA.AQD,NET_ES131A,STA_ES0125A,,SP_28079017_14_6,SPP_28079017_14_6.1,SAM_28079017_14_6,O3,http://dd.eionet.europa.eu/vocabulary/aq/pollutant/7,hour,49.9399999900,µg/m3,2017-03-05 16:00:00 +01:00,2017-03-05 17:00:00 +01:00,1,1
ES,ES.BDCA.AQD,NET_ES131A,STA_ES0125A,,SP_28079017_14_6,SPP_28079017_14_6.1,SAM_28079017_14_6,O3,http://dd.eionet.europa.eu/vocabulary/aq/pollutant/7,hour,48.8599999900,µg/m3,2017-03-05 17:00:00 +01:00,2017-03-05 18:00:00 +01:00,1,1
ES,ES.BDCA.AQD,NET_ES131A,STA_ES0125A,,SP_28079017_14_6,SPP_28079017_14_6.1,SAM_28079017_14_6,O3,http://dd.eionet.europa.eu/vocabulary/aq/pollutant/7,hour,44.0900000000,µg/m3,2017-03-05 18:00:00 +01:00,2017-03-05 19:00:00 +01:00,1,1
ES,ES.BDCA.AQD,NET_ES131A,STA_ES0125A,,SP_28079017_14_6,SPP_28079017_14_6.1,SAM_28079017_14_6,O3,http://dd.eionet.europa.eu/vocabulary/aq/pollutant/7,hour,38.8500000000,µg/m3,2017-03-05 19:00:00 +01:00,2017-03-05 20:00:00 +01:00,1,1
ES,ES.BDCA.AQD,NET_ES131A,STA_ES0125A,,SP_28079017_14_6,SPP_28079017_14_6.1,SAM_28079017_14_6,O3,http://dd.eionet.europa.eu/vocabulary/aq/pollutant/7,hour,36.1099999900,µg/m3,2017-03-05 20:00:00 +01:00,2017-03-05 21:00:00 +01:00,1,1
ES,ES.BDCA.AQD,NET_ES131A,STA_ES0125A,,SP_28079017_14_6,SPP_28079017_14_6.1,SAM_28079017_14_6,O3,http://dd.eionet.europa.eu/vocabulary/aq/pollutant/7,hour,34.1700000000,µg/m3,2017-03-05 21:00:00 +01:00,2017-03-05 22:00:00 +01:00,1,1
ES,ES.BDCA.AQD,NET_ES131A,STA_ES0125A,,SP_28079017_14_6,SPP_28079017_14_6.1,SAM_28079017_14_6,O3,http://dd.eionet.europa.eu/vocabulary/aq/pollutant/7,hour,35.3800000000,µg/m3,2017-03-05 22:00:00 +01:00,2017-03-05 23:00:00 +01:00,1,1
ES,ES.BDCA.AQD,NET_ES131A,STA_ES0125A,,SP_28079017_14_6,SPP_28079017_14_6.1,SAM_28079017_14_6,O3,http://dd.eionet.europa.eu/vocabulary/aq/pollutant/7,hour,39.8999999900,µg/m3,2017-03-05 23:00:00 +01:00,2017-03-06 00:00:00 +01:00,1,1
ES,ES.BDCA.AQD,NET_ES131A,STA_ES0125A,,SP_28079017_14_6,SPP_28079017_14_6.1,SAM_28079017_14_6,O3,http://dd.eionet.europa.eu/vocabulary/aq/pollutant/7,hour,34.7299999900,µg/m3,2017-03-06 00:00:00 +01:00,2017-03-06 01:00:00 +01:00,1,1
ES,ES.BDCA.AQD,NET_ES131A,STA_ES0125A,,SP_28079017_14_6,SPP_28079017_14_6.1,SAM_28079017_14_6,O3,http://dd.eionet.europa.eu/vocabulary/aq/pollutant/7,hour,36.5799999900,µg/m3,2017-03-06 01:00:00 +01:00,2017-03-06 02:00:00 +01:00,1,1
ES,ES.BDCA.AQD,NET_ES131A,STA_ES0125A,,SP_28079017_14_6,SPP_28079017_14_6.1,SAM_28079017_14_6,O3,http://dd.eionet.europa.eu/vocabulary/aq/pollutant/7,hour,41.6800000000,µg/m3,2017-03-06 02:00:00 +01:00,2017-03-06 03:00:00 +01:00,1,1
ES,ES.BDCA.AQD,NET_ES131A,STA_ES0125A,,SP_28079017_14_6,SPP_28079017_14_6.1,SAM_28079017_14_6,O3,http://dd.eionet.europa.eu/vocabulary/aq/pollutant/7,hour,,µg/m3,2017-03-06 03:00:00 +01:00,2017-03-06 04:00:00 +01:00,-1,1
ES,ES.BDCA.AQD,NET_ES131A,STA_ES0125A,,SP_28079017_14_6,SPP_28079017_14_6.1,SAM_28079017_14_6,O3,http://dd.eionet.europa.eu/vocabulary/aq/pollutant/7,hour,48.7599999900,µg/m3,2017-03-06 04:00:00 +01:00,2017-03-06 05:00:00 +01:00,1,1
ES,ES.BDCA.AQD,NET_ES131A,STA_ES0125A,,SP_28079017_14_6,SPP_28079017_14_6.1,SAM_28079017_14_6,O3,http://dd.eionet.europa.eu/vocabulary/aq/pollutant/7,hour,45.6800000000,µg/m3,2017-03-06 05:00:00 +01:00,2017-03-06 06:00:00 +01:00,1,1
ES,ES.BDCA.AQD,NET_ES131A,STA_ES0125A,,SP_28079017_14_6,SPP_28079017_14_6.1,SAM_28079017_14_6,O3,http://dd.eionet.europa.eu/vocabulary/aq/pollutant/7,hour,29.3099999900,µg/m3,2017-03-06 06:00:00 +01:00,2017-03-06 07:00:00 +01:00,1,1
ES,ES.BDCA.AQD,NET_ES131A,STA_ES0125A,,SP_28079017_14_6,SPP_28079017_14_6.1,SAM_28079017_14_6,O3,http://dd.eionet.europa.eu/vocabulary/aq/pollutant/7,hour,14.2500000000,µg/m3,2017-03-06 07:00:00 +01:00,2017-03-06 08:00:00 +01:00,1,1
ES,ES.BDCA.AQD,NET_ES131A,STA_ES0125A,,SP_28079017_14_6,SPP_28079017_14_6.1,SAM_28079017_14_6,O3,http://dd.eionet.europa.eu/vocabulary/aq/pollutant/7,hour,19.4800000000,µg/m3,2017-03-06 08:00:00 +01:00,2017-03-06 09:00:00 +01:00,1,1
ES,ES.BDCA.AQD,NET_ES131A,STA_ES0125A,,SP_28079017_14_6,SPP_28079017_14_6.1,SAM_28079017_14_6,O3,http://dd.eionet.europa.eu/vocabulary/aq/pollutant/7,hour,29.1700000000,µg/m3,2017-03-06 09:00:00 +01:00,2017-03-06 10:00:00 +01:00,1,1
ES,ES.BDCA.AQD,NET_ES131A,STA_ES0125A,,SP_28079017_14_6,SPP_28079017_14_6.1,SAM_28079017_14_6,O3,http://dd.eionet.europa.eu/vocabulary/aq/pollutant/7,hour,37.5399999900,µg/m3,2017-03-06 10:00:00 +01:00,2017-03-06 11:00:00 +01:00,1,1
ES,ES.BDCA.AQD,NET_ES131A,STA_ES0125A,,SP_28079017_14_6,SPP_28079017_14_6.1,SAM_28079017_14_6,O3,http://dd.eionet.europa.eu/vocabulary/aq/pollutant/7,hour,39.1000000000,µg/m3,2017-03-06 11:00:00 +01:00,2017-03-06 12:00:00 +01:00,1,1
ES,ES.BDCA.AQD,NET_ES131A,STA_ES0125A,,SP_28079017_14_6,SPP_28079017_14_6.1,SAM_28079017_14_6,O3,http://dd.eionet.europa.eu/vocabulary/aq/pollutant/7,hour,46.2500000000,µg/m3,2017-03-06 12:00:00 +01:00,2017-03-06 13:00:00 +01:00,1,1
ES,ES.BDCA.AQD,NET_ES131A,STA_ES0125A,,SP_28079017_14_6,SPP_28079017_14_6.1,SAM_28079017_14_6,O3,http://dd.eionet.europa.eu/vocabulary/aq/pollutant/7,hour,52.5300000000,µg/m3,2017-03-06 13:00:00 +01:00,2017-03-06 14:00:00 +01:00,1,1
ES,ES.BDCA.AQD,NET_ES131A,STA_ES0125A,,SP_28079017_14_6,SPP_28079017_14_6.1,SAM_28079017_14_6,O3,http://dd.eionet.europa.eu/vocabulary/aq/pollutant/7,hour,55.5200000000,µg/m3,2017-03-06 14:00:00 +01:00,2017-03-06 15:00:00 +01:00,1,1
ES,ES.BDCA.AQD,NET_ES131A,STA_ES0125A,,SP_28079017_14_6,SPP_28079017_14_6.1,SAM_28079017_14_6,O3,http://dd.eionet.europa.eu/vocabulary/aq/pollutant/7,hour,64.1899999900,µg/m3,2017-03-06 15:00:00 +01:00,2017-03-06 16:00:00 +01:00,1,1
ES,ES.BDCA.AQD,NET_ES131A,STA_ES0125A,,SP_28079017_14_6,SPP_28079017_14_6.1,SAM_28079017_14_6,O3,http://dd.eionet.europa.eu/vocabulary/aq/pollutant/7,hour,65.3199999900,µg/m3,2017-03-06 16:00:00 +01:00,2017-03-06 17:00:00 +01:00,1,1
ES,ES.BDCA.AQD,NET_ES131A,STA_ES0125A,,SP_28079017_14_6,SPP_28079017_14_6.1,SAM_28079017_14_6,O3,http://dd.eionet.europa.eu/vocabulary/aq/pollutant/7,hour,64.3700000000,µg/m3,2017-03-06 17:00:00 +01:00,2017-03-06 18:00:00 +01:00,1,1
ES,ES.BDCA.AQD,NET_ES131A,STA_ES0125A,,SP_28079017_14_6,SPP_28079017_14_6.1,SAM_28079017_14_6,O3,http://dd.eionet.europa.eu/vocabulary/aq/pollutant/7,hour,52.3100000000,µg/m3,2017-03-06 18:00:00 +01:00,2017-03-06 19:00:00 +01:00,1,1
ES,ES.BDCA.AQD,NET_ES131A,STA_ES0125A,,SP_28079017_14_6,SPP_28079017_14_6.1,SAM_28079017_14_6,O3,http://dd.eionet.europa.eu/vocabulary/aq/pollutant/7,hour,23.0700000000,µg/m3,2017-03-06 19:00:00 +01:00,2017-03-06 20:00:00 +01:00,1,1
ES,ES.BDCA.AQD,NET_ES131A,STA_ES0125A,,SP_28079017_14_6,SPP_28079017_14_6.1,SAM_28079017_14_6,O3,http://dd.eionet.europa.eu/vocabulary/aq/pollutant/7,hour,17.8799999900,µg/m3,2017-03-06 20:00:00 +01:00,2017-03-06 21:00:00 +01:00,1,1
ES,ES.BDCA.AQD,NET_ES131A,STA_ES0125A,,SP_28079017_14_6,SPP_28079017_14_6.1,SAM_28079017_14_6,O3,http://dd.eionet.europa.eu/vocabulary/aq/pollutant/7,hour,29.9600000000,µg/m3,2017-03-06 21:00:00 +01:00,2017-03-06 22:00:00 +01:00,1,1
ES,ES.BDCA.AQD,NET_ES131A,STA_ES0125A,,SP_28079017_14_6,SPP_28079017_14_6.1,SAM_28079017_14_6,O3,http://dd.eionet.europa.eu/vocabulary/aq/pollutant/7,hour,42.8800000000,µg/m3,2017-03-06 22:00:00 +01:00,2017-03-06 23:00:00 +01:00,1,1
ES,ES.BDCA.AQD,NET_ES131A,STA_ES0125A,,SP_28079017_14_6,SPP_28079017_14_6.1,SAM_28079017_14_6,O3,http://dd.eionet.europa.eu/vocabulary/aq/pollutant/7,hour,46.9900000000,µg/m3,2017-03-06 23:00:00 +01:00,2017-03-07 00:00:00 +01:00,1,1
ES,ES.BDCA.AQD,NET_ES131A,STA_ES0125A,,SP_28079017_14_6,SPP_28079017_14_6.1,SAM_28079017_14_6,O3,http://dd.eionet.europa.eu/vocabulary/aq/pollutant/7,hour,63.4099999900,µg/m3,2017-03-07 00:00:00 +01:00,2017-03-07 01:00:00 +01:00,1,1
ES,ES.BDCA.AQD,NET_ES131A,STA_ES0125A,,SP_28079017_14_6,SPP_28079017_14_6.1,SAM_28079017_14_6,O3,http://dd.eionet.europa.eu/vocabulary/aq/pollutant/7,hour,61.3200000000,µg/m3,2017-03-07 01:00:00 +01:00,2017-03-07 02:00:00 +01:00,1,1
ES,ES.BDCA.AQD,NET_ES131A,STA_ES0125A,,SP_28079017_14_6,SPP_28079017_14_6.1,SAM_28079017_14_6,O3,http://dd.eionet.europa.eu/vocabulary/aq/pollutant/7,hour,,µg/m3,2017-03-07 02:00:00 +01:00,2017-03-07 03:00:00 +01:00,-1,1
ES,ES.BDCA.AQD,NET_ES131A,STA_ES0125A,,SP_28079017_14_6,SPP_28079017_14_6.1,SAM_28079017_14_6,O3,http://dd.eionet.europa.eu/vocabulary/aq/pollutant/7,hour,56.1599999900,µg/m3,2017-03-07 03:00:00 +01:00,2017-03-07 04:00:00 +01:00,1,1
ES,ES.BDCA.AQD,NET_ES131A,STA_ES0125A,,SP_28079017_14_6,SPP_28079017_14_6.1,SAM_28079017_14_6,O3,http://dd.eionet.europa.eu/vocabulary/aq/pollutant/7,hour,54.0099999900,µg/m3,2017-03-07 04:00:00 +01:00,2017-03-07 05:00:00 +01:00,1,1
ES,ES.BDCA.AQD,NET_ES131A,STA_ES0125A,,SP_28079017_14_6,SPP_28079017_14_6.1,SAM_28079017_14_6,O3,http://dd.eionet.europa.eu/vocabulary/aq/pollutant/7,hour,59.4699999900,µg/m3,2017-03-07 05:00:00 +01:00,2017-03-07 06:00:00 +01:00,1,1
ES,ES.BDCA.AQD,NET_ES131A,STA_ES0125A,,SP_28079017_14_6,SPP_28079017_14_6.1,SAM_28079017_14_6,O3,http://dd.eionet.europa.eu/vocabulary/aq/pollutant/7,hour,45.7700000000,µg/m3,2017-03-07 06:00:00 +01:00,2017-03-07 07:00:00 +01:00,1,1
ES,ES.BDCA.AQD,NET_ES131A,STA_ES0125A,,SP_28079017_14_6,SPP_28079017_14_6.1,SAM_28079017_14_6,O3,http://dd.eionet.europa.eu/vocabulary/aq/pollutant/7,hour,21.5799999900,µg/m3,2017-03-07 07:00:00 +01:00,2017-03-07 08:00:00 +01:00,1,1
ES,ES.BDCA.AQD,NET_ES131A,STA_ES0125A,,SP_28079017_14_6,SPP_28079017_14_6.1,SAM_28079017_14_6,O3,http://dd.eionet.europa.eu/vocabulary/aq/pollutant/7,hour,12.5800000000,µg/m3,2017-03-07 08:00:00 +01:00,2017-03-07 09:00:00 +01:00,1,1
ES,ES.BDCA.AQD,NET_ES131A,STA_ES0125A,,SP_28079017_14_6,SPP_28079017_14_6.1,SAM_28079017_14_6,O3,http://dd.eionet.europa.eu/vocabulary/aq/pollutant/7,hour,35.6499999900,µg/m3,2017-03-07 09:00:00 +01:00,2017-03-07 10:00:00 +01:00,1,1
ES,ES.BDCA.AQD,NET_ES131A,STA_ES0125A,,SP_28079017_14_6,SPP_28079017_14_6.1,SAM_28079017_14_6,O3,http://dd.eionet.europa.eu/vocabulary/aq/pollutant/7,hour,50.9200000000,µg/m3,2017-03-07 10:00:00 +01:00,2017-03-07 11:00:00 +01:00,1,1
ES,ES.BDCA.AQD,NET_ES131A,STA_ES0125A,,SP_28079017_14_6,SPP_28079017_14_6.1,SAM_28079017_14_6,O3,http://dd.eionet.europa.eu/vocabulary/aq/pollutant/7,hour,62.8200000000,µg/m3,2017-03-07 11:00:00 +01:00,2017-03-07 12:00:00 +01:00,1,1
ES,ES.BDCA.AQD,NET_ES131A,STA_ES0125A,,SP_28079017_14_6,SPP_28079017_14_6.1,SAM_28079017_14_6,O3,http://dd.eionet.europa.eu/vocabulary/aq/pollutant/7,hour,66.2399999900,µg/m3,2017-03-07 12:00:00 +01:00,2017-03-07 13:00:00 +01:00,1,1
ES,ES.BDCA.AQD,NET_ES131A,STA_ES0125A,,SP_28079017_14_6,SPP_28079017_14_6.1,SAM_28079017_14_6,O3,http://dd.eionet.europa.eu/vocabulary/aq/pollutant/7,hour,67.4500000000,µg/m3,2017-03-07 13:00:00 +01:00,2017-03-07 14:00:00 +01:00,1,1
ES,ES.BDCA.AQD,NET_ES131A,STA_ES0125A,,SP_28079017_14_6,SPP_28079017_14_6.1,SAM_28079017_14_6,O3,http://dd.eionet.europa.eu/vocabulary/aq/pollutant/7,hour,64.8400000000,µg/m3,2017-03-07 14:00:00 +01:00,2017-03-07 15:00:00 +01:00,1,1
ES,ES.BDCA.AQD,NET_ES131A,STA_ES0125A,,SP_28079017_14_6,SPP_28079017_14_6.1,SAM_28079017_14_6,O3,http://dd.eionet.europa.eu/vocabulary/aq/pollutant/7,hour,66.8299999900,µg/m3,2017-03-07 15:00:00 +01:00,2017-03-07 16:00:00 +01:00,1,1
ES,ES.BDCA.AQD,NET_ES131A,STA_ES0125A,,SP_28079017_14_6,SPP_28079017_14_6.1,SAM_28079017_14_6,O3,http://dd.eionet.europa.eu/vocabulary/aq/pollutant/7,hour,71.1899999900,µg/m3,2017-03-07 16:00:00 +01:00,2017-03-07 17:00:00 +01:00,1,1
ES,ES.BDCA.AQD,NET_ES131A,STA_ES0125A,,SP_28079017_14_6,SPP_28079017_14_6.1,SAM_28079017_14_6,O3,http://dd.eionet.europa.eu/vocabulary/aq/pollutant/7,hour,63.4099999900,µg/m3,2017-03-07 17:00:00 +01:00,2017-03-07 18:00:00 +01:00,1,1
ES,ES.BDCA.AQD,NET_ES131A,STA_ES0125A,,SP_28079017_14_6,SPP_28079017_14_6.1,SAM_28079017_14_6,O3,http://dd.eionet.europa.eu/vocabulary/aq/pollutant/7,hour,60.4099999900,µg/m3,2017-03-07 18:00:00 +01:00,2017-03-07 19:00:00 +01:00,1,1
ES,ES.BDCA.AQD,NET_ES131A,STA_ES0125A,,SP_28079017_14_6,SPP_28079017_14_6.1,SAM_28079017_14_6,O3,http://dd.eionet.europa.eu/vocabulary/aq/pollutant/7,hour,47.2899999900,µg/m3,2017-03-07 19:00:00 +01:00,2017-03-07 20:00:00 +01:00,1,1
ES,ES.BDCA.AQD,NET_ES131A,STA_ES0125A,,SP_28079017_14_6,SPP_28079017_14_6.1,SAM_28079017_14_6,O3,http://dd.eionet.europa.eu/vocabulary/aq/pollutant/7,hour,34.2199999900,µg/m3,2017-03-07 20:00:00 +01:00,2017-03-07 21:00:00 +01:00,1,1
ES,ES.BDCA.AQD,NET_ES131A,STA_ES0125A,,SP_28079017_14_6,SPP_28079017_14_6.1,SAM_28079017_14_6,O3,http://dd.eionet.europa.eu/vocabulary/aq/pollutant/7,hour,9.8000000000,µg/m3,2017-03-07 21:00:00 +01:00,2017-03-07 22:00:00 +01:00,1,1
ES,ES.BDCA.AQD,NET_ES131A,STA_ES0125A,,SP_28079017_14_6,SPP_28079017_14_6.1,SAM_28079017_14_6,O3,http://dd.eionet.europa.eu/vocabulary/aq/pollutant/7,hour,2.3999999900,µg/m3,2017-03-07 22:00:00 +01:00,2017-03-07 23:00:00 +01:00,1,1
ES,ES.BDCA.AQD,NET_ES131A,STA_ES0125A,,SP_28079017_14_6,SPP_28079017_14_6.1,SAM_28079017_14_6,O3,http://dd.eionet.europa.eu/vocabulary/aq/pollutant/7,hour,2.2300000000,µg/m3,2017-03-07 23:00:00 +01:00,2017-03-08 00:00:00 +01:00,1,1
ES,ES.BDCA.AQD,NET_ES131A,STA_ES0125A,,SP_28079017_14_6,SPP_28079017_14_6.1,SAM_28079017_14_6,O3,http://dd.eionet.europa.eu/vocabulary/aq/pollutant/7,hour,2.6800000000,µg/m3,2017-03-08 00:00:00 +01:00,2017-03-08 01:00:00 +01:00,1,1
ES,ES.BDCA.AQD,NET_ES131A,STA_ES0125A,,SP_28079017_14_6,SPP_28079017_14_6.1,SAM_28079017_14_6,O3,http://dd.eionet.europa.eu/vocabulary/aq/pollutant/7,hour,,µg/m3,2017-03-08 01:00:00 +01:00,2017-03-08 02:00:00 +01:00,-1,1
ES,ES.BDCA.AQD,NET_ES131A,STA_ES0125A,,SP_28079017_14_6,SPP_28079017_14_6.1,SAM_28079017_14_6,O3,http://dd.eionet.europa.eu/vocabulary/aq/pollutant/7,hour,1.5300000000,µg/m3,2017-03-08 02:00:00 +01:00,2017-03-08 03:00:00 +01:00,1,1
ES,ES.BDCA.AQD,NET_ES131A,STA_ES0125A,,SP_28079017_14_6,SPP_28079017_14_6.1,SAM_28079017_14_6,O3,http://dd.eionet.europa.eu/vocabulary/aq/pollutant/7,hour,1.1699999900,µg/m3,2017-03-08 03:00:00 +01:00,2017-03-08 04:00:00 +01:00,1,1
ES,ES.BDCA.AQD,NET_ES131A,STA_ES0125A,,SP_28079017_14_6,SPP_28079017_14_6.1,SAM_28079017_14_6,O3,http://dd.eionet.europa.eu/vocabulary/aq/pollutant/7,hour,0.9100000000,µg/m3,2017-03-08 04:00:00 +01:00,2017-03-08 05:00:00 +01:00,1,1
ES,ES.BDCA.AQD,NET_ES131A,STA_ES0125A,,SP_28079017_14_6,SPP_28079017_14_6.1,SAM_28079017_14_6,O3,http://dd.eionet.europa.eu/vocabulary/aq/pollutant/7,hour,0.8900000000,µg/m3,2017-03-08 05:00:00 +01:00,2017-03-08 06:00:00 +01:00,1,1
ES,ES.BDCA.AQD,NET_ES131A,STA_ES0125A,,SP_28079017_14_6,SPP_28079017_14_6.1,SAM_28079017_14_6,O3,http://dd.eionet.europa.eu/vocabulary/aq/pollutant/7,hour,0.8800000000,µg/m3,2017-03-08 06:00:00 +01:00,2017-03-08 07:00:00 +01:00,1,1
ES,ES.BDCA.AQD,NET_ES131A,STA_ES0125A,,SP_28079017_14_6,SPP_28079017_14_6.1,SAM_28079017_14_6,O3,http://dd.eionet.europa.eu/vocabulary/aq/pollutant/7,hour,0.9300000000,µg/m3,2017-03-08 07:00:00 +01:00,2017-03-08 08:00:00 +01:00,1,1
ES,ES.BDCA.AQD,NET_ES131A,STA_ES0125A,,SP_28079017_14_6,SPP_28079017_14_6.1,SAM_28079017_14_6,O3,http://dd.eionet.europa.eu/vocabulary/aq/pollutant/7,hour,1.3899999900,µg/m3,2017-03-08 08:00:00 +01:00,2017-03-08 09:00:00 +01:00,1,1
ES,ES.BDCA.AQD,NET_ES131A,STA_ES0125A,,SP_28079017_14_6,SPP_28079017_14_6.1,SAM_28079017_14_6,O3,http://dd.eionet.europa.eu/vocabulary/aq/pollutant/7,hour,2.3199999900,µg/m3,2017-03-08 09:00:00 +01:00,2017-03-08 10:00:00 +01:00,1,1
ES,ES.BDCA.AQD,NET_ES131A,STA_ES0125A,,SP_28079017_14_6,SPP_28079017_14_6.1,SAM_28079017_14_6,O3,http://dd.eionet.europa.eu/vocabulary/aq/pollutant/7,hour,5.8700000000,µg/m3,2017-03-08 10:00:00 +01:00,2017-03-08 11:00:00 +01:00,1,1
ES,ES.BDCA.AQD,NET_ES131A,STA_ES0125A,,SP_28079017_14_6,SPP_28079017_14_6.1,SAM_28079017_14_6,O3,http://dd.eionet.europa.eu/vocabulary/aq/pollutant/7,hour,16.7600000000,µg/m3,2017-03-08 11:00:00 +01:00,2017-03-08 12:00:00 +01:00,1,1
ES,ES.BDCA.AQD,NET_ES131A,STA_ES0125A,,SP_28079017_14_6,SPP_28079017_14_6.1,SAM_28079017_14_6,O3,http://dd.eionet.europa.eu/vocabulary/aq/pollutant/7,hour,36.2899999900,µg/m3,2017-03-08 12:00:00 +01:00,2017-03-08 13:00:00 +01:00,1,1
ES,ES.BDCA.AQD,NET_ES131A,STA_ES0125A,,SP_28079017_14_6,SPP_28079017_14_6.1,SAM_28079017_14_6,O3,http://dd.eionet.europa.eu/vocabulary/aq/pollutant/7,hour,40.5099999900,µg/m3,2017-03-08 13:00:00 +01:00,2017-03-08 14:00:00 +01:00,1,1
ES,ES.BDCA.AQD,NET_ES131A,STA_ES0125A,,SP_28079017_14_6,SPP_28079017_14_6.1,SAM_28079017_14_6,O3,http://dd.eionet.europa.eu/vocabulary/aq/pollutant/7,hour,34.7299999900,µg/m3,2017-03-08 14:00:00 +01:00,2017-03-08 15:00:00 +01:00,1,1
ES,ES.BDCA.AQD,NET_ES131A,STA_ES0125A,,SP_28079017_14_6,SPP_28079017_14_6.1,SAM_28079017_14_6,O3,http://dd.eionet.europa.eu/vocabulary/aq/pollutant/7,hour,45.1599999900,µg/m3,2017-03-08 15:00:00 +01:00,2017-03-08 16:00:00 +01:00,1,1
ES,ES.BDCA.AQD,NET_ES131A,STA_ES0125A,,SP_28079017_14_6,SPP_28079017_14_6.1,SAM_28079017_14_6,O3,http://dd.eionet.europa.eu/vocabulary/aq/pollutant/7,hour,50.7700000000,µg/m3,2017-03-08 16:00:00 +01:00,2017-03-08 17:00:00 +01:00,1,1
ES,ES.BDCA.AQD,NET_ES131A,STA_ES0125A,,SP_28079017_14_6,SPP_28079017_14_6.1,SAM_28079017_14_6,O3,http://dd.eionet.europa.eu/vocabulary/aq/pollutant/7,hour,55.3800000000,µg/m3,2017-03-08 17:00:00 +01:00,2017-03-08 18:00:00 +01:00,1,1
ES,ES.BDCA.AQD,NET_ES131A,STA_ES0125A,,SP_28079017_14_6,SPP_28079017_14_6.1,SAM_28079017_14_6,O3,http://dd.eionet.europa.eu/vocabulary/aq/pollutant/7,hour,28.5399999900,µg/m3,2017-03-08 18:00:00 +01:00,2017-03-08 19:00:00 +01:00,1,1
ES,ES.BDCA.AQD,NET_ES131A,STA_ES0125A,,SP_28079017_14_6,SPP_28079017_14_6.1,SAM_28079017_14_6,O3,http://dd.eionet.europa.eu/vocabulary/aq/pollutant/7,hour,1.8600000000,µg/m3,2017-03-08 19:00:00 +01:00,2017-03-08 20:00:00 +01:00,1,1
ES,ES.BDCA.AQD,NET_ES131A,STA_ES0125A,,SP_28079017_14_6,SPP_28079017_14_6.1,SAM_28079017_14_6,O3,http://dd.eionet.europa.eu/vocabulary/aq/pollutant/7,hour,1.8999999900,µg/m3,2017-03-08 20:00:00 +01:00,2017-03-08 21:00:00 +01:00,1,1
ES,ES.BDCA.AQD,NET_ES131A,STA_ES0125A,,SP_28079017_14_6,SPP_28079017_14_6.1,SAM_28079017_14_6,O3,http://dd.eionet.europa.eu/vocabulary/aq/pollutant/7,hour,1.7700000000,µg/m3,2017-03-08 21:00:00 +01:00,2017-03-08 22:00:00 +01:00,1,1
ES,ES.BDCA.AQD,NET_ES131A,STA_ES0125A,,SP_28079017_14_6,SPP_28079017_14_6.1,SAM_28079017_14_6,O3,http://dd.eionet.europa.eu/vocabulary/aq/pollutant/7,hour,1.5400000000,µg/m3,2017-03-08 22:00:00 +01:00,2017-03-08 23:00:00 +01:00,1,1
ES,ES.BDCA.AQD,NET_ES131A,STA_ES0125A,,SP_28079017_14_6,SPP_28079017_14_6.1,SAM_28079017_14_6,O3,http://dd.eionet.europa.eu/vocabulary/aq/pollutant/7,hour,0.9700000000,µg/m3,2017-03-08 23:00:00 +01:00,2017-03-09 00:00:00 +01:00,1,1
ES,ES.BDCA.AQD,NET_ES131A,STA_ES0125A,,SP_28079017_14_6,SPP_28079017_14_6.1,SAM_28079017_14_6,O3,http://dd.eionet.europa.eu/vocabulary/aq/pollutant/7,hour,,µg/m3,2017-03-09 00:00:00 +01:00,2017-03-09 01:00:00 +01:00,-1,1
ES,ES.BDCA.AQD,NET_ES131A,STA_ES0125A,,SP_28079017_14_6,SPP_28079017_14_6.1,SAM_28079017_14_6,O3,http://dd.eionet.europa.eu/vocabulary/aq/pollutant/7,hour,1.1299999900,µg/m3,2017-03-09 01:00:00 +01:00,2017-03-09 02:00:00 +01:00,1,1
ES,ES.BDCA.AQD,NET_ES131A,STA_ES0125A,,SP_28079017_14_6,SPP_28079017_14_6.1,SAM_28079017_14_6,O3,http://dd.eionet.europa.eu/vocabulary/aq/pollutant/7,hour,1.4599999900,µg/m3,2017-03-09 02:00:00 +01:00,2017-03-09 03:00:00 +01:00,1,1
ES,ES.BDCA.AQD,NET_ES131A,STA_ES0125A,,SP_28079017_14_6,SPP_28079017_14_6.1,SAM_28079017_14_6,O3,http://dd.eionet.europa.eu/vocabulary/aq/pollutant/7,hour,1.0800000000,µg/m3,2017-03-09 03:00:00 +01:00,2017-03-09 04:00:00 +01:00,1,1
ES,ES.BDCA.AQD,NET_ES131A,STA_ES0125A,,SP_28079017_14_6,SPP_28079017_14_6.1,SAM_28079017_14_6,O3,http://dd.eionet.europa.eu/vocabulary/aq/pollutant/7,hour,0.9500000000,µg/m3,2017-03-09 04:00:00 +01:00,2017-03-09 05:00:00 +01:00,1,1
ES,ES.BDCA.AQD,NET_ES131A,STA_ES0125A,,SP_28079017_14_6,SPP_28079017_14_6.1,SAM_28079017_14_6,O3,http://dd.eionet.europa.eu/vocabulary/aq/pollutant/7,hour,1.0000000000,µg/m3,2017-03-09 05:00:00 +01:00,2017-03-09 06:00:00 +01:00,1,1
ES,ES.BDCA.AQD,NET_ES131A,STA_ES0125A,,SP_28079017_14_6,SPP_28079017_14_6.1,SAM_28079017_14_6,O3,http://dd.eionet.europa.eu/vocabulary/aq/pollutant/7,hour,0.9300000000,µg/m3,2017-03-09 06:00:00 +01:00,2017-03-09 07:00:00 +01:00,1,1
ES,ES.BDCA.AQD,NET_ES131A,STA_ES0125A,,SP_28079017_14_6,SPP_28079017_14_6.1,SAM_28079017_14_6,O3,http://dd.eionet.europa.eu/vocabulary/aq/pollutant/7,hour,1.0000000000,µg/m3,2017-03-09 07:00:00 +01:00,2017-03-09 08:00:00 +01:00,1,1
ES,ES.BDCA.AQD,NET_ES131A,STA_ES0125A,,SP_28079017_14_6,SPP_28079017_14_6.1,SAM_28079017_14_6,O3,http://dd.eionet.europa.eu/vocabulary/aq/pollutant/7,hour,0.9100000000,µg/m3,2017-03-09 08:00:00 +01:00,2017-03-09 09:00:00 +01:00,1,1
ES,ES.BDCA.AQD,NET_ES131A,STA_ES0125A,,SP_28079017_14_6,SPP_28079017_14_6.1,SAM_28079017_14_6,O3,http://dd.eionet.europa.eu/vocabulary/aq/pollutant/7,hour,1.7600000000,µg/m3,2017-03-09 09:00:00 +01:00,2017-03-09 10:00:00 +01:00,1,1
ES,ES.BDCA.AQD,NET_ES131A,STA_ES0125A,,SP_28079017_14_6,SPP_28079017_14_6.1,SAM_28079017_14_6,O3,http://dd.eionet.europa.eu/vocabulary/aq/pollutant/7,hour,4.0199999900,µg/m3,2017-03-09 10:00:00 +01:00,2017-03-09 11:00:00 +01:00,1,1
ES,ES.BDCA.AQD,NET_ES131A,STA_ES0125A,,SP_28079017_14_6,SPP_28079017_14_6.1,SAM_28079017_14_6,O3,http://dd.eionet.europa.eu/vocabulary/aq/pollutant/7,hour,5.9000000000,µg/m3,2017-03-09 11:00:00 +01:00,2017-03-09 12:00:00 +01:00,1,1
ES,ES.BDCA.AQD,NET_ES131A,STA_ES0125A,,SP_28079017_14_6,SPP_28079017_14_6.1,SAM_28079017_14_6,O3,http://dd.eionet.europa.eu/vocabulary/aq/pollutant/7,hour,16.3700000000,µg/m3,2017-03-09 12:00:00 +01:00,2017-03-09 13:00:00 +01:00,1,1
ES,ES.BDCA.AQD,NET_ES131A,STA_ES0125A,,SP_28079017_14_6,SPP_28079017_14_6.1,SAM_28079017_14_6,O3,http://dd.eionet.europa.eu/vocabulary/aq/pollutant/7,hour,33.7800000000,µg/m3,2017-03-09 13:00:00 +01:00,2017-03-09 14:00:00 +01:00,1,1
ES,ES.BDCA.AQD,NET_ES131A,STA_ES0125A,,SP_28079017_14_6,SPP_28079017_14_6.1,SAM_28079017_14_6,O3,http://dd.eionet.europa.eu/vocabulary/aq/pollutant/7,hour,43.9500000000,µg/m3,2017-03-09 14:00:00 +01:00,2017-03-09 15:00:00 +01:00,1,1
ES,ES.BDCA.AQD,NET_ES131A,STA_ES0125A,,SP_28079017_14_6,SPP_28079017_14_6.1,SAM_28079017_14_6,O3,http://dd.eionet.europa.eu/vocabulary/aq/pollutant/7,hour,47.9500000000,µg/m3,2017-03-09 15:00:00 +01:00,2017-03-09 16:00:00 +01:00,1,1
ES,ES.BDCA.AQD,NET_ES131A,STA_ES0125A,,SP_28079017_14_6,SPP_28079017_14_6.1,SAM_28079017_14_6,O3,http://dd.eionet.europa.eu/vocabulary/aq/pollutant/7,hour,48.8800000000,µg/m3,2017-03-09 16:00:00 +01:00,2017-03-09 17:00:00 +01:00,1,1
ES,ES.BDCA.AQD,NET_ES131A,STA_ES0125A,,SP_28079017_14_6,SPP_28079017_14_6.1,SAM_28079017_14_6,O3,http://dd.eionet.europa.eu/vocabulary/aq/pollutant/7,hour,52.6599999900,µg/m3,2017-03-09 17:00:00 +01:00,2017-03-09 18:00:00 +01:00,1,1
ES,ES.BDCA.AQD,NET_ES131A,STA_ES0125A,,SP_28079017_14_6,SPP_28079017_14_6.1,SAM_28079017_14_6,O3,http://dd.eionet.europa.eu/vocabulary/aq/pollutant/7,hour,27.8799999900,µg/m3,2017-03-09 18:00:00 +01:00,2017-03-09 19:00:00 +01:00,1,1
ES,ES.BDCA.AQD,NET_ES131A,STA_ES0125A,,SP_28079017_14_6,SPP_28079017_14_6.1,SAM_28079017_14_6,O3,http://dd.eionet.europa.eu/vocabulary/aq/pollutant/7,hour,2.7700000000,µg/m3,2017-03-09 19:00:00 +01:00,2017-03-09 20:00:00 +01:00,1,1
ES,ES.BDCA.AQD,NET_ES131A,STA_ES0125A,,SP_28079017_14_6,SPP_28079017_14_6.1,SAM_28079017_14_6,O3,http://dd.eionet.europa.eu/vocabulary/aq/pollutant/7,hour,1.0000000000,µg/m3,2017-03-09 20:00:00 +01:00,2017-03-09 21:00:00 +01:00,1,1
ES,ES.BDCA.AQD,NET_ES131A,STA_ES0125A,,SP_28079017_14_6,SPP_28079017_14_6.1,SAM_28079017_14_6,O3,http://dd.eionet.europa.eu/vocabulary/aq/pollutant/7,hour,1.1799999900,µg/m3,2017-03-09 21:00:00 +01:00,2017-03-09 22:00:00 +01:00,1,1
ES,ES.BDCA.AQD,NET_ES131A,STA_ES0125A,,SP_28079017_14_6,SPP_28079017_14_6.1,SAM_28079017_14_6,O3,http://dd.eionet.europa.eu/vocabulary/aq/pollutant/7,hour,0.8900000000,µg/m3,2017-03-09 22:00:00 +01:00,2017-03-09 23:00:00 +01:00,1,1
ES,ES.BDCA.AQD,NET_ES131A,STA_ES0125A,,SP_28079017_14_6,SPP_28079017_14_6.1,SAM_28079017_14_6,O3,http://dd.eionet.europa.eu/vocabulary/aq/pollutant/7,hour,0.7700000000,µg/m3,2017-03-09 23:00:00 +01:00,2017-03-10 00:00:00 +01:00,1,1
ES,ES.BDCA.AQD,NET_ES131A,STA_ES0125A,,SP_28079017_14_6,SPP_28079017_14_6.1,SAM_28079017_14_6,O3,http://dd.eionet.europa.eu/vocabulary/aq/pollutant/7,hour,0.9100000000,µg/m3,2017-03-10 00:00:00 +01:00,2017-03-10 01:00:00 +01:00,1,1
ES,ES.BDCA.AQD,NET_ES131A,STA_ES0125A,,SP_28079017_14_6,SPP_28079017_14_6.1,SAM_28079017_14_6,O3,http://dd.eionet.europa.eu/vocabulary/aq/pollutant/7,hour,1.0000000000,µg/m3,2017-03-10 01:00:00 +01:00,2017-03-10 02:00:00 +01:00,1,1
ES,ES.BDCA.AQD,NET_ES131A,STA_ES0125A,,SP_28079017_14_6,SPP_28079017_14_6.1,SAM_28079017_14_6,O3,http://dd.eionet.europa.eu/vocabulary/aq/pollutant/7,hour,1.0000000000,µg/m3,2017-03-10 02:00:00 +01:00,2017-03-10 03:00:00 +01:00,1,1
ES,ES.BDCA.AQD,NET_ES131A,STA_ES0125A,,SP_28079017_14_6,SPP_28079017_14_6.1,SAM_28079017_14_6,O3,http://dd.eionet.europa.eu/vocabulary/aq/pollutant/7,hour,0.8700000000,µg/m3,2017-03-10 03:00:00 +01:00,2017-03-10 04:00:00 +01:00,1,1
ES,ES.BDCA.AQD,NET_ES131A,STA_ES0125A,,SP_28079017_14_6,SPP_28079017_14_6.1,SAM_28079017_14_6,O3,http://dd.eionet.europa.eu/vocabulary/aq/pollutant/7,hour,0.7000000000,µg/m3,2017-03-10 04:00:00 +01:00,2017-03-10 05:00:00 +01:00,1,1
ES,ES.BDCA.AQD,NET_ES131A,STA_ES0125A,,SP_28079017_14_6,SPP_28079017_14_6.1,SAM_28079017_14_6,O3,http://dd.eionet.europa.eu/vocabulary/aq/pollutant/7,hour,1.0000000000,µg/m3,2017-03-10 05:00:00 +01:00,2017-03-10 06:00:00 +01:00,1,1
ES,ES.BDCA.AQD,NET_ES131A,STA_ES0125A,,SP_28079017_14_6,SPP_28079017_14_6.1,SAM_28079017_14_6,O3,http://dd.eionet.europa.eu/vocabulary/aq/pollutant/7,hour,0.9400000000,µg/m3,2017-03-10 06:00:00 +01:00,2017-03-10 07:00:00 +01:00,1,1
ES,ES.BDCA.AQD,NET_ES131A,STA_ES0125A,,SP_28079017_14_6,SPP_28079017_14_6.1,SAM_28079017_14_6,O3,http://dd.eionet.europa.eu/vocabulary/aq/pollutant/7,hour,1.0000000000,µg/m3,2017-03-10 07:00:00 +01:00,2017-03-10 08:00:00 +01:00,1,1
ES,ES.BDCA.AQD,NET_ES131A,STA_ES0125A,,SP_28079017_14_6,SPP_28079017_14_6.1,SAM_28079017_14_6,O3,http://dd.eionet.europa.eu/vocabulary/aq/pollutant/7,hour,1.0000000000,µg/m3,2017-03-10 08:00:00 +01:00,2017-03-10 09:00:00 +01:00,1,1
ES,ES.BDCA.AQD,NET_ES131A,STA_ES0125A,,SP_28079017_14_6,SPP_28079017_14_6.1,SAM_28079017_14_6,O3,http://dd.eionet.europa.eu/vocabulary/aq/pollutant/7,hour,2.3900000000,µg/m3,2017-03-10 09:00:00 +01:00,2017-03-10 10:00:00 +01:00,1,1
ES,ES.BDCA.AQD,NET_ES131A,STA_ES0125A,,SP_28079017_14_6,SPP_28079017_14_6.1,SAM_28079017_14_6,O3,http://dd.eionet.europa.eu/vocabulary/aq/pollutant/7,hour,5.0499999900,µg/m3,2017-03-10 10:00:00 +01:00,2017-03-10 11:00:00 +01:00,1,1
ES,ES.BDCA.AQD,NET_ES131A,STA_ES0125A,,SP_28079017_14_6,SPP_28079017_14_6.1,SAM_28079017_14_6,O3,http://dd.eionet.europa.eu/vocabulary/aq/pollutant/7,hour,8.9499999900,µg/m3,2017-03-10 11:00:00 +01:00,2017-03-10 12:00:00 +01:00,1,1
ES,ES.BDCA.AQD,NET_ES131A,STA_ES0125A,,SP_28079017_14_6,SPP_28079017_14_6.1,SAM_28079017_14_6,O3,http://dd.eionet.europa.eu/vocabulary/aq/pollutant/7,hour,19.0700000000,µg/m3,2017-03-10 12:00:00 +01:00,2017-03-10 13:00:00 +01:00,1,1
ES,ES.BDCA.AQD,NET_ES131A,STA_ES0125A,,SP_28079017_14_6,SPP_28079017_14_6.1,SAM_28079017_14_6,O3,http://dd.eionet.europa.eu/vocabulary/aq/pollutant/7,hour,33.4799999900,µg/m3,2017-03-10 13:00:00 +01:00,2017-03-10 14:00:00 +01:00,1,1
ES,ES.BDCA.AQD,NET_ES131A,STA_ES0125A,,SP_28079017_14_6,SPP_28079017_14_6.1,SAM_28079017_14_6,O3,http://dd.eionet.europa.eu/vocabulary/aq/pollutant/7,hour,46.6300000000,µg/m3,2017-03-10 14:00:00 +01:00,2017-03-10 15:00:00 +01:00,1,1
ES,ES.BDCA.AQD,NET_ES131A,STA_ES0125A,,SP_28079017_14_6,SPP_28079017_14_6.1,SAM_28079017_14_6,O3,http://dd.eionet.europa.eu/vocabulary/aq/pollutant/7,hour,66.3799999900,µg/m3,2017-03-10 15:00:00 +01:00,2017-03-10 16:00:00 +01:00,1,1
ES,ES.BDCA.AQD,NET_ES131A,STA_ES0125A,,SP_28079017_14_6,SPP_28079017_14_6.1,SAM_28079017_14_6,O3,http://dd.eionet.europa.eu/vocabulary/aq/pollutant/7,hour,69.2099999900,µg/m3,2017-03-10 16:00:00 +01:00,2017-03-10 17:00:00 +01:00,1,1
ES,ES.BDCA.AQD,NET_ES131A,STA_ES0125A,,SP_28079017_14_6,SPP_28079017_14_6.1,SAM_28079017_14_6,O3,http://dd.eionet.europa.eu/vocabulary/aq/pollutant/7,hour,63.1199999900,µg/m3,2017-03-10 17:00:00 +01:00,2017-03-10 18:00:00 +01:00,1,1
ES,ES.BDCA.AQD,NET_ES131A,STA_ES0125A,,SP_28079017_14_6,SPP_28079017_14_6.1,SAM_28079017_14_6,O3,http://dd.eionet.europa.eu/vocabulary/aq/pollutant/7,hour,38.0600000000,µg/m3,2017-03-10 18:00:00 +01:00,2017-03-10 19:00:00 +01:00,1,1
ES,ES.BDCA.AQD,NET_ES131A,STA_ES0125A,,SP_28079017_14_6,SPP_28079017_14_6.1,SAM_28079017_14_6,O3,http://dd.eionet.europa.eu/vocabulary/aq/pollutant/7,hour,1.8300000000,µg/m3,2017-03-10 19:00:00 +01:00,2017-03-10 20:00:00 +01:00,1,1
ES,ES.BDCA.AQD,NET_ES131A,STA_ES0125A,,SP_28079017_14_6,SPP_28079017_14_6.1,SAM_28079017_14_6,O3,http://dd.eionet.europa.eu/vocabulary/aq/pollutant/7,hour,1.4199999900,µg/m3,2017-03-10 20:00:00 +01:00,2017-03-10 21:00:00 +01:00,1,1
ES,ES.BDCA.AQD,NET_ES131A,STA_ES0125A,,SP_28079017_14_6,SPP_28079017_14_6.1,SAM_28079017_14_6,O3,http://dd.eionet.europa.eu/vocabulary/aq/pollutant/7,hour,1.0900000000,µg/m3,2017-03-10 21:00:00 +01:00,2017-03-10 22:00:00 +01:00,1,1
ES,ES.BDCA.AQD,NET_ES131A,STA_ES0125A,,SP_28079017_14_6,SPP_28079017_14_6.1,SAM_28079017_14_6,O3,http://dd.eionet.europa.eu/vocabulary/aq/pollutant/7,hour,0.9600000000,µg/m3,2017-03-10 22:00:00 +01:00,2017-03-10 23:00:00 +01:00,1,1
ES,ES.BDCA.AQD,NET_ES131A,STA_ES0125A,,SP_28079017_14_6,SPP_28079017_14_6.1,SAM_28079017_14_6,O3,http://dd.eionet.europa.eu/vocabulary/aq/pollutant/7,hour,0.8700000000,µg/m3,2017-03-10 23:00:00 +01:00,2017-03-11 00:00:00 +01:00,1,1
ES,ES.BDCA.AQD,NET_ES131A,STA_ES0125A,,SP_28079017_14_6,SPP_28079017_14_6.1,SAM_28079017_14_6,O3,http://dd.eionet.europa.eu/vocabulary/aq/pollutant/7,hour,0.7500000000,µg/m3,2017-03-11 00:00:00 +01:00,2017-03-11 01:00:00 +01:00,1,1
ES,ES.BDCA.AQD,NET_ES131A,STA_ES0125A,,SP_28079017_14_6,SPP_28079017_14_6.1,SAM_28079017_14_6,O3,http://dd.eionet.europa.eu/vocabulary/aq/pollutant/7,hour,0.8900000000,µg/m3,2017-03-11 01:00:00 +01:00,2017-03-11 02:00:00 +01:00,1,1
ES,ES.BDCA.AQD,NET_ES131A,STA_ES0125A,,SP_28079017_14_6,SPP_28079017_14_6.1,SAM_28079017_14_6,O3,http://dd.eionet.europa.eu/vocabulary/aq/pollutant/7,hour,1.0100000000,µg/m3,2017-03-11 02:00:00 +01:00,2017-03-11 03:00:00 +01:00,1,1
ES,ES.BDCA.AQD,NET_ES131A,STA_ES0125A,,SP_28079017_14_6,SPP_28079017_14_6.1,SAM_28079017_14_6,O3,http://dd.eionet.europa.eu/vocabulary/aq/pollutant/7,hour,0.8300000000,µg/m3,2017-03-11 03:00:00 +01:00,2017-03-11 04:00:00 +01:00,1,1
ES,ES.BDCA.AQD,NET_ES131A,STA_ES0125A,,SP_28079017_14_6,SPP_28079017_14_6.1,SAM_28079017_14_6,O3,http://dd.eionet.europa.eu/vocabulary/aq/pollutant/7,hour,0.8000000000,µg/m3,2017-03-11 04:00:00 +01:00,2017-03-11 05:00:00 +01:00,1,1
ES,ES.BDCA.AQD,NET_ES131A,STA_ES0125A,,SP_28079017_14_6,SPP_28079017_14_6.1,SAM_28079017_14_6,O3,http://dd.eionet.europa.eu/vocabulary/aq/pollutant/7,hour,0.9700000000,µg/m3,2017-03-11 05:00:00 +01:00,2017-03-11 06:00:00 +01:00,1,1
ES,ES.BDCA.AQD,NET_ES131A,STA_ES0125A,,SP_28079017_14_6,SPP_28079017_14_6.1,SAM_28079017_14_6,O3,http://dd.eionet.europa.eu/vocabulary/aq/pollutant/7,hour,0.9400000000,µg/m3,2017-03-11 06:00:00 +01:00,2017-03-11 07:00:00 +01:00,1,1
ES,ES.BDCA.AQD,NET_ES131A,STA_ES0125A,,SP_28079017_14_6,SPP_28079017_14_6.1,SAM_28079017_14_6,O3,http://dd.eionet.europa.eu/vocabulary/aq/pollutant/7,hour,0.9100000000,µg/m3,2017-03-11 07:00:00 +01:00,2017-03-11 08:00:00 +01:00,1,1
ES,ES.BDCA.AQD,NET_ES131A,STA_ES0125A,,SP_28079017_14_6,SPP_28079017_14_6.1,SAM_28079017_14_6,O3,http://dd.eionet.europa.eu/vocabulary/aq/pollutant/7,hour,0.8900000000,µg/m3,2017-03-11 08:00:00 +01:00,2017-03-11 09:00:00 +01:00,1,1
ES,ES.BDCA.AQD,NET_ES131A,STA_ES0125A,,SP_28079017_14_6,SPP_28079017_14_6.1,SAM_28079017_14_6,O3,http://dd.eionet.europa.eu/vocabulary/aq/pollutant/7,hour,1.9500000000,µg/m3,2017-03-11 09:00:00 +01:00,2017-03-11 10:00:00 +01:00,1,1
ES,ES.BDCA.AQD,NET_ES131A,STA_ES0125A,,SP_28079017_14_6,SPP_28079017_14_6.1,SAM_28079017_14_6,O3,http://dd.eionet.europa.eu/vocabulary/aq/pollutant/7,hour,10.8699999900,µg/m3,2017-03-11 10:00:00 +01:00,2017-03-11 11:00:00 +01:00,1,1
ES,ES.BDCA.AQD,NET_ES131A,STA_ES0125A,,SP_28079017_14_6,SPP_28079017_14_6.1,SAM_28079017_14_6,O3,http://dd.eionet.europa.eu/vocabulary/aq/pollutant/7,hour,25.3400000000,µg/m3,2017-03-11 11:00:00 +01:00,2017-03-11 12:00:00 +01:00,1,1
ES,ES.BDCA.AQD,NET_ES131A,STA_ES0125A,,SP_28079017_14_6,SPP_28079017_14_6.1,SAM_28079017_14_6,O3,http://dd.eionet.europa.eu/vocabulary/aq/pollutant/7,hour,32.2899999900,µg/m3,2017-03-11 12:00:00 +01:00,2017-03-11 13:00:00 +01:00,1,1
ES,ES.BDCA.AQD,NET_ES131A,STA_ES0125A,,SP_28079017_14_6,SPP_28079017_14_6.1,SAM_28079017_14_6,O3,http://dd.eionet.europa.eu/vocabulary/aq/pollutant/7,hour,53.5200000000,µg/m3,2017-03-11 13:00:00 +01:00,2017-03-11 14:00:00 +01:00,1,1
ES,ES.BDCA.AQD,NET_ES131A,STA_ES0125A,,SP_28079017_14_6,SPP_28079017_14_6.1,SAM_28079017_14_6,O3,http://dd.eionet.europa.eu/vocabulary/aq/pollutant/7,hour,73.8199999900,µg/m3,2017-03-11 14:00:00 +01:00,2017-03-11 15:00:00 +01:00,1,1
ES,ES.BDCA.AQD,NET_ES131A,STA_ES0125A,,SP_28079017_14_6,SPP_28079017_14_6.1,SAM_28079017_14_6,O3,http://dd.eionet.europa.eu/vocabulary/aq/pollutant/7,hour,72.0300000000,µg/m3,2017-03-11 15:00:00 +01:00,2017-03-11 16:00:00 +01:00,1,1
ES,ES.BDCA.AQD,NET_ES131A,STA_ES0125A,,SP_28079017_14_6,SPP_28079017_14_6.1,SAM_28079017_14_6,O3,http://dd.eionet.europa.eu/vocabulary/aq/pollutant/7,hour,64.7500000000,µg/m3,2017-03-11 16:00:00 +01:00,2017-03-11 17:00:00 +01:00,1,1
ES,ES.BDCA.AQD,NET_ES131A,STA_ES0125A,,SP_28079017_14_6,SPP_28079017_14_6.1,SAM_28079017_14_6,O3,http://dd.eionet.europa.eu/vocabulary/aq/pollutant/7,hour,51.6599999900,µg/m3,2017-03-11 17:00:00 +01:00,2017-03-11 18:00:00 +01:00,1,1
ES,ES.BDCA.AQD,NET_ES131A,STA_ES0125A,,SP_28079017_14_6,SPP_28079017_14_6.1,SAM_28079017_14_6,O3,http://dd.eionet.europa.eu/vocabulary/aq/pollutant/7,hour,48.1199999900,µg/m3,2017-03-11 18:00:00 +01:00,2017-03-11 19:00:00 +01:00,1,1
ES,ES.BDCA.AQD,NET_ES131A,STA_ES0125A,,SP_28079017_14_6,SPP_28079017_14_6.1,SAM_28079017_14_6,O3,http://dd.eionet.europa.eu/vocabulary/aq/pollutant/7,hour,43.4399999900,µg/m3,2017-03-11 19:00:00 +01:00,2017-03-11 20:00:00 +01:00,1,1
ES,ES.BDCA.AQD,NET_ES131A,STA_ES0125A,,SP_28079017_14_6,SPP_28079017_14_6.1,SAM_28079017_14_6,O3,http://dd.eionet.europa.eu/vocabulary/aq/pollutant/7,hour,34.3100000000,µg/m3,2017-03-11 20:00:00 +01:00,2017-03-11 21:00:00 +01:00,1,1
ES,ES.BDCA.AQD,NET_ES131A,STA_ES0125A,,SP_28079017_14_6,SPP_28079017_14_6.1,SAM_28079017_14_6,O3,http://dd.eionet.europa.eu/vocabulary/aq/pollutant/7,hour,63.5300000000,µg/m3,2017-03-11 21:00:00 +01:00,2017-03-11 22:00:00 +01:00,1,1
ES,ES.BDCA.AQD,NET_ES131A,STA_ES0125A,,SP_28079017_14_6,SPP_28079017_14_6.1,SAM_28079017_14_6,O3,http://dd.eionet.europa.eu/vocabulary/aq/pollutant/7,hour,68.8700000000,µg/m3,2017-03-11 22:00:00 +01:00,2017-03-11 23:00:00 +01:00,1,1
ES,ES.BDCA.AQD,NET_ES131A,STA_ES0125A,,SP_28079017_14_6,SPP_28079017_14_6.1,SAM_28079017_14_6,O3,http://dd.eionet.europa.eu/vocabulary/aq/pollutant/7,hour,72.7099999900,µg/m3,2017-03-11 23:00:00 +01:00,2017-03-12 00:00:00 +01:00,1,1
ES,ES.BDCA.AQD,NET_ES131A,STA_ES0125A,,SP_28079017_14_6,SPP_28079017_14_6.1,SAM_28079017_14_6,O3,http://dd.eionet.europa.eu/vocabulary/aq/pollutant/7,hour,68.5799999900,µg/m3,2017-03-12 00:00:00 +01:00,2017-03-12 01:00:00 +01:00,1,1
ES,ES.BDCA.AQD,NET_ES131A,STA_ES0125A,,SP_28079017_14_6,SPP_28079017_14_6.1,SAM_28079017_14_6,O3,http://dd.eionet.europa.eu/vocabulary/aq/pollutant/7,hour,65.6899999900,µg/m3,2017-03-12 01:00:00 +01:00,2017-03-12 02:00:00 +01:00,1,1
ES,ES.BDCA.AQD,NET_ES131A,STA_ES0125A,,SP_28079017_14_6,SPP_28079017_14_6.1,SAM_28079017_14_6,O3,http://dd.eionet.europa.eu/vocabulary/aq/pollutant/7,hour,65.4000000000,µg/m3,2017-03-12 02:00:00 +01:00,2017-03-12 03:00:00 +01:00,1,1
ES,ES.BDCA.AQD,NET_ES131A,STA_ES0125A,,SP_28079017_14_6,SPP_28079017_14_6.1,SAM_28079017_14_6,O3,http://dd.eionet.europa.eu/vocabulary/aq/pollutant/7,hour,59.6300000000,µg/m3,2017-03-12 03:00:00 +01:00,2017-03-12 04:00:00 +01:00,1,1
ES,ES.BDCA.AQD,NET_ES131A,STA_ES0125A,,SP_28079017_14_6,SPP_28079017_14_6.1,SAM_28079017_14_6,O3,http://dd.eionet.europa.eu/vocabulary/aq/pollutant/7,hour,42.1599999900,µg/m3,2017-03-12 04:00:00 +01:00,2017-03-12 05:00:00 +01:00,1,1
ES,ES.BDCA.AQD,NET_ES131A,STA_ES0125A,,SP_28079017_14_6,SPP_28079017_14_6.1,SAM_28079017_14_6,O3,http://dd.eionet.europa.eu/vocabulary/aq/pollutant/7,hour,24.5300000000,µg/m3,2017-03-12 05:00:00 +01:00,2017-03-12 06:00:00 +01:00,1,1
ES,ES.BDCA.AQD,NET_ES131A,STA_ES0125A,,SP_28079017_14_6,SPP_28079017_14_6.1,SAM_28079017_14_6,O3,http://dd.eionet.europa.eu/vocabulary/aq/pollutant/7,hour,32.0600000000,µg/m3,2017-03-12 06:00:00 +01:00,2017-03-12 07:00:00 +01:00,1,1
ES,ES.BDCA.AQD,NET_ES131A,STA_ES0125A,,SP_28079017_14_6,SPP_28079017_14_6.1,SAM_28079017_14_6,O3,http://dd.eionet.europa.eu/vocabulary/aq/pollutant/7,hour,8.2100000000,µg/m3,2017-03-12 07:00:00 +01:00,2017-03-12 08:00:00 +01:00,1,1
ES,ES.BDCA.AQD,NET_ES131A,STA_ES0125A,,SP_28079017_14_6,SPP_28079017_14_6.1,SAM_28079017_14_6,O3,http://dd.eionet.europa.eu/vocabulary/aq/pollutant/7,hour,8.7899999900,µg/m3,2017-03-12 08:00:00 +01:00,2017-03-12 09:00:00 +01:00,1,1
ES,ES.BDCA.AQD,NET_ES131A,STA_ES0125A,,SP_28079017_14_6,SPP_28079017_14_6.1,SAM_28079017_14_6,O3,http://dd.eionet.europa.eu/vocabulary/aq/pollutant/7,hour,31.1499999900,µg/m3,2017-03-12 09:00:00 +01:00,2017-03-12 10:00:00 +01:00,1,1
ES,ES.BDCA.AQD,NET_ES131A,STA_ES0125A,,SP_28079017_14_6,SPP_28079017_14_6.1,SAM_28079017_14_6,O3,http://dd.eionet.europa.eu/vocabulary/aq/pollutant/7,hour,55.2100000000,µg/m3,2017-03-12 10:00:00 +01:00,2017-03-12 11:00:00 +01:00,1,1
ES,ES.BDCA.AQD,NET_ES131A,STA_ES0125A,,SP_28079017_14_6,SPP_28079017_14_6.1,SAM_28079017_14_6,O3,http://dd.eionet.europa.eu/vocabulary/aq/pollutant/7,hour,67.5600000000,µg/m3,2017-03-12 11:00:00 +01:00,2017-03-12 12:00:00 +01:00,1,1
ES,ES.BDCA.AQD,NET_ES131A,STA_ES0125A,,SP_28079017_14_6,SPP_28079017_14_6.1,SAM_28079017_14_6,O3,http://dd.eionet.europa.eu/vocabulary/aq/pollutant/7,hour,77.8100000000,µg/m3,2017-03-12 12:00:00 +01:00,2017-03-12 13:00:00 +01:00,1,1
ES,ES.BDCA.AQD,NET_ES131A,STA_ES0125A,,SP_28079017_14_6,SPP_28079017_14_6.1,SAM_28079017_14_6,O3,http://dd.eionet.europa.eu/vocabulary/aq/pollutant/7,hour,79.0199999900,µg/m3,2017-03-12 13:00:00 +01:00,2017-03-12 14:00:00 +01:00,1,1
ES,ES.BDCA.AQD,NET_ES131A,STA_ES0125A,,SP_28079017_14_6,SPP_28079017_14_6.1,SAM_28079017_14_6,O3,http://dd.eionet.europa.eu/vocabulary/aq/pollutant/7,hour,77.9099999900,µg/m3,2017-03-12 14:00:00 +01:00,2017-03-12 15:00:00 +01:00,1,1
ES,ES.BDCA.AQD,NET_ES131A,STA_ES0125A,,SP_28079017_14_6,SPP_28079017_14_6.1,SAM_28079017_14_6,O3,http://dd.eionet.europa.eu/vocabulary/aq/pollutant/7,hour,82.2199999900,µg/m3,2017-03-12 15:00:00 +01:00,2017-03-12 16:00:00 +01:00,1,1
ES,ES.BDCA.AQD,NET_ES131A,STA_ES0125A,,SP_28079017_14_6,SPP_28079017_14_6.1,SAM_28079017_14_6,O3,http://dd.eionet.europa.eu/vocabulary/aq/pollutant/7,hour,82.0699999900,µg/m3,2017-03-12 16:00:00 +01:00,2017-03-12 17:00:00 +01:00,1,1
ES,ES.BDCA.AQD,NET_ES131A,STA_ES0125A,,SP_28079017_14_6,SPP_28079017_14_6.1,SAM_28079017_14_6,O3,http://dd.eionet.europa.eu/vocabulary/aq/pollutant/7,hour,82.8700000000,µg/m3,2017-03-12 17:00:00 +01:00,2017-03-12 18:00:00 +01:00,1,1
ES,ES.BDCA.AQD,NET_ES131A,STA_ES0125A,,SP_28079017_14_6,SPP_28079017_14_6.1,SAM_28079017_14_6,O3,http://dd.eionet.europa.eu/vocabulary/aq/pollutant/7,hour,75.5100000000,µg/m3,2017-03-12 18:00:00 +01:00,2017-03-12 19:00:00 +01:00,1,1
ES,ES.BDCA.AQD,NET_ES131A,STA_ES0125A,,SP_28079017_14_6,SPP_28079017_14_6.1,SAM_28079017_14_6,O3,http://dd.eionet.europa.eu/vocabulary/aq/pollutant/7,hour,70.0199999900,µg/m3,2017-03-12 19:00:00 +01:00,2017-03-12 20:00:00 +01:00,1,1
ES,ES.BDCA.AQD,NET_ES131A,STA_ES0125A,,SP_28079017_14_6,SPP_28079017_14_6.1,SAM_28079017_14_6,O3,http://dd.eionet.europa.eu/vocabulary/aq/pollutant/7,hour,67.4599999900,µg/m3,2017-03-12 20:00:00 +01:00,2017-03-12 21:00:00 +01:00,1,1
ES,ES.BDCA.AQD,NET_ES131A,STA_ES0125A,,SP_28079017_14_6,SPP_28079017_14_6.1,SAM_28079017_14_6,O3,http://dd.eionet.europa.eu/vocabulary/aq/pollutant/7,hour,69.1400000000,µg/m3,2017-03-12 21:00:00 +01:00,2017-03-12 22:00:00 +01:00,1,1
ES,ES.BDCA.AQD,NET_ES131A,STA_ES0125A,,SP_28079017_14_6,SPP_28079017_14_6.1,SAM_28079017_14_6,O3,http://dd.eionet.europa.eu/vocabulary/aq/pollutant/7,hour,72.2000000000,µg/m3,2017-03-12 22:00:00 +01:00,2017-03-12 23:00:00 +01:00,1,1
ES,ES.BDCA.AQD,NET_ES131A,STA_ES0125A,,SP_28079017_14_6,SPP_28079017_14_6.1,SAM_28079017_14_6,O3,http://dd.eionet.europa.eu/vocabulary/aq/pollutant/7,hour,73.3400000000,µg/m3,2017-03-12 23:00:00 +01:00,2017-03-13 00:00:00 +01:00,1,1
ES,ES.BDCA.AQD,NET_ES131A,STA_ES0125A,,SP_28079017_14_6,SPP_28079017_14_6.1,SAM_28079017_14_6,O3,http://dd.eionet.europa.eu/vocabulary/aq/pollutant/7,hour,76.4699999900,µg/m3,2017-03-13 00:00:00 +01:00,2017-03-13 01:00:00 +01:00,1,1
ES,ES.BDCA.AQD,NET_ES131A,STA_ES0125A,,SP_28079017_14_6,SPP_28079017_14_6.1,SAM_28079017_14_6,O3,http://dd.eionet.europa.eu/vocabulary/aq/pollutant/7,hour,78.3299999900,µg/m3,2017-03-13 01:00:00 +01:00,2017-03-13 02:00:00 +01:00,1,1
ES,ES.BDCA.AQD,NET_ES131A,STA_ES0125A,,SP_28079017_14_6,SPP_28079017_14_6.1,SAM_28079017_14_6,O3,http://dd.eionet.europa.eu/vocabulary/aq/pollutant/7,hour,82.3599999900,µg/m3,2017-03-13 02:00:00 +01:00,2017-03-13 03:00:00 +01:00,1,1
ES,ES.BDCA.AQD,NET_ES131A,STA_ES0125A,,SP_28079017_14_6,SPP_28079017_14_6.1,SAM_28079017_14_6,O3,http://dd.eionet.europa.eu/vocabulary/aq/pollutant/7,hour,82.4200000000,µg/m3,2017-03-13 03:00:00 +01:00,2017-03-13 04:00:00 +01:00,1,1
ES,ES.BDCA.AQD,NET_ES131A,STA_ES0125A,,SP_28079017_14_6,SPP_28079017_14_6.1,SAM_28079017_14_6,O3,http://dd.eionet.europa.eu/vocabulary/aq/pollutant/7,hour,83.6299999900,µg/m3,2017-03-13 04:00:00 +01:00,2017-03-13 05:00:00 +01:00,1,1
ES,ES.BDCA.AQD,NET_ES131A,STA_ES0125A,,SP_28079017_14_6,SPP_28079017_14_6.1,SAM_28079017_14_6,O3,http://dd.eionet.europa.eu/vocabulary/aq/pollutant/7,hour,83.6099999900,µg/m3,2017-03-13 05:00:00 +01:00,2017-03-13 06:00:00 +01:00,1,1
ES,ES.BDCA.AQD,NET_ES131A,STA_ES0125A,,SP_28079017_14_6,SPP_28079017_14_6.1,SAM_28079017_14_6,O3,http://dd.eionet.europa.eu/vocabulary/aq/pollutant/7,hour,78.2300000000,µg/m3,2017-03-13 06:00:00 +01:00,2017-03-13 07:00:00 +01:00,1,1
ES,ES.BDCA.AQD,NET_ES131A,STA_ES0125A,,SP_28079017_14_6,SPP_28079017_14_6.1,SAM_28079017_14_6,O3,http://dd.eionet.europa.eu/vocabulary/aq/pollutant/7,hour,71.0499999900,µg/m3,2017-03-13 07:00:00 +01:00,2017-03-13 08:00:00 +01:00,1,1
ES,ES.BDCA.AQD,NET_ES131A,STA_ES0125A,,SP_28079017_14_6,SPP_28079017_14_6.1,SAM_28079017_14_6,O3,http://dd.eionet.europa.eu/vocabulary/aq/pollutant/7,hour,66.2300000000,µg/m3,2017-03-13 08:00:00 +01:00,2017-03-13 09:00:00 +01:00,1,1
ES,ES.BDCA.AQD,NET_ES131A,STA_ES0125A,,SP_28079017_14_6,SPP_28079017_14_6.1,SAM_28079017_14_6,O3,http://dd.eionet.europa.eu/vocabulary/aq/pollutant/7,hour,64.5400000000,µg/m3,2017-03-13 09:00:00 +01:00,2017-03-13 10:00:00 +01:00,1,1
ES,ES.BDCA.AQD,NET_ES131A,STA_ES0125A,,SP_28079017_14_6,SPP_28079017_14_6.1,SAM_28079017_14_6,O3,http://dd.eionet.europa.eu/vocabulary/aq/pollutant/7,hour,68.6099999900,µg/m3,2017-03-13 10:00:00 +01:00,2017-03-13 11:00:00 +01:00,1,1
ES,ES.BDCA.AQD,NET_ES131A,STA_ES0125A,,SP_28079017_14_6,SPP_28079017_14_6.1,SAM_28079017_14_6,O3,http://dd.eionet.europa.eu/vocabulary/aq/pollutant/7,hour,71.5600000000,µg/m3,2017-03-13 11:00:00 +01:00,2017-03-13 12:00:00 +01:00,1,1
ES,ES.BDCA.AQD,NET_ES131A,STA_ES0125A,,SP_28079017_14_6,SPP_28079017_14_6.1,SAM_28079017_14_6,O3,http://dd.eionet.europa.eu/vocabulary/aq/pollutant/7,hour,69.7699999900,µg/m3,2017-03-13 12:00:00 +01:00,2017-03-13 13:00:00 +01:00,1,1
ES,ES.BDCA.AQD,NET_ES131A,STA_ES0125A,,SP_28079017_14_6,SPP_28079017_14_6.1,SAM_28079017_14_6,O3,http://dd.eionet.europa.eu/vocabulary/aq/pollutant/7,hour,73.6200000000,µg/m3,2017-03-13 13:00:00 +01:00,2017-03-13 14:00:00 +01:00,1,1
ES,ES.BDCA.AQD,NET_ES131A,STA_ES0125A,,SP_28079017_14_6,SPP_28079017_14_6.1,SAM_28079017_14_6,O3,http://dd.eionet.europa.eu/vocabulary/aq/pollutant/7,hour,76.8100000000,µg/m3,2017-03-13 14:00:00 +01:00,2017-03-13 15:00:00 +01:00,1,1
ES,ES.BDCA.AQD,NET_ES131A,STA_ES0125A,,SP_28079017_14_6,SPP_28079017_14_6.1,SAM_28079017_14_6,O3,http://dd.eionet.europa.eu/vocabulary/aq/pollutant/7,hour,75.2999999900,µg/m3,2017-03-13 15:00:00 +01:00,2017-03-13 16:00:00 +01:00,1,1
ES,ES.BDCA.AQD,NET_ES131A,STA_ES0125A,,SP_28079017_14_6,SPP_28079017_14_6.1,SAM_28079017_14_6,O3,http://dd.eionet.europa.eu/vocabulary/aq/pollutant/7,hour,73.3900000000,µg/m3,2017-03-13 16:00:00 +01:00,2017-03-13 17:00:00 +01:00,1,1
ES,ES.BDCA.AQD,NET_ES131A,STA_ES0125A,,SP_28079017_14_6,SPP_28079017_14_6.1,SAM_28079017_14_6,O3,http://dd.eionet.europa.eu/vocabulary/aq/pollutant/7,hour,74.2300000000,µg/m3,2017-03-13 17:00:00 +01:00,2017-03-13 18:00:00 +01:00,1,1
ES,ES.BDCA.AQD,NET_ES131A,STA_ES0125A,,SP_28079017_14_6,SPP_28079017_14_6.1,SAM_28079017_14_6,O3,http://dd.eionet.europa.eu/vocabulary/aq/pollutant/7,hour,67.8400000000,µg/m3,2017-03-13 18:00:00 +01:00,2017-03-13 19:00:00 +01:00,1,1
ES,ES.BDCA.AQD,NET_ES131A,STA_ES0125A,,SP_28079017_14_6,SPP_28079017_14_6.1,SAM_28079017_14_6,O3,http://dd.eionet.europa.eu/vocabulary/aq/pollutant/7,hour,59.4099999900,µg/m3,2017-03-13 19:00:00 +01:00,2017-03-13 20:00:00 +01:00,1,1
ES,ES.BDCA.AQD,NET_ES131A,STA_ES0125A,,SP_28079017_14_6,SPP_28079017_14_6.1,SAM_28079017_14_6,O3,http://dd.eionet.europa.eu/vocabulary/aq/pollutant/7,hour,64.8299999900,µg/m3,2017-03-13 20:00:00 +01:00,2017-03-13 21:00:00 +01:00,1,1
ES,ES.BDCA.AQD,NET_ES131A,STA_ES0125A,,SP_28079017_14_6,SPP_28079017_14_6.1,SAM_28079017_14_6,O3,http://dd.eionet.europa.eu/vocabulary/aq/pollutant/7,hour,66.4500000000,µg/m3,2017-03-13 21:00:00 +01:00,2017-03-13 22:00:00 +01:00,1,1
ES,ES.BDCA.AQD,NET_ES131A,STA_ES0125A,,SP_28079017_14_6,SPP_28079017_14_6.1,SAM_28079017_14_6,O3,http://dd.eionet.europa.eu/vocabulary/aq/pollutant/7,hour,68.9899999900,µg/m3,2017-03-13 22:00:00 +01:00,2017-03-13 23:00:00 +01:00,1,1
ES,ES.BDCA.AQD,NET_ES131A,STA_ES0125A,,SP_28079017_14_6,SPP_28079017_14_6.1,SAM_28079017_14_6,O3,http://dd.eionet.europa.eu/vocabulary/aq/pollutant/7,hour,68.9800000000,µg/m3,2017-03-13 23:00:00 +01:00,2017-03-14 00:00:00 +01:00,1,1
ES,ES.BDCA.AQD,NET_ES131A,STA_ES0125A,,SP_28079017_14_6,SPP_28079017_14_6.1,SAM_28079017_14_6,O3,http://dd.eionet.europa.eu/vocabulary/aq/pollutant/7,hour,70.0300000000,µg/m3,2017-03-14 00:00:00 +01:00,2017-03-14 01:00:00 +01:00,1,1
ES,ES.BDCA.AQD,NET_ES131A,STA_ES0125A,,SP_28079017_14_6,SPP_28079017_14_6.1,SAM_28079017_14_6,O3,http://dd.eionet.europa.eu/vocabulary/aq/pollutant/7,hour,69.8700000000,µg/m3,2017-03-14 01:00:00 +01:00,2017-03-14 02:00:00 +01:00,1,1
ES,ES.BDCA.AQD,NET_ES131A,STA_ES0125A,,SP_28079017_14_6,SPP_28079017_14_6.1,SAM_28079017_14_6,O3,http://dd.eionet.europa.eu/vocabulary/aq/pollutant/7,hour,69.4899999900,µg/m3,2017-03-14 02:00:00 +01:00,2017-03-14 03:00:00 +01:00,1,1
ES,ES.BDCA.AQD,NET_ES131A,STA_ES0125A,,SP_28079017_14_6,SPP_28079017_14_6.1,SAM_28079017_14_6,O3,http://dd.eionet.europa.eu/vocabulary/aq/pollutant/7,hour,69.5799999900,µg/m3,2017-03-14 03:00:00 +01:00,2017-03-14 04:00:00 +01:00,1,1
ES,ES.BDCA.AQD,NET_ES131A,STA_ES0125A,,SP_28079017_14_6,SPP_28079017_14_6.1,SAM_28079017_14_6,O3,http://dd.eionet.europa.eu/vocabulary/aq/pollutant/7,hour,69.4699999900,µg/m3,2017-03-14 04:00:00 +01:00,2017-03-14 05:00:00 +01:00,1,1
ES,ES.BDCA.AQD,NET_ES131A,STA_ES0125A,,SP_28079017_14_6,SPP_28079017_14_6.1,SAM_28079017_14_6,O3,http://dd.eionet.europa.eu/vocabulary/aq/pollutant/7,hour,66.5300000000,µg/m3,2017-03-14 05:00:00 +01:00,2017-03-14 06:00:00 +01:00,1,1
ES,ES.BDCA.AQD,NET_ES131A,STA_ES0125A,,SP_28079017_14_6,SPP_28079017_14_6.1,SAM_28079017_14_6,O3,http://dd.eionet.europa.eu/vocabulary/aq/pollutant/7,hour,57.9600000000,µg/m3,2017-03-14 06:00:00 +01:00,2017-03-14 07:00:00 +01:00,1,1
ES,ES.BDCA.AQD,NET_ES131A,STA_ES0125A,,SP_28079017_14_6,SPP_28079017_14_6.1,SAM_28079017_14_6,O3,http://dd.eionet.europa.eu/vocabulary/aq/pollutant/7,hour,44.3400000000,µg/m3,2017-03-14 07:00:00 +01:00,2017-03-14 08:00:00 +01:00,1,1
ES,ES.BDCA.AQD,NET_ES131A,STA_ES0125A,,SP_28079017_14_6,SPP_28079017_14_6.1,SAM_28079017_14_6,O3,http://dd.eionet.europa.eu/vocabulary/aq/pollutant/7,hour,52.3800000000,µg/m3,2017-03-14 08:00:00 +01:00,2017-03-14 09:00:00 +01:00,1,1
ES,ES.BDCA.AQD,NET_ES131A,STA_ES0125A,,SP_28079017_14_6,SPP_28079017_14_6.1,SAM_28079017_14_6,O3,http://dd.eionet.europa.eu/vocabulary/aq/pollutant/7,hour,53.5900000000,µg/m3,2017-03-14 09:00:00 +01:00,2017-03-14 10:00:00 +01:00,1,1
ES,ES.BDCA.AQD,NET_ES131A,STA_ES0125A,,SP_28079017_14_6,SPP_28079017_14_6.1,SAM_28079017_14_6,O3,http://dd.eionet.europa.eu/vocabulary/aq/pollutant/7,hour,63.6599999900,µg/m3,2017-03-14 10:00:00 +01:00,2017-03-14 11:00:00 +01:00,1,1
ES,ES.BDCA.AQD,NET_ES131A,STA_ES0125A,,SP_28079017_14_6,SPP_28079017_14_6.1,SAM_28079017_14_6,O3,http://dd.eionet.europa.eu/vocabulary/aq/pollutant/7,hour,70.1599999900,µg/m3,2017-03-14 11:00:00 +01:00,2017-03-14 12:00:00 +01:00,1,1
ES,ES.BDCA.AQD,NET_ES131A,STA_ES0125A,,SP_28079017_14_6,SPP_28079017_14_6.1,SAM_28079017_14_6,O3,http://dd.eionet.europa.eu/vocabulary/aq/pollutant/7,hour,68.7900000000,µg/m3,2017-03-14 12:00:00 +01:00,2017-03-14 13:00:00 +01:00,1,1
ES,ES.BDCA.AQD,NET_ES131A,STA_ES0125A,,SP_28079017_14_6,SPP_28079017_14_6.1,SAM_28079017_14_6,O3,http://dd.eionet.europa.eu/vocabulary/aq/pollutant/7,hour,,µg/m3,2017-03-14 13:00:00 +01:00,2017-03-14 14:00:00 +01:00,-1,1
ES,ES.BDCA.AQD,NET_ES131A,STA_ES0125A,,SP_28079017_14_6,SPP_28079017_14_6.1,SAM_28079017_14_6,O3,http://dd.eionet.europa.eu/vocabulary/aq/pollutant/7,hour,65.0699999900,µg/m3,2017-03-14 14:00:00 +01:00,2017-03-14 15:00:00 +01:00,1,1
ES,ES.BDCA.AQD,NET_ES131A,STA_ES0125A,,SP_28079017_14_6,SPP_28079017_14_6.1,SAM_28079017_14_6,O3,http://dd.eionet.europa.eu/vocabulary/aq/pollutant/7,hour,71.0300000000,µg/m3,2017-03-14 15:00:00 +01:00,2017-03-14 16:00:00 +01:00,1,1
ES,ES.BDCA.AQD,NET_ES131A,STA_ES0125A,,SP_28079017_14_6,SPP_28079017_14_6.1,SAM_28079017_14_6,O3,http://dd.eionet.europa.eu/vocabulary/aq/pollutant/7,hour,82.5999999900,µg/m3,2017-03-14 16:00:00 +01:00,2017-03-14 17:00:00 +01:00,1,1
ES,ES.BDCA.AQD,NET_ES131A,STA_ES0125A,,SP_28079017_14_6,SPP_28079017_14_6.1,SAM_28079017_14_6,O3,http://dd.eionet.europa.eu/vocabulary/aq/pollutant/7,hour,82.7199999900,µg/m3,2017-03-14 17:00:00 +01:00,2017-03-14 18:00:00 +01:00,1,1
ES,ES.BDCA.AQD,NET_ES131A,STA_ES0125A,,SP_28079017_14_6,SPP_28079017_14_6.1,SAM_28079017_14_6,O3,http://dd.eionet.europa.eu/vocabulary/aq/pollutant/7,hour,72.2399999900,µg/m3,2017-03-14 18:00:00 +01:00,2017-03-14 19:00:00 +01:00,1,1
ES,ES.BDCA.AQD,NET_ES131A,STA_ES0125A,,SP_28079017_14_6,SPP_28079017_14_6.1,SAM_28079017_14_6,O3,http://dd.eionet.europa.eu/vocabulary/aq/pollutant/7,hour,15.4300000000,µg/m3,2017-03-14 19:00:00 +01:00,2017-03-14 20:00:00 +01:00,1,1
ES,ES.BDCA.AQD,NET_ES131A,STA_ES0125A,,SP_28079017_14_6,SPP_28079017_14_6.1,SAM_28079017_14_6,O3,http://dd.eionet.europa.eu/vocabulary/aq/pollutant/7,hour,7.9500000000,µg/m3,2017-03-14 20:00:00 +01:00,2017-03-14 21:00:00 +01:00,1,1
ES,ES.BDCA.AQD,NET_ES131A,STA_ES0125A,,SP_28079017_14_6,SPP_28079017_14_6.1,SAM_28079017_14_6,O3,http://dd.eionet.europa.eu/vocabulary/aq/pollutant/7,hour,2.3100000000,µg/m3,2017-03-14 21:00:00 +01:00,2017-03-14 22:00:00 +01:00,1,1
ES,ES.BDCA.AQD,NET_ES131A,STA_ES0125A,,SP_28079017_14_6,SPP_28079017_14_6.1,SAM_28079017_14_6,O3,http://dd.eionet.europa.eu/vocabulary/aq/pollutant/7,hour,2.5699999900,µg/m3,2017-03-14 22:00:00 +01:00,2017-03-14 23:00:00 +01:00,1,1
ES,ES.BDCA.AQD,NET_ES131A,STA_ES0125A,,SP_28079017_14_6,SPP_28079017_14_6.1,SAM_28079017_14_6,O3,http://dd.eionet.europa.eu/vocabulary/aq/pollutant/7,hour,2.5099999900,µg/m3,2017-03-14 23:00:00 +01:00,2017-03-15 00:00:00 +01:00,1,1
ES,ES.BDCA.AQD,NET_ES131A,STA_ES0125A,,SP_28079017_14_6,SPP_28079017_14_6.1,SAM_28079017_14_6,O3,http://dd.eionet.europa.eu/vocabulary/aq/pollutant/7,hour,8.9600000000,µg/m3,2017-03-15 00:00:00 +01:00,2017-03-15 01:00:00 +01:00,1,1
ES,ES.BDCA.AQD,NET_ES131A,STA_ES0125A,,SP_28079017_14_6,SPP_28079017_14_6.1,SAM_28079017_14_6,O3,http://dd.eionet.europa.eu/vocabulary/aq/pollutant/7,hour,34.4200000000,µg/m3,2017-03-15 01:00:00 +01:00,2017-03-15 02:00:00 +01:00,1,1
ES,ES.BDCA.AQD,NET_ES131A,STA_ES0125A,,SP_28079017_14_6,SPP_28079017_14_6.1,SAM_28079017_14_6,O3,http://dd.eionet.europa.eu/vocabulary/aq/pollutant/7,hour,17.7700000000,µg/m3,2017-03-15 02:00:00 +01:00,2017-03-15 03:00:00 +01:00,1,1
ES,ES.BDCA.AQD,NET_ES131A,STA_ES0125A,,SP_28079017_14_6,SPP_28079017_14_6.1,SAM_28079017_14_6,O3,http://dd.eionet.europa.eu/vocabulary/aq/pollutant/7,hour,15.8900000000,µg/m3,2017-03-15 03:00:00 +01:00,2017-03-15 04:00:00 +01:00,1,1
ES,ES.BDCA.AQD,NET_ES131A,STA_ES0125A,,SP_28079017_14_6,SPP_28079017_14_6.1,SAM_28079017_14_6,O3,http://dd.eionet.europa.eu/vocabulary/aq/pollutant/7,hour,5.5400000000,µg/m3,2017-03-15 04:00:00 +01:00,2017-03-15 05:00:00 +01:00,1,1
ES,ES.BDCA.AQD,NET_ES131A,STA_ES0125A,,SP_28079017_14_6,SPP_28079017_14_6.1,SAM_28079017_14_6,O3,http://dd.eionet.europa.eu/vocabulary/aq/pollutant/7,hour,1.6000000000,µg/m3,2017-03-15 05:00:00 +01:00,2017-03-15 06:00:00 +01:00,1,1
ES,ES.BDCA.AQD,NET_ES131A,STA_ES0125A,,SP_28079017_14_6,SPP_28079017_14_6.1,SAM_28079017_14_6,O3,http://dd.eionet.europa.eu/vocabulary/aq/pollutant/7,hour,2.6900000000,µg/m3,2017-03-15 06:00:00 +01:00,2017-03-15 07:00:00 +01:00,1,1
ES,ES.BDCA.AQD,NET_ES131A,STA_ES0125A,,SP_28079017_14_6,SPP_28079017_14_6.1,SAM_28079017_14_6,O3,http://dd.eionet.europa.eu/vocabulary/aq/pollutant/7,hour,17.0500000000,µg/m3,2017-03-15 07:00:00 +01:00,2017-03-15 08:00:00 +01:00,1,1
ES,ES.BDCA.AQD,NET_ES131A,STA_ES0125A,,SP_28079017_14_6,SPP_28079017_14_6.1,SAM_28079017_14_6,O3,http://dd.eionet.europa.eu/vocabulary/aq/pollutant/7,hour,27.9800000000,µg/m3,2017-03-15 08:00:00 +01:00,2017-03-15 09:00:00 +01:00,1,1
ES,ES.BDCA.AQD,NET_ES131A,STA_ES0125A,,SP_28079017_14_6,SPP_28079017_14_6.1,SAM_28079017_14_6,O3,http://dd.eionet.europa.eu/vocabulary/aq/pollutant/7,hour,39.6400000000,µg/m3,2017-03-15 09:00:00 +01:00,2017-03-15 10:00:00 +01:00,1,1
ES,ES.BDCA.AQD,NET_ES131A,STA_ES0125A,,SP_28079017_14_6,SPP_28079017_14_6.1,SAM_28079017_14_6,O3,http://dd.eionet.europa.eu/vocabulary/aq/pollutant/7,hour,47.7599999900,µg/m3,2017-03-15 10:00:00 +01:00,2017-03-15 11:00:00 +01:00,1,1
ES,ES.BDCA.AQD,NET_ES131A,STA_ES0125A,,SP_28079017_14_6,SPP_28079017_14_6.1,SAM_28079017_14_6,O3,http://dd.eionet.europa.eu/vocabulary/aq/pollutant/7,hour,56.9699999900,µg/m3,2017-03-15 11:00:00 +01:00,2017-03-15 12:00:00 +01:00,1,1
ES,ES.BDCA.AQD,NET_ES131A,STA_ES0125A,,SP_28079017_14_6,SPP_28079017_14_6.1,SAM_28079017_14_6,O3,http://dd.eionet.europa.eu/vocabulary/aq/pollutant/7,hour,76.3299999900,µg/m3,2017-03-15 12:00:00 +01:00,2017-03-15 13:00:00 +01:00,1,1
ES,ES.BDCA.AQD,NET_ES131A,STA_ES0125A,,SP_28079017_14_6,SPP_28079017_14_6.1,SAM_28079017_14_6,O3,http://dd.eionet.europa.eu/vocabulary/aq/pollutant/7,hour,84.2900000000,µg/m3,2017-03-15 13:00:00 +01:00,2017-03-15 14:00:00 +01:00,1,1
ES,ES.BDCA.AQD,NET_ES131A,STA_ES0125A,,SP_28079017_14_6,SPP_28079017_14_6.1,SAM_28079017_14_6,O3,http://dd.eionet.europa.eu/vocabulary/aq/pollutant/7,hour,92.9599999900,µg/m3,2017-03-15 14:00:00 +01:00,2017-03-15 15:00:00 +01:00,1,1
ES,ES.BDCA.AQD,NET_ES131A,STA_ES0125A,,SP_28079017_14_6,SPP_28079017_14_6.1,SAM_28079017_14_6,O3,http://dd.eionet.europa.eu/vocabulary/aq/pollutant/7,hour,95.0999999900,µg/m3,2017-03-15 15:00:00 +01:00,2017-03-15 16:00:00 +01:00,1,1
ES,ES.BDCA.AQD,NET_ES131A,STA_ES0125A,,SP_28079017_14_6,SPP_28079017_14_6.1,SAM_28079017_14_6,O3,http://dd.eionet.europa.eu/vocabulary/aq/pollutant/7,hour,94.4300000000,µg/m3,2017-03-15 16:00:00 +01:00,2017-03-15 17:00:00 +01:00,1,1
ES,ES.BDCA.AQD,NET_ES131A,STA_ES0125A,,SP_28079017_14_6,SPP_28079017_14_6.1,SAM_28079017_14_6,O3,http://dd.eionet.europa.eu/vocabulary/aq/pollutant/7,hour,91.1599999900,µg/m3,2017-03-15 17:00:00 +01:00,2017-03-15 18:00:00 +01:00,1,1
ES,ES.BDCA.AQD,NET_ES131A,STA_ES0125A,,SP_28079017_14_6,SPP_28079017_14_6.1,SAM_28079017_14_6,O3,http://dd.eionet.europa.eu/vocabulary/aq/pollutant/7,hour,85.2600000000,µg/m3,2017-03-15 18:00:00 +01:00,2017-03-15 19:00:00 +01:00,1,1
ES,ES.BDCA.AQD,NET_ES131A,STA_ES0125A,,SP_28079017_14_6,SPP_28079017_14_6.1,SAM_28079017_14_6,O3,http://dd.eionet.europa.eu/vocabulary/aq/pollutant/7,hour,52.4600000000,µg/m3,2017-03-15 19:00:00 +01:00,2017-03-15 20:00:00 +01:00,1,1
ES,ES.BDCA.AQD,NET_ES131A,STA_ES0125A,,SP_28079017_14_6,SPP_28079017_14_6.1,SAM_28079017_14_6,O3,http://dd.eionet.europa.eu/vocabulary/aq/pollutant/7,hour,49.2100000000,µg/m3,2017-03-15 20:00:00 +01:00,2017-03-15 21:00:00 +01:00,1,1
ES,ES.BDCA.AQD,NET_ES131A,STA_ES0125A,,SP_28079017_14_6,SPP_28079017_14_6.1,SAM_28079017_14_6,O3,http://dd.eionet.europa.eu/vocabulary/aq/pollutant/7,hour,53.4799999900,µg/m3,2017-03-15 21:00:00 +01:00,2017-03-15 22:00:00 +01:00,1,1
ES,ES.BDCA.AQD,NET_ES131A,STA_ES0125A,,SP_28079017_14_6,SPP_28079017_14_6.1,SAM_28079017_14_6,O3,http://dd.eionet.europa.eu/vocabulary/aq/pollutant/7,hour,51.2500000000,µg/m3,2017-03-15 22:00:00 +01:00,2017-03-15 23:00:00 +01:00,1,1
ES,ES.BDCA.AQD,NET_ES131A,STA_ES0125A,,SP_28079017_14_6,SPP_28079017_14_6.1,SAM_28079017_14_6,O3,http://dd.eionet.europa.eu/vocabulary/aq/pollutant/7,hour,69.4500000000,µg/m3,2017-03-15 23:00:00 +01:00,2017-03-16 00:00:00 +01:00,1,1
ES,ES.BDCA.AQD,NET_ES131A,STA_ES0125A,,SP_28079017_14_6,SPP_28079017_14_6.1,SAM_28079017_14_6,O3,http://dd.eionet.europa.eu/vocabulary/aq/pollutant/7,hour,60.8500000000,µg/m3,2017-03-16 00:00:00 +01:00,2017-03-16 01:00:00 +01:00,1,1
ES,ES.BDCA.AQD,NET_ES131A,STA_ES0125A,,SP_28079017_14_6,SPP_28079017_14_6.1,SAM_28079017_14_6,O3,http://dd.eionet.europa.eu/vocabulary/aq/pollutant/7,hour,19.4899999900,µg/m3,2017-03-16 01:00:00 +01:00,2017-03-16 02:00:00 +01:00,1,1
ES,ES.BDCA.AQD,NET_ES131A,STA_ES0125A,,SP_28079017_14_6,SPP_28079017_14_6.1,SAM_28079017_14_6,O3,http://dd.eionet.europa.eu/vocabulary/aq/pollutant/7,hour,37.7899999900,µg/m3,2017-03-16 02:00:00 +01:00,2017-03-16 03:00:00 +01:00,1,1
ES,ES.BDCA.AQD,NET_ES131A,STA_ES0125A,,SP_28079017_14_6,SPP_28079017_14_6.1,SAM_28079017_14_6,O3,http://dd.eionet.europa.eu/vocabulary/aq/pollutant/7,hour,24.2399999900,µg/m3,2017-03-16 03:00:00 +01:00,2017-03-16 04:00:00 +01:00,1,1
ES,ES.BDCA.AQD,NET_ES131A,STA_ES0125A,,SP_28079017_14_6,SPP_28079017_14_6.1,SAM_28079017_14_6,O3,http://dd.eionet.europa.eu/vocabulary/aq/pollutant/7,hour,10.1300000000,µg/m3,2017-03-16 04:00:00 +01:00,2017-03-16 05:00:00 +01:00,1,1
ES,ES.BDCA.AQD,NET_ES131A,STA_ES0125A,,SP_28079017_14_6,SPP_28079017_14_6.1,SAM_28079017_14_6,O3,http://dd.eionet.europa.eu/vocabulary/aq/pollutant/7,hour,3.1000000000,µg/m3,2017-03-16 05:00:00 +01:00,2017-03-16 06:00:00 +01:00,1,1
ES,ES.BDCA.AQD,NET_ES131A,STA_ES0125A,,SP_28079017_14_6,SPP_28079017_14_6.1,SAM_28079017_14_6,O3,http://dd.eionet.europa.eu/vocabulary/aq/pollutant/7,hour,1.3700000000,µg/m3,2017-03-16 06:00:00 +01:00,2017-03-16 07:00:00 +01:00,1,1
ES,ES.BDCA.AQD,NET_ES131A,STA_ES0125A,,SP_28079017_14_6,SPP_28079017_14_6.1,SAM_28079017_14_6,O3,http://dd.eionet.europa.eu/vocabulary/aq/pollutant/7,hour,1.6100000000,µg/m3,2017-03-16 07:00:00 +01:00,2017-03-16 08:00:00 +01:00,1,1
ES,ES.BDCA.AQD,NET_ES131A,STA_ES0125A,,SP_28079017_14_6,SPP_28079017_14_6.1,SAM_28079017_14_6,O3,http://dd.eionet.europa.eu/vocabulary/aq/pollutant/7,hour,3.0400000000,µg/m3,2017-03-16 08:00:00 +01:00,2017-03-16 09:00:00 +01:00,1,1
ES,ES.BDCA.AQD,NET_ES131A,STA_ES0125A,,SP_28079017_14_6,SPP_28079017_14_6.1,SAM_28079017_14_6,O3,http://dd.eionet.europa.eu/vocabulary/aq/pollutant/7,hour,19.5900000000,µg/m3,2017-03-16 09:00:00 +01:00,2017-03-16 10:00:00 +01:00,1,1
ES,ES.BDCA.AQD,NET_ES131A,STA_ES0125A,,SP_28079017_14_6,SPP_28079017_14_6.1,SAM_28079017_14_6,O3,http://dd.eionet.europa.eu/vocabulary/aq/pollutant/7,hour,38.8200000000,µg/m3,2017-03-16 10:00:00 +01:00,2017-03-16 11:00:00 +01:00,1,1
ES,ES.BDCA.AQD,NET_ES131A,STA_ES0125A,,SP_28079017_14_6,SPP_28079017_14_6.1,SAM_28079017_14_6,O3,http://dd.eionet.europa.eu/vocabulary/aq/pollutant/7,hour,72.5300000000,µg/m3,2017-03-16 11:00:00 +01:00,2017-03-16 12:00:00 +01:00,1,1
ES,ES.BDCA.AQD,NET_ES131A,STA_ES0125A,,SP_28079017_14_6,SPP_28079017_14_6.1,SAM_28079017_14_6,O3,http://dd.eionet.europa.eu/vocabulary/aq/pollutant/7,hour,83.2600000000,µg/m3,2017-03-16 12:00:00 +01:00,2017-03-16 13:00:00 +01:00,1,1
ES,ES.BDCA.AQD,NET_ES131A,STA_ES0125A,,SP_28079017_14_6,SPP_28079017_14_6.1,SAM_28079017_14_6,O3,http://dd.eionet.europa.eu/vocabulary/aq/pollutant/7,hour,95.4300000000,µg/m3,2017-03-16 13:00:00 +01:00,2017-03-16 14:00:00 +01:00,1,1
ES,ES.BDCA.AQD,NET_ES131A,STA_ES0125A,,SP_28079017_14_6,SPP_28079017_14_6.1,SAM_28079017_14_6,O3,http://dd.eionet.europa.eu/vocabulary/aq/pollutant/7,hour,96.2800000000,µg/m3,2017-03-16 14:00:00 +01:00,2017-03-16 15:00:00 +01:00,1,1
ES,ES.BDCA.AQD,NET_ES131A,STA_ES0125A,,SP_28079017_14_6,SPP_28079017_14_6.1,SAM_28079017_14_6,O3,http://dd.eionet.europa.eu/vocabulary/aq/pollutant/7,hour,95.1800000000,µg/m3,2017-03-16 15:00:00 +01:00,2017-03-16 16:00:00 +01:00,1,1
ES,ES.BDCA.AQD,NET_ES131A,STA_ES0125A,,SP_28079017_14_6,SPP_28079017_14_6.1,SAM_28079017_14_6,O3,http://dd.eionet.europa.eu/vocabulary/aq/pollutant/7,hour,92.6800000000,µg/m3,2017-03-16 16:00:00 +01:00,2017-03-16 17:00:00 +01:00,1,1
ES,ES.BDCA.AQD,NET_ES131A,STA_ES0125A,,SP_28079017_14_6,SPP_28079017_14_6.1,SAM_28079017_14_6,O3,http://dd.eionet.europa.eu/vocabulary/aq/pollutant/7,hour,91.2000000000,µg/m3,2017-03-16 17:00:00 +01:00,2017-03-16 18:00:00 +01:00,1,1
ES,ES.BDCA.AQD,NET_ES131A,STA_ES0125A,,SP_28079017_14_6,SPP_28079017_14_6.1,SAM_28079017_14_6,O3,http://dd.eionet.europa.eu/vocabulary/aq/pollutant/7,hour,86.6599999900,µg/m3,2017-03-16 18:00:00 +01:00,2017-03-16 19:00:00 +01:00,1,1
ES,ES.BDCA.AQD,NET_ES131A,STA_ES0125A,,SP_28079017_14_6,SPP_28079017_14_6.1,SAM_28079017_14_6,O3,http://dd.eionet.europa.eu/vocabulary/aq/pollutant/7,hour,64.5400000000,µg/m3,2017-03-16 19:00:00 +01:00,2017-03-16 20:00:00 +01:00,1,1
ES,ES.BDCA.AQD,NET_ES131A,STA_ES0125A,,SP_28079017_14_6,SPP_28079017_14_6.1,SAM_28079017_14_6,O3,http://dd.eionet.europa.eu/vocabulary/aq/pollutant/7,hour,59.3699999900,µg/m3,2017-03-16 20:00:00 +01:00,2017-03-16 21:00:00 +01:00,1,1
ES,ES.BDCA.AQD,NET_ES131A,STA_ES0125A,,SP_28079017_14_6,SPP_28079017_14_6.1,SAM_28079017_14_6,O3,http://dd.eionet.europa.eu/vocabulary/aq/pollutant/7,hour,55.4099999900,µg/m3,2017-03-16 21:00:00 +01:00,2017-03-16 22:00:00 +01:00,1,1
ES,ES.BDCA.AQD,NET_ES131A,STA_ES0125A,,SP_28079017_14_6,SPP_28079017_14_6.1,SAM_28079017_14_6,O3,http://dd.eionet.europa.eu/vocabulary/aq/pollutant/7,hour,70.7500000000,µg/m3,2017-03-16 22:00:00 +01:00,2017-03-16 23:00:00 +01:00,1,1
ES,ES.BDCA.AQD,NET_ES131A,STA_ES0125A,,SP_28079017_14_6,SPP_28079017_14_6.1,SAM_28079017_14_6,O3,http://dd.eionet.europa.eu/vocabulary/aq/pollutant/7,hour,73.1400000000,µg/m3,2017-03-16 23:00:00 +01:00,2017-03-17 00:00:00 +01:00,1,1
ES,ES.BDCA.AQD,NET_ES131A,STA_ES0125A,,SP_28079017_14_6,SPP_28079017_14_6.1,SAM_28079017_14_6,O3,http://dd.eionet.europa.eu/vocabulary/aq/pollutant/7,hour,64.5100000000,µg/m3,2017-03-17 00:00:00 +01:00,2017-03-17 01:00:00 +01:00,1,1
ES,ES.BDCA.AQD,NET_ES131A,STA_ES0125A,,SP_28079017_14_6,SPP_28079017_14_6.1,SAM_28079017_14_6,O3,http://dd.eionet.europa.eu/vocabulary/aq/pollutant/7,hour,69.0300000000,µg/m3,2017-03-17 01:00:00 +01:00,2017-03-17 02:00:00 +01:00,1,1
ES,ES.BDCA.AQD,NET_ES131A,STA_ES0125A,,SP_28079017_14_6,SPP_28079017_14_6.1,SAM_28079017_14_6,O3,http://dd.eionet.europa.eu/vocabulary/aq/pollutant/7,hour,57.8800000000,µg/m3,2017-03-17 02:00:00 +01:00,2017-03-17 03:00:00 +01:00,1,1
ES,ES.BDCA.AQD,NET_ES131A,STA_ES0125A,,SP_28079017_14_6,SPP_28079017_14_6.1,SAM_28079017_14_6,O3,http://dd.eionet.europa.eu/vocabulary/aq/pollutant/7,hour,16.2300000000,µg/m3,2017-03-17 03:00:00 +01:00,2017-03-17 04:00:00 +01:00,1,1
ES,ES.BDCA.AQD,NET_ES131A,STA_ES0125A,,SP_28079017_14_6,SPP_28079017_14_6.1,SAM_28079017_14_6,O3,http://dd.eionet.europa.eu/vocabulary/aq/pollutant/7,hour,4.4199999900,µg/m3,2017-03-17 04:00:00 +01:00,2017-03-17 05:00:00 +01:00,1,1
ES,ES.BDCA.AQD,NET_ES131A,STA_ES0125A,,SP_28079017_14_6,SPP_28079017_14_6.1,SAM_28079017_14_6,O3,http://dd.eionet.europa.eu/vocabulary/aq/pollutant/7,hour,33.7100000000,µg/m3,2017-03-17 05:00:00 +01:00,2017-03-17 06:00:00 +01:00,1,1
ES,ES.BDCA.AQD,NET_ES131A,STA_ES0125A,,SP_28079017_14_6,SPP_28079017_14_6.1,SAM_28079017_14_6,O3,http://dd.eionet.europa.eu/vocabulary/aq/pollutant/7,hour,11.4000000000,µg/m3,2017-03-17 06:00:00 +01:00,2017-03-17 07:00:00 +01:00,1,1
ES,ES.BDCA.AQD,NET_ES131A,STA_ES0125A,,SP_28079017_14_6,SPP_28079017_14_6.1,SAM_28079017_14_6,O3,http://dd.eionet.europa.eu/vocabulary/aq/pollutant/7,hour,1.4499999900,µg/m3,2017-03-17 07:00:00 +01:00,2017-03-17 08:00:00 +01:00,1,1
ES,ES.BDCA.AQD,NET_ES131A,STA_ES0125A,,SP_28079017_14_6,SPP_28079017_14_6.1,SAM_28079017_14_6,O3,http://dd.eionet.europa.eu/vocabulary/aq/pollutant/7,hour,3.9900000000,µg/m3,2017-03-17 08:00:00 +01:00,2017-03-17 09:00:00 +01:00,1,1
ES,ES.BDCA.AQD,NET_ES131A,STA_ES0125A,,SP_28079017_14_6,SPP_28079017_14_6.1,SAM_28079017_14_6,O3,http://dd.eionet.europa.eu/vocabulary/aq/pollutant/7,hour,14.5000000000,µg/m3,2017-03-17 09:00:00 +01:00,2017-03-17 10:00:00 +01:00,1,1
ES,ES.BDCA.AQD,NET_ES131A,STA_ES0125A,,SP_28079017_14_6,SPP_28079017_14_6.1,SAM_28079017_14_6,O3,http://dd.eionet.europa.eu/vocabulary/aq/pollutant/7,hour,70.4899999900,µg/m3,2017-03-17 10:00:00 +01:00,2017-03-17 11:00:00 +01:00,1,1
ES,ES.BDCA.AQD,NET_ES131A,STA_ES0125A,,SP_28079017_14_6,SPP_28079017_14_6.1,SAM_28079017_14_6,O3,http://dd.eionet.europa.eu/vocabulary/aq/pollutant/7,hour,83.4699999900,µg/m3,2017-03-17 11:00:00 +01:00,2017-03-17 12:00:00 +01:00,1,1
ES,ES.BDCA.AQD,NET_ES131A,STA_ES0125A,,SP_28079017_14_6,SPP_28079017_14_6.1,SAM_28079017_14_6,O3,http://dd.eionet.europa.eu/vocabulary/aq/pollutant/7,hour,85.2399999900,µg/m3,2017-03-17 12:00:00 +01:00,2017-03-17 13:00:00 +01:00,1,1
ES,ES.BDCA.AQD,NET_ES131A,STA_ES0125A,,SP_28079017_14_6,SPP_28079017_14_6.1,SAM_28079017_14_6,O3,http://dd.eionet.europa.eu/vocabulary/aq/pollutant/7,hour,94.1700000000,µg/m3,2017-03-17 13:00:00 +01:00,2017-03-17 14:00:00 +01:00,1,1
ES,ES.BDCA.AQD,NET_ES131A,STA_ES0125A,,SP_28079017_14_6,SPP_28079017_14_6.1,SAM_28079017_14_6,O3,http://dd.eionet.europa.eu/vocabulary/aq/pollutant/7,hour,100.0000000000,µg/m3,2017-03-17 14:00:00 +01:00,2017-03-17 15:00:00 +01:00,1,1
ES,ES.BDCA.AQD,NET_ES131A,STA_ES0125A,,SP_28079017_14_6,SPP_28079017_14_6.1,SAM_28079017_14_6,O3,http://dd.eionet.europa.eu/vocabulary/aq/pollutant/7,hour,105.7000000000,µg/m3,2017-03-17 15:00:00 +01:00,2017-03-17 16:00:00 +01:00,1,1
ES,ES.BDCA.AQD,NET_ES131A,STA_ES0125A,,SP_28079017_14_6,SPP_28079017_14_6.1,SAM_28079017_14_6,O3,http://dd.eionet.europa.eu/vocabulary/aq/pollutant/7,hour,107.7000000000,µg/m3,2017-03-17 16:00:00 +01:00,2017-03-17 17:00:00 +01:00,1,1
ES,ES.BDCA.AQD,NET_ES131A,STA_ES0125A,,SP_28079017_14_6,SPP_28079017_14_6.1,SAM_28079017_14_6,O3,http://dd.eionet.europa.eu/vocabulary/aq/pollutant/7,hour,103.5999999900,µg/m3,2017-03-17 17:00:00 +01:00,2017-03-17 18:00:00 +01:00,1,1
ES,ES.BDCA.AQD,NET_ES131A,STA_ES0125A,,SP_28079017_14_6,SPP_28079017_14_6.1,SAM_28079017_14_6,O3,http://dd.eionet.europa.eu/vocabulary/aq/pollutant/7,hour,86.5499999900,µg/m3,2017-03-17 18:00:00 +01:00,2017-03-17 19:00:00 +01:00,1,1
ES,ES.BDCA.AQD,NET_ES131A,STA_ES0125A,,SP_28079017_14_6,SPP_28079017_14_6.1,SAM_28079017_14_6,O3,http://dd.eionet.europa.eu/vocabulary/aq/pollutant/7,hour,41.7000000000,µg/m3,2017-03-17 19:00:00 +01:00,2017-03-17 20:00:00 +01:00,1,1
ES,ES.BDCA.AQD,NET_ES131A,STA_ES0125A,,SP_28079017_14_6,SPP_28079017_14_6.1,SAM_28079017_14_6,O3,http://dd.eionet.europa.eu/vocabulary/aq/pollutant/7,hour,14.4900000000,µg/m3,2017-03-17 20:00:00 +01:00,2017-03-17 21:00:00 +01:00,1,1
ES,ES.BDCA.AQD,NET_ES131A,STA_ES0125A,,SP_28079017_14_6,SPP_28079017_14_6.1,SAM_28079017_14_6,O3,http://dd.eionet.europa.eu/vocabulary/aq/pollutant/7,hour,2.3599999900,µg/m3,2017-03-17 21:00:00 +01:00,2017-03-17 22:00:00 +01:00,1,1
ES,ES.BDCA.AQD,NET_ES131A,STA_ES0125A,,SP_28079017_14_6,SPP_28079017_14_6.1,SAM_28079017_14_6,O3,http://dd.eionet.europa.eu/vocabulary/aq/pollutant/7,hour,2.5600000000,µg/m3,2017-03-17 22:00:00 +01:00,2017-03-17 23:00:00 +01:00,1,1
ES,ES.BDCA.AQD,NET_ES131A,STA_ES0125A,,SP_28079017_14_6,SPP_28079017_14_6.1,SAM_28079017_14_6,O3,http://dd.eionet.europa.eu/vocabulary/aq/pollutant/7,hour,3.0200000000,µg/m3,2017-03-17 23:00:00 +01:00,2017-03-18 00:00:00 +01:00,1,1
ES,ES.BDCA.AQD,NET_ES131A,STA_ES0125A,,SP_28079017_14_6,SPP_28079017_14_6.1,SAM_28079017_14_6,O3,http://dd.eionet.europa.eu/vocabulary/aq/pollutant/7,hour,3.0400000000,µg/m3,2017-03-18 00:00:00 +01:00,2017-03-18 01:00:00 +01:00,1,1
ES,ES.BDCA.AQD,NET_ES131A,STA_ES0125A,,SP_28079017_14_6,SPP_28079017_14_6.1,SAM_28079017_14_6,O3,http://dd.eionet.europa.eu/vocabulary/aq/pollutant/7,hour,1.8600000000,µg/m3,2017-03-18 01:00:00 +01:00,2017-03-18 02:00:00 +01:00,1,1
ES,ES.BDCA.AQD,NET_ES131A,STA_ES0125A,,SP_28079017_14_6,SPP_28079017_14_6.1,SAM_28079017_14_6,O3,http://dd.eionet.europa.eu/vocabulary/aq/pollutant/7,hour,1.6499999900,µg/m3,2017-03-18 02:00:00 +01:00,2017-03-18 03:00:00 +01:00,1,1
ES,ES.BDCA.AQD,NET_ES131A,STA_ES0125A,,SP_28079017_14_6,SPP_28079017_14_6.1,SAM_28079017_14_6,O3,http://dd.eionet.europa.eu/vocabulary/aq/pollutant/7,hour,1.3600000000,µg/m3,2017-03-18 03:00:00 +01:00,2017-03-18 04:00:00 +01:00,1,1
ES,ES.BDCA.AQD,NET_ES131A,STA_ES0125A,,SP_28079017_14_6,SPP_28079017_14_6.1,SAM_28079017_14_6,O3,http://dd.eionet.europa.eu/vocabulary/aq/pollutant/7,hour,1.3300000000,µg/m3,2017-03-18 04:00:00 +01:00,2017-03-18 05:00:00 +01:00,1,1
ES,ES.BDCA.AQD,NET_ES131A,STA_ES0125A,,SP_28079017_14_6,SPP_28079017_14_6.1,SAM_28079017_14_6,O3,http://dd.eionet.europa.eu/vocabulary/aq/pollutant/7,hour,1.2200000000,µg/m3,2017-03-18 05:00:00 +01:00,2017-03-18 06:00:00 +01:00,1,1
ES,ES.BDCA.AQD,NET_ES131A,STA_ES0125A,,SP_28079017_14_6,SPP_28079017_14_6.1,SAM_28079017_14_6,O3,http://dd.eionet.europa.eu/vocabulary/aq/pollutant/7,hour,1.2200000000,µg/m3,2017-03-18 06:00:00 +01:00,2017-03-18 07:00:00 +01:00,1,1
ES,ES.BDCA.AQD,NET_ES131A,STA_ES0125A,,SP_28079017_14_6,SPP_28079017_14_6.1,SAM_28079017_14_6,O3,http://dd.eionet.europa.eu/vocabulary/aq/pollutant/7,hour,1.7500000000,µg/m3,2017-03-18 07:00:00 +01:00,2017-03-18 08:00:00 +01:00,1,1
ES,ES.BDCA.AQD,NET_ES131A,STA_ES0125A,,SP_28079017_14_6,SPP_28079017_14_6.1,SAM_28079017_14_6,O3,http://dd.eionet.europa.eu/vocabulary/aq/pollutant/7,hour,3.6800000000,µg/m3,2017-03-18 08:00:00 +01:00,2017-03-18 09:00:00 +01:00,1,1
ES,ES.BDCA.AQD,NET_ES131A,STA_ES0125A,,SP_28079017_14_6,SPP_28079017_14_6.1,SAM_28079017_14_6,O3,http://dd.eionet.europa.eu/vocabulary/aq/pollutant/7,hour,16.6999999900,µg/m3,2017-03-18 09:00:00 +01:00,2017-03-18 10:00:00 +01:00,1,1
ES,ES.BDCA.AQD,NET_ES131A,STA_ES0125A,,SP_28079017_14_6,SPP_28079017_14_6.1,SAM_28079017_14_6,O3,http://dd.eionet.europa.eu/vocabulary/aq/pollutant/7,hour,18.9300000000,µg/m3,2017-03-18 10:00:00 +01:00,2017-03-18 11:00:00 +01:00,1,1
ES,ES.BDCA.AQD,NET_ES131A,STA_ES0125A,,SP_28079017_14_6,SPP_28079017_14_6.1,SAM_28079017_14_6,O3,http://dd.eionet.europa.eu/vocabulary/aq/pollutant/7,hour,40.8900000000,µg/m3,2017-03-18 11:00:00 +01:00,2017-03-18 12:00:00 +01:00,1,1
ES,ES.BDCA.AQD,NET_ES131A,STA_ES0125A,,SP_28079017_14_6,SPP_28079017_14_6.1,SAM_28079017_14_6,O3,http://dd.eionet.europa.eu/vocabulary/aq/pollutant/7,hour,61.0600000000,µg/m3,2017-03-18 12:00:00 +01:00,2017-03-18 13:00:00 +01:00,1,1
ES,ES.BDCA.AQD,NET_ES131A,STA_ES0125A,,SP_28079017_14_6,SPP_28079017_14_6.1,SAM_28079017_14_6,O3,http://dd.eionet.europa.eu/vocabulary/aq/pollutant/7,hour,79.2300000000,µg/m3,2017-03-18 13:00:00 +01:00,2017-03-18 14:00:00 +01:00,1,1
ES,ES.BDCA.AQD,NET_ES131A,STA_ES0125A,,SP_28079017_14_6,SPP_28079017_14_6.1,SAM_28079017_14_6,O3,http://dd.eionet.europa.eu/vocabulary/aq/pollutant/7,hour,73.8599999900,µg/m3,2017-03-18 14:00:00 +01:00,2017-03-18 15:00:00 +01:00,1,1
ES,ES.BDCA.AQD,NET_ES131A,STA_ES0125A,,SP_28079017_14_6,SPP_28079017_14_6.1,SAM_28079017_14_6,O3,http://dd.eionet.europa.eu/vocabulary/aq/pollutant/7,hour,84.1299999900,µg/m3,2017-03-18 15:00:00 +01:00,2017-03-18 16:00:00 +01:00,1,1
ES,ES.BDCA.AQD,NET_ES131A,STA_ES0125A,,SP_28079017_14_6,SPP_28079017_14_6.1,SAM_28079017_14_6,O3,http://dd.eionet.europa.eu/vocabulary/aq/pollutant/7,hour,92.9099999900,µg/m3,2017-03-18 16:00:00 +01:00,2017-03-18 17:00:00 +01:00,1,1
ES,ES.BDCA.AQD,NET_ES131A,STA_ES0125A,,SP_28079017_14_6,SPP_28079017_14_6.1,SAM_28079017_14_6,O3,http://dd.eionet.europa.eu/vocabulary/aq/pollutant/7,hour,101.0999999900,µg/m3,2017-03-18 17:00:00 +01:00,2017-03-18 18:00:00 +01:00,1,1
ES,ES.BDCA.AQD,NET_ES131A,STA_ES0125A,,SP_28079017_14_6,SPP_28079017_14_6.1,SAM_28079017_14_6,O3,http://dd.eionet.europa.eu/vocabulary/aq/pollutant/7,hour,81.4099999900,µg/m3,2017-03-18 18:00:00 +01:00,2017-03-18 19:00:00 +01:00,1,1
ES,ES.BDCA.AQD,NET_ES131A,STA_ES0125A,,SP_28079017_14_6,SPP_28079017_14_6.1,SAM_28079017_14_6,O3,http://dd.eionet.europa.eu/vocabulary/aq/pollutant/7,hour,31.9699999900,µg/m3,2017-03-18 19:00:00 +01:00,2017-03-18 20:00:00 +01:00,1,1
ES,ES.BDCA.AQD,NET_ES131A,STA_ES0125A,,SP_28079017_14_6,SPP_28079017_14_6.1,SAM_28079017_14_6,O3,http://dd.eionet.europa.eu/vocabulary/aq/pollutant/7,hour,3.2700000000,µg/m3,2017-03-18 20:00:00 +01:00,2017-03-18 21:00:00 +01:00,1,1
ES,ES.BDCA.AQD,NET_ES131A,STA_ES0125A,,SP_28079017_14_6,SPP_28079017_14_6.1,SAM_28079017_14_6,O3,http://dd.eionet.europa.eu/vocabulary/aq/pollutant/7,hour,9.2200000000,µg/m3,2017-03-18 21:00:00 +01:00,2017-03-18 22:00:00 +01:00,1,1
ES,ES.BDCA.AQD,NET_ES131A,STA_ES0125A,,SP_28079017_14_6,SPP_28079017_14_6.1,SAM_28079017_14_6,O3,http://dd.eionet.europa.eu/vocabulary/aq/pollutant/7,hour,4.3099999900,µg/m3,2017-03-18 22:00:00 +01:00,2017-03-18 23:00:00 +01:00,1,1
ES,ES.BDCA.AQD,NET_ES131A,STA_ES0125A,,SP_28079017_14_6,SPP_28079017_14_6.1,SAM_28079017_14_6,O3,http://dd.eionet.europa.eu/vocabulary/aq/pollutant/7,hour,4.3799999900,µg/m3,2017-03-18 23:00:00 +01:00,2017-03-19 00:00:00 +01:00,1,1
ES,ES.BDCA.AQD,NET_ES131A,STA_ES0125A,,SP_28079017_14_6,SPP_28079017_14_6.1,SAM_28079017_14_6,O3,http://dd.eionet.europa.eu/vocabulary/aq/pollutant/7,hour,2.1000000000,µg/m3,2017-03-19 00:00:00 +01:00,2017-03-19 01:00:00 +01:00,1,1
ES,ES.BDCA.AQD,NET_ES131A,STA_ES0125A,,SP_28079017_14_6,SPP_28079017_14_6.1,SAM_28079017_14_6,O3,http://dd.eionet.europa.eu/vocabulary/aq/pollutant/7,hour,1.8899999900,µg/m3,2017-03-19 01:00:00 +01:00,2017-03-19 02:00:00 +01:00,1,1
ES,ES.BDCA.AQD,NET_ES131A,STA_ES0125A,,SP_28079017_14_6,SPP_28079017_14_6.1,SAM_28079017_14_6,O3,http://dd.eionet.europa.eu/vocabulary/aq/pollutant/7,hour,1.2900000000,µg/m3,2017-03-19 02:00:00 +01:00,2017-03-19 03:00:00 +01:00,1,1
ES,ES.BDCA.AQD,NET_ES131A,STA_ES0125A,,SP_28079017_14_6,SPP_28079017_14_6.1,SAM_28079017_14_6,O3,http://dd.eionet.europa.eu/vocabulary/aq/pollutant/7,hour,1.1899999900,µg/m3,2017-03-19 03:00:00 +01:00,2017-03-19 04:00:00 +01:00,1,1
ES,ES.BDCA.AQD,NET_ES131A,STA_ES0125A,,SP_28079017_14_6,SPP_28079017_14_6.1,SAM_28079017_14_6,O3,http://dd.eionet.europa.eu/vocabulary/aq/pollutant/7,hour,1.4700000000,µg/m3,2017-03-19 04:00:00 +01:00,2017-03-19 05:00:00 +01:00,1,1
ES,ES.BDCA.AQD,NET_ES131A,STA_ES0125A,,SP_28079017_14_6,SPP_28079017_14_6.1,SAM_28079017_14_6,O3,http://dd.eionet.europa.eu/vocabulary/aq/pollutant/7,hour,1.3000000000,µg/m3,2017-03-19 05:00:00 +01:00,2017-03-19 06:00:00 +01:00,1,1
ES,ES.BDCA.AQD,NET_ES131A,STA_ES0125A,,SP_28079017_14_6,SPP_28079017_14_6.1,SAM_28079017_14_6,O3,http://dd.eionet.europa.eu/vocabulary/aq/pollutant/7,hour,1.1299999900,µg/m3,2017-03-19 06:00:00 +01:00,2017-03-19 07:00:00 +01:00,1,1
ES,ES.BDCA.AQD,NET_ES131A,STA_ES0125A,,SP_28079017_14_6,SPP_28079017_14_6.1,SAM_28079017_14_6,O3,http://dd.eionet.europa.eu/vocabulary/aq/pollutant/7,hour,1.2100000000,µg/m3,2017-03-19 07:00:00 +01:00,2017-03-19 08:00:00 +01:00,1,1
ES,ES.BDCA.AQD,NET_ES131A,STA_ES0125A,,SP_28079017_14_6,SPP_28079017_14_6.1,SAM_28079017_14_6,O3,http://dd.eionet.europa.eu/vocabulary/aq/pollutant/7,hour,4.2100000000,µg/m3,2017-03-19 08:00:00 +01:00,2017-03-19 09:00:00 +01:00,1,1
ES,ES.BDCA.AQD,NET_ES131A,STA_ES0125A,,SP_28079017_14_6,SPP_28079017_14_6.1,SAM_28079017_14_6,O3,http://dd.eionet.europa.eu/vocabulary/aq/pollutant/7,hour,14.7400000000,µg/m3,2017-03-19 09:00:00 +01:00,2017-03-19 10:00:00 +01:00,1,1
ES,ES.BDCA.AQD,NET_ES131A,STA_ES0125A,,SP_28079017_14_6,SPP_28079017_14_6.1,SAM_28079017_14_6,O3,http://dd.eionet.europa.eu/vocabulary/aq/pollutant/7,hour,30.1299999900,µg/m3,2017-03-19 10:00:00 +01:00,2017-03-19 11:00:00 +01:00,1,1
ES,ES.BDCA.AQD,NET_ES131A,STA_ES0125A,,SP_28079017_14_6,SPP_28079017_14_6.1,SAM_28079017_14_6,O3,http://dd.eionet.europa.eu/vocabulary/aq/pollutant/7,hour,49.4699999900,µg/m3,2017-03-19 11:00:00 +01:00,2017-03-19 12:00:00 +01:00,1,1
ES,ES.BDCA.AQD,NET_ES131A,STA_ES0125A,,SP_28079017_14_6,SPP_28079017_14_6.1,SAM_28079017_14_6,O3,http://dd.eionet.europa.eu/vocabulary/aq/pollutant/7,hour,55.7100000000,µg/m3,2017-03-19 12:00:00 +01:00,2017-03-19 13:00:00 +01:00,1,1
ES,ES.BDCA.AQD,NET_ES131A,STA_ES0125A,,SP_28079017_14_6,SPP_28079017_14_6.1,SAM_28079017_14_6,O3,http://dd.eionet.europa.eu/vocabulary/aq/pollutant/7,hour,64.8400000000,µg/m3,2017-03-19 13:00:00 +01:00,2017-03-19 14:00:00 +01:00,1,1
ES,ES.BDCA.AQD,NET_ES131A,STA_ES0125A,,SP_28079017_14_6,SPP_28079017_14_6.1,SAM_28079017_14_6,O3,http://dd.eionet.europa.eu/vocabulary/aq/pollutant/7,hour,85.5699999900,µg/m3,2017-03-19 14:00:00 +01:00,2017-03-19 15:00:00 +01:00,1,1
ES,ES.BDCA.AQD,NET_ES131A,STA_ES0125A,,SP_28079017_14_6,SPP_28079017_14_6.1,SAM_28079017_14_6,O3,http://dd.eionet.europa.eu/vocabulary/aq/pollutant/7,hour,100.5999999900,µg/m3,2017-03-19 15:00:00 +01:00,2017-03-19 16:00:00 +01:00,1,1
ES,ES.BDCA.AQD,NET_ES131A,STA_ES0125A,,SP_28079017_14_6,SPP_28079017_14_6.1,SAM_28079017_14_6,O3,http://dd.eionet.europa.eu/vocabulary/aq/pollutant/7,hour,106.2000000000,µg/m3,2017-03-19 16:00:00 +01:00,2017-03-19 17:00:00 +01:00,1,1
ES,ES.BDCA.AQD,NET_ES131A,STA_ES0125A,,SP_28079017_14_6,SPP_28079017_14_6.1,SAM_28079017_14_6,O3,http://dd.eionet.europa.eu/vocabulary/aq/pollutant/7,hour,100.8000000000,µg/m3,2017-03-19 17:00:00 +01:00,2017-03-19 18:00:00 +01:00,1,1
ES,ES.BDCA.AQD,NET_ES131A,STA_ES0125A,,SP_28079017_14_6,SPP_28079017_14_6.1,SAM_28079017_14_6,O3,http://dd.eionet.europa.eu/vocabulary/aq/pollutant/7,hour,83.9099999900,µg/m3,2017-03-19 18:00:00 +01:00,2017-03-19 19:00:00 +01:00,1,1
ES,ES.BDCA.AQD,NET_ES131A,STA_ES0125A,,SP_28079017_14_6,SPP_28079017_14_6.1,SAM_28079017_14_6,O3,http://dd.eionet.europa.eu/vocabulary/aq/pollutant/7,hour,50.6800000000,µg/m3,2017-03-19 19:00:00 +01:00,2017-03-19 20:00:00 +01:00,1,1
ES,ES.BDCA.AQD,NET_ES131A,STA_ES0125A,,SP_28079017_14_6,SPP_28079017_14_6.1,SAM_28079017_14_6,O3,http://dd.eionet.europa.eu/vocabulary/aq/pollutant/7,hour,44.9699999900,µg/m3,2017-03-19 20:00:00 +01:00,2017-03-19 21:00:00 +01:00,1,1
ES,ES.BDCA.AQD,NET_ES131A,STA_ES0125A,,SP_28079017_14_6,SPP_28079017_14_6.1,SAM_28079017_14_6,O3,http://dd.eionet.europa.eu/vocabulary/aq/pollutant/7,hour,27.2500000000,µg/m3,2017-03-19 21:00:00 +01:00,2017-03-19 22:00:00 +01:00,1,1
ES,ES.BDCA.AQD,NET_ES131A,STA_ES0125A,,SP_28079017_14_6,SPP_28079017_14_6.1,SAM_28079017_14_6,O3,http://dd.eionet.europa.eu/vocabulary/aq/pollutant/7,hour,2.7900000000,µg/m3,2017-03-19 22:00:00 +01:00,2017-03-19 23:00:00 +01:00,1,1
ES,ES.BDCA.AQD,NET_ES131A,STA_ES0125A,,SP_28079017_14_6,SPP_28079017_14_6.1,SAM_28079017_14_6,O3,http://dd.eionet.europa.eu/vocabulary/aq/pollutant/7,hour,1.8799999900,µg/m3,2017-03-19 23:00:00 +01:00,2017-03-20 00:00:00 +01:00,1,1
ES,ES.BDCA.AQD,NET_ES131A,STA_ES0125A,,SP_28079017_14_6,SPP_28079017_14_6.1,SAM_28079017_14_6,O3,http://dd.eionet.europa.eu/vocabulary/aq/pollutant/7,hour,2.1600000000,µg/m3,2017-03-20 00:00:00 +01:00,2017-03-20 01:00:00 +01:00,1,1
ES,ES.BDCA.AQD,NET_ES131A,STA_ES0125A,,SP_28079017_14_6,SPP_28079017_14_6.1,SAM_28079017_14_6,O3,http://dd.eionet.europa.eu/vocabulary/aq/pollutant/7,hour,1.7000000000,µg/m3,2017-03-20 01:00:00 +01:00,2017-03-20 02:00:00 +01:00,1,1
ES,ES.BDCA.AQD,NET_ES131A,STA_ES0125A,,SP_28079017_14_6,SPP_28079017_14_6.1,SAM_28079017_14_6,O3,http://dd.eionet.europa.eu/vocabulary/aq/pollutant/7,hour,1.8300000000,µg/m3,2017-03-20 02:00:00 +01:00,2017-03-20 03:00:00 +01:00,1,1
ES,ES.BDCA.AQD,NET_ES131A,STA_ES0125A,,SP_28079017_14_6,SPP_28079017_14_6.1,SAM_28079017_14_6,O3,http://dd.eionet.europa.eu/vocabulary/aq/pollutant/7,hour,1.7200000000,µg/m3,2017-03-20 03:00:00 +01:00,2017-03-20 04:00:00 +01:00,1,1
ES,ES.BDCA.AQD,NET_ES131A,STA_ES0125A,,SP_28079017_14_6,SPP_28079017_14_6.1,SAM_28079017_14_6,O3,http://dd.eionet.europa.eu/vocabulary/aq/pollutant/7,hour,1.3100000000,µg/m3,2017-03-20 04:00:00 +01:00,2017-03-20 05:00:00 +01:00,1,1
ES,ES.BDCA.AQD,NET_ES131A,STA_ES0125A,,SP_28079017_14_6,SPP_28079017_14_6.1,SAM_28079017_14_6,O3,http://dd.eionet.europa.eu/vocabulary/aq/pollutant/7,hour,1.1399999900,µg/m3,2017-03-20 05:00:00 +01:00,2017-03-20 06:00:00 +01:00,1,1
ES,ES.BDCA.AQD,NET_ES131A,STA_ES0125A,,SP_28079017_14_6,SPP_28079017_14_6.1,SAM_28079017_14_6,O3,http://dd.eionet.europa.eu/vocabulary/aq/pollutant/7,hour,0.9700000000,µg/m3,2017-03-20 06:00:00 +01:00,2017-03-20 07:00:00 +01:00,1,1
ES,ES.BDCA.AQD,NET_ES131A,STA_ES0125A,,SP_28079017_14_6,SPP_28079017_14_6.1,SAM_28079017_14_6,O3,http://dd.eionet.europa.eu/vocabulary/aq/pollutant/7,hour,1.3799999900,µg/m3,2017-03-20 07:00:00 +01:00,2017-03-20 08:00:00 +01:00,1,1
ES,ES.BDCA.AQD,NET_ES131A,STA_ES0125A,,SP_28079017_14_6,SPP_28079017_14_6.1,SAM_28079017_14_6,O3,http://dd.eionet.europa.eu/vocabulary/aq/pollutant/7,hour,4.5099999900,µg/m3,2017-03-20 08:00:00 +01:00,2017-03-20 09:00:00 +01:00,1,1
ES,ES.BDCA.AQD,NET_ES131A,STA_ES0125A,,SP_28079017_14_6,SPP_28079017_14_6.1,SAM_28079017_14_6,O3,http://dd.eionet.europa.eu/vocabulary/aq/pollutant/7,hour,11.4700000000,µg/m3,2017-03-20 09:00:00 +01:00,2017-03-20 10:00:00 +01:00,1,1
ES,ES.BDCA.AQD,NET_ES131A,STA_ES0125A,,SP_28079017_14_6,SPP_28079017_14_6.1,SAM_28079017_14_6,O3,http://dd.eionet.europa.eu/vocabulary/aq/pollutant/7,hour,26.3400000000,µg/m3,2017-03-20 10:00:00 +01:00,2017-03-20 11:00:00 +01:00,1,1
ES,ES.BDCA.AQD,NET_ES131A,STA_ES0125A,,SP_28079017_14_6,SPP_28079017_14_6.1,SAM_28079017_14_6,O3,http://dd.eionet.europa.eu/vocabulary/aq/pollutant/7,hour,54.8400000000,µg/m3,2017-03-20 11:00:00 +01:00,2017-03-20 12:00:00 +01:00,1,1
ES,ES.BDCA.AQD,NET_ES131A,STA_ES0125A,,SP_28079017_14_6,SPP_28079017_14_6.1,SAM_28079017_14_6,O3,http://dd.eionet.europa.eu/vocabulary/aq/pollutant/7,hour,64.2600000000,µg/m3,2017-03-20 12:00:00 +01:00,2017-03-20 13:00:00 +01:00,1,1
ES,ES.BDCA.AQD,NET_ES131A,STA_ES0125A,,SP_28079017_14_6,SPP_28079017_14_6.1,SAM_28079017_14_6,O3,http://dd.eionet.europa.eu/vocabulary/aq/pollutant/7,hour,67.4000000000,µg/m3,2017-03-20 13:00:00 +01:00,2017-03-20 14:00:00 +01:00,1,1
ES,ES.BDCA.AQD,NET_ES131A,STA_ES0125A,,SP_28079017_14_6,SPP_28079017_14_6.1,SAM_28079017_14_6,O3,http://dd.eionet.europa.eu/vocabulary/aq/pollutant/7,hour,93.9200000000,µg/m3,2017-03-20 14:00:00 +01:00,2017-03-20 15:00:00 +01:00,1,1
ES,ES.BDCA.AQD,NET_ES131A,STA_ES0125A,,SP_28079017_14_6,SPP_28079017_14_6.1,SAM_28079017_14_6,O3,http://dd.eionet.europa.eu/vocabulary/aq/pollutant/7,hour,102.0999999900,µg/m3,2017-03-20 15:00:00 +01:00,2017-03-20 16:00:00 +01:00,1,1
ES,ES.BDCA.AQD,NET_ES131A,STA_ES0125A,,SP_28079017_14_6,SPP_28079017_14_6.1,SAM_28079017_14_6,O3,http://dd.eionet.europa.eu/vocabulary/aq/pollutant/7,hour,102.7000000000,µg/m3,2017-03-20 16:00:00 +01:00,2017-03-20 17:00:00 +01:00,1,1
ES,ES.BDCA.AQD,NET_ES131A,STA_ES0125A,,SP_28079017_14_6,SPP_28079017_14_6.1,SAM_28079017_14_6,O3,http://dd.eionet.europa.eu/vocabulary/aq/pollutant/7,hour,97.5699999900,µg/m3,2017-03-20 17:00:00 +01:00,2017-03-20 18:00:00 +01:00,1,1
ES,ES.BDCA.AQD,NET_ES131A,STA_ES0125A,,SP_28079017_14_6,SPP_28079017_14_6.1,SAM_28079017_14_6,O3,http://dd.eionet.europa.eu/vocabulary/aq/pollutant/7,hour,87.5799999900,µg/m3,2017-03-20 18:00:00 +01:00,2017-03-20 19:00:00 +01:00,1,1
ES,ES.BDCA.AQD,NET_ES131A,STA_ES0125A,,SP_28079017_14_6,SPP_28079017_14_6.1,SAM_28079017_14_6,O3,http://dd.eionet.europa.eu/vocabulary/aq/pollutant/7,hour,66.5199999900,µg/m3,2017-03-20 19:00:00 +01:00,2017-03-20 20:00:00 +01:00,1,1
ES,ES.BDCA.AQD,NET_ES131A,STA_ES0125A,,SP_28079017_14_6,SPP_28079017_14_6.1,SAM_28079017_14_6,O3,http://dd.eionet.europa.eu/vocabulary/aq/pollutant/7,hour,50.7800000000,µg/m3,2017-03-20 20:00:00 +01:00,2017-03-20 21:00:00 +01:00,1,1
ES,ES.BDCA.AQD,NET_ES131A,STA_ES0125A,,SP_28079017_14_6,SPP_28079017_14_6.1,SAM_28079017_14_6,O3,http://dd.eionet.europa.eu/vocabulary/aq/pollutant/7,hour,43.0000000000,µg/m3,2017-03-20 21:00:00 +01:00,2017-03-20 22:00:00 +01:00,1,1
ES,ES.BDCA.AQD,NET_ES131A,STA_ES0125A,,SP_28079017_14_6,SPP_28079017_14_6.1,SAM_28079017_14_6,O3,http://dd.eionet.europa.eu/vocabulary/aq/pollutant/7,hour,48.7599999900,µg/m3,2017-03-20 22:00:00 +01:00,2017-03-20 23:00:00 +01:00,1,1
ES,ES.BDCA.AQD,NET_ES131A,STA_ES0125A,,SP_28079017_14_6,SPP_28079017_14_6.1,SAM_28079017_14_6,O3,http://dd.eionet.europa.eu/vocabulary/aq/pollutant/7,hour,44.3999999900,µg/m3,2017-03-20 23:00:00 +01:00,2017-03-21 00:00:00 +01:00,1,1
ES,ES.BDCA.AQD,NET_ES131A,STA_ES0125A,,SP_28079017_14_6,SPP_28079017_14_6.1,SAM_28079017_14_6,O3,http://dd.eionet.europa.eu/vocabulary/aq/pollutant/7,hour,40.6599999900,µg/m3,2017-03-21 00:00:00 +01:00,2017-03-21 01:00:00 +01:00,1,1
ES,ES.BDCA.AQD,NET_ES131A,STA_ES0125A,,SP_28079017_14_6,SPP_28079017_14_6.1,SAM_28079017_14_6,O3,http://dd.eionet.europa.eu/vocabulary/aq/pollutant/7,hour,43.9600000000,µg/m3,2017-03-21 01:00:00 +01:00,2017-03-21 02:00:00 +01:00,1,1
ES,ES.BDCA.AQD,NET_ES131A,STA_ES0125A,,SP_28079017_14_6,SPP_28079017_14_6.1,SAM_28079017_14_6,O3,http://dd.eionet.europa.eu/vocabulary/aq/pollutant/7,hour,49.5799999900,µg/m3,2017-03-21 02:00:00 +01:00,2017-03-21 03:00:00 +01:00,1,1
ES,ES.BDCA.AQD,NET_ES131A,STA_ES0125A,,SP_28079017_14_6,SPP_28079017_14_6.1,SAM_28079017_14_6,O3,http://dd.eionet.europa.eu/vocabulary/aq/pollutant/7,hour,47.7299999900,µg/m3,2017-03-21 03:00:00 +01:00,2017-03-21 04:00:00 +01:00,1,1
ES,ES.BDCA.AQD,NET_ES131A,STA_ES0125A,,SP_28079017_14_6,SPP_28079017_14_6.1,SAM_28079017_14_6,O3,http://dd.eionet.europa.eu/vocabulary/aq/pollutant/7,hour,39.9200000000,µg/m3,2017-03-21 04:00:00 +01:00,2017-03-21 05:00:00 +01:00,1,1
ES,ES.BDCA.AQD,NET_ES131A,STA_ES0125A,,SP_28079017_14_6,SPP_28079017_14_6.1,SAM_28079017_14_6,O3,http://dd.eionet.europa.eu/vocabulary/aq/pollutant/7,hour,26.3299999900,µg/m3,2017-03-21 05:00:00 +01:00,2017-03-21 06:00:00 +01:00,1,1
ES,ES.BDCA.AQD,NET_ES131A,STA_ES0125A,,SP_28079017_14_6,SPP_28079017_14_6.1,SAM_28079017_14_6,O3,http://dd.eionet.europa.eu/vocabulary/aq/pollutant/7,hour,24.1900000000,µg/m3,2017-03-21 06:00:00 +01:00,2017-03-21 07:00:00 +01:00,1,1
ES,ES.BDCA.AQD,NET_ES131A,STA_ES0125A,,SP_28079017_14_6,SPP_28079017_14_6.1,SAM_28079017_14_6,O3,http://dd.eionet.europa.eu/vocabulary/aq/pollutant/7,hour,10.8699999900,µg/m3,2017-03-21 07:00:00 +01:00,2017-03-21 08:00:00 +01:00,1,1
ES,ES.BDCA.AQD,NET_ES131A,STA_ES0125A,,SP_28079017_14_6,SPP_28079017_14_6.1,SAM_28079017_14_6,O3,http://dd.eionet.europa.eu/vocabulary/aq/pollutant/7,hour,16.5000000000,µg/m3,2017-03-21 08:00:00 +01:00,2017-03-21 09:00:00 +01:00,1,1
ES,ES.BDCA.AQD,NET_ES131A,STA_ES0125A,,SP_28079017_14_6,SPP_28079017_14_6.1,SAM_28079017_14_6,O3,http://dd.eionet.europa.eu/vocabulary/aq/pollutant/7,hour,28.2700000000,µg/m3,2017-03-21 09:00:00 +01:00,2017-03-21 10:00:00 +01:00,1,1
ES,ES.BDCA.AQD,NET_ES131A,STA_ES0125A,,SP_28079017_14_6,SPP_28079017_14_6.1,SAM_28079017_14_6,O3,http://dd.eionet.europa.eu/vocabulary/aq/pollutant/7,hour,43.9799999900,µg/m3,2017-03-21 10:00:00 +01:00,2017-03-21 11:00:00 +01:00,1,1
ES,ES.BDCA.AQD,NET_ES131A,STA_ES0125A,,SP_28079017_14_6,SPP_28079017_14_6.1,SAM_28079017_14_6,O3,http://dd.eionet.europa.eu/vocabulary/aq/pollutant/7,hour,55.1400000000,µg/m3,2017-03-21 11:00:00 +01:00,2017-03-21 12:00:00 +01:00,1,1
ES,ES.BDCA.AQD,NET_ES131A,STA_ES0125A,,SP_28079017_14_6,SPP_28079017_14_6.1,SAM_28079017_14_6,O3,http://dd.eionet.europa.eu/vocabulary/aq/pollutant/7,hour,61.1800000000,µg/m3,2017-03-21 12:00:00 +01:00,2017-03-21 13:00:00 +01:00,1,1
ES,ES.BDCA.AQD,NET_ES131A,STA_ES0125A,,SP_28079017_14_6,SPP_28079017_14_6.1,SAM_28079017_14_6,O3,http://dd.eionet.europa.eu/vocabulary/aq/pollutant/7,hour,61.6000000000,µg/m3,2017-03-21 13:00:00 +01:00,2017-03-21 14:00:00 +01:00,1,1
ES,ES.BDCA.AQD,NET_ES131A,STA_ES0125A,,SP_28079017_14_6,SPP_28079017_14_6.1,SAM_28079017_14_6,O3,http://dd.eionet.europa.eu/vocabulary/aq/pollutant/7,hour,63.2000000000,µg/m3,2017-03-21 14:00:00 +01:00,2017-03-21 15:00:00 +01:00,1,1
ES,ES.BDCA.AQD,NET_ES131A,STA_ES0125A,,SP_28079017_14_6,SPP_28079017_14_6.1,SAM_28079017_14_6,O3,http://dd.eionet.europa.eu/vocabulary/aq/pollutant/7,hour,67.6599999900,µg/m3,2017-03-21 15:00:00 +01:00,2017-03-21 16:00:00 +01:00,1,1
ES,ES.BDCA.AQD,NET_ES131A,STA_ES0125A,,SP_28079017_14_6,SPP_28079017_14_6.1,SAM_28079017_14_6,O3,http://dd.eionet.europa.eu/vocabulary/aq/pollutant/7,hour,67.1800000000,µg/m3,2017-03-21 16:00:00 +01:00,2017-03-21 17:00:00 +01:00,1,1
ES,ES.BDCA.AQD,NET_ES131A,STA_ES0125A,,SP_28079017_14_6,SPP_28079017_14_6.1,SAM_28079017_14_6,O3,http://dd.eionet.europa.eu/vocabulary/aq/pollutant/7,hour,68.5900000000,µg/m3,2017-03-21 17:00:00 +01:00,2017-03-21 18:00:00 +01:00,1,1
ES,ES.BDCA.AQD,NET_ES131A,STA_ES0125A,,SP_28079017_14_6,SPP_28079017_14_6.1,SAM_28079017_14_6,O3,http://dd.eionet.europa.eu/vocabulary/aq/pollutant/7,hour,53.6599999900,µg/m3,2017-03-21 18:00:00 +01:00,2017-03-21 19:00:00 +01:00,1,1
ES,ES.BDCA.AQD,NET_ES131A,STA_ES0125A,,SP_28079017_14_6,SPP_28079017_14_6.1,SAM_28079017_14_6,O3,http://dd.eionet.europa.eu/vocabulary/aq/pollutant/7,hour,47.7199999900,µg/m3,2017-03-21 19:00:00 +01:00,2017-03-21 20:00:00 +01:00,1,1
ES,ES.BDCA.AQD,NET_ES131A,STA_ES0125A,,SP_28079017_14_6,SPP_28079017_14_6.1,SAM_28079017_14_6,O3,http://dd.eionet.europa.eu/vocabulary/aq/pollutant/7,hour,33.3900000000,µg/m3,2017-03-21 20:00:00 +01:00,2017-03-21 21:00:00 +01:00,1,1
ES,ES.BDCA.AQD,NET_ES131A,STA_ES0125A,,SP_28079017_14_6,SPP_28079017_14_6.1,SAM_28079017_14_6,O3,http://dd.eionet.europa.eu/vocabulary/aq/pollutant/7,hour,46.5600000000,µg/m3,2017-03-21 21:00:00 +01:00,2017-03-21 22:00:00 +01:00,1,1
ES,ES.BDCA.AQD,NET_ES131A,STA_ES0125A,,SP_28079017_14_6,SPP_28079017_14_6.1,SAM_28079017_14_6,O3,http://dd.eionet.europa.eu/vocabulary/aq/pollutant/7,hour,37.7100000000,µg/m3,2017-03-21 22:00:00 +01:00,2017-03-21 23:00:00 +01:00,1,1
ES,ES.BDCA.AQD,NET_ES131A,STA_ES0125A,,SP_28079017_14_6,SPP_28079017_14_6.1,SAM_28079017_14_6,O3,http://dd.eionet.europa.eu/vocabulary/aq/pollutant/7,hour,52.2800000000,µg/m3,2017-03-21 23:00:00 +01:00,2017-03-22 00:00:00 +01:00,1,1
ES,ES.BDCA.AQD,NET_ES131A,STA_ES0125A,,SP_28079017_14_6,SPP_28079017_14_6.1,SAM_28079017_14_6,O3,http://dd.eionet.europa.eu/vocabulary/aq/pollutant/7,hour,59.7299999900,µg/m3,2017-03-22 00:00:00 +01:00,2017-03-22 01:00:00 +01:00,1,1
ES,ES.BDCA.AQD,NET_ES131A,STA_ES0125A,,SP_28079017_14_6,SPP_28079017_14_6.1,SAM_28079017_14_6,O3,http://dd.eionet.europa.eu/vocabulary/aq/pollutant/7,hour,62.9799999900,µg/m3,2017-03-22 01:00:00 +01:00,2017-03-22 02:00:00 +01:00,1,1
ES,ES.BDCA.AQD,NET_ES131A,STA_ES0125A,,SP_28079017_14_6,SPP_28079017_14_6.1,SAM_28079017_14_6,O3,http://dd.eionet.europa.eu/vocabulary/aq/pollutant/7,hour,65.0799999900,µg/m3,2017-03-22 02:00:00 +01:00,2017-03-22 03:00:00 +01:00,1,1
ES,ES.BDCA.AQD,NET_ES131A,STA_ES0125A,,SP_28079017_14_6,SPP_28079017_14_6.1,SAM_28079017_14_6,O3,http://dd.eionet.europa.eu/vocabulary/aq/pollutant/7,hour,60.5099999900,µg/m3,2017-03-22 03:00:00 +01:00,2017-03-22 04:00:00 +01:00,1,1
ES,ES.BDCA.AQD,NET_ES131A,STA_ES0125A,,SP_28079017_14_6,SPP_28079017_14_6.1,SAM_28079017_14_6,O3,http://dd.eionet.europa.eu/vocabulary/aq/pollutant/7,hour,54.3699999900,µg/m3,2017-03-22 04:00:00 +01:00,2017-03-22 05:00:00 +01:00,1,1
ES,ES.BDCA.AQD,NET_ES131A,STA_ES0125A,,SP_28079017_14_6,SPP_28079017_14_6.1,SAM_28079017_14_6,O3,http://dd.eionet.europa.eu/vocabulary/aq/pollutant/7,hour,42.9799999900,µg/m3,2017-03-22 05:00:00 +01:00,2017-03-22 06:00:00 +01:00,1,1
ES,ES.BDCA.AQD,NET_ES131A,STA_ES0125A,,SP_28079017_14_6,SPP_28079017_14_6.1,SAM_28079017_14_6,O3,http://dd.eionet.europa.eu/vocabulary/aq/pollutant/7,hour,27.6099999900,µg/m3,2017-03-22 06:00:00 +01:00,2017-03-22 07:00:00 +01:00,1,1
ES,ES.BDCA.AQD,NET_ES131A,STA_ES0125A,,SP_28079017_14_6,SPP_28079017_14_6.1,SAM_28079017_14_6,O3,http://dd.eionet.europa.eu/vocabulary/aq/pollutant/7,hour,17.6900000000,µg/m3,2017-03-22 07:00:00 +01:00,2017-03-22 08:00:00 +01:00,1,1
ES,ES.BDCA.AQD,NET_ES131A,STA_ES0125A,,SP_28079017_14_6,SPP_28079017_14_6.1,SAM_28079017_14_6,O3,http://dd.eionet.europa.eu/vocabulary/aq/pollutant/7,hour,39.6800000000,µg/m3,2017-03-22 08:00:00 +01:00,2017-03-22 09:00:00 +01:00,1,1
ES,ES.BDCA.AQD,NET_ES131A,STA_ES0125A,,SP_28079017_14_6,SPP_28079017_14_6.1,SAM_28079017_14_6,O3,http://dd.eionet.europa.eu/vocabulary/aq/pollutant/7,hour,44.6499999900,µg/m3,2017-03-22 09:00:00 +01:00,2017-03-22 10:00:00 +01:00,1,1
ES,ES.BDCA.AQD,NET_ES131A,STA_ES0125A,,SP_28079017_14_6,SPP_28079017_14_6.1,SAM_28079017_14_6,O3,http://dd.eionet.europa.eu/vocabulary/aq/pollutant/7,hour,58.2999999900,µg/m3,2017-03-22 10:00:00 +01:00,2017-03-22 11:00:00 +01:00,1,1
ES,ES.BDCA.AQD,NET_ES131A,STA_ES0125A,,SP_28079017_14_6,SPP_28079017_14_6.1,SAM_28079017_14_6,O3,http://dd.eionet.europa.eu/vocabulary/aq/pollutant/7,hour,67.8599999900,µg/m3,2017-03-22 11:00:00 +01:00,2017-03-22 12:00:00 +01:00,1,1
ES,ES.BDCA.AQD,NET_ES131A,STA_ES0125A,,SP_28079017_14_6,SPP_28079017_14_6.1,SAM_28079017_14_6,O3,http://dd.eionet.europa.eu/vocabulary/aq/pollutant/7,hour,72.0199999900,µg/m3,2017-03-22 12:00:00 +01:00,2017-03-22 13:00:00 +01:00,1,1
ES,ES.BDCA.AQD,NET_ES131A,STA_ES0125A,,SP_28079017_14_6,SPP_28079017_14_6.1,SAM_28079017_14_6,O3,http://dd.eionet.europa.eu/vocabulary/aq/pollutant/7,hour,70.6299999900,µg/m3,2017-03-22 13:00:00 +01:00,2017-03-22 14:00:00 +01:00,1,1
ES,ES.BDCA.AQD,NET_ES131A,STA_ES0125A,,SP_28079017_14_6,SPP_28079017_14_6.1,SAM_28079017_14_6,O3,http://dd.eionet.europa.eu/vocabulary/aq/pollutant/7,hour,73.2300000000,µg/m3,2017-03-22 14:00:00 +01:00,2017-03-22 15:00:00 +01:00,1,1
ES,ES.BDCA.AQD,NET_ES131A,STA_ES0125A,,SP_28079017_14_6,SPP_28079017_14_6.1,SAM_28079017_14_6,O3,http://dd.eionet.europa.eu/vocabulary/aq/pollutant/7,hour,75.7300000000,µg/m3,2017-03-22 15:00:00 +01:00,2017-03-22 16:00:00 +01:00,1,1
ES,ES.BDCA.AQD,NET_ES131A,STA_ES0125A,,SP_28079017_14_6,SPP_28079017_14_6.1,SAM_28079017_14_6,O3,http://dd.eionet.europa.eu/vocabulary/aq/pollutant/7,hour,63.4399999900,µg/m3,2017-03-22 16:00:00 +01:00,2017-03-22 17:00:00 +01:00,1,1
ES,ES.BDCA.AQD,NET_ES131A,STA_ES0125A,,SP_28079017_14_6,SPP_28079017_14_6.1,SAM_28079017_14_6,O3,http://dd.eionet.europa.eu/vocabulary/aq/pollutant/7,hour,57.0799999900,µg/m3,2017-03-22 17:00:00 +01:00,2017-03-22 18:00:00 +01:00,1,1
ES,ES.BDCA.AQD,NET_ES131A,STA_ES0125A,,SP_28079017_14_6,SPP_28079017_14_6.1,SAM_28079017_14_6,O3,http://dd.eionet.europa.eu/vocabulary/aq/pollutant/7,hour,49.6899999900,µg/m3,2017-03-22 18:00:00 +01:00,2017-03-22 19:00:00 +01:00,1,1
ES,ES.BDCA.AQD,NET_ES131A,STA_ES0125A,,SP_28079017_14_6,SPP_28079017_14_6.1,SAM_28079017_14_6,O3,http://dd.eionet.europa.eu/vocabulary/aq/pollutant/7,hour,50.8100000000,µg/m3,2017-03-22 19:00:00 +01:00,2017-03-22 20:00:00 +01:00,1,1
ES,ES.BDCA.AQD,NET_ES131A,STA_ES0125A,,SP_28079017_14_6,SPP_28079017_14_6.1,SAM_28079017_14_6,O3,http://dd.eionet.europa.eu/vocabulary/aq/pollutant/7,hour,50.7700000000,µg/m3,2017-03-22 20:00:00 +01:00,2017-03-22 21:00:00 +01:00,1,1
ES,ES.BDCA.AQD,NET_ES131A,STA_ES0125A,,SP_28079017_14_6,SPP_28079017_14_6.1,SAM_28079017_14_6,O3,http://dd.eionet.europa.eu/vocabulary/aq/pollutant/7,hour,66.2999999900,µg/m3,2017-03-22 21:00:00 +01:00,2017-03-22 22:00:00 +01:00,1,1
ES,ES.BDCA.AQD,NET_ES131A,STA_ES0125A,,SP_28079017_14_6,SPP_28079017_14_6.1,SAM_28079017_14_6,O3,http://dd.eionet.europa.eu/vocabulary/aq/pollutant/7,hour,58.1700000000,µg/m3,2017-03-22 22:00:00 +01:00,2017-03-22 23:00:00 +01:00,1,1
ES,ES.BDCA.AQD,NET_ES131A,STA_ES0125A,,SP_28079017_14_6,SPP_28079017_14_6.1,SAM_28079017_14_6,O3,http://dd.eionet.europa.eu/vocabulary/aq/pollutant/7,hour,63.6199999900,µg/m3,2017-03-22 23:00:00 +01:00,2017-03-23 00:00:00 +01:00,1,1
ES,ES.BDCA.AQD,NET_ES131A,STA_ES0125A,,SP_28079017_14_6,SPP_28079017_14_6.1,SAM_28079017_14_6,O3,http://dd.eionet.europa.eu/vocabulary/aq/pollutant/7,hour,58.3999999900,µg/m3,2017-03-23 00:00:00 +01:00,2017-03-23 01:00:00 +01:00,1,1
ES,ES.BDCA.AQD,NET_ES131A,STA_ES0125A,,SP_28079017_14_6,SPP_28079017_14_6.1,SAM_28079017_14_6,O3,http://dd.eionet.europa.eu/vocabulary/aq/pollutant/7,hour,68.1400000000,µg/m3,2017-03-23 01:00:00 +01:00,2017-03-23 02:00:00 +01:00,1,1
ES,ES.BDCA.AQD,NET_ES131A,STA_ES0125A,,SP_28079017_14_6,SPP_28079017_14_6.1,SAM_28079017_14_6,O3,http://dd.eionet.europa.eu/vocabulary/aq/pollutant/7,hour,66.9899999900,µg/m3,2017-03-23 02:00:00 +01:00,2017-03-23 03:00:00 +01:00,1,1
ES,ES.BDCA.AQD,NET_ES131A,STA_ES0125A,,SP_28079017_14_6,SPP_28079017_14_6.1,SAM_28079017_14_6,O3,http://dd.eionet.europa.eu/vocabulary/aq/pollutant/7,hour,55.9500000000,µg/m3,2017-03-23 03:00:00 +01:00,2017-03-23 04:00:00 +01:00,1,1
ES,ES.BDCA.AQD,NET_ES131A,STA_ES0125A,,SP_28079017_14_6,SPP_28079017_14_6.1,SAM_28079017_14_6,O3,http://dd.eionet.europa.eu/vocabulary/aq/pollutant/7,hour,51.9900000000,µg/m3,2017-03-23 04:00:00 +01:00,2017-03-23 05:00:00 +01:00,1,1
ES,ES.BDCA.AQD,NET_ES131A,STA_ES0125A,,SP_28079017_14_6,SPP_28079017_14_6.1,SAM_28079017_14_6,O3,http://dd.eionet.europa.eu/vocabulary/aq/pollutant/7,hour,43.1400000000,µg/m3,2017-03-23 05:00:00 +01:00,2017-03-23 06:00:00 +01:00,1,1
ES,ES.BDCA.AQD,NET_ES131A,STA_ES0125A,,SP_28079017_14_6,SPP_28079017_14_6.1,SAM_28079017_14_6,O3,http://dd.eionet.europa.eu/vocabulary/aq/pollutant/7,hour,27.4100000000,µg/m3,2017-03-23 06:00:00 +01:00,2017-03-23 07:00:00 +01:00,1,1
ES,ES.BDCA.AQD,NET_ES131A,STA_ES0125A,,SP_28079017_14_6,SPP_28079017_14_6.1,SAM_28079017_14_6,O3,http://dd.eionet.europa.eu/vocabulary/aq/pollutant/7,hour,13.1899999900,µg/m3,2017-03-23 07:00:00 +01:00,2017-03-23 08:00:00 +01:00,1,1
ES,ES.BDCA.AQD,NET_ES131A,STA_ES0125A,,SP_28079017_14_6,SPP_28079017_14_6.1,SAM_28079017_14_6,O3,http://dd.eionet.europa.eu/vocabulary/aq/pollutant/7,hour,23.9300000000,µg/m3,2017-03-23 08:00:00 +01:00,2017-03-23 09:00:00 +01:00,1,1
ES,ES.BDCA.AQD,NET_ES131A,STA_ES0125A,,SP_28079017_14_6,SPP_28079017_14_6.1,SAM_28079017_14_6,O3,http://dd.eionet.europa.eu/vocabulary/aq/pollutant/7,hour,42.3599999900,µg/m3,2017-03-23 09:00:00 +01:00,2017-03-23 10:00:00 +01:00,1,1
ES,ES.BDCA.AQD,NET_ES131A,STA_ES0125A,,SP_28079017_14_6,SPP_28079017_14_6.1,SAM_28079017_14_6,O3,http://dd.eionet.europa.eu/vocabulary/aq/pollutant/7,hour,59.5099999900,µg/m3,2017-03-23 10:00:00 +01:00,2017-03-23 11:00:00 +01:00,1,1
ES,ES.BDCA.AQD,NET_ES131A,STA_ES0125A,,SP_28079017_14_6,SPP_28079017_14_6.1,SAM_28079017_14_6,O3,http://dd.eionet.europa.eu/vocabulary/aq/pollutant/7,hour,59.0300000000,µg/m3,2017-03-23 11:00:00 +01:00,2017-03-23 12:00:00 +01:00,1,1
ES,ES.BDCA.AQD,NET_ES131A,STA_ES0125A,,SP_28079017_14_6,SPP_28079017_14_6.1,SAM_28079017_14_6,O3,http://dd.eionet.europa.eu/vocabulary/aq/pollutant/7,hour,57.3599999900,µg/m3,2017-03-23 12:00:00 +01:00,2017-03-23 13:00:00 +01:00,1,1
ES,ES.BDCA.AQD,NET_ES131A,STA_ES0125A,,SP_28079017_14_6,SPP_28079017_14_6.1,SAM_28079017_14_6,O3,http://dd.eionet.europa.eu/vocabulary/aq/pollutant/7,hour,58.7199999900,µg/m3,2017-03-23 13:00:00 +01:00,2017-03-23 14:00:00 +01:00,1,1
ES,ES.BDCA.AQD,NET_ES131A,STA_ES0125A,,SP_28079017_14_6,SPP_28079017_14_6.1,SAM_28079017_14_6,O3,http://dd.eionet.europa.eu/vocabulary/aq/pollutant/7,hour,29.0599999900,µg/m3,2017-03-23 14:00:00 +01:00,2017-03-23 15:00:00 +01:00,1,1
ES,ES.BDCA.AQD,NET_ES131A,STA_ES0125A,,SP_28079017_14_6,SPP_28079017_14_6.1,SAM_28079017_14_6,O3,http://dd.eionet.europa.eu/vocabulary/aq/pollutant/7,hour,23.6299999900,µg/m3,2017-03-23 15:00:00 +01:00,2017-03-23 16:00:00 +01:00,1,1
ES,ES.BDCA.AQD,NET_ES131A,STA_ES0125A,,SP_28079017_14_6,SPP_28079017_14_6.1,SAM_28079017_14_6,O3,http://dd.eionet.europa.eu/vocabulary/aq/pollutant/7,hour,44.3699999900,µg/m3,2017-03-23 16:00:00 +01:00,2017-03-23 17:00:00 +01:00,1,1
ES,ES.BDCA.AQD,NET_ES131A,STA_ES0125A,,SP_28079017_14_6,SPP_28079017_14_6.1,SAM_28079017_14_6,O3,http://dd.eionet.europa.eu/vocabulary/aq/pollutant/7,hour,52.6700000000,µg/m3,2017-03-23 17:00:00 +01:00,2017-03-23 18:00:00 +01:00,1,1
ES,ES.BDCA.AQD,NET_ES131A,STA_ES0125A,,SP_28079017_14_6,SPP_28079017_14_6.1,SAM_28079017_14_6,O3,http://dd.eionet.europa.eu/vocabulary/aq/pollutant/7,hour,46.8800000000,µg/m3,2017-03-23 18:00:00 +01:00,2017-03-23 19:00:00 +01:00,1,1
ES,ES.BDCA.AQD,NET_ES131A,STA_ES0125A,,SP_28079017_14_6,SPP_28079017_14_6.1,SAM_28079017_14_6,O3,http://dd.eionet.europa.eu/vocabulary/aq/pollutant/7,hour,29.0700000000,µg/m3,2017-03-23 19:00:00 +01:00,2017-03-23 20:00:00 +01:00,1,1
ES,ES.BDCA.AQD,NET_ES131A,STA_ES0125A,,SP_28079017_14_6,SPP_28079017_14_6.1,SAM_28079017_14_6,O3,http://dd.eionet.europa.eu/vocabulary/aq/pollutant/7,hour,8.8499999900,µg/m3,2017-03-23 20:00:00 +01:00,2017-03-23 21:00:00 +01:00,1,1
ES,ES.BDCA.AQD,NET_ES131A,STA_ES0125A,,SP_28079017_14_6,SPP_28079017_14_6.1,SAM_28079017_14_6,O3,http://dd.eionet.europa.eu/vocabulary/aq/pollutant/7,hour,10.9700000000,µg/m3,2017-03-23 21:00:00 +01:00,2017-03-23 22:00:00 +01:00,1,1
ES,ES.BDCA.AQD,NET_ES131A,STA_ES0125A,,SP_28079017_14_6,SPP_28079017_14_6.1,SAM_28079017_14_6,O3,http://dd.eionet.europa.eu/vocabulary/aq/pollutant/7,hour,11.6800000000,µg/m3,2017-03-23 22:00:00 +01:00,2017-03-23 23:00:00 +01:00,1,1
ES,ES.BDCA.AQD,NET_ES131A,STA_ES0125A,,SP_28079017_14_6,SPP_28079017_14_6.1,SAM_28079017_14_6,O3,http://dd.eionet.europa.eu/vocabulary/aq/pollutant/7,hour,21.9400000000,µg/m3,2017-03-23 23:00:00 +01:00,2017-03-24 00:00:00 +01:00,1,1
ES,ES.BDCA.AQD,NET_ES131A,STA_ES0125A,,SP_28079017_14_6,SPP_28079017_14_6.1,SAM_28079017_14_6,O3,http://dd.eionet.europa.eu/vocabulary/aq/pollutant/7,hour,18.5799999900,µg/m3,2017-03-24 00:00:00 +01:00,2017-03-24 01:00:00 +01:00,1,1
ES,ES.BDCA.AQD,NET_ES131A,STA_ES0125A,,SP_28079017_14_6,SPP_28079017_14_6.1,SAM_28079017_14_6,O3,http://dd.eionet.europa.eu/vocabulary/aq/pollutant/7,hour,21.4600000000,µg/m3,2017-03-24 01:00:00 +01:00,2017-03-24 02:00:00 +01:00,1,1
ES,ES.BDCA.AQD,NET_ES131A,STA_ES0125A,,SP_28079017_14_6,SPP_28079017_14_6.1,SAM_28079017_14_6,O3,http://dd.eionet.europa.eu/vocabulary/aq/pollutant/7,hour,18.9699999900,µg/m3,2017-03-24 02:00:00 +01:00,2017-03-24 03:00:00 +01:00,1,1
ES,ES.BDCA.AQD,NET_ES131A,STA_ES0125A,,SP_28079017_14_6,SPP_28079017_14_6.1,SAM_28079017_14_6,O3,http://dd.eionet.europa.eu/vocabulary/aq/pollutant/7,hour,28.4499999900,µg/m3,2017-03-24 03:00:00 +01:00,2017-03-24 04:00:00 +01:00,1,1
ES,ES.BDCA.AQD,NET_ES131A,STA_ES0125A,,SP_28079017_14_6,SPP_28079017_14_6.1,SAM_28079017_14_6,O3,http://dd.eionet.europa.eu/vocabulary/aq/pollutant/7,hour,23.9300000000,µg/m3,2017-03-24 04:00:00 +01:00,2017-03-24 05:00:00 +01:00,1,1
ES,ES.BDCA.AQD,NET_ES131A,STA_ES0125A,,SP_28079017_14_6,SPP_28079017_14_6.1,SAM_28079017_14_6,O3,http://dd.eionet.europa.eu/vocabulary/aq/pollutant/7,hour,38.6800000000,µg/m3,2017-03-24 05:00:00 +01:00,2017-03-24 06:00:00 +01:00,1,1
ES,ES.BDCA.AQD,NET_ES131A,STA_ES0125A,,SP_28079017_14_6,SPP_28079017_14_6.1,SAM_28079017_14_6,O3,http://dd.eionet.europa.eu/vocabulary/aq/pollutant/7,hour,42.0000000000,µg/m3,2017-03-24 06:00:00 +01:00,2017-03-24 07:00:00 +01:00,1,1
ES,ES.BDCA.AQD,NET_ES131A,STA_ES0125A,,SP_28079017_14_6,SPP_28079017_14_6.1,SAM_28079017_14_6,O3,http://dd.eionet.europa.eu/vocabulary/aq/pollutant/7,hour,22.5900000000,µg/m3,2017-03-24 07:00:00 +01:00,2017-03-24 08:00:00 +01:00,1,1
ES,ES.BDCA.AQD,NET_ES131A,STA_ES0125A,,SP_28079017_14_6,SPP_28079017_14_6.1,SAM_28079017_14_6,O3,http://dd.eionet.europa.eu/vocabulary/aq/pollutant/7,hour,16.5500000000,µg/m3,2017-03-24 08:00:00 +01:00,2017-03-24 09:00:00 +01:00,1,1
ES,ES.BDCA.AQD,NET_ES131A,STA_ES0125A,,SP_28079017_14_6,SPP_28079017_14_6.1,SAM_28079017_14_6,O3,http://dd.eionet.europa.eu/vocabulary/aq/pollutant/7,hour,35.7899999900,µg/m3,2017-03-24 09:00:00 +01:00,2017-03-24 10:00:00 +01:00,1,1
ES,ES.BDCA.AQD,NET_ES131A,STA_ES0125A,,SP_28079017_14_6,SPP_28079017_14_6.1,SAM_28079017_14_6,O3,http://dd.eionet.europa.eu/vocabulary/aq/pollutant/7,hour,49.7999999900,µg/m3,2017-03-24 10:00:00 +01:00,2017-03-24 11:00:00 +01:00,1,1
ES,ES.BDCA.AQD,NET_ES131A,STA_ES0125A,,SP_28079017_14_6,SPP_28079017_14_6.1,SAM_28079017_14_6,O3,http://dd.eionet.europa.eu/vocabulary/aq/pollutant/7,hour,52.0700000000,µg/m3,2017-03-24 11:00:00 +01:00,2017-03-24 12:00:00 +01:00,1,1
ES,ES.BDCA.AQD,NET_ES131A,STA_ES0125A,,SP_28079017_14_6,SPP_28079017_14_6.1,SAM_28079017_14_6,O3,http://dd.eionet.europa.eu/vocabulary/aq/pollutant/7,hour,58.4699999900,µg/m3,2017-03-24 12:00:00 +01:00,2017-03-24 13:00:00 +01:00,1,1
ES,ES.BDCA.AQD,NET_ES131A,STA_ES0125A,,SP_28079017_14_6,SPP_28079017_14_6.1,SAM_28079017_14_6,O3,http://dd.eionet.europa.eu/vocabulary/aq/pollutant/7,hour,59.4399999900,µg/m3,2017-03-24 13:00:00 +01:00,2017-03-24 14:00:00 +01:00,1,1
ES,ES.BDCA.AQD,NET_ES131A,STA_ES0125A,,SP_28079017_14_6,SPP_28079017_14_6.1,SAM_28079017_14_6,O3,http://dd.eionet.europa.eu/vocabulary/aq/pollutant/7,hour,66.6700000000,µg/m3,2017-03-24 14:00:00 +01:00,2017-03-24 15:00:00 +01:00,1,1
ES,ES.BDCA.AQD,NET_ES131A,STA_ES0125A,,SP_28079017_14_6,SPP_28079017_14_6.1,SAM_28079017_14_6,O3,http://dd.eionet.europa.eu/vocabulary/aq/pollutant/7,hour,51.5099999900,µg/m3,2017-03-24 15:00:00 +01:00,2017-03-24 16:00:00 +01:00,1,1
ES,ES.BDCA.AQD,NET_ES131A,STA_ES0125A,,SP_28079017_14_6,SPP_28079017_14_6.1,SAM_28079017_14_6,O3,http://dd.eionet.europa.eu/vocabulary/aq/pollutant/7,hour,62.0700000000,µg/m3,2017-03-24 16:00:00 +01:00,2017-03-24 17:00:00 +01:00,1,1
ES,ES.BDCA.AQD,NET_ES131A,STA_ES0125A,,SP_28079017_14_6,SPP_28079017_14_6.1,SAM_28079017_14_6,O3,http://dd.eionet.europa.eu/vocabulary/aq/pollutant/7,hour,54.7599999900,µg/m3,2017-03-24 17:00:00 +01:00,2017-03-24 18:00:00 +01:00,1,1
ES,ES.BDCA.AQD,NET_ES131A,STA_ES0125A,,SP_28079017_14_6,SPP_28079017_14_6.1,SAM_28079017_14_6,O3,http://dd.eionet.europa.eu/vocabulary/aq/pollutant/7,hour,22.7300000000,µg/m3,2017-03-24 18:00:00 +01:00,2017-03-24 19:00:00 +01:00,1,1
ES,ES.BDCA.AQD,NET_ES131A,STA_ES0125A,,SP_28079017_14_6,SPP_28079017_14_6.1,SAM_28079017_14_6,O3,http://dd.eionet.europa.eu/vocabulary/aq/pollutant/7,hour,30.1200000000,µg/m3,2017-03-24 19:00:00 +01:00,2017-03-24 20:00:00 +01:00,1,1
ES,ES.BDCA.AQD,NET_ES131A,STA_ES0125A,,SP_28079017_14_6,SPP_28079017_14_6.1,SAM_28079017_14_6,O3,http://dd.eionet.europa.eu/vocabulary/aq/pollutant/7,hour,32.7400000000,µg/m3,2017-03-24 20:00:00 +01:00,2017-03-24 21:00:00 +01:00,1,1
ES,ES.BDCA.AQD,NET_ES131A,STA_ES0125A,,SP_28079017_14_6,SPP_28079017_14_6.1,SAM_28079017_14_6,O3,http://dd.eionet.europa.eu/vocabulary/aq/pollutant/7,hour,13.0100000000,µg/m3,2017-03-24 21:00:00 +01:00,2017-03-24 22:00:00 +01:00,1,1
ES,ES.BDCA.AQD,NET_ES131A,STA_ES0125A,,SP_28079017_14_6,SPP_28079017_14_6.1,SAM_28079017_14_6,O3,http://dd.eionet.europa.eu/vocabulary/aq/pollutant/7,hour,13.4800000000,µg/m3,2017-03-24 22:00:00 +01:00,2017-03-24 23:00:00 +01:00,1,1
ES,ES.BDCA.AQD,NET_ES131A,STA_ES0125A,,SP_28079017_14_6,SPP_28079017_14_6.1,SAM_28079017_14_6,O3,http://dd.eionet.europa.eu/vocabulary/aq/pollutant/7,hour,3.0200000000,µg/m3,2017-03-24 23:00:00 +01:00,2017-03-25 00:00:00 +01:00,1,1
ES,ES.BDCA.AQD,NET_ES131A,STA_ES0125A,,SP_28079017_14_6,SPP_28079017_14_6.1,SAM_28079017_14_6,O3,http://dd.eionet.europa.eu/vocabulary/aq/pollutant/7,hour,3.4599999900,µg/m3,2017-03-25 00:00:00 +01:00,2017-03-25 01:00:00 +01:00,1,1
ES,ES.BDCA.AQD,NET_ES131A,STA_ES0125A,,SP_28079017_14_6,SPP_28079017_14_6.1,SAM_28079017_14_6,O3,http://dd.eionet.europa.eu/vocabulary/aq/pollutant/7,hour,1.4499999900,µg/m3,2017-03-25 01:00:00 +01:00,2017-03-25 02:00:00 +01:00,1,1
ES,ES.BDCA.AQD,NET_ES131A,STA_ES0125A,,SP_28079017_14_6,SPP_28079017_14_6.1,SAM_28079017_14_6,O3,http://dd.eionet.europa.eu/vocabulary/aq/pollutant/7,hour,1.9600000000,µg/m3,2017-03-25 02:00:00 +01:00,2017-03-25 03:00:00 +01:00,1,1
ES,ES.BDCA.AQD,NET_ES131A,STA_ES0125A,,SP_28079017_14_6,SPP_28079017_14_6.1,SAM_28079017_14_6,O3,http://dd.eionet.europa.eu/vocabulary/aq/pollutant/7,hour,1.9600000000,µg/m3,2017-03-25 03:00:00 +01:00,2017-03-25 04:00:00 +01:00,1,1
ES,ES.BDCA.AQD,NET_ES131A,STA_ES0125A,,SP_28079017_14_6,SPP_28079017_14_6.1,SAM_28079017_14_6,O3,http://dd.eionet.europa.eu/vocabulary/aq/pollutant/7,hour,1.5700000000,µg/m3,2017-03-25 04:00:00 +01:00,2017-03-25 05:00:00 +01:00,1,1
ES,ES.BDCA.AQD,NET_ES131A,STA_ES0125A,,SP_28079017_14_6,SPP_28079017_14_6.1,SAM_28079017_14_6,O3,http://dd.eionet.europa.eu/vocabulary/aq/pollutant/7,hour,1.3899999900,µg/m3,2017-03-25 05:00:00 +01:00,2017-03-25 06:00:00 +01:00,1,1
ES,ES.BDCA.AQD,NET_ES131A,STA_ES0125A,,SP_28079017_14_6,SPP_28079017_14_6.1,SAM_28079017_14_6,O3,http://dd.eionet.europa.eu/vocabulary/aq/pollutant/7,hour,1.2100000000,µg/m3,2017-03-25 06:00:00 +01:00,2017-03-25 07:00:00 +01:00,1,1
ES,ES.BDCA.AQD,NET_ES131A,STA_ES0125A,,SP_28079017_14_6,SPP_28079017_14_6.1,SAM_28079017_14_6,O3,http://dd.eionet.europa.eu/vocabulary/aq/pollutant/7,hour,2.8999999900,µg/m3,2017-03-25 07:00:00 +01:00,2017-03-25 08:00:00 +01:00,1,1
ES,ES.BDCA.AQD,NET_ES131A,STA_ES0125A,,SP_28079017_14_6,SPP_28079017_14_6.1,SAM_28079017_14_6,O3,http://dd.eionet.europa.eu/vocabulary/aq/pollutant/7,hour,7.5099999900,µg/m3,2017-03-25 08:00:00 +01:00,2017-03-25 09:00:00 +01:00,1,1
ES,ES.BDCA.AQD,NET_ES131A,STA_ES0125A,,SP_28079017_14_6,SPP_28079017_14_6.1,SAM_28079017_14_6,O3,http://dd.eionet.europa.eu/vocabulary/aq/pollutant/7,hour,18.7100000000,µg/m3,2017-03-25 09:00:00 +01:00,2017-03-25 10:00:00 +01:00,1,1
ES,ES.BDCA.AQD,NET_ES131A,STA_ES0125A,,SP_28079017_14_6,SPP_28079017_14_6.1,SAM_28079017_14_6,O3,http://dd.eionet.europa.eu/vocabulary/aq/pollutant/7,hour,27.5399999900,µg/m3,2017-03-25 10:00:00 +01:00,2017-03-25 11:00:00 +01:00,1,1
ES,ES.BDCA.AQD,NET_ES131A,STA_ES0125A,,SP_28079017_14_6,SPP_28079017_14_6.1,SAM_28079017_14_6,O3,http://dd.eionet.europa.eu/vocabulary/aq/pollutant/7,hour,38.4699999900,µg/m3,2017-03-25 11:00:00 +01:00,2017-03-25 12:00:00 +01:00,1,1
ES,ES.BDCA.AQD,NET_ES131A,STA_ES0125A,,SP_28079017_14_6,SPP_28079017_14_6.1,SAM_28079017_14_6,O3,http://dd.eionet.europa.eu/vocabulary/aq/pollutant/7,hour,44.4399999900,µg/m3,2017-03-25 12:00:00 +01:00,2017-03-25 13:00:00 +01:00,1,1
ES,ES.BDCA.AQD,NET_ES131A,STA_ES0125A,,SP_28079017_14_6,SPP_28079017_14_6.1,SAM_28079017_14_6,O3,http://dd.eionet.europa.eu/vocabulary/aq/pollutant/7,hour,58.3900000000,µg/m3,2017-03-25 13:00:00 +01:00,2017-03-25 14:00:00 +01:00,1,1
ES,ES.BDCA.AQD,NET_ES131A,STA_ES0125A,,SP_28079017_14_6,SPP_28079017_14_6.1,SAM_28079017_14_6,O3,http://dd.eionet.europa.eu/vocabulary/aq/pollutant/7,hour,67.8599999900,µg/m3,2017-03-25 14:00:00 +01:00,2017-03-25 15:00:00 +01:00,1,1
ES,ES.BDCA.AQD,NET_ES131A,STA_ES0125A,,SP_28079017_14_6,SPP_28079017_14_6.1,SAM_28079017_14_6,O3,http://dd.eionet.europa.eu/vocabulary/aq/pollutant/7,hour,66.2699999900,µg/m3,2017-03-25 15:00:00 +01:00,2017-03-25 16:00:00 +01:00,1,1
ES,ES.BDCA.AQD,NET_ES131A,STA_ES0125A,,SP_28079017_14_6,SPP_28079017_14_6.1,SAM_28079017_14_6,O3,http://dd.eionet.europa.eu/vocabulary/aq/pollutant/7,hour,64.1200000000,µg/m3,2017-03-25 16:00:00 +01:00,2017-03-25 17:00:00 +01:00,1,1
ES,ES.BDCA.AQD,NET_ES131A,STA_ES0125A,,SP_28079017_14_6,SPP_28079017_14_6.1,SAM_28079017_14_6,O3,http://dd.eionet.europa.eu/vocabulary/aq/pollutant/7,hour,52.9300000000,µg/m3,2017-03-25 17:00:00 +01:00,2017-03-25 18:00:00 +01:00,1,1
ES,ES.BDCA.AQD,NET_ES131A,STA_ES0125A,,SP_28079017_14_6,SPP_28079017_14_6.1,SAM_28079017_14_6,O3,http://dd.eionet.europa.eu/vocabulary/aq/pollutant/7,hour,51.0900000000,µg/m3,2017-03-25 18:00:00 +01:00,2017-03-25 19:00:00 +01:00,1,1
ES,ES.BDCA.AQD,NET_ES131A,STA_ES0125A,,SP_28079017_14_6,SPP_28079017_14_6.1,SAM_28079017_14_6,O3,http://dd.eionet.europa.eu/vocabulary/aq/pollutant/7,hour,48.2800000000,µg/m3,2017-03-25 19:00:00 +01:00,2017-03-25 20:00:00 +01:00,1,1
ES,ES.BDCA.AQD,NET_ES131A,STA_ES0125A,,SP_28079017_14_6,SPP_28079017_14_6.1,SAM_28079017_14_6,O3,http://dd.eionet.europa.eu/vocabulary/aq/pollutant/7,hour,29.5100000000,µg/m3,2017-03-25 20:00:00 +01:00,2017-03-25 21:00:00 +01:00,1,1
ES,ES.BDCA.AQD,NET_ES131A,STA_ES0125A,,SP_28079017_14_6,SPP_28079017_14_6.1,SAM_28079017_14_6,O3,http://dd.eionet.europa.eu/vocabulary/aq/pollutant/7,hour,25.2800000000,µg/m3,2017-03-25 21:00:00 +01:00,2017-03-25 22:00:00 +01:00,1,1
ES,ES.BDCA.AQD,NET_ES131A,STA_ES0125A,,SP_28079017_14_6,SPP_28079017_14_6.1,SAM_28079017_14_6,O3,http://dd.eionet.europa.eu/vocabulary/aq/pollutant/7,hour,36.1300000000,µg/m3,2017-03-25 22:00:00 +01:00,2017-03-25 23:00:00 +01:00,1,1
ES,ES.BDCA.AQD,NET_ES131A,STA_ES0125A,,SP_28079017_14_6,SPP_28079017_14_6.1,SAM_28079017_14_6,O3,http://dd.eionet.europa.eu/vocabulary/aq/pollutant/7,hour,39.3800000000,µg/m3,2017-03-25 23:00:00 +01:00,2017-03-26 00:00:00 +01:00,1,1
ES,ES.BDCA.AQD,NET_ES131A,STA_ES0125A,,SP_28079017_14_6,SPP_28079017_14_6.1,SAM_28079017_14_6,O3,http://dd.eionet.europa.eu/vocabulary/aq/pollutant/7,hour,31.0399999900,µg/m3,2017-03-26 00:00:00 +01:00,2017-03-26 01:00:00 +01:00,1,1
ES,ES.BDCA.AQD,NET_ES131A,STA_ES0125A,,SP_28079017_14_6,SPP_28079017_14_6.1,SAM_28079017_14_6,O3,http://dd.eionet.europa.eu/vocabulary/aq/pollutant/7,hour,43.9399999900,µg/m3,2017-03-26 01:00:00 +01:00,2017-03-26 02:00:00 +01:00,1,1
ES,ES.BDCA.AQD,NET_ES131A,STA_ES0125A,,SP_28079017_14_6,SPP_28079017_14_6.1,SAM_28079017_14_6,O3,http://dd.eionet.europa.eu/vocabulary/aq/pollutant/7,hour,49.0099999900,µg/m3,2017-03-26 02:00:00 +01:00,2017-03-26 03:00:00 +01:00,1,1
ES,ES.BDCA.AQD,NET_ES131A,STA_ES0125A,,SP_28079017_14_6,SPP_28079017_14_6.1,SAM_28079017_14_6,O3,http://dd.eionet.europa.eu/vocabulary/aq/pollutant/7,hour,69.8599999900,µg/m3,2017-03-26 03:00:00 +01:00,2017-03-26 04:00:00 +01:00,1,1
ES,ES.BDCA.AQD,NET_ES131A,STA_ES0125A,,SP_28079017_14_6,SPP_28079017_14_6.1,SAM_28079017_14_6,O3,http://dd.eionet.europa.eu/vocabulary/aq/pollutant/7,hour,67.4800000000,µg/m3,2017-03-26 04:00:00 +01:00,2017-03-26 05:00:00 +01:00,1,1
ES,ES.BDCA.AQD,NET_ES131A,STA_ES0125A,,SP_28079017_14_6,SPP_28079017_14_6.1,SAM_28079017_14_6,O3,http://dd.eionet.europa.eu/vocabulary/aq/pollutant/7,hour,67.3799999900,µg/m3,2017-03-26 05:00:00 +01:00,2017-03-26 06:00:00 +01:00,1,1
ES,ES.BDCA.AQD,NET_ES131A,STA_ES0125A,,SP_28079017_14_6,SPP_28079017_14_6.1,SAM_28079017_14_6,O3,http://dd.eionet.europa.eu/vocabulary/aq/pollutant/7,hour,54.3699999900,µg/m3,2017-03-26 06:00:00 +01:00,2017-03-26 07:00:00 +01:00,1,1
ES,ES.BDCA.AQD,NET_ES131A,STA_ES0125A,,SP_28079017_14_6,SPP_28079017_14_6.1,SAM_28079017_14_6,O3,http://dd.eionet.europa.eu/vocabulary/aq/pollutant/7,hour,42.3999999900,µg/m3,2017-03-26 07:00:00 +01:00,2017-03-26 08:00:00 +01:00,1,1
ES,ES.BDCA.AQD,NET_ES131A,STA_ES0125A,,SP_28079017_14_6,SPP_28079017_14_6.1,SAM_28079017_14_6,O3,http://dd.eionet.europa.eu/vocabulary/aq/pollutant/7,hour,41.0399999900,µg/m3,2017-03-26 08:00:00 +01:00,2017-03-26 09:00:00 +01:00,1,1
ES,ES.BDCA.AQD,NET_ES131A,STA_ES0125A,,SP_28079017_14_6,SPP_28079017_14_6.1,SAM_28079017_14_6,O3,http://dd.eionet.europa.eu/vocabulary/aq/pollutant/7,hour,54.4200000000,µg/m3,2017-03-26 09:00:00 +01:00,2017-03-26 10:00:00 +01:00,1,1
ES,ES.BDCA.AQD,NET_ES131A,STA_ES0125A,,SP_28079017_14_6,SPP_28079017_14_6.1,SAM_28079017_14_6,O3,http://dd.eionet.europa.eu/vocabulary/aq/pollutant/7,hour,62.9900000000,µg/m3,2017-03-26 10:00:00 +01:00,2017-03-26 11:00:00 +01:00,1,1
ES,ES.BDCA.AQD,NET_ES131A,STA_ES0125A,,SP_28079017_14_6,SPP_28079017_14_6.1,SAM_28079017_14_6,O3,http://dd.eionet.europa.eu/vocabulary/aq/pollutant/7,hour,72.3199999900,µg/m3,2017-03-26 11:00:00 +01:00,2017-03-26 12:00:00 +01:00,1,1
ES,ES.BDCA.AQD,NET_ES131A,STA_ES0125A,,SP_28079017_14_6,SPP_28079017_14_6.1,SAM_28079017_14_6,O3,http://dd.eionet.europa.eu/vocabulary/aq/pollutant/7,hour,78.6899999900,µg/m3,2017-03-26 12:00:00 +01:00,2017-03-26 13:00:00 +01:00,1,1
ES,ES.BDCA.AQD,NET_ES131A,STA_ES0125A,,SP_28079017_14_6,SPP_28079017_14_6.1,SAM_28079017_14_6,O3,http://dd.eionet.europa.eu/vocabulary/aq/pollutant/7,hour,79.3799999900,µg/m3,2017-03-26 13:00:00 +01:00,2017-03-26 14:00:00 +01:00,1,1
ES,ES.BDCA.AQD,NET_ES131A,STA_ES0125A,,SP_28079017_14_6,SPP_28079017_14_6.1,SAM_28079017_14_6,O3,http://dd.eionet.europa.eu/vocabulary/aq/pollutant/7,hour,84.2099999900,µg/m3,2017-03-26 14:00:00 +01:00,2017-03-26 15:00:00 +01:00,1,1
ES,ES.BDCA.AQD,NET_ES131A,STA_ES0125A,,SP_28079017_14_6,SPP_28079017_14_6.1,SAM_28079017_14_6,O3,http://dd.eionet.europa.eu/vocabulary/aq/pollutant/7,hour,87.4099999900,µg/m3,2017-03-26 15:00:00 +01:00,2017-03-26 16:00:00 +01:00,1,1
ES,ES.BDCA.AQD,NET_ES131A,STA_ES0125A,,SP_28079017_14_6,SPP_28079017_14_6.1,SAM_28079017_14_6,O3,http://dd.eionet.europa.eu/vocabulary/aq/pollutant/7,hour,89.2000000000,µg/m3,2017-03-26 16:00:00 +01:00,2017-03-26 17:00:00 +01:00,1,1
ES,ES.BDCA.AQD,NET_ES131A,STA_ES0125A,,SP_28079017_14_6,SPP_28079017_14_6.1,SAM_28079017_14_6,O3,http://dd.eionet.europa.eu/vocabulary/aq/pollutant/7,hour,85.7000000000,µg/m3,2017-03-26 17:00:00 +01:00,2017-03-26 18:00:00 +01:00,1,1
ES,ES.BDCA.AQD,NET_ES131A,STA_ES0125A,,SP_28079017_14_6,SPP_28079017_14_6.1,SAM_28079017_14_6,O3,http://dd.eionet.europa.eu/vocabulary/aq/pollutant/7,hour,82.3400000000,µg/m3,2017-03-26 18:00:00 +01:00,2017-03-26 19:00:00 +01:00,1,1
ES,ES.BDCA.AQD,NET_ES131A,STA_ES0125A,,SP_28079017_14_6,SPP_28079017_14_6.1,SAM_28079017_14_6,O3,http://dd.eionet.europa.eu/vocabulary/aq/pollutant/7,hour,44.0200000000,µg/m3,2017-03-26 19:00:00 +01:00,2017-03-26 20:00:00 +01:00,1,1
ES,ES.BDCA.AQD,NET_ES131A,STA_ES0125A,,SP_28079017_14_6,SPP_28079017_14_6.1,SAM_28079017_14_6,O3,http://dd.eionet.europa.eu/vocabulary/aq/pollutant/7,hour,34.7999999900,µg/m3,2017-03-26 20:00:00 +01:00,2017-03-26 21:00:00 +01:00,1,1
ES,ES.BDCA.AQD,NET_ES131A,STA_ES0125A,,SP_28079017_14_6,SPP_28079017_14_6.1,SAM_28079017_14_6,O3,http://dd.eionet.europa.eu/vocabulary/aq/pollutant/7,hour,59.2899999900,µg/m3,2017-03-26 21:00:00 +01:00,2017-03-26 22:00:00 +01:00,1,1
ES,ES.BDCA.AQD,NET_ES131A,STA_ES0125A,,SP_28079017_14_6,SPP_28079017_14_6.1,SAM_28079017_14_6,O3,http://dd.eionet.europa.eu/vocabulary/aq/pollutant/7,hour,73.8100000000,µg/m3,2017-03-26 22:00:00 +01:00,2017-03-26 23:00:00 +01:00,1,1
ES,ES.BDCA.AQD,NET_ES131A,STA_ES0125A,,SP_28079017_14_6,SPP_28079017_14_6.1,SAM_28079017_14_6,O3,http://dd.eionet.europa.eu/vocabulary/aq/pollutant/7,hour,75.7900000000,µg/m3,2017-03-26 23:00:00 +01:00,2017-03-27 00:00:00 +01:00,1,1
ES,ES.BDCA.AQD,NET_ES131A,STA_ES0125A,,SP_28079017_14_6,SPP_28079017_14_6.1,SAM_28079017_14_6,O3,http://dd.eionet.europa.eu/vocabulary/aq/pollutant/7,hour,71.0400000000,µg/m3,2017-03-27 00:00:00 +01:00,2017-03-27 01:00:00 +01:00,1,1
ES,ES.BDCA.AQD,NET_ES131A,STA_ES0125A,,SP_28079017_14_6,SPP_28079017_14_6.1,SAM_28079017_14_6,O3,http://dd.eionet.europa.eu/vocabulary/aq/pollutant/7,hour,79.0499999900,µg/m3,2017-03-27 01:00:00 +01:00,2017-03-27 02:00:00 +01:00,1,1
ES,ES.BDCA.AQD,NET_ES131A,STA_ES0125A,,SP_28079017_14_6,SPP_28079017_14_6.1,SAM_28079017_14_6,O3,http://dd.eionet.europa.eu/vocabulary/aq/pollutant/7,hour,86.4399999900,µg/m3,2017-03-27 02:00:00 +01:00,2017-03-27 03:00:00 +01:00,1,1
ES,ES.BDCA.AQD,NET_ES131A,STA_ES0125A,,SP_28079017_14_6,SPP_28079017_14_6.1,SAM_28079017_14_6,O3,http://dd.eionet.europa.eu/vocabulary/aq/pollutant/7,hour,86.7900000000,µg/m3,2017-03-27 03:00:00 +01:00,2017-03-27 04:00:00 +01:00,1,1
ES,ES.BDCA.AQD,NET_ES131A,STA_ES0125A,,SP_28079017_14_6,SPP_28079017_14_6.1,SAM_28079017_14_6,O3,http://dd.eionet.europa.eu/vocabulary/aq/pollutant/7,hour,84.1200000000,µg/m3,2017-03-27 04:00:00 +01:00,2017-03-27 05:00:00 +01:00,1,1
ES,ES.BDCA.AQD,NET_ES131A,STA_ES0125A,,SP_28079017_14_6,SPP_28079017_14_6.1,SAM_28079017_14_6,O3,http://dd.eionet.europa.eu/vocabulary/aq/pollutant/7,hour,76.3199999900,µg/m3,2017-03-27 05:00:00 +01:00,2017-03-27 06:00:00 +01:00,1,1
ES,ES.BDCA.AQD,NET_ES131A,STA_ES0125A,,SP_28079017_14_6,SPP_28079017_14_6.1,SAM_28079017_14_6,O3,http://dd.eionet.europa.eu/vocabulary/aq/pollutant/7,hour,64.3100000000,µg/m3,2017-03-27 06:00:00 +01:00,2017-03-27 07:00:00 +01:00,1,1
ES,ES.BDCA.AQD,NET_ES131A,STA_ES0125A,,SP_28079017_14_6,SPP_28079017_14_6.1,SAM_28079017_14_6,O3,http://dd.eionet.europa.eu/vocabulary/aq/pollutant/7,hour,62.2299999900,µg/m3,2017-03-27 07:00:00 +01:00,2017-03-27 08:00:00 +01:00,1,1
ES,ES.BDCA.AQD,NET_ES131A,STA_ES0125A,,SP_28079017_14_6,SPP_28079017_14_6.1,SAM_28079017_14_6,O3,http://dd.eionet.europa.eu/vocabulary/aq/pollutant/7,hour,57.6300000000,µg/m3,2017-03-27 08:00:00 +01:00,2017-03-27 09:00:00 +01:00,1,1
ES,ES.BDCA.AQD,NET_ES131A,STA_ES0125A,,SP_28079017_14_6,SPP_28079017_14_6.1,SAM_28079017_14_6,O3,http://dd.eionet.europa.eu/vocabulary/aq/pollutant/7,hour,56.2700000000,µg/m3,2017-03-27 09:00:00 +01:00,2017-03-27 10:00:00 +01:00,1,1
ES,ES.BDCA.AQD,NET_ES131A,STA_ES0125A,,SP_28079017_14_6,SPP_28079017_14_6.1,SAM_28079017_14_6,O3,http://dd.eionet.europa.eu/vocabulary/aq/pollutant/7,hour,52.8299999900,µg/m3,2017-03-27 10:00:00 +01:00,2017-03-27 11:00:00 +01:00,1,1
ES,ES.BDCA.AQD,NET_ES131A,STA_ES0125A,,SP_28079017_14_6,SPP_28079017_14_6.1,SAM_28079017_14_6,O3,http://dd.eionet.europa.eu/vocabulary/aq/pollutant/7,hour,59.6800000000,µg/m3,2017-03-27 11:00:00 +01:00,2017-03-27 12:00:00 +01:00,1,1
ES,ES.BDCA.AQD,NET_ES131A,STA_ES0125A,,SP_28079017_14_6,SPP_28079017_14_6.1,SAM_28079017_14_6,O3,http://dd.eionet.europa.eu/vocabulary/aq/pollutant/7,hour,68.4699999900,µg/m3,2017-03-27 12:00:00 +01:00,2017-03-27 13:00:00 +01:00,1,1
ES,ES.BDCA.AQD,NET_ES131A,STA_ES0125A,,SP_28079017_14_6,SPP_28079017_14_6.1,SAM_28079017_14_6,O3,http://dd.eionet.europa.eu/vocabulary/aq/pollutant/7,hour,66.2600000000,µg/m3,2017-03-27 13:00:00 +01:00,2017-03-27 14:00:00 +01:00,1,1
ES,ES.BDCA.AQD,NET_ES131A,STA_ES0125A,,SP_28079017_14_6,SPP_28079017_14_6.1,SAM_28079017_14_6,O3,http://dd.eionet.europa.eu/vocabulary/aq/pollutant/7,hour,68.5400000000,µg/m3,2017-03-27 14:00:00 +01:00,2017-03-27 15:00:00 +01:00,1,1
ES,ES.BDCA.AQD,NET_ES131A,STA_ES0125A,,SP_28079017_14_6,SPP_28079017_14_6.1,SAM_28079017_14_6,O3,http://dd.eionet.europa.eu/vocabulary/aq/pollutant/7,hour,67.4599999900,µg/m3,2017-03-27 15:00:00 +01:00,2017-03-27 16:00:00 +01:00,1,1
ES,ES.BDCA.AQD,NET_ES131A,STA_ES0125A,,SP_28079017_14_6,SPP_28079017_14_6.1,SAM_28079017_14_6,O3,http://dd.eionet.europa.eu/vocabulary/aq/pollutant/7,hour,68.4300000000,µg/m3,2017-03-27 16:00:00 +01:00,2017-03-27 17:00:00 +01:00,1,1
ES,ES.BDCA.AQD,NET_ES131A,STA_ES0125A,,SP_28079017_14_6,SPP_28079017_14_6.1,SAM_28079017_14_6,O3,http://dd.eionet.europa.eu/vocabulary/aq/pollutant/7,hour,67.3299999900,µg/m3,2017-03-27 17:00:00 +01:00,2017-03-27 18:00:00 +01:00,1,1
ES,ES.BDCA.AQD,NET_ES131A,STA_ES0125A,,SP_28079017_14_6,SPP_28079017_14_6.1,SAM_28079017_14_6,O3,http://dd.eionet.europa.eu/vocabulary/aq/pollutant/7,hour,59.8999999900,µg/m3,2017-03-27 18:00:00 +01:00,2017-03-27 19:00:00 +01:00,1,1
ES,ES.BDCA.AQD,NET_ES131A,STA_ES0125A,,SP_28079017_14_6,SPP_28079017_14_6.1,SAM_28079017_14_6,O3,http://dd.eionet.europa.eu/vocabulary/aq/pollutant/7,hour,48.1000000000,µg/m3,2017-03-27 19:00:00 +01:00,2017-03-27 20:00:00 +01:00,1,1
ES,ES.BDCA.AQD,NET_ES131A,STA_ES0125A,,SP_28079017_14_6,SPP_28079017_14_6.1,SAM_28079017_14_6,O3,http://dd.eionet.europa.eu/vocabulary/aq/pollutant/7,hour,13.8599999900,µg/m3,2017-03-27 20:00:00 +01:00,2017-03-27 21:00:00 +01:00,1,1
ES,ES.BDCA.AQD,NET_ES131A,STA_ES0125A,,SP_28079017_14_6,SPP_28079017_14_6.1,SAM_28079017_14_6,O3,http://dd.eionet.europa.eu/vocabulary/aq/pollutant/7,hour,14.8500000000,µg/m3,2017-03-27 21:00:00 +01:00,2017-03-27 22:00:00 +01:00,1,1
ES,ES.BDCA.AQD,NET_ES131A,STA_ES0125A,,SP_28079017_14_6,SPP_28079017_14_6.1,SAM_28079017_14_6,O3,http://dd.eionet.europa.eu/vocabulary/aq/pollutant/7,hour,19.3400000000,µg/m3,2017-03-27 22:00:00 +01:00,2017-03-27 23:00:00 +01:00,1,1
ES,ES.BDCA.AQD,NET_ES131A,STA_ES0125A,,SP_28079017_14_6,SPP_28079017_14_6.1,SAM_28079017_14_6,O3,http://dd.eionet.europa.eu/vocabulary/aq/pollutant/7,hour,7.4199999900,µg/m3,2017-03-27 23:00:00 +01:00,2017-03-28 00:00:00 +01:00,1,1
ES,ES.BDCA.AQD,NET_ES131A,STA_ES0125A,,SP_28079017_14_6,SPP_28079017_14_6.1,SAM_28079017_14_6,O3,http://dd.eionet.europa.eu/vocabulary/aq/pollutant/7,hour,2.5800000000,µg/m3,2017-03-28 00:00:00 +01:00,2017-03-28 01:00:00 +01:00,1,1
ES,ES.BDCA.AQD,NET_ES131A,STA_ES0125A,,SP_28079017_14_6,SPP_28079017_14_6.1,SAM_28079017_14_6,O3,http://dd.eionet.europa.eu/vocabulary/aq/pollutant/7,hour,3.9900000000,µg/m3,2017-03-28 01:00:00 +01:00,2017-03-28 02:00:00 +01:00,1,1
ES,ES.BDCA.AQD,NET_ES131A,STA_ES0125A,,SP_28079017_14_6,SPP_28079017_14_6.1,SAM_28079017_14_6,O3,http://dd.eionet.europa.eu/vocabulary/aq/pollutant/7,hour,11.7799999900,µg/m3,2017-03-28 02:00:00 +01:00,2017-03-28 03:00:00 +01:00,1,1
ES,ES.BDCA.AQD,NET_ES131A,STA_ES0125A,,SP_28079017_14_6,SPP_28079017_14_6.1,SAM_28079017_14_6,O3,http://dd.eionet.europa.eu/vocabulary/aq/pollutant/7,hour,7.0700000000,µg/m3,2017-03-28 03:00:00 +01:00,2017-03-28 04:00:00 +01:00,1,1
ES,ES.BDCA.AQD,NET_ES131A,STA_ES0125A,,SP_28079017_14_6,SPP_28079017_14_6.1,SAM_28079017_14_6,O3,http://dd.eionet.europa.eu/vocabulary/aq/pollutant/7,hour,14.1199999900,µg/m3,2017-03-28 04:00:00 +01:00,2017-03-28 05:00:00 +01:00,1,1
ES,ES.BDCA.AQD,NET_ES131A,STA_ES0125A,,SP_28079017_14_6,SPP_28079017_14_6.1,SAM_28079017_14_6,O3,http://dd.eionet.europa.eu/vocabulary/aq/pollutant/7,hour,8.5399999900,µg/m3,2017-03-28 05:00:00 +01:00,2017-03-28 06:00:00 +01:00,1,1
ES,ES.BDCA.AQD,NET_ES131A,STA_ES0125A,,SP_28079017_14_6,SPP_28079017_14_6.1,SAM_28079017_14_6,O3,http://dd.eionet.europa.eu/vocabulary/aq/pollutant/7,hour,1.6000000000,µg/m3,2017-03-28 06:00:00 +01:00,2017-03-28 07:00:00 +01:00,1,1
ES,ES.BDCA.AQD,NET_ES131A,STA_ES0125A,,SP_28079017_14_6,SPP_28079017_14_6.1,SAM_28079017_14_6,O3,http://dd.eionet.europa.eu/vocabulary/aq/pollutant/7,hour,19.1700000000,µg/m3,2017-03-28 07:00:00 +01:00,2017-03-28 08:00:00 +01:00,1,1
ES,ES.BDCA.AQD,NET_ES131A,STA_ES0125A,,SP_28079017_14_6,SPP_28079017_14_6.1,SAM_28079017_14_6,O3,http://dd.eionet.europa.eu/vocabulary/aq/pollutant/7,hour,32.9099999900,µg/m3,2017-03-28 08:00:00 +01:00,2017-03-28 09:00:00 +01:00,1,1
ES,ES.BDCA.AQD,NET_ES131A,STA_ES0125A,,SP_28079017_14_6,SPP_28079017_14_6.1,SAM_28079017_14_6,O3,http://dd.eionet.europa.eu/vocabulary/aq/pollutant/7,hour,34.8999999900,µg/m3,2017-03-28 09:00:00 +01:00,2017-03-28 10:00:00 +01:00,1,1
ES,ES.BDCA.AQD,NET_ES131A,STA_ES0125A,,SP_28079017_14_6,SPP_28079017_14_6.1,SAM_28079017_14_6,O3,http://dd.eionet.europa.eu/vocabulary/aq/pollutant/7,hour,47.2000000000,µg/m3,2017-03-28 10:00:00 +01:00,2017-03-28 11:00:00 +01:00,1,1
ES,ES.BDCA.AQD,NET_ES131A,STA_ES0125A,,SP_28079017_14_6,SPP_28079017_14_6.1,SAM_28079017_14_6,O3,http://dd.eionet.europa.eu/vocabulary/aq/pollutant/7,hour,52.7599999900,µg/m3,2017-03-28 11:00:00 +01:00,2017-03-28 12:00:00 +01:00,1,1
ES,ES.BDCA.AQD,NET_ES131A,STA_ES0125A,,SP_28079017_14_6,SPP_28079017_14_6.1,SAM_28079017_14_6,O3,http://dd.eionet.europa.eu/vocabulary/aq/pollutant/7,hour,61.4799999900,µg/m3,2017-03-28 12:00:00 +01:00,2017-03-28 13:00:00 +01:00,1,1
ES,ES.BDCA.AQD,NET_ES131A,STA_ES0125A,,SP_28079017_14_6,SPP_28079017_14_6.1,SAM_28079017_14_6,O3,http://dd.eionet.europa.eu/vocabulary/aq/pollutant/7,hour,72.3799999900,µg/m3,2017-03-28 13:00:00 +01:00,2017-03-28 14:00:00 +01:00,1,1
ES,ES.BDCA.AQD,NET_ES131A,STA_ES0125A,,SP_28079017_14_6,SPP_28079017_14_6.1,SAM_28079017_14_6,O3,http://dd.eionet.europa.eu/vocabulary/aq/pollutant/7,hour,86.2999999900,µg/m3,2017-03-28 14:00:00 +01:00,2017-03-28 15:00:00 +01:00,1,1
ES,ES.BDCA.AQD,NET_ES131A,STA_ES0125A,,SP_28079017_14_6,SPP_28079017_14_6.1,SAM_28079017_14_6,O3,http://dd.eionet.europa.eu/vocabulary/aq/pollutant/7,hour,89.5999999900,µg/m3,2017-03-28 15:00:00 +01:00,2017-03-28 16:00:00 +01:00,1,1
ES,ES.BDCA.AQD,NET_ES131A,STA_ES0125A,,SP_28079017_14_6,SPP_28079017_14_6.1,SAM_28079017_14_6,O3,http://dd.eionet.europa.eu/vocabulary/aq/pollutant/7,hour,95.5900000000,µg/m3,2017-03-28 16:00:00 +01:00,2017-03-28 17:00:00 +01:00,1,1
ES,ES.BDCA.AQD,NET_ES131A,STA_ES0125A,,SP_28079017_14_6,SPP_28079017_14_6.1,SAM_28079017_14_6,O3,http://dd.eionet.europa.eu/vocabulary/aq/pollutant/7,hour,87.5100000000,µg/m3,2017-03-28 17:00:00 +01:00,2017-03-28 18:00:00 +01:00,1,1
ES,ES.BDCA.AQD,NET_ES131A,STA_ES0125A,,SP_28079017_14_6,SPP_28079017_14_6.1,SAM_28079017_14_6,O3,http://dd.eionet.europa.eu/vocabulary/aq/pollutant/7,hour,78.4000000000,µg/m3,2017-03-28 18:00:00 +01:00,2017-03-28 19:00:00 +01:00,1,1
ES,ES.BDCA.AQD,NET_ES131A,STA_ES0125A,,SP_28079017_14_6,SPP_28079017_14_6.1,SAM_28079017_14_6,O3,http://dd.eionet.europa.eu/vocabulary/aq/pollutant/7,hour,45.1899999900,µg/m3,2017-03-28 19:00:00 +01:00,2017-03-28 20:00:00 +01:00,1,1
ES,ES.BDCA.AQD,NET_ES131A,STA_ES0125A,,SP_28079017_14_6,SPP_28079017_14_6.1,SAM_28079017_14_6,O3,http://dd.eionet.europa.eu/vocabulary/aq/pollutant/7,hour,3.7300000000,µg/m3,2017-03-28 20:00:00 +01:00,2017-03-28 21:00:00 +01:00,1,1
ES,ES.BDCA.AQD,NET_ES131A,STA_ES0125A,,SP_28079017_14_6,SPP_28079017_14_6.1,SAM_28079017_14_6,O3,http://dd.eionet.europa.eu/vocabulary/aq/pollutant/7,hour,2.4700000000,µg/m3,2017-03-28 21:00:00 +01:00,2017-03-28 22:00:00 +01:00,1,1
ES,ES.BDCA.AQD,NET_ES131A,STA_ES0125A,,SP_28079017_14_6,SPP_28079017_14_6.1,SAM_28079017_14_6,O3,http://dd.eionet.europa.eu/vocabulary/aq/pollutant/7,hour,2.4199999900,µg/m3,2017-03-28 22:00:00 +01:00,2017-03-28 23:00:00 +01:00,1,1
ES,ES.BDCA.AQD,NET_ES131A,STA_ES0125A,,SP_28079017_14_6,SPP_28079017_14_6.1,SAM_28079017_14_6,O3,http://dd.eionet.europa.eu/vocabulary/aq/pollutant/7,hour,1.9800000000,µg/m3,2017-03-28 23:00:00 +01:00,2017-03-29 00:00:00 +01:00,1,1
ES,ES.BDCA.AQD,NET_ES131A,STA_ES0125A,,SP_28079017_14_6,SPP_28079017_14_6.1,SAM_28079017_14_6,O3,http://dd.eionet.europa.eu/vocabulary/aq/pollutant/7,hour,1.9900000000,µg/m3,2017-03-29 00:00:00 +01:00,2017-03-29 01:00:00 +01:00,1,1
ES,ES.BDCA.AQD,NET_ES131A,STA_ES0125A,,SP_28079017_14_6,SPP_28079017_14_6.1,SAM_28079017_14_6,O3,http://dd.eionet.europa.eu/vocabulary/aq/pollutant/7,hour,1.6100000000,µg/m3,2017-03-29 01:00:00 +01:00,2017-03-29 02:00:00 +01:00,1,1
ES,ES.BDCA.AQD,NET_ES131A,STA_ES0125A,,SP_28079017_14_6,SPP_28079017_14_6.1,SAM_28079017_14_6,O3,http://dd.eionet.europa.eu/vocabulary/aq/pollutant/7,hour,1.2700000000,µg/m3,2017-03-29 02:00:00 +01:00,2017-03-29 03:00:00 +01:00,1,1
ES,ES.BDCA.AQD,NET_ES131A,STA_ES0125A,,SP_28079017_14_6,SPP_28079017_14_6.1,SAM_28079017_14_6,O3,http://dd.eionet.europa.eu/vocabulary/aq/pollutant/7,hour,1.0700000000,µg/m3,2017-03-29 03:00:00 +01:00,2017-03-29 04:00:00 +01:00,1,1
ES,ES.BDCA.AQD,NET_ES131A,STA_ES0125A,,SP_28079017_14_6,SPP_28079017_14_6.1,SAM_28079017_14_6,O3,http://dd.eionet.europa.eu/vocabulary/aq/pollutant/7,hour,1.5000000000,µg/m3,2017-03-29 04:00:00 +01:00,2017-03-29 05:00:00 +01:00,1,1
ES,ES.BDCA.AQD,NET_ES131A,STA_ES0125A,,SP_28079017_14_6,SPP_28079017_14_6.1,SAM_28079017_14_6,O3,http://dd.eionet.europa.eu/vocabulary/aq/pollutant/7,hour,1.4900000000,µg/m3,2017-03-29 05:00:00 +01:00,2017-03-29 06:00:00 +01:00,1,1
ES,ES.BDCA.AQD,NET_ES131A,STA_ES0125A,,SP_28079017_14_6,SPP_28079017_14_6.1,SAM_28079017_14_6,O3,http://dd.eionet.europa.eu/vocabulary/aq/pollutant/7,hour,1.6599999900,µg/m3,2017-03-29 06:00:00 +01:00,2017-03-29 07:00:00 +01:00,1,1
ES,ES.BDCA.AQD,NET_ES131A,STA_ES0125A,,SP_28079017_14_6,SPP_28079017_14_6.1,SAM_28079017_14_6,O3,http://dd.eionet.europa.eu/vocabulary/aq/pollutant/7,hour,1.3799999900,µg/m3,2017-03-29 07:00:00 +01:00,2017-03-29 08:00:00 +01:00,1,1
ES,ES.BDCA.AQD,NET_ES131A,STA_ES0125A,,SP_28079017_14_6,SPP_28079017_14_6.1,SAM_28079017_14_6,O3,http://dd.eionet.europa.eu/vocabulary/aq/pollutant/7,hour,2.2400000000,µg/m3,2017-03-29 08:00:00 +01:00,2017-03-29 09:00:00 +01:00,1,1
ES,ES.BDCA.AQD,NET_ES131A,STA_ES0125A,,SP_28079017_14_6,SPP_28079017_14_6.1,SAM_28079017_14_6,O3,http://dd.eionet.europa.eu/vocabulary/aq/pollutant/7,hour,7.7199999900,µg/m3,2017-03-29 09:00:00 +01:00,2017-03-29 10:00:00 +01:00,1,1
ES,ES.BDCA.AQD,NET_ES131A,STA_ES0125A,,SP_28079017_14_6,SPP_28079017_14_6.1,SAM_28079017_14_6,O3,http://dd.eionet.europa.eu/vocabulary/aq/pollutant/7,hour,23.1099999900,µg/m3,2017-03-29 10:00:00 +01:00,2017-03-29 11:00:00 +01:00,1,1
ES,ES.BDCA.AQD,NET_ES131A,STA_ES0125A,,SP_28079017_14_6,SPP_28079017_14_6.1,SAM_28079017_14_6,O3,http://dd.eionet.europa.eu/vocabulary/aq/pollutant/7,hour,37.4500000000,µg/m3,2017-03-29 11:00:00 +01:00,2017-03-29 12:00:00 +01:00,1,1
ES,ES.BDCA.AQD,NET_ES131A,STA_ES0125A,,SP_28079017_14_6,SPP_28079017_14_6.1,SAM_28079017_14_6,O3,http://dd.eionet.europa.eu/vocabulary/aq/pollutant/7,hour,54.5399999900,µg/m3,2017-03-29 12:00:00 +01:00,2017-03-29 13:00:00 +01:00,1,1
ES,ES.BDCA.AQD,NET_ES131A,STA_ES0125A,,SP_28079017_14_6,SPP_28079017_14_6.1,SAM_28079017_14_6,O3,http://dd.eionet.europa.eu/vocabulary/aq/pollutant/7,hour,71.8700000000,µg/m3,2017-03-29 13:00:00 +01:00,2017-03-29 14:00:00 +01:00,1,1
ES,ES.BDCA.AQD,NET_ES131A,STA_ES0125A,,SP_28079017_14_6,SPP_28079017_14_6.1,SAM_28079017_14_6,O3,http://dd.eionet.europa.eu/vocabulary/aq/pollutant/7,hour,83.0000000000,µg/m3,2017-03-29 14:00:00 +01:00,2017-03-29 15:00:00 +01:00,1,1
ES,ES.BDCA.AQD,NET_ES131A,STA_ES0125A,,SP_28079017_14_6,SPP_28079017_14_6.1,SAM_28079017_14_6,O3,http://dd.eionet.europa.eu/vocabulary/aq/pollutant/7,hour,87.4300000000,µg/m3,2017-03-29 15:00:00 +01:00,2017-03-29 16:00:00 +01:00,1,1
ES,ES.BDCA.AQD,NET_ES131A,STA_ES0125A,,SP_28079017_14_6,SPP_28079017_14_6.1,SAM_28079017_14_6,O3,http://dd.eionet.europa.eu/vocabulary/aq/pollutant/7,hour,91.4099999900,µg/m3,2017-03-29 16:00:00 +01:00,2017-03-29 17:00:00 +01:00,1,1
ES,ES.BDCA.AQD,NET_ES131A,STA_ES0125A,,SP_28079017_14_6,SPP_28079017_14_6.1,SAM_28079017_14_6,O3,http://dd.eionet.europa.eu/vocabulary/aq/pollutant/7,hour,91.8299999900,µg/m3,2017-03-29 17:00:00 +01:00,2017-03-29 18:00:00 +01:00,1,1
ES,ES.BDCA.AQD,NET_ES131A,STA_ES0125A,,SP_28079017_14_6,SPP_28079017_14_6.1,SAM_28079017_14_6,O3,http://dd.eionet.europa.eu/vocabulary/aq/pollutant/7,hour,73.4599999900,µg/m3,2017-03-29 18:00:00 +01:00,2017-03-29 19:00:00 +01:00,1,1
ES,ES.BDCA.AQD,NET_ES131A,STA_ES0125A,,SP_28079017_14_6,SPP_28079017_14_6.1,SAM_28079017_14_6,O3,http://dd.eionet.europa.eu/vocabulary/aq/pollutant/7,hour,36.1199999900,µg/m3,2017-03-29 19:00:00 +01:00,2017-03-29 20:00:00 +01:00,1,1
ES,ES.BDCA.AQD,NET_ES131A,STA_ES0125A,,SP_28079017_14_6,SPP_28079017_14_6.1,SAM_28079017_14_6,O3,http://dd.eionet.europa.eu/vocabulary/aq/pollutant/7,hour,2.9600000000,µg/m3,2017-03-29 20:00:00 +01:00,2017-03-29 21:00:00 +01:00,1,1
ES,ES.BDCA.AQD,NET_ES131A,STA_ES0125A,,SP_28079017_14_6,SPP_28079017_14_6.1,SAM_28079017_14_6,O3,http://dd.eionet.europa.eu/vocabulary/aq/pollutant/7,hour,2.0299999900,µg/m3,2017-03-29 21:00:00 +01:00,2017-03-29 22:00:00 +01:00,1,1
ES,ES.BDCA.AQD,NET_ES131A,STA_ES0125A,,SP_28079017_14_6,SPP_28079017_14_6.1,SAM_28079017_14_6,O3,http://dd.eionet.europa.eu/vocabulary/aq/pollutant/7,hour,1.8799999900,µg/m3,2017-03-29 22:00:00 +01:00,2017-03-29 23:00:00 +01:00,1,1
ES,ES.BDCA.AQD,NET_ES131A,STA_ES0125A,,SP_28079017_14_6,SPP_28079017_14_6.1,SAM_28079017_14_6,O3,http://dd.eionet.europa.eu/vocabulary/aq/pollutant/7,hour,1.3100000000,µg/m3,2017-03-29 23:00:00 +01:00,2017-03-30 00:00:00 +01:00,1,1
ES,ES.BDCA.AQD,NET_ES131A,STA_ES0125A,,SP_28079017_14_6,SPP_28079017_14_6.1,SAM_28079017_14_6,O3,http://dd.eionet.europa.eu/vocabulary/aq/pollutant/7,hour,1.0100000000,µg/m3,2017-03-30 00:00:00 +01:00,2017-03-30 01:00:00 +01:00,1,1
ES,ES.BDCA.AQD,NET_ES131A,STA_ES0125A,,SP_28079017_14_6,SPP_28079017_14_6.1,SAM_28079017_14_6,O3,http://dd.eionet.europa.eu/vocabulary/aq/pollutant/7,hour,0.7500000000,µg/m3,2017-03-30 01:00:00 +01:00,2017-03-30 02:00:00 +01:00,1,1
ES,ES.BDCA.AQD,NET_ES131A,STA_ES0125A,,SP_28079017_14_6,SPP_28079017_14_6.1,SAM_28079017_14_6,O3,http://dd.eionet.europa.eu/vocabulary/aq/pollutant/7,hour,0.8300000000,µg/m3,2017-03-30 02:00:00 +01:00,2017-03-30 03:00:00 +01:00,1,1
ES,ES.BDCA.AQD,NET_ES131A,STA_ES0125A,,SP_28079017_14_6,SPP_28079017_14_6.1,SAM_28079017_14_6,O3,http://dd.eionet.europa.eu/vocabulary/aq/pollutant/7,hour,0.8900000000,µg/m3,2017-03-30 03:00:00 +01:00,2017-03-30 04:00:00 +01:00,1,1
ES,ES.BDCA.AQD,NET_ES131A,STA_ES0125A,,SP_28079017_14_6,SPP_28079017_14_6.1,SAM_28079017_14_6,O3,http://dd.eionet.europa.eu/vocabulary/aq/pollutant/7,hour,0.9400000000,µg/m3,2017-03-30 04:00:00 +01:00,2017-03-30 05:00:00 +01:00,1,1
ES,ES.BDCA.AQD,NET_ES131A,STA_ES0125A,,SP_28079017_14_6,SPP_28079017_14_6.1,SAM_28079017_14_6,O3,http://dd.eionet.europa.eu/vocabulary/aq/pollutant/7,hour,0.9600000000,µg/m3,2017-03-30 05:00:00 +01:00,2017-03-30 06:00:00 +01:00,1,1
ES,ES.BDCA.AQD,NET_ES131A,STA_ES0125A,,SP_28079017_14_6,SPP_28079017_14_6.1,SAM_28079017_14_6,O3,http://dd.eionet.europa.eu/vocabulary/aq/pollutant/7,hour,0.9500000000,µg/m3,2017-03-30 06:00:00 +01:00,2017-03-30 07:00:00 +01:00,1,1
ES,ES.BDCA.AQD,NET_ES131A,STA_ES0125A,,SP_28079017_14_6,SPP_28079017_14_6.1,SAM_28079017_14_6,O3,http://dd.eionet.europa.eu/vocabulary/aq/pollutant/7,hour,0.9200000000,µg/m3,2017-03-30 07:00:00 +01:00,2017-03-30 08:00:00 +01:00,1,1
ES,ES.BDCA.AQD,NET_ES131A,STA_ES0125A,,SP_28079017_14_6,SPP_28079017_14_6.1,SAM_28079017_14_6,O3,http://dd.eionet.europa.eu/vocabulary/aq/pollutant/7,hour,2.3100000000,µg/m3,2017-03-30 08:00:00 +01:00,2017-03-30 09:00:00 +01:00,1,1
ES,ES.BDCA.AQD,NET_ES131A,STA_ES0125A,,SP_28079017_14_6,SPP_28079017_14_6.1,SAM_28079017_14_6,O3,http://dd.eionet.europa.eu/vocabulary/aq/pollutant/7,hour,10.1000000000,µg/m3,2017-03-30 09:00:00 +01:00,2017-03-30 10:00:00 +01:00,1,1
ES,ES.BDCA.AQD,NET_ES131A,STA_ES0125A,,SP_28079017_14_6,SPP_28079017_14_6.1,SAM_28079017_14_6,O3,http://dd.eionet.europa.eu/vocabulary/aq/pollutant/7,hour,36.6400000000,µg/m3,2017-03-30 10:00:00 +01:00,2017-03-30 11:00:00 +01:00,1,1
ES,ES.BDCA.AQD,NET_ES131A,STA_ES0125A,,SP_28079017_14_6,SPP_28079017_14_6.1,SAM_28079017_14_6,O3,http://dd.eionet.europa.eu/vocabulary/aq/pollutant/7,hour,55.2400000000,µg/m3,2017-03-30 11:00:00 +01:00,2017-03-30 12:00:00 +01:00,1,1
ES,ES.BDCA.AQD,NET_ES131A,STA_ES0125A,,SP_28079017_14_6,SPP_28079017_14_6.1,SAM_28079017_14_6,O3,http://dd.eionet.europa.eu/vocabulary/aq/pollutant/7,hour,66.5699999900,µg/m3,2017-03-30 12:00:00 +01:00,2017-03-30 13:00:00 +01:00,1,1
ES,ES.BDCA.AQD,NET_ES131A,STA_ES0125A,,SP_28079017_14_6,SPP_28079017_14_6.1,SAM_28079017_14_6,O3,http://dd.eionet.europa.eu/vocabulary/aq/pollutant/7,hour,78.8100000000,µg/m3,2017-03-30 13:00:00 +01:00,2017-03-30 14:00:00 +01:00,1,1
ES,ES.BDCA.AQD,NET_ES131A,STA_ES0125A,,SP_28079017_14_6,SPP_28079017_14_6.1,SAM_28079017_14_6,O3,http://dd.eionet.europa.eu/vocabulary/aq/pollutant/7,hour,89.6700000000,µg/m3,2017-03-30 14:00:00 +01:00,2017-03-30 15:00:00 +01:00,1,1
ES,ES.BDCA.AQD,NET_ES131A,STA_ES0125A,,SP_28079017_14_6,SPP_28079017_14_6.1,SAM_28079017_14_6,O3,http://dd.eionet.europa.eu/vocabulary/aq/pollutant/7,hour,94.5999999900,µg/m3,2017-03-30 15:00:00 +01:00,2017-03-30 16:00:00 +01:00,1,1
ES,ES.BDCA.AQD,NET_ES131A,STA_ES0125A,,SP_28079017_14_6,SPP_28079017_14_6.1,SAM_28079017_14_6,O3,http://dd.eionet.europa.eu/vocabulary/aq/pollutant/7,hour,89.0300000000,µg/m3,2017-03-30 16:00:00 +01:00,2017-03-30 17:00:00 +01:00,1,1
ES,ES.BDCA.AQD,NET_ES131A,STA_ES0125A,,SP_28079017_14_6,SPP_28079017_14_6.1,SAM_28079017_14_6,O3,http://dd.eionet.europa.eu/vocabulary/aq/pollutant/7,hour,84.6400000000,µg/m3,2017-03-30 17:00:00 +01:00,2017-03-30 18:00:00 +01:00,1,1
ES,ES.BDCA.AQD,NET_ES131A,STA_ES0125A,,SP_28079017_14_6,SPP_28079017_14_6.1,SAM_28079017_14_6,O3,http://dd.eionet.europa.eu/vocabulary/aq/pollutant/7,hour,73.2500000000,µg/m3,2017-03-30 18:00:00 +01:00,2017-03-30 19:00:00 +01:00,1,1
ES,ES.BDCA.AQD,NET_ES131A,STA_ES0125A,,SP_28079017_14_6,SPP_28079017_14_6.1,SAM_28079017_14_6,O3,http://dd.eionet.europa.eu/vocabulary/aq/pollutant/7,hour,40.6400000000,µg/m3,2017-03-30 19:00:00 +01:00,2017-03-30 20:00:00 +01:00,1,1
ES,ES.BDCA.AQD,NET_ES131A,STA_ES0125A,,SP_28079017_14_6,SPP_28079017_14_6.1,SAM_28079017_14_6,O3,http://dd.eionet.europa.eu/vocabulary/aq/pollutant/7,hour,31.2300000000,µg/m3,2017-03-30 20:00:00 +01:00,2017-03-30 21:00:00 +01:00,1,1
ES,ES.BDCA.AQD,NET_ES131A,STA_ES0125A,,SP_28079017_14_6,SPP_28079017_14_6.1,SAM_28079017_14_6,O3,http://dd.eionet.europa.eu/vocabulary/aq/pollutant/7,hour,28.8500000000,µg/m3,2017-03-30 21:00:00 +01:00,2017-03-30 22:00:00 +01:00,1,1
ES,ES.BDCA.AQD,NET_ES131A,STA_ES0125A,,SP_28079017_14_6,SPP_28079017_14_6.1,SAM_28079017_14_6,O3,http://dd.eionet.europa.eu/vocabulary/aq/pollutant/7,hour,44.2500000000,µg/m3,2017-03-30 22:00:00 +01:00,2017-03-30 23:00:00 +01:00,1,1
ES,ES.BDCA.AQD,NET_ES131A,STA_ES0125A,,SP_28079017_14_6,SPP_28079017_14_6.1,SAM_28079017_14_6,O3,http://dd.eionet.europa.eu/vocabulary/aq/pollutant/7,hour,20.9699999900,µg/m3,2017-03-30 23:00:00 +01:00,2017-03-31 00:00:00 +01:00,1,1
ES,ES.BDCA.AQD,NET_ES131A,STA_ES0125A,,SP_28079017_14_6,SPP_28079017_14_6.1,SAM_28079017_14_6,O3,http://dd.eionet.europa.eu/vocabulary/aq/pollutant/7,hour,19.2800000000,µg/m3,2017-03-31 00:00:00 +01:00,2017-03-31 01:00:00 +01:00,1,1
ES,ES.BDCA.AQD,NET_ES131A,STA_ES0125A,,SP_28079017_14_6,SPP_28079017_14_6.1,SAM_28079017_14_6,O3,http://dd.eionet.europa.eu/vocabulary/aq/pollutant/7,hour,14.0800000000,µg/m3,2017-03-31 01:00:00 +01:00,2017-03-31 02:00:00 +01:00,1,1
ES,ES.BDCA.AQD,NET_ES131A,STA_ES0125A,,SP_28079017_14_6,SPP_28079017_14_6.1,SAM_28079017_14_6,O3,http://dd.eionet.europa.eu/vocabulary/aq/pollutant/7,hour,10.5600000000,µg/m3,2017-03-31 02:00:00 +01:00,2017-03-31 03:00:00 +01:00,1,1
ES,ES.BDCA.AQD,NET_ES131A,STA_ES0125A,,SP_28079017_14_6,SPP_28079017_14_6.1,SAM_28079017_14_6,O3,http://dd.eionet.europa.eu/vocabulary/aq/pollutant/7,hour,26.3700000000,µg/m3,2017-03-31 03:00:00 +01:00,2017-03-31 04:00:00 +01:00,1,1
ES,ES.BDCA.AQD,NET_ES131A,STA_ES0125A,,SP_28079017_14_6,SPP_28079017_14_6.1,SAM_28079017_14_6,O3,http://dd.eionet.europa.eu/vocabulary/aq/pollutant/7,hour,35.7400000000,µg/m3,2017-03-31 04:00:00 +01:00,2017-03-31 05:00:00 +01:00,1,1
ES,ES.BDCA.AQD,NET_ES131A,STA_ES0125A,,SP_28079017_14_6,SPP_28079017_14_6.1,SAM_28079017_14_6,O3,http://dd.eionet.europa.eu/vocabulary/aq/pollutant/7,hour,25.8799999900,µg/m3,2017-03-31 05:00:00 +01:00,2017-03-31 06:00:00 +01:00,1,1
ES,ES.BDCA.AQD,NET_ES131A,STA_ES0125A,,SP_28079017_14_6,SPP_28079017_14_6.1,SAM_28079017_14_6,O3,http://dd.eionet.europa.eu/vocabulary/aq/pollutant/7,hour,2.1000000000,µg/m3,2017-03-31 06:00:00 +01:00,2017-03-31 07:00:00 +01:00,1,1
ES,ES.BDCA.AQD,NET_ES131A,STA_ES0125A,,SP_28079017_14_6,SPP_28079017_14_6.1,SAM_28079017_14_6,O3,http://dd.eionet.europa.eu/vocabulary/aq/pollutant/7,hour,4.0099999900,µg/m3,2017-03-31 07:00:00 +01:00,2017-03-31 08:00:00 +01:00,1,1
ES,ES.BDCA.AQD,NET_ES131A,STA_ES0125A,,SP_28079017_14_6,SPP_28079017_14_6.1,SAM_28079017_14_6,O3,http://dd.eionet.europa.eu/vocabulary/aq/pollutant/7,hour,17.7300000000,µg/m3,2017-03-31 08:00:00 +01:00,2017-03-31 09:00:00 +01:00,1,1
ES,ES.BDCA.AQD,NET_ES131A,STA_ES0125A,,SP_28079017_14_6,SPP_28079017_14_6.1,SAM_28079017_14_6,O3,http://dd.eionet.europa.eu/vocabulary/aq/pollutant/7,hour,52.3900000000,µg/m3,2017-03-31 09:00:00 +01:00,2017-03-31 10:00:00 +01:00,1,1
ES,ES.BDCA.AQD,NET_ES131A,STA_ES0125A,,SP_28079017_14_6,SPP_28079017_14_6.1,SAM_28079017_14_6,O3,http://dd.eionet.europa.eu/vocabulary/aq/pollutant/7,hour,64.8100000000,µg/m3,2017-03-31 10:00:00 +01:00,2017-03-31 11:00:00 +01:00,1,1
ES,ES.BDCA.AQD,NET_ES131A,STA_ES0125A,,SP_28079017_14_6,SPP_28079017_14_6.1,SAM_28079017_14_6,O3,http://dd.eionet.europa.eu/vocabulary/aq/pollutant/7,hour,65.6899999900,µg/m3,2017-03-31 11:00:00 +01:00,2017-03-31 12:00:00 +01:00,1,1
ES,ES.BDCA.AQD,NET_ES131A,STA_ES0125A,,SP_28079017_14_6,SPP_28079017_14_6.1,SAM_28079017_14_6,O3,http://dd.eionet.europa.eu/vocabulary/aq/pollutant/7,hour,68.9599999900,µg/m3,2017-03-31 12:00:00 +01:00,2017-03-31 13:00:00 +01:00,1,1
ES,ES.BDCA.AQD,NET_ES131A,STA_ES0125A,,SP_28079017_14_6,SPP_28079017_14_6.1,SAM_28079017_14_6,O3,http://dd.eionet.europa.eu/vocabulary/aq/pollutant/7,hour,74.2399999900,µg/m3,2017-03-31 13:00:00 +01:00,2017-03-31 14:00:00 +01:00,1,1
ES,ES.BDCA.AQD,NET_ES131A,STA_ES0125A,,SP_28079017_14_6,SPP_28079017_14_6.1,SAM_28079017_14_6,O3,http://dd.eionet.europa.eu/vocabulary/aq/pollutant/7,hour,83.1700000000,µg/m3,2017-03-31 14:00:00 +01:00,2017-03-31 15:00:00 +01:00,1,1
ES,ES.BDCA.AQD,NET_ES131A,STA_ES0125A,,SP_28079017_14_6,SPP_28079017_14_6.1,SAM_28079017_14_6,O3,http://dd.eionet.europa.eu/vocabulary/aq/pollutant/7,hour,85.1400000000,µg/m3,2017-03-31 15:00:00 +01:00,2017-03-31 16:00:00 +01:00,1,1
ES,ES.BDCA.AQD,NET_ES131A,STA_ES0125A,,SP_28079017_14_6,SPP_28079017_14_6.1,SAM_28079017_14_6,O3,http://dd.eionet.europa.eu/vocabulary/aq/pollutant/7,hour,79.6500000000,µg/m3,2017-03-31 16:00:00 +01:00,2017-03-31 17:00:00 +01:00,1,1
ES,ES.BDCA.AQD,NET_ES131A,STA_ES0125A,,SP_28079017_14_6,SPP_28079017_14_6.1,SAM_28079017_14_6,O3,http://dd.eionet.europa.eu/vocabulary/aq/pollutant/7,hour,77.6299999900,µg/m3,2017-03-31 17:00:00 +01:00,2017-03-31 18:00:00 +01:00,1,1
ES,ES.BDCA.AQD,NET_ES131A,STA_ES0125A,,SP_28079017_14_6,SPP_28079017_14_6.1,SAM_28079017_14_6,O3,http://dd.eionet.europa.eu/vocabulary/aq/pollutant/7,hour,73.3799999900,µg/m3,2017-03-31 18:00:00 +01:00,2017-03-31 19:00:00 +01:00,1,1
ES,ES.BDCA.AQD,NET_ES131A,STA_ES0125A,,SP_28079017_14_6,SPP_28079017_14_6.1,SAM_28079017_14_6,O3,http://dd.eionet.europa.eu/vocabulary/aq/pollutant/7,hour,68.4800000000,µg/m3,2017-03-31 19:00:00 +01:00,2017-03-31 20:00:00 +01:00,1,1
ES,ES.BDCA.AQD,NET_ES131A,STA_ES0125A,,SP_28079017_14_6,SPP_28079017_14_6.1,SAM_28079017_14_6,O3,http://dd.eionet.europa.eu/vocabulary/aq/pollutant/7,hour,66.7199999900,µg/m3,2017-03-31 20:00:00 +01:00,2017-03-31 21:00:00 +01:00,1,1
ES,ES.BDCA.AQD,NET_ES131A,STA_ES0125A,,SP_28079017_14_6,SPP_28079017_14_6.1,SAM_28079017_14_6,O3,http://dd.eionet.europa.eu/vocabulary/aq/pollutant/7,hour,71.5000000000,µg/m3,2017-03-31 21:00:00 +01:00,2017-03-31 22:00:00 +01:00,1,1
ES,ES.BDCA.AQD,NET_ES131A,STA_ES0125A,,SP_28079017_14_6,SPP_28079017_14_6.1,SAM_28079017_14_6,O3,http://dd.eionet.europa.eu/vocabulary/aq/pollutant/7,hour,48.8400000000,µg/m3,2017-03-31 22:00:00 +01:00,2017-03-31 23:00:00 +01:00,1,1
ES,ES.BDCA.AQD,NET_ES131A,STA_ES0125A,,SP_28079017_14_6,SPP_28079017_14_6.1,SAM_28079017_14_6,O3,http://dd.eionet.europa.eu/vocabulary/aq/pollutant/7,hour,55.4699999900,µg/m3,2017-03-31 23:00:00 +01:00,2017-04-01 00:00:00 +01:00,1,1
ES,ES.BDCA.AQD,NET_ES131A,STA_ES0125A,,SP_28079017_14_6,SPP_28079017_14_6.1,SAM_28079017_14_6,O3,http://dd.eionet.europa.eu/vocabulary/aq/pollutant/7,hour,76.0000000000,µg/m3,2017-04-01 00:00:00 +01:00,2017-04-01 01:00:00 +01:00,1,1
ES,ES.BDCA.AQD,NET_ES131A,STA_ES0125A,,SP_28079017_14_6,SPP_28079017_14_6.1,SAM_28079017_14_6,O3,http://dd.eionet.europa.eu/vocabulary/aq/pollutant/7,hour,81.8900000000,µg/m3,2017-04-01 01:00:00 +01:00,2017-04-01 02:00:00 +01:00,1,1
ES,ES.BDCA.AQD,NET_ES131A,STA_ES0125A,,SP_28079017_14_6,SPP_28079017_14_6.1,SAM_28079017_14_6,O3,http://dd.eionet.europa.eu/vocabulary/aq/pollutant/7,hour,79.2699999900,µg/m3,2017-04-01 02:00:00 +01:00,2017-04-01 03:00:00 +01:00,1,1
ES,ES.BDCA.AQD,NET_ES131A,STA_ES0125A,,SP_28079017_14_6,SPP_28079017_14_6.1,SAM_28079017_14_6,O3,http://dd.eionet.europa.eu/vocabulary/aq/pollutant/7,hour,81.6099999900,µg/m3,2017-04-01 03:00:00 +01:00,2017-04-01 04:00:00 +01:00,1,1
ES,ES.BDCA.AQD,NET_ES131A,STA_ES0125A,,SP_28079017_14_6,SPP_28079017_14_6.1,SAM_28079017_14_6,O3,http://dd.eionet.europa.eu/vocabulary/aq/pollutant/7,hour,73.5300000000,µg/m3,2017-04-01 04:00:00 +01:00,2017-04-01 05:00:00 +01:00,1,1
ES,ES.BDCA.AQD,NET_ES131A,STA_ES0125A,,SP_28079017_14_6,SPP_28079017_14_6.1,SAM_28079017_14_6,O3,http://dd.eionet.europa.eu/vocabulary/aq/pollutant/7,hour,60.3200000000,µg/m3,2017-04-01 05:00:00 +01:00,2017-04-01 06:00:00 +01:00,1,1
ES,ES.BDCA.AQD,NET_ES131A,STA_ES0125A,,SP_28079017_14_6,SPP_28079017_14_6.1,SAM_28079017_14_6,O3,http://dd.eionet.europa.eu/vocabulary/aq/pollutant/7,hour,63.1800000000,µg/m3,2017-04-01 06:00:00 +01:00,2017-04-01 07:00:00 +01:00,1,1
ES,ES.BDCA.AQD,NET_ES131A,STA_ES0125A,,SP_28079017_14_6,SPP_28079017_14_6.1,SAM_28079017_14_6,O3,http://dd.eionet.europa.eu/vocabulary/aq/pollutant/7,hour,65.9000000000,µg/m3,2017-04-01 07:00:00 +01:00,2017-04-01 08:00:00 +01:00,1,1
ES,ES.BDCA.AQD,NET_ES131A,STA_ES0125A,,SP_28079017_14_6,SPP_28079017_14_6.1,SAM_28079017_14_6,O3,http://dd.eionet.europa.eu/vocabulary/aq/pollutant/7,hour,67.2699999900,µg/m3,2017-04-01 08:00:00 +01:00,2017-04-01 09:00:00 +01:00,1,1
ES,ES.BDCA.AQD,NET_ES131A,STA_ES0125A,,SP_28079017_14_6,SPP_28079017_14_6.1,SAM_28079017_14_6,O3,http://dd.eionet.europa.eu/vocabulary/aq/pollutant/7,hour,77.9500000000,µg/m3,2017-04-01 09:00:00 +01:00,2017-04-01 10:00:00 +01:00,1,1
ES,ES.BDCA.AQD,NET_ES131A,STA_ES0125A,,SP_28079017_14_6,SPP_28079017_14_6.1,SAM_28079017_14_6,O3,http://dd.eionet.europa.eu/vocabulary/aq/pollutant/7,hour,81.0100000000,µg/m3,2017-04-01 10:00:00 +01:00,2017-04-01 11:00:00 +01:00,1,1
ES,ES.BDCA.AQD,NET_ES131A,STA_ES0125A,,SP_28079017_14_6,SPP_28079017_14_6.1,SAM_28079017_14_6,O3,http://dd.eionet.europa.eu/vocabulary/aq/pollutant/7,hour,81.1899999900,µg/m3,2017-04-01 11:00:00 +01:00,2017-04-01 12:00:00 +01:00,1,1
ES,ES.BDCA.AQD,NET_ES131A,STA_ES0125A,,SP_28079017_14_6,SPP_28079017_14_6.1,SAM_28079017_14_6,O3,http://dd.eionet.europa.eu/vocabulary/aq/pollutant/7,hour,81.9300000000,µg/m3,2017-04-01 12:00:00 +01:00,2017-04-01 13:00:00 +01:00,1,1
ES,ES.BDCA.AQD,NET_ES131A,STA_ES0125A,,SP_28079017_14_6,SPP_28079017_14_6.1,SAM_28079017_14_6,O3,http://dd.eionet.europa.eu/vocabulary/aq/pollutant/7,hour,82.7000000000,µg/m3,2017-04-01 13:00:00 +01:00,2017-04-01 14:00:00 +01:00,1,1
ES,ES.BDCA.AQD,NET_ES131A,STA_ES0125A,,SP_28079017_14_6,SPP_28079017_14_6.1,SAM_28079017_14_6,O3,http://dd.eionet.europa.eu/vocabulary/aq/pollutant/7,hour,86.7399999900,µg/m3,2017-04-01 14:00:00 +01:00,2017-04-01 15:00:00 +01:00,1,1
ES,ES.BDCA.AQD,NET_ES131A,STA_ES0125A,,SP_28079017_14_6,SPP_28079017_14_6.1,SAM_28079017_14_6,O3,http://dd.eionet.europa.eu/vocabulary/aq/pollutant/7,hour,87.6500000000,µg/m3,2017-04-01 15:00:00 +01:00,2017-04-01 16:00:00 +01:00,1,1
ES,ES.BDCA.AQD,NET_ES131A,STA_ES0125A,,SP_28079017_14_6,SPP_28079017_14_6.1,SAM_28079017_14_6,O3,http://dd.eionet.europa.eu/vocabulary/aq/pollutant/7,hour,89.8900000000,µg/m3,2017-04-01 16:00:00 +01:00,2017-04-01 17:00:00 +01:00,1,1
ES,ES.BDCA.AQD,NET_ES131A,STA_ES0125A,,SP_28079017_14_6,SPP_28079017_14_6.1,SAM_28079017_14_6,O3,http://dd.eionet.europa.eu/vocabulary/aq/pollutant/7,hour,88.0799999900,µg/m3,2017-04-01 17:00:00 +01:00,2017-04-01 18:00:00 +01:00,1,1
ES,ES.BDCA.AQD,NET_ES131A,STA_ES0125A,,SP_28079017_14_6,SPP_28079017_14_6.1,SAM_28079017_14_6,O3,http://dd.eionet.europa.eu/vocabulary/aq/pollutant/7,hour,85.1899999900,µg/m3,2017-04-01 18:00:00 +01:00,2017-04-01 19:00:00 +01:00,1,1
ES,ES.BDCA.AQD,NET_ES131A,STA_ES0125A,,SP_28079017_14_6,SPP_28079017_14_6.1,SAM_28079017_14_6,O3,http://dd.eionet.europa.eu/vocabulary/aq/pollutant/7,hour,69.4300000000,µg/m3,2017-04-01 19:00:00 +01:00,2017-04-01 20:00:00 +01:00,1,1
ES,ES.BDCA.AQD,NET_ES131A,STA_ES0125A,,SP_28079017_14_6,SPP_28079017_14_6.1,SAM_28079017_14_6,O3,http://dd.eionet.europa.eu/vocabulary/aq/pollutant/7,hour,56.3500000000,µg/m3,2017-04-01 20:00:00 +01:00,2017-04-01 21:00:00 +01:00,1,1
ES,ES.BDCA.AQD,NET_ES131A,STA_ES0125A,,SP_28079017_14_6,SPP_28079017_14_6.1,SAM_28079017_14_6,O3,http://dd.eionet.europa.eu/vocabulary/aq/pollutant/7,hour,63.3900000000,µg/m3,2017-04-01 21:00:00 +01:00,2017-04-01 22:00:00 +01:00,1,1
ES,ES.BDCA.AQD,NET_ES131A,STA_ES0125A,,SP_28079017_14_6,SPP_28079017_14_6.1,SAM_28079017_14_6,O3,http://dd.eionet.europa.eu/vocabulary/aq/pollutant/7,hour,73.8599999900,µg/m3,2017-04-01 22:00:00 +01:00,2017-04-01 23:00:00 +01:00,1,1
ES,ES.BDCA.AQD,NET_ES131A,STA_ES0125A,,SP_28079017_14_6,SPP_28079017_14_6.1,SAM_28079017_14_6,O3,http://dd.eionet.europa.eu/vocabulary/aq/pollutant/7,hour,67.1099999900,µg/m3,2017-04-01 23:00:00 +01:00,2017-04-02 00:00:00 +01:00,1,1
ES,ES.BDCA.AQD,NET_ES131A,STA_ES0125A,,SP_28079017_14_6,SPP_28079017_14_6.1,SAM_28079017_14_6,O3,http://dd.eionet.europa.eu/vocabulary/aq/pollutant/7,hour,69.8599999900,µg/m3,2017-04-02 00:00:00 +01:00,2017-04-02 01:00:00 +01:00,1,1
ES,ES.BDCA.AQD,NET_ES131A,STA_ES0125A,,SP_28079017_14_6,SPP_28079017_14_6.1,SAM_28079017_14_6,O3,http://dd.eionet.europa.eu/vocabulary/aq/pollutant/7,hour,71.2300000000,µg/m3,2017-04-02 01:00:00 +01:00,2017-04-02 02:00:00 +01:00,1,1
ES,ES.BDCA.AQD,NET_ES131A,STA_ES0125A,,SP_28079017_14_6,SPP_28079017_14_6.1,SAM_28079017_14_6,O3,http://dd.eionet.europa.eu/vocabulary/aq/pollutant/7,hour,70.3799999900,µg/m3,2017-04-02 02:00:00 +01:00,2017-04-02 03:00:00 +01:00,1,1
ES,ES.BDCA.AQD,NET_ES131A,STA_ES0125A,,SP_28079017_14_6,SPP_28079017_14_6.1,SAM_28079017_14_6,O3,http://dd.eionet.europa.eu/vocabulary/aq/pollutant/7,hour,68.0100000000,µg/m3,2017-04-02 03:00:00 +01:00,2017-04-02 04:00:00 +01:00,1,1
ES,ES.BDCA.AQD,NET_ES131A,STA_ES0125A,,SP_28079017_14_6,SPP_28079017_14_6.1,SAM_28079017_14_6,O3,http://dd.eionet.europa.eu/vocabulary/aq/pollutant/7,hour,56.8500000000,µg/m3,2017-04-02 04:00:00 +01:00,2017-04-02 05:00:00 +01:00,1,1
ES,ES.BDCA.AQD,NET_ES131A,STA_ES0125A,,SP_28079017_14_6,SPP_28079017_14_6.1,SAM_28079017_14_6,O3,http://dd.eionet.europa.eu/vocabulary/aq/pollutant/7,hour,35.8299999900,µg/m3,2017-04-02 05:00:00 +01:00,2017-04-02 06:00:00 +01:00,1,1
ES,ES.BDCA.AQD,NET_ES131A,STA_ES0125A,,SP_28079017_14_6,SPP_28079017_14_6.1,SAM_28079017_14_6,O3,http://dd.eionet.europa.eu/vocabulary/aq/pollutant/7,hour,6.4299999900,µg/m3,2017-04-02 06:00:00 +01:00,2017-04-02 07:00:00 +01:00,1,1
ES,ES.BDCA.AQD,NET_ES131A,STA_ES0125A,,SP_28079017_14_6,SPP_28079017_14_6.1,SAM_28079017_14_6,O3,http://dd.eionet.europa.eu/vocabulary/aq/pollutant/7,hour,5.2199999900,µg/m3,2017-04-02 07:00:00 +01:00,2017-04-02 08:00:00 +01:00,1,1
ES,ES.BDCA.AQD,NET_ES131A,STA_ES0125A,,SP_28079017_14_6,SPP_28079017_14_6.1,SAM_28079017_14_6,O3,http://dd.eionet.europa.eu/vocabulary/aq/pollutant/7,hour,46.3699999900,µg/m3,2017-04-02 08:00:00 +01:00,2017-04-02 09:00:00 +01:00,1,1
ES,ES.BDCA.AQD,NET_ES131A,STA_ES0125A,,SP_28079017_14_6,SPP_28079017_14_6.1,SAM_28079017_14_6,O3,http://dd.eionet.europa.eu/vocabulary/aq/pollutant/7,hour,68.7300000000,µg/m3,2017-04-02 09:00:00 +01:00,2017-04-02 10:00:00 +01:00,1,1
ES,ES.BDCA.AQD,NET_ES131A,STA_ES0125A,,SP_28079017_14_6,SPP_28079017_14_6.1,SAM_28079017_14_6,O3,http://dd.eionet.europa.eu/vocabulary/aq/pollutant/7,hour,75.9000000000,µg/m3,2017-04-02 10:00:00 +01:00,2017-04-02 11:00:00 +01:00,1,1
ES,ES.BDCA.AQD,NET_ES131A,STA_ES0125A,,SP_28079017_14_6,SPP_28079017_14_6.1,SAM_28079017_14_6,O3,http://dd.eionet.europa.eu/vocabulary/aq/pollutant/7,hour,78.8299999900,µg/m3,2017-04-02 11:00:00 +01:00,2017-04-02 12:00:00 +01:00,1,1
ES,ES.BDCA.AQD,NET_ES131A,STA_ES0125A,,SP_28079017_14_6,SPP_28079017_14_6.1,SAM_28079017_14_6,O3,http://dd.eionet.europa.eu/vocabulary/aq/pollutant/7,hour,78.7300000000,µg/m3,2017-04-02 12:00:00 +01:00,2017-04-02 13:00:00 +01:00,1,1
ES,ES.BDCA.AQD,NET_ES131A,STA_ES0125A,,SP_28079017_14_6,SPP_28079017_14_6.1,SAM_28079017_14_6,O3,http://dd.eionet.europa.eu/vocabulary/aq/pollutant/7,hour,81.2600000000,µg/m3,2017-04-02 13:00:00 +01:00,2017-04-02 14:00:00 +01:00,1,1
ES,ES.BDCA.AQD,NET_ES131A,STA_ES0125A,,SP_28079017_14_6,SPP_28079017_14_6.1,SAM_28079017_14_6,O3,http://dd.eionet.europa.eu/vocabulary/aq/pollutant/7,hour,80.5300000000,µg/m3,2017-04-02 14:00:00 +01:00,2017-04-02 15:00:00 +01:00,1,1
ES,ES.BDCA.AQD,NET_ES131A,STA_ES0125A,,SP_28079017_14_6,SPP_28079017_14_6.1,SAM_28079017_14_6,O3,http://dd.eionet.europa.eu/vocabulary/aq/pollutant/7,hour,86.4899999900,µg/m3,2017-04-02 15:00:00 +01:00,2017-04-02 16:00:00 +01:00,1,1
ES,ES.BDCA.AQD,NET_ES131A,STA_ES0125A,,SP_28079017_14_6,SPP_28079017_14_6.1,SAM_28079017_14_6,O3,http://dd.eionet.europa.eu/vocabulary/aq/pollutant/7,hour,89.2699999900,µg/m3,2017-04-02 16:00:00 +01:00,2017-04-02 17:00:00 +01:00,1,1
ES,ES.BDCA.AQD,NET_ES131A,STA_ES0125A,,SP_28079017_14_6,SPP_28079017_14_6.1,SAM_28079017_14_6,O3,http://dd.eionet.europa.eu/vocabulary/aq/pollutant/7,hour,92.3700000000,µg/m3,2017-04-02 17:00:00 +01:00,2017-04-02 18:00:00 +01:00,1,1
ES,ES.BDCA.AQD,NET_ES131A,STA_ES0125A,,SP_28079017_14_6,SPP_28079017_14_6.1,SAM_28079017_14_6,O3,http://dd.eionet.europa.eu/vocabulary/aq/pollutant/7,hour,91.0199999900,µg/m3,2017-04-02 18:00:00 +01:00,2017-04-02 19:00:00 +01:00,1,1
ES,ES.BDCA.AQD,NET_ES131A,STA_ES0125A,,SP_28079017_14_6,SPP_28079017_14_6.1,SAM_28079017_14_6,O3,http://dd.eionet.europa.eu/vocabulary/aq/pollutant/7,hour,83.5699999900,µg/m3,2017-04-02 19:00:00 +01:00,2017-04-02 20:00:00 +01:00,1,1
ES,ES.BDCA.AQD,NET_ES131A,STA_ES0125A,,SP_28079017_14_6,SPP_28079017_14_6.1,SAM_28079017_14_6,O3,http://dd.eionet.europa.eu/vocabulary/aq/pollutant/7,hour,83.2800000000,µg/m3,2017-04-02 20:00:00 +01:00,2017-04-02 21:00:00 +01:00,1,1
ES,ES.BDCA.AQD,NET_ES131A,STA_ES0125A,,SP_28079017_14_6,SPP_28079017_14_6.1,SAM_28079017_14_6,O3,http://dd.eionet.europa.eu/vocabulary/aq/pollutant/7,hour,81.1500000000,µg/m3,2017-04-02 21:00:00 +01:00,2017-04-02 22:00:00 +01:00,1,1
ES,ES.BDCA.AQD,NET_ES131A,STA_ES0125A,,SP_28079017_14_6,SPP_28079017_14_6.1,SAM_28079017_14_6,O3,http://dd.eionet.europa.eu/vocabulary/aq/pollutant/7,hour,80.8299999900,µg/m3,2017-04-02 22:00:00 +01:00,2017-04-02 23:00:00 +01:00,1,1
ES,ES.BDCA.AQD,NET_ES131A,STA_ES0125A,,SP_28079017_14_6,SPP_28079017_14_6.1,SAM_28079017_14_6,O3,http://dd.eionet.europa.eu/vocabulary/aq/pollutant/7,hour,74.0600000000,µg/m3,2017-04-02 23:00:00 +01:00,2017-04-03 00:00:00 +01:00,1,1
ES,ES.BDCA.AQD,NET_ES131A,STA_ES0125A,,SP_28079017_14_6,SPP_28079017_14_6.1,SAM_28079017_14_6,O3,http://dd.eionet.europa.eu/vocabulary/aq/pollutant/7,hour,79.4300000000,µg/m3,2017-04-03 00:00:00 +01:00,2017-04-03 01:00:00 +01:00,1,1
ES,ES.BDCA.AQD,NET_ES131A,STA_ES0125A,,SP_28079017_14_6,SPP_28079017_14_6.1,SAM_28079017_14_6,O3,http://dd.eionet.europa.eu/vocabulary/aq/pollutant/7,hour,81.0100000000,µg/m3,2017-04-03 01:00:00 +01:00,2017-04-03 02:00:00 +01:00,1,1
ES,ES.BDCA.AQD,NET_ES131A,STA_ES0125A,,SP_28079017_14_6,SPP_28079017_14_6.1,SAM_28079017_14_6,O3,http://dd.eionet.europa.eu/vocabulary/aq/pollutant/7,hour,72.2800000000,µg/m3,2017-04-03 02:00:00 +01:00,2017-04-03 03:00:00 +01:00,1,1
ES,ES.BDCA.AQD,NET_ES131A,STA_ES0125A,,SP_28079017_14_6,SPP_28079017_14_6.1,SAM_28079017_14_6,O3,http://dd.eionet.europa.eu/vocabulary/aq/pollutant/7,hour,75.7699999900,µg/m3,2017-04-03 03:00:00 +01:00,2017-04-03 04:00:00 +01:00,1,1
ES,ES.BDCA.AQD,NET_ES131A,STA_ES0125A,,SP_28079017_14_6,SPP_28079017_14_6.1,SAM_28079017_14_6,O3,http://dd.eionet.europa.eu/vocabulary/aq/pollutant/7,hour,66.2800000000,µg/m3,2017-04-03 04:00:00 +01:00,2017-04-03 05:00:00 +01:00,1,1
ES,ES.BDCA.AQD,NET_ES131A,STA_ES0125A,,SP_28079017_14_6,SPP_28079017_14_6.1,SAM_28079017_14_6,O3,http://dd.eionet.europa.eu/vocabulary/aq/pollutant/7,hour,53.7999999900,µg/m3,2017-04-03 05:00:00 +01:00,2017-04-03 06:00:00 +01:00,1,1
ES,ES.BDCA.AQD,NET_ES131A,STA_ES0125A,,SP_28079017_14_6,SPP_28079017_14_6.1,SAM_28079017_14_6,O3,http://dd.eionet.europa.eu/vocabulary/aq/pollutant/7,hour,35.9399999900,µg/m3,2017-04-03 06:00:00 +01:00,2017-04-03 07:00:00 +01:00,1,1
ES,ES.BDCA.AQD,NET_ES131A,STA_ES0125A,,SP_28079017_14_6,SPP_28079017_14_6.1,SAM_28079017_14_6,O3,http://dd.eionet.europa.eu/vocabulary/aq/pollutant/7,hour,23.1000000000,µg/m3,2017-04-03 07:00:00 +01:00,2017-04-03 08:00:00 +01:00,1,1
ES,ES.BDCA.AQD,NET_ES131A,STA_ES0125A,,SP_28079017_14_6,SPP_28079017_14_6.1,SAM_28079017_14_6,O3,http://dd.eionet.europa.eu/vocabulary/aq/pollutant/7,hour,28.1600000000,µg/m3,2017-04-03 08:00:00 +01:00,2017-04-03 09:00:00 +01:00,1,1
ES,ES.BDCA.AQD,NET_ES131A,STA_ES0125A,,SP_28079017_14_6,SPP_28079017_14_6.1,SAM_28079017_14_6,O3,http://dd.eionet.europa.eu/vocabulary/aq/pollutant/7,hour,43.9200000000,µg/m3,2017-04-03 09:00:00 +01:00,2017-04-03 10:00:00 +01:00,1,1
ES,ES.BDCA.AQD,NET_ES131A,STA_ES0125A,,SP_28079017_14_6,SPP_28079017_14_6.1,SAM_28079017_14_6,O3,http://dd.eionet.europa.eu/vocabulary/aq/pollutant/7,hour,54.5600000000,µg/m3,2017-04-03 10:00:00 +01:00,2017-04-03 11:00:00 +01:00,1,1
ES,ES.BDCA.AQD,NET_ES131A,STA_ES0125A,,SP_28079017_14_6,SPP_28079017_14_6.1,SAM_28079017_14_6,O3,http://dd.eionet.europa.eu/vocabulary/aq/pollutant/7,hour,67.4500000000,µg/m3,2017-04-03 11:00:00 +01:00,2017-04-03 12:00:00 +01:00,1,1
ES,ES.BDCA.AQD,NET_ES131A,STA_ES0125A,,SP_28079017_14_6,SPP_28079017_14_6.1,SAM_28079017_14_6,O3,http://dd.eionet.europa.eu/vocabulary/aq/pollutant/7,hour,73.3400000000,µg/m3,2017-04-03 12:00:00 +01:00,2017-04-03 13:00:00 +01:00,1,1
ES,ES.BDCA.AQD,NET_ES131A,STA_ES0125A,,SP_28079017_14_6,SPP_28079017_14_6.1,SAM_28079017_14_6,O3,http://dd.eionet.europa.eu/vocabulary/aq/pollutant/7,hour,78.2199999900,µg/m3,2017-04-03 13:00:00 +01:00,2017-04-03 14:00:00 +01:00,1,1
ES,ES.BDCA.AQD,NET_ES131A,STA_ES0125A,,SP_28079017_14_6,SPP_28079017_14_6.1,SAM_28079017_14_6,O3,http://dd.eionet.europa.eu/vocabulary/aq/pollutant/7,hour,84.1299999900,µg/m3,2017-04-03 14:00:00 +01:00,2017-04-03 15:00:00 +01:00,1,1
ES,ES.BDCA.AQD,NET_ES131A,STA_ES0125A,,SP_28079017_14_6,SPP_28079017_14_6.1,SAM_28079017_14_6,O3,http://dd.eionet.europa.eu/vocabulary/aq/pollutant/7,hour,84.5600000000,µg/m3,2017-04-03 15:00:00 +01:00,2017-04-03 16:00:00 +01:00,1,1
ES,ES.BDCA.AQD,NET_ES131A,STA_ES0125A,,SP_28079017_14_6,SPP_28079017_14_6.1,SAM_28079017_14_6,O3,http://dd.eionet.europa.eu/vocabulary/aq/pollutant/7,hour,87.8799999900,µg/m3,2017-04-03 16:00:00 +01:00,2017-04-03 17:00:00 +01:00,1,1
ES,ES.BDCA.AQD,NET_ES131A,STA_ES0125A,,SP_28079017_14_6,SPP_28079017_14_6.1,SAM_28079017_14_6,O3,http://dd.eionet.europa.eu/vocabulary/aq/pollutant/7,hour,88.0900000000,µg/m3,2017-04-03 17:00:00 +01:00,2017-04-03 18:00:00 +01:00,1,1
ES,ES.BDCA.AQD,NET_ES131A,STA_ES0125A,,SP_28079017_14_6,SPP_28079017_14_6.1,SAM_28079017_14_6,O3,http://dd.eionet.europa.eu/vocabulary/aq/pollutant/7,hour,81.4300000000,µg/m3,2017-04-03 18:00:00 +01:00,2017-04-03 19:00:00 +01:00,1,1
ES,ES.BDCA.AQD,NET_ES131A,STA_ES0125A,,SP_28079017_14_6,SPP_28079017_14_6.1,SAM_28079017_14_6,O3,http://dd.eionet.europa.eu/vocabulary/aq/pollutant/7,hour,71.0499999900,µg/m3,2017-04-03 19:00:00 +01:00,2017-04-03 20:00:00 +01:00,1,1
ES,ES.BDCA.AQD,NET_ES131A,STA_ES0125A,,SP_28079017_14_6,SPP_28079017_14_6.1,SAM_28079017_14_6,O3,http://dd.eionet.europa.eu/vocabulary/aq/pollutant/7,hour,5.5400000000,µg/m3,2017-04-03 20:00:00 +01:00,2017-04-03 21:00:00 +01:00,1,1
ES,ES.BDCA.AQD,NET_ES131A,STA_ES0125A,,SP_28079017_14_6,SPP_28079017_14_6.1,SAM_28079017_14_6,O3,http://dd.eionet.europa.eu/vocabulary/aq/pollutant/7,hour,3.2200000000,µg/m3,2017-04-03 21:00:00 +01:00,2017-04-03 22:00:00 +01:00,1,1
ES,ES.BDCA.AQD,NET_ES131A,STA_ES0125A,,SP_28079017_14_6,SPP_28079017_14_6.1,SAM_28079017_14_6,O3,http://dd.eionet.europa.eu/vocabulary/aq/pollutant/7,hour,3.4199999900,µg/m3,2017-04-03 22:00:00 +01:00,2017-04-03 23:00:00 +01:00,1,1
ES,ES.BDCA.AQD,NET_ES131A,STA_ES0125A,,SP_28079017_14_6,SPP_28079017_14_6.1,SAM_28079017_14_6,O3,http://dd.eionet.europa.eu/vocabulary/aq/pollutant/7,hour,2.8799999900,µg/m3,2017-04-03 23:00:00 +01:00,2017-04-04 00:00:00 +01:00,1,1
ES,ES.BDCA.AQD,NET_ES131A,STA_ES0125A,,SP_28079017_14_6,SPP_28079017_14_6.1,SAM_28079017_14_6,O3,http://dd.eionet.europa.eu/vocabulary/aq/pollutant/7,hour,2.5200000000,µg/m3,2017-04-04 00:00:00 +01:00,2017-04-04 01:00:00 +01:00,1,1
ES,ES.BDCA.AQD,NET_ES131A,STA_ES0125A,,SP_28079017_14_6,SPP_28079017_14_6.1,SAM_28079017_14_6,O3,http://dd.eionet.europa.eu/vocabulary/aq/pollutant/7,hour,1.8400000000,µg/m3,2017-04-04 01:00:00 +01:00,2017-04-04 02:00:00 +01:00,1,1
ES,ES.BDCA.AQD,NET_ES131A,STA_ES0125A,,SP_28079017_14_6,SPP_28079017_14_6.1,SAM_28079017_14_6,O3,http://dd.eionet.europa.eu/vocabulary/aq/pollutant/7,hour,1.5800000000,µg/m3,2017-04-04 02:00:00 +01:00,2017-04-04 03:00:00 +01:00,1,1
ES,ES.BDCA.AQD,NET_ES131A,STA_ES0125A,,SP_28079017_14_6,SPP_28079017_14_6.1,SAM_28079017_14_6,O3,http://dd.eionet.europa.eu/vocabulary/aq/pollutant/7,hour,1.0800000000,µg/m3,2017-04-04 03:00:00 +01:00,2017-04-04 04:00:00 +01:00,1,1
ES,ES.BDCA.AQD,NET_ES131A,STA_ES0125A,,SP_28079017_14_6,SPP_28079017_14_6.1,SAM_28079017_14_6,O3,http://dd.eionet.europa.eu/vocabulary/aq/pollutant/7,hour,1.2400000000,µg/m3,2017-04-04 04:00:00 +01:00,2017-04-04 05:00:00 +01:00,1,1
ES,ES.BDCA.AQD,NET_ES131A,STA_ES0125A,,SP_28079017_14_6,SPP_28079017_14_6.1,SAM_28079017_14_6,O3,http://dd.eionet.europa.eu/vocabulary/aq/pollutant/7,hour,1.3899999900,µg/m3,2017-04-04 05:00:00 +01:00,2017-04-04 06:00:00 +01:00,1,1
ES,ES.BDCA.AQD,NET_ES131A,STA_ES0125A,,SP_28079017_14_6,SPP_28079017_14_6.1,SAM_28079017_14_6,O3,http://dd.eionet.europa.eu/vocabulary/aq/pollutant/7,hour,1.9800000000,µg/m3,2017-04-04 06:00:00 +01:00,2017-04-04 07:00:00 +01:00,1,1
ES,ES.BDCA.AQD,NET_ES131A,STA_ES0125A,,SP_28079017_14_6,SPP_28079017_14_6.1,SAM_28079017_14_6,O3,http://dd.eionet.europa.eu/vocabulary/aq/pollutant/7,hour,2.0099999900,µg/m3,2017-04-04 07:00:00 +01:00,2017-04-04 08:00:00 +01:00,1,1
ES,ES.BDCA.AQD,NET_ES131A,STA_ES0125A,,SP_28079017_14_6,SPP_28079017_14_6.1,SAM_28079017_14_6,O3,http://dd.eionet.europa.eu/vocabulary/aq/pollutant/7,hour,2.7000000000,µg/m3,2017-04-04 08:00:00 +01:00,2017-04-04 09:00:00 +01:00,1,1
ES,ES.BDCA.AQD,NET_ES131A,STA_ES0125A,,SP_28079017_14_6,SPP_28079017_14_6.1,SAM_28079017_14_6,O3,http://dd.eionet.europa.eu/vocabulary/aq/pollutant/7,hour,26.4400000000,µg/m3,2017-04-04 09:00:00 +01:00,2017-04-04 10:00:00 +01:00,1,1
ES,ES.BDCA.AQD,NET_ES131A,STA_ES0125A,,SP_28079017_14_6,SPP_28079017_14_6.1,SAM_28079017_14_6,O3,http://dd.eionet.europa.eu/vocabulary/aq/pollutant/7,hour,53.9600000000,µg/m3,2017-04-04 10:00:00 +01:00,2017-04-04 11:00:00 +01:00,1,1
ES,ES.BDCA.AQD,NET_ES131A,STA_ES0125A,,SP_28079017_14_6,SPP_28079017_14_6.1,SAM_28079017_14_6,O3,http://dd.eionet.europa.eu/vocabulary/aq/pollutant/7,hour,81.0300000000,µg/m3,2017-04-04 11:00:00 +01:00,2017-04-04 12:00:00 +01:00,1,1
ES,ES.BDCA.AQD,NET_ES131A,STA_ES0125A,,SP_28079017_14_6,SPP_28079017_14_6.1,SAM_28079017_14_6,O3,http://dd.eionet.europa.eu/vocabulary/aq/pollutant/7,hour,89.5799999900,µg/m3,2017-04-04 12:00:00 +01:00,2017-04-04 13:00:00 +01:00,1,1
ES,ES.BDCA.AQD,NET_ES131A,STA_ES0125A,,SP_28079017_14_6,SPP_28079017_14_6.1,SAM_28079017_14_6,O3,http://dd.eionet.europa.eu/vocabulary/aq/pollutant/7,hour,94.2999999900,µg/m3,2017-04-04 13:00:00 +01:00,2017-04-04 14:00:00 +01:00,1,1
ES,ES.BDCA.AQD,NET_ES131A,STA_ES0125A,,SP_28079017_14_6,SPP_28079017_14_6.1,SAM_28079017_14_6,O3,http://dd.eionet.europa.eu/vocabulary/aq/pollutant/7,hour,98.3499999900,µg/m3,2017-04-04 14:00:00 +01:00,2017-04-04 15:00:00 +01:00,1,1
ES,ES.BDCA.AQD,NET_ES131A,STA_ES0125A,,SP_28079017_14_6,SPP_28079017_14_6.1,SAM_28079017_14_6,O3,http://dd.eionet.europa.eu/vocabulary/aq/pollutant/7,hour,98.4800000000,µg/m3,2017-04-04 15:00:00 +01:00,2017-04-04 16:00:00 +01:00,1,1
ES,ES.BDCA.AQD,NET_ES131A,STA_ES0125A,,SP_28079017_14_6,SPP_28079017_14_6.1,SAM_28079017_14_6,O3,http://dd.eionet.europa.eu/vocabulary/aq/pollutant/7,hour,97.4899999900,µg/m3,2017-04-04 16:00:00 +01:00,2017-04-04 17:00:00 +01:00,1,1
ES,ES.BDCA.AQD,NET_ES131A,STA_ES0125A,,SP_28079017_14_6,SPP_28079017_14_6.1,SAM_28079017_14_6,O3,http://dd.eionet.europa.eu/vocabulary/aq/pollutant/7,hour,86.0400000000,µg/m3,2017-04-04 17:00:00 +01:00,2017-04-04 18:00:00 +01:00,1,1
ES,ES.BDCA.AQD,NET_ES131A,STA_ES0125A,,SP_28079017_14_6,SPP_28079017_14_6.1,SAM_28079017_14_6,O3,http://dd.eionet.europa.eu/vocabulary/aq/pollutant/7,hour,84.2900000000,µg/m3,2017-04-04 18:00:00 +01:00,2017-04-04 19:00:00 +01:00,1,1
ES,ES.BDCA.AQD,NET_ES131A,STA_ES0125A,,SP_28079017_14_6,SPP_28079017_14_6.1,SAM_28079017_14_6,O3,http://dd.eionet.europa.eu/vocabulary/aq/pollutant/7,hour,76.9000000000,µg/m3,2017-04-04 19:00:00 +01:00,2017-04-04 20:00:00 +01:00,1,1
ES,ES.BDCA.AQD,NET_ES131A,STA_ES0125A,,SP_28079017_14_6,SPP_28079017_14_6.1,SAM_28079017_14_6,O3,http://dd.eionet.europa.eu/vocabulary/aq/pollutant/7,hour,44.4399999900,µg/m3,2017-04-04 20:00:00 +01:00,2017-04-04 21:00:00 +01:00,1,1
ES,ES.BDCA.AQD,NET_ES131A,STA_ES0125A,,SP_28079017_14_6,SPP_28079017_14_6.1,SAM_28079017_14_6,O3,http://dd.eionet.europa.eu/vocabulary/aq/pollutant/7,hour,45.3100000000,µg/m3,2017-04-04 21:00:00 +01:00,2017-04-04 22:00:00 +01:00,1,1
ES,ES.BDCA.AQD,NET_ES131A,STA_ES0125A,,SP_28079017_14_6,SPP_28079017_14_6.1,SAM_28079017_14_6,O3,http://dd.eionet.europa.eu/vocabulary/aq/pollutant/7,hour,60.0600000000,µg/m3,2017-04-04 22:00:00 +01:00,2017-04-04 23:00:00 +01:00,1,1
ES,ES.BDCA.AQD,NET_ES131A,STA_ES0125A,,SP_28079017_14_6,SPP_28079017_14_6.1,SAM_28079017_14_6,O3,http://dd.eionet.europa.eu/vocabulary/aq/pollutant/7,hour,67.5199999900,µg/m3,2017-04-04 23:00:00 +01:00,2017-04-05 00:00:00 +01:00,1,1
ES,ES.BDCA.AQD,NET_ES131A,STA_ES0125A,,SP_28079017_14_6,SPP_28079017_14_6.1,SAM_28079017_14_6,O3,http://dd.eionet.europa.eu/vocabulary/aq/pollutant/7,hour,75.8599999900,µg/m3,2017-04-05 00:00:00 +01:00,2017-04-05 01:00:00 +01:00,1,1
ES,ES.BDCA.AQD,NET_ES131A,STA_ES0125A,,SP_28079017_14_6,SPP_28079017_14_6.1,SAM_28079017_14_6,O3,http://dd.eionet.europa.eu/vocabulary/aq/pollutant/7,hour,75.1500000000,µg/m3,2017-04-05 01:00:00 +01:00,2017-04-05 02:00:00 +01:00,1,1
ES,ES.BDCA.AQD,NET_ES131A,STA_ES0125A,,SP_28079017_14_6,SPP_28079017_14_6.1,SAM_28079017_14_6,O3,http://dd.eionet.europa.eu/vocabulary/aq/pollutant/7,hour,63.3100000000,µg/m3,2017-04-05 02:00:00 +01:00,2017-04-05 03:00:00 +01:00,1,1
ES,ES.BDCA.AQD,NET_ES131A,STA_ES0125A,,SP_28079017_14_6,SPP_28079017_14_6.1,SAM_28079017_14_6,O3,http://dd.eionet.europa.eu/vocabulary/aq/pollutant/7,hour,66.1400000000,µg/m3,2017-04-05 03:00:00 +01:00,2017-04-05 04:00:00 +01:00,1,1
ES,ES.BDCA.AQD,NET_ES131A,STA_ES0125A,,SP_28079017_14_6,SPP_28079017_14_6.1,SAM_28079017_14_6,O3,http://dd.eionet.europa.eu/vocabulary/aq/pollutant/7,hour,67.7399999900,µg/m3,2017-04-05 04:00:00 +01:00,2017-04-05 05:00:00 +01:00,1,1
ES,ES.BDCA.AQD,NET_ES131A,STA_ES0125A,,SP_28079017_14_6,SPP_28079017_14_6.1,SAM_28079017_14_6,O3,http://dd.eionet.europa.eu/vocabulary/aq/pollutant/7,hour,51.0300000000,µg/m3,2017-04-05 05:00:00 +01:00,2017-04-05 06:00:00 +01:00,1,1
ES,ES.BDCA.AQD,NET_ES131A,STA_ES0125A,,SP_28079017_14_6,SPP_28079017_14_6.1,SAM_28079017_14_6,O3,http://dd.eionet.europa.eu/vocabulary/aq/pollutant/7,hour,45.2500000000,µg/m3,2017-04-05 06:00:00 +01:00,2017-04-05 07:00:00 +01:00,1,1
ES,ES.BDCA.AQD,NET_ES131A,STA_ES0125A,,SP_28079017_14_6,SPP_28079017_14_6.1,SAM_28079017_14_6,O3,http://dd.eionet.europa.eu/vocabulary/aq/pollutant/7,hour,35.0399999900,µg/m3,2017-04-05 07:00:00 +01:00,2017-04-05 08:00:00 +01:00,1,1
ES,ES.BDCA.AQD,NET_ES131A,STA_ES0125A,,SP_28079017_14_6,SPP_28079017_14_6.1,SAM_28079017_14_6,O3,http://dd.eionet.europa.eu/vocabulary/aq/pollutant/7,hour,41.9099999900,µg/m3,2017-04-05 08:00:00 +01:00,2017-04-05 09:00:00 +01:00,1,1
ES,ES.BDCA.AQD,NET_ES131A,STA_ES0125A,,SP_28079017_14_6,SPP_28079017_14_6.1,SAM_28079017_14_6,O3,http://dd.eionet.europa.eu/vocabulary/aq/pollutant/7,hour,57.7100000000,µg/m3,2017-04-05 09:00:00 +01:00,2017-04-05 10:00:00 +01:00,1,1
ES,ES.BDCA.AQD,NET_ES131A,STA_ES0125A,,SP_28079017_14_6,SPP_28079017_14_6.1,SAM_28079017_14_6,O3,http://dd.eionet.europa.eu/vocabulary/aq/pollutant/7,hour,74.6599999900,µg/m3,2017-04-05 10:00:00 +01:00,2017-04-05 11:00:00 +01:00,1,1
ES,ES.BDCA.AQD,NET_ES131A,STA_ES0125A,,SP_28079017_14_6,SPP_28079017_14_6.1,SAM_28079017_14_6,O3,http://dd.eionet.europa.eu/vocabulary/aq/pollutant/7,hour,82.1299999900,µg/m3,2017-04-05 11:00:00 +01:00,2017-04-05 12:00:00 +01:00,1,1
ES,ES.BDCA.AQD,NET_ES131A,STA_ES0125A,,SP_28079017_14_6,SPP_28079017_14_6.1,SAM_28079017_14_6,O3,http://dd.eionet.europa.eu/vocabulary/aq/pollutant/7,hour,84.7399999900,µg/m3,2017-04-05 12:00:00 +01:00,2017-04-05 13:00:00 +01:00,1,1
ES,ES.BDCA.AQD,NET_ES131A,STA_ES0125A,,SP_28079017_14_6,SPP_28079017_14_6.1,SAM_28079017_14_6,O3,http://dd.eionet.europa.eu/vocabulary/aq/pollutant/7,hour,86.1500000000,µg/m3,2017-04-05 13:00:00 +01:00,2017-04-05 14:00:00 +01:00,1,1
ES,ES.BDCA.AQD,NET_ES131A,STA_ES0125A,,SP_28079017_14_6,SPP_28079017_14_6.1,SAM_28079017_14_6,O3,http://dd.eionet.europa.eu/vocabulary/aq/pollutant/7,hour,90.0600000000,µg/m3,2017-04-05 14:00:00 +01:00,2017-04-05 15:00:00 +01:00,1,1
ES,ES.BDCA.AQD,NET_ES131A,STA_ES0125A,,SP_28079017_14_6,SPP_28079017_14_6.1,SAM_28079017_14_6,O3,http://dd.eionet.europa.eu/vocabulary/aq/pollutant/7,hour,91.4500000000,µg/m3,2017-04-05 15:00:00 +01:00,2017-04-05 16:00:00 +01:00,1,1
ES,ES.BDCA.AQD,NET_ES131A,STA_ES0125A,,SP_28079017_14_6,SPP_28079017_14_6.1,SAM_28079017_14_6,O3,http://dd.eionet.europa.eu/vocabulary/aq/pollutant/7,hour,91.6099999900,µg/m3,2017-04-05 16:00:00 +01:00,2017-04-05 17:00:00 +01:00,1,1
ES,ES.BDCA.AQD,NET_ES131A,STA_ES0125A,,SP_28079017_14_6,SPP_28079017_14_6.1,SAM_28079017_14_6,O3,http://dd.eionet.europa.eu/vocabulary/aq/pollutant/7,hour,89.8199999900,µg/m3,2017-04-05 17:00:00 +01:00,2017-04-05 18:00:00 +01:00,1,1
ES,ES.BDCA.AQD,NET_ES131A,STA_ES0125A,,SP_28079017_14_6,SPP_28079017_14_6.1,SAM_28079017_14_6,O3,http://dd.eionet.europa.eu/vocabulary/aq/pollutant/7,hour,87.1200000000,µg/m3,2017-04-05 18:00:00 +01:00,2017-04-05 19:00:00 +01:00,1,1
ES,ES.BDCA.AQD,NET_ES131A,STA_ES0125A,,SP_28079017_14_6,SPP_28079017_14_6.1,SAM_28079017_14_6,O3,http://dd.eionet.europa.eu/vocabulary/aq/pollutant/7,hour,75.7500000000,µg/m3,2017-04-05 19:00:00 +01:00,2017-04-05 20:00:00 +01:00,1,1
ES,ES.BDCA.AQD,NET_ES131A,STA_ES0125A,,SP_28079017_14_6,SPP_28079017_14_6.1,SAM_28079017_14_6,O3,http://dd.eionet.europa.eu/vocabulary/aq/pollutant/7,hour,61.1499999900,µg/m3,2017-04-05 20:00:00 +01:00,2017-04-05 21:00:00 +01:00,1,1
ES,ES.BDCA.AQD,NET_ES131A,STA_ES0125A,,SP_28079017_14_6,SPP_28079017_14_6.1,SAM_28079017_14_6,O3,http://dd.eionet.europa.eu/vocabulary/aq/pollutant/7,hour,71.6899999900,µg/m3,2017-04-05 21:00:00 +01:00,2017-04-05 22:00:00 +01:00,1,1
ES,ES.BDCA.AQD,NET_ES131A,STA_ES0125A,,SP_28079017_14_6,SPP_28079017_14_6.1,SAM_28079017_14_6,O3,http://dd.eionet.europa.eu/vocabulary/aq/pollutant/7,hour,76.1700000000,µg/m3,2017-04-05 22:00:00 +01:00,2017-04-05 23:00:00 +01:00,1,1
ES,ES.BDCA.AQD,NET_ES131A,STA_ES0125A,,SP_28079017_14_6,SPP_28079017_14_6.1,SAM_28079017_14_6,O3,http://dd.eionet.europa.eu/vocabulary/aq/pollutant/7,hour,91.4699999900,µg/m3,2017-04-05 23:00:00 +01:00,2017-04-06 00:00:00 +01:00,1,1
ES,ES.BDCA.AQD,NET_ES131A,STA_ES0125A,,SP_28079017_14_6,SPP_28079017_14_6.1,SAM_28079017_14_6,O3,http://dd.eionet.europa.eu/vocabulary/aq/pollutant/7,hour,97.9300000000,µg/m3,2017-04-06 00:00:00 +01:00,2017-04-06 01:00:00 +01:00,1,1
ES,ES.BDCA.AQD,NET_ES131A,STA_ES0125A,,SP_28079017_14_6,SPP_28079017_14_6.1,SAM_28079017_14_6,O3,http://dd.eionet.europa.eu/vocabulary/aq/pollutant/7,hour,96.1400000000,µg/m3,2017-04-06 01:00:00 +01:00,2017-04-06 02:00:00 +01:00,1,1
ES,ES.BDCA.AQD,NET_ES131A,STA_ES0125A,,SP_28079017_14_6,SPP_28079017_14_6.1,SAM_28079017_14_6,O3,http://dd.eionet.europa.eu/vocabulary/aq/pollutant/7,hour,93.4599999900,µg/m3,2017-04-06 02:00:00 +01:00,2017-04-06 03:00:00 +01:00,1,1
ES,ES.BDCA.AQD,NET_ES131A,STA_ES0125A,,SP_28079017_14_6,SPP_28079017_14_6.1,SAM_28079017_14_6,O3,http://dd.eionet.europa.eu/vocabulary/aq/pollutant/7,hour,88.9399999900,µg/m3,2017-04-06 03:00:00 +01:00,2017-04-06 04:00:00 +01:00,1,1
ES,ES.BDCA.AQD,NET_ES131A,STA_ES0125A,,SP_28079017_14_6,SPP_28079017_14_6.1,SAM_28079017_14_6,O3,http://dd.eionet.europa.eu/vocabulary/aq/pollutant/7,hour,80.0199999900,µg/m3,2017-04-06 04:00:00 +01:00,2017-04-06 05:00:00 +01:00,1,1
ES,ES.BDCA.AQD,NET_ES131A,STA_ES0125A,,SP_28079017_14_6,SPP_28079017_14_6.1,SAM_28079017_14_6,O3,http://dd.eionet.europa.eu/vocabulary/aq/pollutant/7,hour,60.9900000000,µg/m3,2017-04-06 05:00:00 +01:00,2017-04-06 06:00:00 +01:00,1,1
ES,ES.BDCA.AQD,NET_ES131A,STA_ES0125A,,SP_28079017_14_6,SPP_28079017_14_6.1,SAM_28079017_14_6,O3,http://dd.eionet.europa.eu/vocabulary/aq/pollutant/7,hour,29.0200000000,µg/m3,2017-04-06 06:00:00 +01:00,2017-04-06 07:00:00 +01:00,1,1
ES,ES.BDCA.AQD,NET_ES131A,STA_ES0125A,,SP_28079017_14_6,SPP_28079017_14_6.1,SAM_28079017_14_6,O3,http://dd.eionet.europa.eu/vocabulary/aq/pollutant/7,hour,28.4899999900,µg/m3,2017-04-06 07:00:00 +01:00,2017-04-06 08:00:00 +01:00,1,1
ES,ES.BDCA.AQD,NET_ES131A,STA_ES0125A,,SP_28079017_14_6,SPP_28079017_14_6.1,SAM_28079017_14_6,O3,http://dd.eionet.europa.eu/vocabulary/aq/pollutant/7,hour,54.7700000000,µg/m3,2017-04-06 08:00:00 +01:00,2017-04-06 09:00:00 +01:00,1,1
ES,ES.BDCA.AQD,NET_ES131A,STA_ES0125A,,SP_28079017_14_6,SPP_28079017_14_6.1,SAM_28079017_14_6,O3,http://dd.eionet.europa.eu/vocabulary/aq/pollutant/7,hour,66.7300000000,µg/m3,2017-04-06 09:00:00 +01:00,2017-04-06 10:00:00 +01:00,1,1
ES,ES.BDCA.AQD,NET_ES131A,STA_ES0125A,,SP_28079017_14_6,SPP_28079017_14_6.1,SAM_28079017_14_6,O3,http://dd.eionet.europa.eu/vocabulary/aq/pollutant/7,hour,74.4000000000,µg/m3,2017-04-06 10:00:00 +01:00,2017-04-06 11:00:00 +01:00,1,1
ES,ES.BDCA.AQD,NET_ES131A,STA_ES0125A,,SP_28079017_14_6,SPP_28079017_14_6.1,SAM_28079017_14_6,O3,http://dd.eionet.europa.eu/vocabulary/aq/pollutant/7,hour,83.0799999900,µg/m3,2017-04-06 11:00:00 +01:00,2017-04-06 12:00:00 +01:00,1,1
ES,ES.BDCA.AQD,NET_ES131A,STA_ES0125A,,SP_28079017_14_6,SPP_28079017_14_6.1,SAM_28079017_14_6,O3,http://dd.eionet.europa.eu/vocabulary/aq/pollutant/7,hour,92.4300000000,µg/m3,2017-04-06 12:00:00 +01:00,2017-04-06 13:00:00 +01:00,1,1
ES,ES.BDCA.AQD,NET_ES131A,STA_ES0125A,,SP_28079017_14_6,SPP_28079017_14_6.1,SAM_28079017_14_6,O3,http://dd.eionet.europa.eu/vocabulary/aq/pollutant/7,hour,99.0300000000,µg/m3,2017-04-06 13:00:00 +01:00,2017-04-06 14:00:00 +01:00,1,1
ES,ES.BDCA.AQD,NET_ES131A,STA_ES0125A,,SP_28079017_14_6,SPP_28079017_14_6.1,SAM_28079017_14_6,O3,http://dd.eionet.europa.eu/vocabulary/aq/pollutant/7,hour,105.2000000000,µg/m3,2017-04-06 14:00:00 +01:00,2017-04-06 15:00:00 +01:00,1,1
ES,ES.BDCA.AQD,NET_ES131A,STA_ES0125A,,SP_28079017_14_6,SPP_28079017_14_6.1,SAM_28079017_14_6,O3,http://dd.eionet.europa.eu/vocabulary/aq/pollutant/7,hour,106.4000000000,µg/m3,2017-04-06 15:00:00 +01:00,2017-04-06 16:00:00 +01:00,1,1
ES,ES.BDCA.AQD,NET_ES131A,STA_ES0125A,,SP_28079017_14_6,SPP_28079017_14_6.1,SAM_28079017_14_6,O3,http://dd.eionet.europa.eu/vocabulary/aq/pollutant/7,hour,105.0999999900,µg/m3,2017-04-06 16:00:00 +01:00,2017-04-06 17:00:00 +01:00,1,1
ES,ES.BDCA.AQD,NET_ES131A,STA_ES0125A,,SP_28079017_14_6,SPP_28079017_14_6.1,SAM_28079017_14_6,O3,http://dd.eionet.europa.eu/vocabulary/aq/pollutant/7,hour,101.7000000000,µg/m3,2017-04-06 17:00:00 +01:00,2017-04-06 18:00:00 +01:00,1,1
ES,ES.BDCA.AQD,NET_ES131A,STA_ES0125A,,SP_28079017_14_6,SPP_28079017_14_6.1,SAM_28079017_14_6,O3,http://dd.eionet.europa.eu/vocabulary/aq/pollutant/7,hour,98.3900000000,µg/m3,2017-04-06 18:00:00 +01:00,2017-04-06 19:00:00 +01:00,1,1
ES,ES.BDCA.AQD,NET_ES131A,STA_ES0125A,,SP_28079017_14_6,SPP_28079017_14_6.1,SAM_28079017_14_6,O3,http://dd.eionet.europa.eu/vocabulary/aq/pollutant/7,hour,60.6099999900,µg/m3,2017-04-06 19:00:00 +01:00,2017-04-06 20:00:00 +01:00,1,1
ES,ES.BDCA.AQD,NET_ES131A,STA_ES0125A,,SP_28079017_14_6,SPP_28079017_14_6.1,SAM_28079017_14_6,O3,http://dd.eionet.europa.eu/vocabulary/aq/pollutant/7,hour,3.3100000000,µg/m3,2017-04-06 20:00:00 +01:00,2017-04-06 21:00:00 +01:00,1,1
ES,ES.BDCA.AQD,NET_ES131A,STA_ES0125A,,SP_28079017_14_6,SPP_28079017_14_6.1,SAM_28079017_14_6,O3,http://dd.eionet.europa.eu/vocabulary/aq/pollutant/7,hour,10.5800000000,µg/m3,2017-04-06 21:00:00 +01:00,2017-04-06 22:00:00 +01:00,1,1
ES,ES.BDCA.AQD,NET_ES131A,STA_ES0125A,,SP_28079017_14_6,SPP_28079017_14_6.1,SAM_28079017_14_6,O3,http://dd.eionet.europa.eu/vocabulary/aq/pollutant/7,hour,31.7300000000,µg/m3,2017-04-06 22:00:00 +01:00,2017-04-06 23:00:00 +01:00,1,1
ES,ES.BDCA.AQD,NET_ES131A,STA_ES0125A,,SP_28079017_14_6,SPP_28079017_14_6.1,SAM_28079017_14_6,O3,http://dd.eionet.europa.eu/vocabulary/aq/pollutant/7,hour,54.8500000000,µg/m3,2017-04-06 23:00:00 +01:00,2017-04-07 00:00:00 +01:00,1,1
ES,ES.BDCA.AQD,NET_ES131A,STA_ES0125A,,SP_28079017_14_6,SPP_28079017_14_6.1,SAM_28079017_14_6,O3,http://dd.eionet.europa.eu/vocabulary/aq/pollutant/7,hour,63.2999999900,µg/m3,2017-04-07 00:00:00 +01:00,2017-04-07 01:00:00 +01:00,1,1
ES,ES.BDCA.AQD,NET_ES131A,STA_ES0125A,,SP_28079017_14_6,SPP_28079017_14_6.1,SAM_28079017_14_6,O3,http://dd.eionet.europa.eu/vocabulary/aq/pollutant/7,hour,64.7000000000,µg/m3,2017-04-07 01:00:00 +01:00,2017-04-07 02:00:00 +01:00,1,1
ES,ES.BDCA.AQD,NET_ES131A,STA_ES0125A,,SP_28079017_14_6,SPP_28079017_14_6.1,SAM_28079017_14_6,O3,http://dd.eionet.europa.eu/vocabulary/aq/pollutant/7,hour,68.7099999900,µg/m3,2017-04-07 02:00:00 +01:00,2017-04-07 03:00:00 +01:00,1,1
ES,ES.BDCA.AQD,NET_ES131A,STA_ES0125A,,SP_28079017_14_6,SPP_28079017_14_6.1,SAM_28079017_14_6,O3,http://dd.eionet.europa.eu/vocabulary/aq/pollutant/7,hour,65.4500000000,µg/m3,2017-04-07 03:00:00 +01:00,2017-04-07 04:00:00 +01:00,1,1
ES,ES.BDCA.AQD,NET_ES131A,STA_ES0125A,,SP_28079017_14_6,SPP_28079017_14_6.1,SAM_28079017_14_6,O3,http://dd.eionet.europa.eu/vocabulary/aq/pollutant/7,hour,55.4399999900,µg/m3,2017-04-07 04:00:00 +01:00,2017-04-07 05:00:00 +01:00,1,1
ES,ES.BDCA.AQD,NET_ES131A,STA_ES0125A,,SP_28079017_14_6,SPP_28079017_14_6.1,SAM_28079017_14_6,O3,http://dd.eionet.europa.eu/vocabulary/aq/pollutant/7,hour,48.7299999900,µg/m3,2017-04-07 05:00:00 +01:00,2017-04-07 06:00:00 +01:00,1,1
ES,ES.BDCA.AQD,NET_ES131A,STA_ES0125A,,SP_28079017_14_6,SPP_28079017_14_6.1,SAM_28079017_14_6,O3,http://dd.eionet.europa.eu/vocabulary/aq/pollutant/7,hour,26.0700000000,µg/m3,2017-04-07 06:00:00 +01:00,2017-04-07 07:00:00 +01:00,1,1
ES,ES.BDCA.AQD,NET_ES131A,STA_ES0125A,,SP_28079017_14_6,SPP_28079017_14_6.1,SAM_28079017_14_6,O3,http://dd.eionet.europa.eu/vocabulary/aq/pollutant/7,hour,16.5200000000,µg/m3,2017-04-07 07:00:00 +01:00,2017-04-07 08:00:00 +01:00,1,1
ES,ES.BDCA.AQD,NET_ES131A,STA_ES0125A,,SP_28079017_14_6,SPP_28079017_14_6.1,SAM_28079017_14_6,O3,http://dd.eionet.europa.eu/vocabulary/aq/pollutant/7,hour,27.3000000000,µg/m3,2017-04-07 08:00:00 +01:00,2017-04-07 09:00:00 +01:00,1,1
ES,ES.BDCA.AQD,NET_ES131A,STA_ES0125A,,SP_28079017_14_6,SPP_28079017_14_6.1,SAM_28079017_14_6,O3,http://dd.eionet.europa.eu/vocabulary/aq/pollutant/7,hour,40.8500000000,µg/m3,2017-04-07 09:00:00 +01:00,2017-04-07 10:00:00 +01:00,1,1
ES,ES.BDCA.AQD,NET_ES131A,STA_ES0125A,,SP_28079017_14_6,SPP_28079017_14_6.1,SAM_28079017_14_6,O3,http://dd.eionet.europa.eu/vocabulary/aq/pollutant/7,hour,56.3400000000,µg/m3,2017-04-07 10:00:00 +01:00,2017-04-07 11:00:00 +01:00,1,1
ES,ES.BDCA.AQD,NET_ES131A,STA_ES0125A,,SP_28079017_14_6,SPP_28079017_14_6.1,SAM_28079017_14_6,O3,http://dd.eionet.europa.eu/vocabulary/aq/pollutant/7,hour,75.2000000000,µg/m3,2017-04-07 11:00:00 +01:00,2017-04-07 12:00:00 +01:00,1,1
ES,ES.BDCA.AQD,NET_ES131A,STA_ES0125A,,SP_28079017_14_6,SPP_28079017_14_6.1,SAM_28079017_14_6,O3,http://dd.eionet.europa.eu/vocabulary/aq/pollutant/7,hour,83.7199999900,µg/m3,2017-04-07 12:00:00 +01:00,2017-04-07 13:00:00 +01:00,1,1
ES,ES.BDCA.AQD,NET_ES131A,STA_ES0125A,,SP_28079017_14_6,SPP_28079017_14_6.1,SAM_28079017_14_6,O3,http://dd.eionet.europa.eu/vocabulary/aq/pollutant/7,hour,93.6800000000,µg/m3,2017-04-07 13:00:00 +01:00,2017-04-07 14:00:00 +01:00,1,1
ES,ES.BDCA.AQD,NET_ES131A,STA_ES0125A,,SP_28079017_14_6,SPP_28079017_14_6.1,SAM_28079017_14_6,O3,http://dd.eionet.europa.eu/vocabulary/aq/pollutant/7,hour,110.0000000000,µg/m3,2017-04-07 14:00:00 +01:00,2017-04-07 15:00:00 +01:00,1,1
ES,ES.BDCA.AQD,NET_ES131A,STA_ES0125A,,SP_28079017_14_6,SPP_28079017_14_6.1,SAM_28079017_14_6,O3,http://dd.eionet.europa.eu/vocabulary/aq/pollutant/7,hour,111.9000000000,µg/m3,2017-04-07 15:00:00 +01:00,2017-04-07 16:00:00 +01:00,1,1
ES,ES.BDCA.AQD,NET_ES131A,STA_ES0125A,,SP_28079017_14_6,SPP_28079017_14_6.1,SAM_28079017_14_6,O3,http://dd.eionet.europa.eu/vocabulary/aq/pollutant/7,hour,113.4000000000,µg/m3,2017-04-07 16:00:00 +01:00,2017-04-07 17:00:00 +01:00,1,1
ES,ES.BDCA.AQD,NET_ES131A,STA_ES0125A,,SP_28079017_14_6,SPP_28079017_14_6.1,SAM_28079017_14_6,O3,http://dd.eionet.europa.eu/vocabulary/aq/pollutant/7,hour,108.0000000000,µg/m3,2017-04-07 17:00:00 +01:00,2017-04-07 18:00:00 +01:00,1,1
ES,ES.BDCA.AQD,NET_ES131A,STA_ES0125A,,SP_28079017_14_6,SPP_28079017_14_6.1,SAM_28079017_14_6,O3,http://dd.eionet.europa.eu/vocabulary/aq/pollutant/7,hour,106.9000000000,µg/m3,2017-04-07 18:00:00 +01:00,2017-04-07 19:00:00 +01:00,1,1
ES,ES.BDCA.AQD,NET_ES131A,STA_ES0125A,,SP_28079017_14_6,SPP_28079017_14_6.1,SAM_28079017_14_6,O3,http://dd.eionet.europa.eu/vocabulary/aq/pollutant/7,hour,66.8599999900,µg/m3,2017-04-07 19:00:00 +01:00,2017-04-07 20:00:00 +01:00,1,1
ES,ES.BDCA.AQD,NET_ES131A,STA_ES0125A,,SP_28079017_14_6,SPP_28079017_14_6.1,SAM_28079017_14_6,O3,http://dd.eionet.europa.eu/vocabulary/aq/pollutant/7,hour,34.2400000000,µg/m3,2017-04-07 20:00:00 +01:00,2017-04-07 21:00:00 +01:00,1,1
ES,ES.BDCA.AQD,NET_ES131A,STA_ES0125A,,SP_28079017_14_6,SPP_28079017_14_6.1,SAM_28079017_14_6,O3,http://dd.eionet.europa.eu/vocabulary/aq/pollutant/7,hour,36.9099999900,µg/m3,2017-04-07 21:00:00 +01:00,2017-04-07 22:00:00 +01:00,1,1
ES,ES.BDCA.AQD,NET_ES131A,STA_ES0125A,,SP_28079017_14_6,SPP_28079017_14_6.1,SAM_28079017_14_6,O3,http://dd.eionet.europa.eu/vocabulary/aq/pollutant/7,hour,46.5000000000,µg/m3,2017-04-07 22:00:00 +01:00,2017-04-07 23:00:00 +01:00,1,1
ES,ES.BDCA.AQD,NET_ES131A,STA_ES0125A,,SP_28079017_14_6,SPP_28079017_14_6.1,SAM_28079017_14_6,O3,http://dd.eionet.europa.eu/vocabulary/aq/pollutant/7,hour,47.1899999900,µg/m3,2017-04-07 23:00:00 +01:00,2017-04-08 00:00:00 +01:00,1,1
ES,ES.BDCA.AQD,NET_ES131A,STA_ES0125A,,SP_28079017_14_6,SPP_28079017_14_6.1,SAM_28079017_14_6,O3,http://dd.eionet.europa.eu/vocabulary/aq/pollutant/7,hour,75.1800000000,µg/m3,2017-04-08 00:00:00 +01:00,2017-04-08 01:00:00 +01:00,1,1
ES,ES.BDCA.AQD,NET_ES131A,STA_ES0125A,,SP_28079017_14_6,SPP_28079017_14_6.1,SAM_28079017_14_6,O3,http://dd.eionet.europa.eu/vocabulary/aq/pollutant/7,hour,79.3799999900,µg/m3,2017-04-08 01:00:00 +01:00,2017-04-08 02:00:00 +01:00,1,1
ES,ES.BDCA.AQD,NET_ES131A,STA_ES0125A,,SP_28079017_14_6,SPP_28079017_14_6.1,SAM_28079017_14_6,O3,http://dd.eionet.europa.eu/vocabulary/aq/pollutant/7,hour,53.0499999900,µg/m3,2017-04-08 02:00:00 +01:00,2017-04-08 03:00:00 +01:00,1,1
ES,ES.BDCA.AQD,NET_ES131A,STA_ES0125A,,SP_28079017_14_6,SPP_28079017_14_6.1,SAM_28079017_14_6,O3,http://dd.eionet.europa.eu/vocabulary/aq/pollutant/7,hour,30.2700000000,µg/m3,2017-04-08 03:00:00 +01:00,2017-04-08 04:00:00 +01:00,1,1
ES,ES.BDCA.AQD,NET_ES131A,STA_ES0125A,,SP_28079017_14_6,SPP_28079017_14_6.1,SAM_28079017_14_6,O3,http://dd.eionet.europa.eu/vocabulary/aq/pollutant/7,hour,11.0299999900,µg/m3,2017-04-08 04:00:00 +01:00,2017-04-08 05:00:00 +01:00,1,1
ES,ES.BDCA.AQD,NET_ES131A,STA_ES0125A,,SP_28079017_14_6,SPP_28079017_14_6.1,SAM_28079017_14_6,O3,http://dd.eionet.europa.eu/vocabulary/aq/pollutant/7,hour,4.0999999900,µg/m3,2017-04-08 05:00:00 +01:00,2017-04-08 06:00:00 +01:00,1,1
ES,ES.BDCA.AQD,NET_ES131A,STA_ES0125A,,SP_28079017_14_6,SPP_28079017_14_6.1,SAM_28079017_14_6,O3,http://dd.eionet.europa.eu/vocabulary/aq/pollutant/7,hour,1.6200000000,µg/m3,2017-04-08 06:00:00 +01:00,2017-04-08 07:00:00 +01:00,1,1
ES,ES.BDCA.AQD,NET_ES131A,STA_ES0125A,,SP_28079017_14_6,SPP_28079017_14_6.1,SAM_28079017_14_6,O3,http://dd.eionet.europa.eu/vocabulary/aq/pollutant/7,hour,3.0299999900,µg/m3,2017-04-08 07:00:00 +01:00,2017-04-08 08:00:00 +01:00,1,1
ES,ES.BDCA.AQD,NET_ES131A,STA_ES0125A,,SP_28079017_14_6,SPP_28079017_14_6.1,SAM_28079017_14_6,O3,http://dd.eionet.europa.eu/vocabulary/aq/pollutant/7,hour,22.4800000000,µg/m3,2017-04-08 08:00:00 +01:00,2017-04-08 09:00:00 +01:00,1,1
ES,ES.BDCA.AQD,NET_ES131A,STA_ES0125A,,SP_28079017_14_6,SPP_28079017_14_6.1,SAM_28079017_14_6,O3,http://dd.eionet.europa.eu/vocabulary/aq/pollutant/7,hour,74.0300000000,µg/m3,2017-04-08 09:00:00 +01:00,2017-04-08 10:00:00 +01:00,1,1
ES,ES.BDCA.AQD,NET_ES131A,STA_ES0125A,,SP_28079017_14_6,SPP_28079017_14_6.1,SAM_28079017_14_6,O3,http://dd.eionet.europa.eu/vocabulary/aq/pollutant/7,hour,97.1700000000,µg/m3,2017-04-08 10:00:00 +01:00,2017-04-08 11:00:00 +01:00,1,1
ES,ES.BDCA.AQD,NET_ES131A,STA_ES0125A,,SP_28079017_14_6,SPP_28079017_14_6.1,SAM_28079017_14_6,O3,http://dd.eionet.europa.eu/vocabulary/aq/pollutant/7,hour,101.3000000000,µg/m3,2017-04-08 11:00:00 +01:00,2017-04-08 12:00:00 +01:00,1,1
ES,ES.BDCA.AQD,NET_ES131A,STA_ES0125A,,SP_28079017_14_6,SPP_28079017_14_6.1,SAM_28079017_14_6,O3,http://dd.eionet.europa.eu/vocabulary/aq/pollutant/7,hour,111.5999999900,µg/m3,2017-04-08 12:00:00 +01:00,2017-04-08 13:00:00 +01:00,1,1
ES,ES.BDCA.AQD,NET_ES131A,STA_ES0125A,,SP_28079017_14_6,SPP_28079017_14_6.1,SAM_28079017_14_6,O3,http://dd.eionet.europa.eu/vocabulary/aq/pollutant/7,hour,119.2000000000,µg/m3,2017-04-08 13:00:00 +01:00,2017-04-08 14:00:00 +01:00,1,1
ES,ES.BDCA.AQD,NET_ES131A,STA_ES0125A,,SP_28079017_14_6,SPP_28079017_14_6.1,SAM_28079017_14_6,O3,http://dd.eionet.europa.eu/vocabulary/aq/pollutant/7,hour,126.9000000000,µg/m3,2017-04-08 14:00:00 +01:00,2017-04-08 15:00:00 +01:00,1,1
ES,ES.BDCA.AQD,NET_ES131A,STA_ES0125A,,SP_28079017_14_6,SPP_28079017_14_6.1,SAM_28079017_14_6,O3,http://dd.eionet.europa.eu/vocabulary/aq/pollutant/7,hour,126.7000000000,µg/m3,2017-04-08 15:00:00 +01:00,2017-04-08 16:00:00 +01:00,1,1
ES,ES.BDCA.AQD,NET_ES131A,STA_ES0125A,,SP_28079017_14_6,SPP_28079017_14_6.1,SAM_28079017_14_6,O3,http://dd.eionet.europa.eu/vocabulary/aq/pollutant/7,hour,131.3000000000,µg/m3,2017-04-08 16:00:00 +01:00,2017-04-08 17:00:00 +01:00,1,1
ES,ES.BDCA.AQD,NET_ES131A,STA_ES0125A,,SP_28079017_14_6,SPP_28079017_14_6.1,SAM_28079017_14_6,O3,http://dd.eionet.europa.eu/vocabulary/aq/pollutant/7,hour,148.5999999900,µg/m3,2017-04-08 17:00:00 +01:00,2017-04-08 18:00:00 +01:00,1,1
ES,ES.BDCA.AQD,NET_ES131A,STA_ES0125A,,SP_28079017_14_6,SPP_28079017_14_6.1,SAM_28079017_14_6,O3,http://dd.eionet.europa.eu/vocabulary/aq/pollutant/7,hour,144.3000000000,µg/m3,2017-04-08 18:00:00 +01:00,2017-04-08 19:00:00 +01:00,1,1
ES,ES.BDCA.AQD,NET_ES131A,STA_ES0125A,,SP_28079017_14_6,SPP_28079017_14_6.1,SAM_28079017_14_6,O3,http://dd.eionet.europa.eu/vocabulary/aq/pollutant/7,hour,121.4000000000,µg/m3,2017-04-08 19:00:00 +01:00,2017-04-08 20:00:00 +01:00,1,1
ES,ES.BDCA.AQD,NET_ES131A,STA_ES0125A,,SP_28079017_14_6,SPP_28079017_14_6.1,SAM_28079017_14_6,O3,http://dd.eionet.europa.eu/vocabulary/aq/pollutant/7,hour,60.4799999900,µg/m3,2017-04-08 20:00:00 +01:00,2017-04-08 21:00:00 +01:00,1,1
ES,ES.BDCA.AQD,NET_ES131A,STA_ES0125A,,SP_28079017_14_6,SPP_28079017_14_6.1,SAM_28079017_14_6,O3,http://dd.eionet.europa.eu/vocabulary/aq/pollutant/7,hour,57.2999999900,µg/m3,2017-04-08 21:00:00 +01:00,2017-04-08 22:00:00 +01:00,1,1
ES,ES.BDCA.AQD,NET_ES131A,STA_ES0125A,,SP_28079017_14_6,SPP_28079017_14_6.1,SAM_28079017_14_6,O3,http://dd.eionet.europa.eu/vocabulary/aq/pollutant/7,hour,65.4300000000,µg/m3,2017-04-08 22:00:00 +01:00,2017-04-08 23:00:00 +01:00,1,1
ES,ES.BDCA.AQD,NET_ES131A,STA_ES0125A,,SP_28079017_14_6,SPP_28079017_14_6.1,SAM_28079017_14_6,O3,http://dd.eionet.europa.eu/vocabulary/aq/pollutant/7,hour,62.2999999900,µg/m3,2017-04-08 23:00:00 +01:00,2017-04-09 00:00:00 +01:00,1,1
ES,ES.BDCA.AQD,NET_ES131A,STA_ES0125A,,SP_28079017_14_6,SPP_28079017_14_6.1,SAM_28079017_14_6,O3,http://dd.eionet.europa.eu/vocabulary/aq/pollutant/7,hour,28.2100000000,µg/m3,2017-04-09 00:00:00 +01:00,2017-04-09 01:00:00 +01:00,1,1
ES,ES.BDCA.AQD,NET_ES131A,STA_ES0125A,,SP_28079017_14_6,SPP_28079017_14_6.1,SAM_28079017_14_6,O3,http://dd.eionet.europa.eu/vocabulary/aq/pollutant/7,hour,45.5000000000,µg/m3,2017-04-09 01:00:00 +01:00,2017-04-09 02:00:00 +01:00,1,1
ES,ES.BDCA.AQD,NET_ES131A,STA_ES0125A,,SP_28079017_14_6,SPP_28079017_14_6.1,SAM_28079017_14_6,O3,http://dd.eionet.europa.eu/vocabulary/aq/pollutant/7,hour,45.7400000000,µg/m3,2017-04-09 02:00:00 +01:00,2017-04-09 03:00:00 +01:00,1,1
ES,ES.BDCA.AQD,NET_ES131A,STA_ES0125A,,SP_28079017_14_6,SPP_28079017_14_6.1,SAM_28079017_14_6,O3,http://dd.eionet.europa.eu/vocabulary/aq/pollutant/7,hour,55.0900000000,µg/m3,2017-04-09 03:00:00 +01:00,2017-04-09 04:00:00 +01:00,1,1
ES,ES.BDCA.AQD,NET_ES131A,STA_ES0125A,,SP_28079017_14_6,SPP_28079017_14_6.1,SAM_28079017_14_6,O3,http://dd.eionet.europa.eu/vocabulary/aq/pollutant/7,hour,47.2899999900,µg/m3,2017-04-09 04:00:00 +01:00,2017-04-09 05:00:00 +01:00,1,1
ES,ES.BDCA.AQD,NET_ES131A,STA_ES0125A,,SP_28079017_14_6,SPP_28079017_14_6.1,SAM_28079017_14_6,O3,http://dd.eionet.europa.eu/vocabulary/aq/pollutant/7,hour,40.7500000000,µg/m3,2017-04-09 05:00:00 +01:00,2017-04-09 06:00:00 +01:00,1,1
ES,ES.BDCA.AQD,NET_ES131A,STA_ES0125A,,SP_28079017_14_6,SPP_28079017_14_6.1,SAM_28079017_14_6,O3,http://dd.eionet.europa.eu/vocabulary/aq/pollutant/7,hour,7.6799999900,µg/m3,2017-04-09 06:00:00 +01:00,2017-04-09 07:00:00 +01:00,1,1
ES,ES.BDCA.AQD,NET_ES131A,STA_ES0125A,,SP_28079017_14_6,SPP_28079017_14_6.1,SAM_28079017_14_6,O3,http://dd.eionet.europa.eu/vocabulary/aq/pollutant/7,hour,8.5399999900,µg/m3,2017-04-09 07:00:00 +01:00,2017-04-09 08:00:00 +01:00,1,1
ES,ES.BDCA.AQD,NET_ES131A,STA_ES0125A,,SP_28079017_14_6,SPP_28079017_14_6.1,SAM_28079017_14_6,O3,http://dd.eionet.europa.eu/vocabulary/aq/pollutant/7,hour,28.6999999900,µg/m3,2017-04-09 08:00:00 +01:00,2017-04-09 09:00:00 +01:00,1,1
ES,ES.BDCA.AQD,NET_ES131A,STA_ES0125A,,SP_28079017_14_6,SPP_28079017_14_6.1,SAM_28079017_14_6,O3,http://dd.eionet.europa.eu/vocabulary/aq/pollutant/7,hour,78.9000000000,µg/m3,2017-04-09 09:00:00 +01:00,2017-04-09 10:00:00 +01:00,1,1
ES,ES.BDCA.AQD,NET_ES131A,STA_ES0125A,,SP_28079017_14_6,SPP_28079017_14_6.1,SAM_28079017_14_6,O3,http://dd.eionet.europa.eu/vocabulary/aq/pollutant/7,hour,107.3000000000,µg/m3,2017-04-09 10:00:00 +01:00,2017-04-09 11:00:00 +01:00,1,1
ES,ES.BDCA.AQD,NET_ES131A,STA_ES0125A,,SP_28079017_14_6,SPP_28079017_14_6.1,SAM_28079017_14_6,O3,http://dd.eionet.europa.eu/vocabulary/aq/pollutant/7,hour,123.8000000000,µg/m3,2017-04-09 11:00:00 +01:00,2017-04-09 12:00:00 +01:00,1,1
ES,ES.BDCA.AQD,NET_ES131A,STA_ES0125A,,SP_28079017_14_6,SPP_28079017_14_6.1,SAM_28079017_14_6,O3,http://dd.eionet.europa.eu/vocabulary/aq/pollutant/7,hour,134.5999999900,µg/m3,2017-04-09 12:00:00 +01:00,2017-04-09 13:00:00 +01:00,1,1
ES,ES.BDCA.AQD,NET_ES131A,STA_ES0125A,,SP_28079017_14_6,SPP_28079017_14_6.1,SAM_28079017_14_6,O3,http://dd.eionet.europa.eu/vocabulary/aq/pollutant/7,hour,138.1999999900,µg/m3,2017-04-09 13:00:00 +01:00,2017-04-09 14:00:00 +01:00,1,1
ES,ES.BDCA.AQD,NET_ES131A,STA_ES0125A,,SP_28079017_14_6,SPP_28079017_14_6.1,SAM_28079017_14_6,O3,http://dd.eionet.europa.eu/vocabulary/aq/pollutant/7,hour,140.9000000000,µg/m3,2017-04-09 14:00:00 +01:00,2017-04-09 15:00:00 +01:00,1,1
ES,ES.BDCA.AQD,NET_ES131A,STA_ES0125A,,SP_28079017_14_6,SPP_28079017_14_6.1,SAM_28079017_14_6,O3,http://dd.eionet.europa.eu/vocabulary/aq/pollutant/7,hour,141.8000000000,µg/m3,2017-04-09 15:00:00 +01:00,2017-04-09 16:00:00 +01:00,1,1
ES,ES.BDCA.AQD,NET_ES131A,STA_ES0125A,,SP_28079017_14_6,SPP_28079017_14_6.1,SAM_28079017_14_6,O3,http://dd.eionet.europa.eu/vocabulary/aq/pollutant/7,hour,136.6999999900,µg/m3,2017-04-09 16:00:00 +01:00,2017-04-09 17:00:00 +01:00,1,1
ES,ES.BDCA.AQD,NET_ES131A,STA_ES0125A,,SP_28079017_14_6,SPP_28079017_14_6.1,SAM_28079017_14_6,O3,http://dd.eionet.europa.eu/vocabulary/aq/pollutant/7,hour,133.1999999900,µg/m3,2017-04-09 17:00:00 +01:00,2017-04-09 18:00:00 +01:00,1,1
ES,ES.BDCA.AQD,NET_ES131A,STA_ES0125A,,SP_28079017_14_6,SPP_28079017_14_6.1,SAM_28079017_14_6,O3,http://dd.eionet.europa.eu/vocabulary/aq/pollutant/7,hour,127.0999999900,µg/m3,2017-04-09 18:00:00 +01:00,2017-04-09 19:00:00 +01:00,1,1
ES,ES.BDCA.AQD,NET_ES131A,STA_ES0125A,,SP_28079017_14_6,SPP_28079017_14_6.1,SAM_28079017_14_6,O3,http://dd.eionet.europa.eu/vocabulary/aq/pollutant/7,hour,108.8000000000,µg/m3,2017-04-09 19:00:00 +01:00,2017-04-09 20:00:00 +01:00,1,1
ES,ES.BDCA.AQD,NET_ES131A,STA_ES0125A,,SP_28079017_14_6,SPP_28079017_14_6.1,SAM_28079017_14_6,O3,http://dd.eionet.europa.eu/vocabulary/aq/pollutant/7,hour,74.6700000000,µg/m3,2017-04-09 20:00:00 +01:00,2017-04-09 21:00:00 +01:00,1,1
ES,ES.BDCA.AQD,NET_ES131A,STA_ES0125A,,SP_28079017_14_6,SPP_28079017_14_6.1,SAM_28079017_14_6,O3,http://dd.eionet.europa.eu/vocabulary/aq/pollutant/7,hour,67.9000000000,µg/m3,2017-04-09 21:00:00 +01:00,2017-04-09 22:00:00 +01:00,1,1
ES,ES.BDCA.AQD,NET_ES131A,STA_ES0125A,,SP_28079017_14_6,SPP_28079017_14_6.1,SAM_28079017_14_6,O3,http://dd.eionet.europa.eu/vocabulary/aq/pollutant/7,hour,63.6899999900,µg/m3,2017-04-09 22:00:00 +01:00,2017-04-09 23:00:00 +01:00,1,1
ES,ES.BDCA.AQD,NET_ES131A,STA_ES0125A,,SP_28079017_14_6,SPP_28079017_14_6.1,SAM_28079017_14_6,O3,http://dd.eionet.europa.eu/vocabulary/aq/pollutant/7,hour,66.7199999900,µg/m3,2017-04-09 23:00:00 +01:00,2017-04-10 00:00:00 +01:00,1,1
ES,ES.BDCA.AQD,NET_ES131A,STA_ES0125A,,SP_28079017_14_6,SPP_28079017_14_6.1,SAM_28079017_14_6,O3,http://dd.eionet.europa.eu/vocabulary/aq/pollutant/7,hour,67.4800000000,µg/m3,2017-04-10 00:00:00 +01:00,2017-04-10 01:00:00 +01:00,1,1
ES,ES.BDCA.AQD,NET_ES131A,STA_ES0125A,,SP_28079017_14_6,SPP_28079017_14_6.1,SAM_28079017_14_6,O3,http://dd.eionet.europa.eu/vocabulary/aq/pollutant/7,hour,67.6500000000,µg/m3,2017-04-10 01:00:00 +01:00,2017-04-10 02:00:00 +01:00,1,1
ES,ES.BDCA.AQD,NET_ES131A,STA_ES0125A,,SP_28079017_14_6,SPP_28079017_14_6.1,SAM_28079017_14_6,O3,http://dd.eionet.europa.eu/vocabulary/aq/pollutant/7,hour,68.0000000000,µg/m3,2017-04-10 02:00:00 +01:00,2017-04-10 03:00:00 +01:00,1,1
ES,ES.BDCA.AQD,NET_ES131A,STA_ES0125A,,SP_28079017_14_6,SPP_28079017_14_6.1,SAM_28079017_14_6,O3,http://dd.eionet.europa.eu/vocabulary/aq/pollutant/7,hour,70.1899999900,µg/m3,2017-04-10 03:00:00 +01:00,2017-04-10 04:00:00 +01:00,1,1
ES,ES.BDCA.AQD,NET_ES131A,STA_ES0125A,,SP_28079017_14_6,SPP_28079017_14_6.1,SAM_28079017_14_6,O3,http://dd.eionet.europa.eu/vocabulary/aq/pollutant/7,hour,63.1700000000,µg/m3,2017-04-10 04:00:00 +01:00,2017-04-10 05:00:00 +01:00,1,1
ES,ES.BDCA.AQD,NET_ES131A,STA_ES0125A,,SP_28079017_14_6,SPP_28079017_14_6.1,SAM_28079017_14_6,O3,http://dd.eionet.europa.eu/vocabulary/aq/pollutant/7,hour,24.8900000000,µg/m3,2017-04-10 05:00:00 +01:00,2017-04-10 06:00:00 +01:00,1,1
ES,ES.BDCA.AQD,NET_ES131A,STA_ES0125A,,SP_28079017_14_6,SPP_28079017_14_6.1,SAM_28079017_14_6,O3,http://dd.eionet.europa.eu/vocabulary/aq/pollutant/7,hour,2.8399999900,µg/m3,2017-04-10 06:00:00 +01:00,2017-04-10 07:00:00 +01:00,1,1
ES,ES.BDCA.AQD,NET_ES131A,STA_ES0125A,,SP_28079017_14_6,SPP_28079017_14_6.1,SAM_28079017_14_6,O3,http://dd.eionet.europa.eu/vocabulary/aq/pollutant/7,hour,3.3700000000,µg/m3,2017-04-10 07:00:00 +01:00,2017-04-10 08:00:00 +01:00,1,1
ES,ES.BDCA.AQD,NET_ES131A,STA_ES0125A,,SP_28079017_14_6,SPP_28079017_14_6.1,SAM_28079017_14_6,O3,http://dd.eionet.europa.eu/vocabulary/aq/pollutant/7,hour,7.1699999900,µg/m3,2017-04-10 08:00:00 +01:00,2017-04-10 09:00:00 +01:00,1,1
ES,ES.BDCA.AQD,NET_ES131A,STA_ES0125A,,SP_28079017_14_6,SPP_28079017_14_6.1,SAM_28079017_14_6,O3,http://dd.eionet.europa.eu/vocabulary/aq/pollutant/7,hour,22.2500000000,µg/m3,2017-04-10 09:00:00 +01:00,2017-04-10 10:00:00 +01:00,1,1
ES,ES.BDCA.AQD,NET_ES131A,STA_ES0125A,,SP_28079017_14_6,SPP_28079017_14_6.1,SAM_28079017_14_6,O3,http://dd.eionet.europa.eu/vocabulary/aq/pollutant/7,hour,66.6800000000,µg/m3,2017-04-10 10:00:00 +01:00,2017-04-10 11:00:00 +01:00,1,1
ES,ES.BDCA.AQD,NET_ES131A,STA_ES0125A,,SP_28079017_14_6,SPP_28079017_14_6.1,SAM_28079017_14_6,O3,http://dd.eionet.europa.eu/vocabulary/aq/pollutant/7,hour,84.0000000000,µg/m3,2017-04-10 11:00:00 +01:00,2017-04-10 12:00:00 +01:00,1,1
ES,ES.BDCA.AQD,NET_ES131A,STA_ES0125A,,SP_28079017_14_6,SPP_28079017_14_6.1,SAM_28079017_14_6,O3,http://dd.eionet.europa.eu/vocabulary/aq/pollutant/7,hour,99.8400000000,µg/m3,2017-04-10 12:00:00 +01:00,2017-04-10 13:00:00 +01:00,1,1
ES,ES.BDCA.AQD,NET_ES131A,STA_ES0125A,,SP_28079017_14_6,SPP_28079017_14_6.1,SAM_28079017_14_6,O3,http://dd.eionet.europa.eu/vocabulary/aq/pollutant/7,hour,107.7000000000,µg/m3,2017-04-10 13:00:00 +01:00,2017-04-10 14:00:00 +01:00,1,1
ES,ES.BDCA.AQD,NET_ES131A,STA_ES0125A,,SP_28079017_14_6,SPP_28079017_14_6.1,SAM_28079017_14_6,O3,http://dd.eionet.europa.eu/vocabulary/aq/pollutant/7,hour,123.8000000000,µg/m3,2017-04-10 14:00:00 +01:00,2017-04-10 15:00:00 +01:00,1,1
ES,ES.BDCA.AQD,NET_ES131A,STA_ES0125A,,SP_28079017_14_6,SPP_28079017_14_6.1,SAM_28079017_14_6,O3,http://dd.eionet.europa.eu/vocabulary/aq/pollutant/7,hour,130.5999999900,µg/m3,2017-04-10 15:00:00 +01:00,2017-04-10 16:00:00 +01:00,1,1
ES,ES.BDCA.AQD,NET_ES131A,STA_ES0125A,,SP_28079017_14_6,SPP_28079017_14_6.1,SAM_28079017_14_6,O3,http://dd.eionet.europa.eu/vocabulary/aq/pollutant/7,hour,134.0000000000,µg/m3,2017-04-10 16:00:00 +01:00,2017-04-10 17:00:00 +01:00,1,1
ES,ES.BDCA.AQD,NET_ES131A,STA_ES0125A,,SP_28079017_14_6,SPP_28079017_14_6.1,SAM_28079017_14_6,O3,http://dd.eionet.europa.eu/vocabulary/aq/pollutant/7,hour,137.6999999900,µg/m3,2017-04-10 17:00:00 +01:00,2017-04-10 18:00:00 +01:00,1,1
ES,ES.BDCA.AQD,NET_ES131A,STA_ES0125A,,SP_28079017_14_6,SPP_28079017_14_6.1,SAM_28079017_14_6,O3,http://dd.eionet.europa.eu/vocabulary/aq/pollutant/7,hour,130.0999999900,µg/m3,2017-04-10 18:00:00 +01:00,2017-04-10 19:00:00 +01:00,1,1
ES,ES.BDCA.AQD,NET_ES131A,STA_ES0125A,,SP_28079017_14_6,SPP_28079017_14_6.1,SAM_28079017_14_6,O3,http://dd.eionet.europa.eu/vocabulary/aq/pollutant/7,hour,88.2199999900,µg/m3,2017-04-10 19:00:00 +01:00,2017-04-10 20:00:00 +01:00,1,1
ES,ES.BDCA.AQD,NET_ES131A,STA_ES0125A,,SP_28079017_14_6,SPP_28079017_14_6.1,SAM_28079017_14_6,O3,http://dd.eionet.europa.eu/vocabulary/aq/pollutant/7,hour,32.6400000000,µg/m3,2017-04-10 20:00:00 +01:00,2017-04-10 21:00:00 +01:00,1,1
ES,ES.BDCA.AQD,NET_ES131A,STA_ES0125A,,SP_28079017_14_6,SPP_28079017_14_6.1,SAM_28079017_14_6,O3,http://dd.eionet.europa.eu/vocabulary/aq/pollutant/7,hour,23.9499999900,µg/m3,2017-04-10 21:00:00 +01:00,2017-04-10 22:00:00 +01:00,1,1
ES,ES.BDCA.AQD,NET_ES131A,STA_ES0125A,,SP_28079017_14_6,SPP_28079017_14_6.1,SAM_28079017_14_6,O3,http://dd.eionet.europa.eu/vocabulary/aq/pollutant/7,hour,44.3299999900,µg/m3,2017-04-10 22:00:00 +01:00,2017-04-10 23:00:00 +01:00,1,1
ES,ES.BDCA.AQD,NET_ES131A,STA_ES0125A,,SP_28079017_14_6,SPP_28079017_14_6.1,SAM_28079017_14_6,O3,http://dd.eionet.europa.eu/vocabulary/aq/pollutant/7,hour,34.1300000000,µg/m3,2017-04-10 23:00:00 +01:00,2017-04-11 00:00:00 +01:00,1,1
ES,ES.BDCA.AQD,NET_ES131A,STA_ES0125A,,SP_28079017_14_6,SPP_28079017_14_6.1,SAM_28079017_14_6,O3,http://dd.eionet.europa.eu/vocabulary/aq/pollutant/7,hour,13.8300000000,µg/m3,2017-04-11 00:00:00 +01:00,2017-04-11 01:00:00 +01:00,1,1
ES,ES.BDCA.AQD,NET_ES131A,STA_ES0125A,,SP_28079017_14_6,SPP_28079017_14_6.1,SAM_28079017_14_6,O3,http://dd.eionet.europa.eu/vocabulary/aq/pollutant/7,hour,14.4400000000,µg/m3,2017-04-11 01:00:00 +01:00,2017-04-11 02:00:00 +01:00,1,1
ES,ES.BDCA.AQD,NET_ES131A,STA_ES0125A,,SP_28079017_14_6,SPP_28079017_14_6.1,SAM_28079017_14_6,O3,http://dd.eionet.europa.eu/vocabulary/aq/pollutant/7,hour,9.0999999900,µg/m3,2017-04-11 02:00:00 +01:00,2017-04-11 03:00:00 +01:00,1,1
ES,ES.BDCA.AQD,NET_ES131A,STA_ES0125A,,SP_28079017_14_6,SPP_28079017_14_6.1,SAM_28079017_14_6,O3,http://dd.eionet.europa.eu/vocabulary/aq/pollutant/7,hour,3.5800000000,µg/m3,2017-04-11 03:00:00 +01:00,2017-04-11 04:00:00 +01:00,1,1
ES,ES.BDCA.AQD,NET_ES131A,STA_ES0125A,,SP_28079017_14_6,SPP_28079017_14_6.1,SAM_28079017_14_6,O3,http://dd.eionet.europa.eu/vocabulary/aq/pollutant/7,hour,2.5800000000,µg/m3,2017-04-11 04:00:00 +01:00,2017-04-11 05:00:00 +01:00,1,1
ES,ES.BDCA.AQD,NET_ES131A,STA_ES0125A,,SP_28079017_14_6,SPP_28079017_14_6.1,SAM_28079017_14_6,O3,http://dd.eionet.europa.eu/vocabulary/aq/pollutant/7,hour,1.9900000000,µg/m3,2017-04-11 05:00:00 +01:00,2017-04-11 06:00:00 +01:00,1,1
ES,ES.BDCA.AQD,NET_ES131A,STA_ES0125A,,SP_28079017_14_6,SPP_28079017_14_6.1,SAM_28079017_14_6,O3,http://dd.eionet.europa.eu/vocabulary/aq/pollutant/7,hour,2.6299999900,µg/m3,2017-04-11 06:00:00 +01:00,2017-04-11 07:00:00 +01:00,1,1
ES,ES.BDCA.AQD,NET_ES131A,STA_ES0125A,,SP_28079017_14_6,SPP_28079017_14_6.1,SAM_28079017_14_6,O3,http://dd.eionet.europa.eu/vocabulary/aq/pollutant/7,hour,3.6900000000,µg/m3,2017-04-11 07:00:00 +01:00,2017-04-11 08:00:00 +01:00,1,1
ES,ES.BDCA.AQD,NET_ES131A,STA_ES0125A,,SP_28079017_14_6,SPP_28079017_14_6.1,SAM_28079017_14_6,O3,http://dd.eionet.europa.eu/vocabulary/aq/pollutant/7,hour,4.7900000000,µg/m3,2017-04-11 08:00:00 +01:00,2017-04-11 09:00:00 +01:00,1,1
ES,ES.BDCA.AQD,NET_ES131A,STA_ES0125A,,SP_28079017_14_6,SPP_28079017_14_6.1,SAM_28079017_14_6,O3,http://dd.eionet.europa.eu/vocabulary/aq/pollutant/7,hour,15.7799999900,µg/m3,2017-04-11 09:00:00 +01:00,2017-04-11 10:00:00 +01:00,1,1
ES,ES.BDCA.AQD,NET_ES131A,STA_ES0125A,,SP_28079017_14_6,SPP_28079017_14_6.1,SAM_28079017_14_6,O3,http://dd.eionet.europa.eu/vocabulary/aq/pollutant/7,hour,44.9099999900,µg/m3,2017-04-11 10:00:00 +01:00,2017-04-11 11:00:00 +01:00,1,1
ES,ES.BDCA.AQD,NET_ES131A,STA_ES0125A,,SP_28079017_14_6,SPP_28079017_14_6.1,SAM_28079017_14_6,O3,http://dd.eionet.europa.eu/vocabulary/aq/pollutant/7,hour,72.0600000000,µg/m3,2017-04-11 11:00:00 +01:00,2017-04-11 12:00:00 +01:00,1,1
ES,ES.BDCA.AQD,NET_ES131A,STA_ES0125A,,SP_28079017_14_6,SPP_28079017_14_6.1,SAM_28079017_14_6,O3,http://dd.eionet.europa.eu/vocabulary/aq/pollutant/7,hour,82.8799999900,µg/m3,2017-04-11 12:00:00 +01:00,2017-04-11 13:00:00 +01:00,1,1
ES,ES.BDCA.AQD,NET_ES131A,STA_ES0125A,,SP_28079017_14_6,SPP_28079017_14_6.1,SAM_28079017_14_6,O3,http://dd.eionet.europa.eu/vocabulary/aq/pollutant/7,hour,100.7000000000,µg/m3,2017-04-11 13:00:00 +01:00,2017-04-11 14:00:00 +01:00,1,1
ES,ES.BDCA.AQD,NET_ES131A,STA_ES0125A,,SP_28079017_14_6,SPP_28079017_14_6.1,SAM_28079017_14_6,O3,http://dd.eionet.europa.eu/vocabulary/aq/pollutant/7,hour,122.4000000000,µg/m3,2017-04-11 14:00:00 +01:00,2017-04-11 15:00:00 +01:00,1,1
ES,ES.BDCA.AQD,NET_ES131A,STA_ES0125A,,SP_28079017_14_6,SPP_28079017_14_6.1,SAM_28079017_14_6,O3,http://dd.eionet.europa.eu/vocabulary/aq/pollutant/7,hour,136.9000000000,µg/m3,2017-04-11 15:00:00 +01:00,2017-04-11 16:00:00 +01:00,1,1
ES,ES.BDCA.AQD,NET_ES131A,STA_ES0125A,,SP_28079017_14_6,SPP_28079017_14_6.1,SAM_28079017_14_6,O3,http://dd.eionet.europa.eu/vocabulary/aq/pollutant/7,hour,128.1999999900,µg/m3,2017-04-11 16:00:00 +01:00,2017-04-11 17:00:00 +01:00,1,1
ES,ES.BDCA.AQD,NET_ES131A,STA_ES0125A,,SP_28079017_14_6,SPP_28079017_14_6.1,SAM_28079017_14_6,O3,http://dd.eionet.europa.eu/vocabulary/aq/pollutant/7,hour,122.0999999900,µg/m3,2017-04-11 17:00:00 +01:00,2017-04-11 18:00:00 +01:00,1,1
ES,ES.BDCA.AQD,NET_ES131A,STA_ES0125A,,SP_28079017_14_6,SPP_28079017_14_6.1,SAM_28079017_14_6,O3,http://dd.eionet.europa.eu/vocabulary/aq/pollutant/7,hour,117.5000000000,µg/m3,2017-04-11 18:00:00 +01:00,2017-04-11 19:00:00 +01:00,1,1
ES,ES.BDCA.AQD,NET_ES131A,STA_ES0125A,,SP_28079017_14_6,SPP_28079017_14_6.1,SAM_28079017_14_6,O3,http://dd.eionet.europa.eu/vocabulary/aq/pollutant/7,hour,103.3000000000,µg/m3,2017-04-11 19:00:00 +01:00,2017-04-11 20:00:00 +01:00,1,1
ES,ES.BDCA.AQD,NET_ES131A,STA_ES0125A,,SP_28079017_14_6,SPP_28079017_14_6.1,SAM_28079017_14_6,O3,http://dd.eionet.europa.eu/vocabulary/aq/pollutant/7,hour,48.3299999900,µg/m3,2017-04-11 20:00:00 +01:00,2017-04-11 21:00:00 +01:00,1,1
ES,ES.BDCA.AQD,NET_ES131A,STA_ES0125A,,SP_28079017_14_6,SPP_28079017_14_6.1,SAM_28079017_14_6,O3,http://dd.eionet.europa.eu/vocabulary/aq/pollutant/7,hour,40.1199999900,µg/m3,2017-04-11 21:00:00 +01:00,2017-04-11 22:00:00 +01:00,1,1
ES,ES.BDCA.AQD,NET_ES131A,STA_ES0125A,,SP_28079017_14_6,SPP_28079017_14_6.1,SAM_28079017_14_6,O3,http://dd.eionet.europa.eu/vocabulary/aq/pollutant/7,hour,57.6000000000,µg/m3,2017-04-11 22:00:00 +01:00,2017-04-11 23:00:00 +01:00,1,1
ES,ES.BDCA.AQD,NET_ES131A,STA_ES0125A,,SP_28079017_14_6,SPP_28079017_14_6.1,SAM_28079017_14_6,O3,http://dd.eionet.europa.eu/vocabulary/aq/pollutant/7,hour,48.8900000000,µg/m3,2017-04-11 23:00:00 +01:00,2017-04-12 00:00:00 +01:00,1,1
ES,ES.BDCA.AQD,NET_ES131A,STA_ES0125A,,SP_28079017_14_6,SPP_28079017_14_6.1,SAM_28079017_14_6,O3,http://dd.eionet.europa.eu/vocabulary/aq/pollutant/7,hour,22.5900000000,µg/m3,2017-04-12 00:00:00 +01:00,2017-04-12 01:00:00 +01:00,1,1
ES,ES.BDCA.AQD,NET_ES131A,STA_ES0125A,,SP_28079017_14_6,SPP_28079017_14_6.1,SAM_28079017_14_6,O3,http://dd.eionet.europa.eu/vocabulary/aq/pollutant/7,hour,12.0200000000,µg/m3,2017-04-12 01:00:00 +01:00,2017-04-12 02:00:00 +01:00,1,1
ES,ES.BDCA.AQD,NET_ES131A,STA_ES0125A,,SP_28079017_14_6,SPP_28079017_14_6.1,SAM_28079017_14_6,O3,http://dd.eionet.europa.eu/vocabulary/aq/pollutant/7,hour,4.6500000000,µg/m3,2017-04-12 02:00:00 +01:00,2017-04-12 03:00:00 +01:00,1,1
ES,ES.BDCA.AQD,NET_ES131A,STA_ES0125A,,SP_28079017_14_6,SPP_28079017_14_6.1,SAM_28079017_14_6,O3,http://dd.eionet.europa.eu/vocabulary/aq/pollutant/7,hour,31.4300000000,µg/m3,2017-04-12 03:00:00 +01:00,2017-04-12 04:00:00 +01:00,1,1
ES,ES.BDCA.AQD,NET_ES131A,STA_ES0125A,,SP_28079017_14_6,SPP_28079017_14_6.1,SAM_28079017_14_6,O3,http://dd.eionet.europa.eu/vocabulary/aq/pollutant/7,hour,44.6700000000,µg/m3,2017-04-12 04:00:00 +01:00,2017-04-12 05:00:00 +01:00,1,1
ES,ES.BDCA.AQD,NET_ES131A,STA_ES0125A,,SP_28079017_14_6,SPP_28079017_14_6.1,SAM_28079017_14_6,O3,http://dd.eionet.europa.eu/vocabulary/aq/pollutant/7,hour,9.7699999900,µg/m3,2017-04-12 05:00:00 +01:00,2017-04-12 06:00:00 +01:00,1,1
ES,ES.BDCA.AQD,NET_ES131A,STA_ES0125A,,SP_28079017_14_6,SPP_28079017_14_6.1,SAM_28079017_14_6,O3,http://dd.eionet.europa.eu/vocabulary/aq/pollutant/7,hour,3.8100000000,µg/m3,2017-04-12 06:00:00 +01:00,2017-04-12 07:00:00 +01:00,1,1
ES,ES.BDCA.AQD,NET_ES131A,STA_ES0125A,,SP_28079017_14_6,SPP_28079017_14_6.1,SAM_28079017_14_6,O3,http://dd.eionet.europa.eu/vocabulary/aq/pollutant/7,hour,3.0600000000,µg/m3,2017-04-12 07:00:00 +01:00,2017-04-12 08:00:00 +01:00,1,1
ES,ES.BDCA.AQD,NET_ES131A,STA_ES0125A,,SP_28079017_14_6,SPP_28079017_14_6.1,SAM_28079017_14_6,O3,http://dd.eionet.europa.eu/vocabulary/aq/pollutant/7,hour,7.6600000000,µg/m3,2017-04-12 08:00:00 +01:00,2017-04-12 09:00:00 +01:00,1,1
ES,ES.BDCA.AQD,NET_ES131A,STA_ES0125A,,SP_28079017_14_6,SPP_28079017_14_6.1,SAM_28079017_14_6,O3,http://dd.eionet.europa.eu/vocabulary/aq/pollutant/7,hour,20.5399999900,µg/m3,2017-04-12 09:00:00 +01:00,2017-04-12 10:00:00 +01:00,1,1
ES,ES.BDCA.AQD,NET_ES131A,STA_ES0125A,,SP_28079017_14_6,SPP_28079017_14_6.1,SAM_28079017_14_6,O3,http://dd.eionet.europa.eu/vocabulary/aq/pollutant/7,hour,34.0399999900,µg/m3,2017-04-12 10:00:00 +01:00,2017-04-12 11:00:00 +01:00,1,1
ES,ES.BDCA.AQD,NET_ES131A,STA_ES0125A,,SP_28079017_14_6,SPP_28079017_14_6.1,SAM_28079017_14_6,O3,http://dd.eionet.europa.eu/vocabulary/aq/pollutant/7,hour,47.3400000000,µg/m3,2017-04-12 11:00:00 +01:00,2017-04-12 12:00:00 +01:00,1,1
ES,ES.BDCA.AQD,NET_ES131A,STA_ES0125A,,SP_28079017_14_6,SPP_28079017_14_6.1,SAM_28079017_14_6,O3,http://dd.eionet.europa.eu/vocabulary/aq/pollutant/7,hour,97.0799999900,µg/m3,2017-04-12 12:00:00 +01:00,2017-04-12 13:00:00 +01:00,1,1
ES,ES.BDCA.AQD,NET_ES131A,STA_ES0125A,,SP_28079017_14_6,SPP_28079017_14_6.1,SAM_28079017_14_6,O3,http://dd.eionet.europa.eu/vocabulary/aq/pollutant/7,hour,130.8000000000,µg/m3,2017-04-12 13:00:00 +01:00,2017-04-12 14:00:00 +01:00,1,1
ES,ES.BDCA.AQD,NET_ES131A,STA_ES0125A,,SP_28079017_14_6,SPP_28079017_14_6.1,SAM_28079017_14_6,O3,http://dd.eionet.europa.eu/vocabulary/aq/pollutant/7,hour,139.3000000000,µg/m3,2017-04-12 14:00:00 +01:00,2017-04-12 15:00:00 +01:00,1,1
ES,ES.BDCA.AQD,NET_ES131A,STA_ES0125A,,SP_28079017_14_6,SPP_28079017_14_6.1,SAM_28079017_14_6,O3,http://dd.eionet.europa.eu/vocabulary/aq/pollutant/7,hour,139.4000000000,µg/m3,2017-04-12 15:00:00 +01:00,2017-04-12 16:00:00 +01:00,1,1
ES,ES.BDCA.AQD,NET_ES131A,STA_ES0125A,,SP_28079017_14_6,SPP_28079017_14_6.1,SAM_28079017_14_6,O3,http://dd.eionet.europa.eu/vocabulary/aq/pollutant/7,hour,149.4000000000,µg/m3,2017-04-12 16:00:00 +01:00,2017-04-12 17:00:00 +01:00,1,1
ES,ES.BDCA.AQD,NET_ES131A,STA_ES0125A,,SP_28079017_14_6,SPP_28079017_14_6.1,SAM_28079017_14_6,O3,http://dd.eionet.europa.eu/vocabulary/aq/pollutant/7,hour,145.3000000000,µg/m3,2017-04-12 17:00:00 +01:00,2017-04-12 18:00:00 +01:00,1,1
ES,ES.BDCA.AQD,NET_ES131A,STA_ES0125A,,SP_28079017_14_6,SPP_28079017_14_6.1,SAM_28079017_14_6,O3,http://dd.eionet.europa.eu/vocabulary/aq/pollutant/7,hour,141.5999999900,µg/m3,2017-04-12 18:00:00 +01:00,2017-04-12 19:00:00 +01:00,1,1
ES,ES.BDCA.AQD,NET_ES131A,STA_ES0125A,,SP_28079017_14_6,SPP_28079017_14_6.1,SAM_28079017_14_6,O3,http://dd.eionet.europa.eu/vocabulary/aq/pollutant/7,hour,124.7000000000,µg/m3,2017-04-12 19:00:00 +01:00,2017-04-12 20:00:00 +01:00,1,1
ES,ES.BDCA.AQD,NET_ES131A,STA_ES0125A,,SP_28079017_14_6,SPP_28079017_14_6.1,SAM_28079017_14_6,O3,http://dd.eionet.europa.eu/vocabulary/aq/pollutant/7,hour,116.9000000000,µg/m3,2017-04-12 20:00:00 +01:00,2017-04-12 21:00:00 +01:00,1,1
ES,ES.BDCA.AQD,NET_ES131A,STA_ES0125A,,SP_28079017_14_6,SPP_28079017_14_6.1,SAM_28079017_14_6,O3,http://dd.eionet.europa.eu/vocabulary/aq/pollutant/7,hour,110.8000000000,µg/m3,2017-04-12 21:00:00 +01:00,2017-04-12 22:00:00 +01:00,1,1
ES,ES.BDCA.AQD,NET_ES131A,STA_ES0125A,,SP_28079017_14_6,SPP_28079017_14_6.1,SAM_28079017_14_6,O3,http://dd.eionet.europa.eu/vocabulary/aq/pollutant/7,hour,104.7000000000,µg/m3,2017-04-12 22:00:00 +01:00,2017-04-12 23:00:00 +01:00,1,1
ES,ES.BDCA.AQD,NET_ES131A,STA_ES0125A,,SP_28079017_14_6,SPP_28079017_14_6.1,SAM_28079017_14_6,O3,http://dd.eionet.europa.eu/vocabulary/aq/pollutant/7,hour,88.2300000000,µg/m3,2017-04-12 23:00:00 +01:00,2017-04-13 00:00:00 +01:00,1,1
ES,ES.BDCA.AQD,NET_ES131A,STA_ES0125A,,SP_28079017_14_6,SPP_28079017_14_6.1,SAM_28079017_14_6,O3,http://dd.eionet.europa.eu/vocabulary/aq/pollutant/7,hour,78.1099999900,µg/m3,2017-04-13 00:00:00 +01:00,2017-04-13 01:00:00 +01:00,1,1
ES,ES.BDCA.AQD,NET_ES131A,STA_ES0125A,,SP_28079017_14_6,SPP_28079017_14_6.1,SAM_28079017_14_6,O3,http://dd.eionet.europa.eu/vocabulary/aq/pollutant/7,hour,53.5900000000,µg/m3,2017-04-13 01:00:00 +01:00,2017-04-13 02:00:00 +01:00,1,1
ES,ES.BDCA.AQD,NET_ES131A,STA_ES0125A,,SP_28079017_14_6,SPP_28079017_14_6.1,SAM_28079017_14_6,O3,http://dd.eionet.europa.eu/vocabulary/aq/pollutant/7,hour,38.2899999900,µg/m3,2017-04-13 02:00:00 +01:00,2017-04-13 03:00:00 +01:00,1,1
ES,ES.BDCA.AQD,NET_ES131A,STA_ES0125A,,SP_28079017_14_6,SPP_28079017_14_6.1,SAM_28079017_14_6,O3,http://dd.eionet.europa.eu/vocabulary/aq/pollutant/7,hour,21.2300000000,µg/m3,2017-04-13 03:00:00 +01:00,2017-04-13 04:00:00 +01:00,1,1
ES,ES.BDCA.AQD,NET_ES131A,STA_ES0125A,,SP_28079017_14_6,SPP_28079017_14_6.1,SAM_28079017_14_6,O3,http://dd.eionet.europa.eu/vocabulary/aq/pollutant/7,hour,20.1200000000,µg/m3,2017-04-13 04:00:00 +01:00,2017-04-13 05:00:00 +01:00,1,1
ES,ES.BDCA.AQD,NET_ES131A,STA_ES0125A,,SP_28079017_14_6,SPP_28079017_14_6.1,SAM_28079017_14_6,O3,http://dd.eionet.europa.eu/vocabulary/aq/pollutant/7,hour,10.4900000000,µg/m3,2017-04-13 05:00:00 +01:00,2017-04-13 06:00:00 +01:00,1,1
ES,ES.BDCA.AQD,NET_ES131A,STA_ES0125A,,SP_28079017_14_6,SPP_28079017_14_6.1,SAM_28079017_14_6,O3,http://dd.eionet.europa.eu/vocabulary/aq/pollutant/7,hour,7.5300000000,µg/m3,2017-04-13 06:00:00 +01:00,2017-04-13 07:00:00 +01:00,1,1
ES,ES.BDCA.AQD,NET_ES131A,STA_ES0125A,,SP_28079017_14_6,SPP_28079017_14_6.1,SAM_28079017_14_6,O3,http://dd.eionet.europa.eu/vocabulary/aq/pollutant/7,hour,4.6399999900,µg/m3,2017-04-13 07:00:00 +01:00,2017-04-13 08:00:00 +01:00,1,1
ES,ES.BDCA.AQD,NET_ES131A,STA_ES0125A,,SP_28079017_14_6,SPP_28079017_14_6.1,SAM_28079017_14_6,O3,http://dd.eionet.europa.eu/vocabulary/aq/pollutant/7,hour,10.9000000000,µg/m3,2017-04-13 08:00:00 +01:00,2017-04-13 09:00:00 +01:00,1,1
ES,ES.BDCA.AQD,NET_ES131A,STA_ES0125A,,SP_28079017_14_6,SPP_28079017_14_6.1,SAM_28079017_14_6,O3,http://dd.eionet.europa.eu/vocabulary/aq/pollutant/7,hour,31.5000000000,µg/m3,2017-04-13 09:00:00 +01:00,2017-04-13 10:00:00 +01:00,1,1
ES,ES.BDCA.AQD,NET_ES131A,STA_ES0125A,,SP_28079017_14_6,SPP_28079017_14_6.1,SAM_28079017_14_6,O3,http://dd.eionet.europa.eu/vocabulary/aq/pollutant/7,hour,69.7099999900,µg/m3,2017-04-13 10:00:00 +01:00,2017-04-13 11:00:00 +01:00,1,1
ES,ES.BDCA.AQD,NET_ES131A,STA_ES0125A,,SP_28079017_14_6,SPP_28079017_14_6.1,SAM_28079017_14_6,O3,http://dd.eionet.europa.eu/vocabulary/aq/pollutant/7,hour,107.0999999900,µg/m3,2017-04-13 11:00:00 +01:00,2017-04-13 12:00:00 +01:00,1,1
ES,ES.BDCA.AQD,NET_ES131A,STA_ES0125A,,SP_28079017_14_6,SPP_28079017_14_6.1,SAM_28079017_14_6,O3,http://dd.eionet.europa.eu/vocabulary/aq/pollutant/7,hour,122.8000000000,µg/m3,2017-04-13 12:00:00 +01:00,2017-04-13 13:00:00 +01:00,1,1
ES,ES.BDCA.AQD,NET_ES131A,STA_ES0125A,,SP_28079017_14_6,SPP_28079017_14_6.1,SAM_28079017_14_6,O3,http://dd.eionet.europa.eu/vocabulary/aq/pollutant/7,hour,135.8000000000,µg/m3,2017-04-13 13:00:00 +01:00,2017-04-13 14:00:00 +01:00,1,1
ES,ES.BDCA.AQD,NET_ES131A,STA_ES0125A,,SP_28079017_14_6,SPP_28079017_14_6.1,SAM_28079017_14_6,O3,http://dd.eionet.europa.eu/vocabulary/aq/pollutant/7,hour,136.6999999900,µg/m3,2017-04-13 14:00:00 +01:00,2017-04-13 15:00:00 +01:00,1,1
ES,ES.BDCA.AQD,NET_ES131A,STA_ES0125A,,SP_28079017_14_6,SPP_28079017_14_6.1,SAM_28079017_14_6,O3,http://dd.eionet.europa.eu/vocabulary/aq/pollutant/7,hour,141.4000000000,µg/m3,2017-04-13 15:00:00 +01:00,2017-04-13 16:00:00 +01:00,1,1
ES,ES.BDCA.AQD,NET_ES131A,STA_ES0125A,,SP_28079017_14_6,SPP_28079017_14_6.1,SAM_28079017_14_6,O3,http://dd.eionet.europa.eu/vocabulary/aq/pollutant/7,hour,138.5999999900,µg/m3,2017-04-13 16:00:00 +01:00,2017-04-13 17:00:00 +01:00,1,1
ES,ES.BDCA.AQD,NET_ES131A,STA_ES0125A,,SP_28079017_14_6,SPP_28079017_14_6.1,SAM_28079017_14_6,O3,http://dd.eionet.europa.eu/vocabulary/aq/pollutant/7,hour,130.3000000000,µg/m3,2017-04-13 17:00:00 +01:00,2017-04-13 18:00:00 +01:00,1,1
ES,ES.BDCA.AQD,NET_ES131A,STA_ES0125A,,SP_28079017_14_6,SPP_28079017_14_6.1,SAM_28079017_14_6,O3,http://dd.eionet.europa.eu/vocabulary/aq/pollutant/7,hour,131.4000000000,µg/m3,2017-04-13 18:00:00 +01:00,2017-04-13 19:00:00 +01:00,1,1
ES,ES.BDCA.AQD,NET_ES131A,STA_ES0125A,,SP_28079017_14_6,SPP_28079017_14_6.1,SAM_28079017_14_6,O3,http://dd.eionet.europa.eu/vocabulary/aq/pollutant/7,hour,126.0999999900,µg/m3,2017-04-13 19:00:00 +01:00,2017-04-13 20:00:00 +01:00,1,1
ES,ES.BDCA.AQD,NET_ES131A,STA_ES0125A,,SP_28079017_14_6,SPP_28079017_14_6.1,SAM_28079017_14_6,O3,http://dd.eionet.europa.eu/vocabulary/aq/pollutant/7,hour,109.3000000000,µg/m3,2017-04-13 20:00:00 +01:00,2017-04-13 21:00:00 +01:00,1,1
ES,ES.BDCA.AQD,NET_ES131A,STA_ES0125A,,SP_28079017_14_6,SPP_28079017_14_6.1,SAM_28079017_14_6,O3,http://dd.eionet.europa.eu/vocabulary/aq/pollutant/7,hour,115.5999999900,µg/m3,2017-04-13 21:00:00 +01:00,2017-04-13 22:00:00 +01:00,1,1
ES,ES.BDCA.AQD,NET_ES131A,STA_ES0125A,,SP_28079017_14_6,SPP_28079017_14_6.1,SAM_28079017_14_6,O3,http://dd.eionet.europa.eu/vocabulary/aq/pollutant/7,hour,111.7000000000,µg/m3,2017-04-13 22:00:00 +01:00,2017-04-13 23:00:00 +01:00,1,1
ES,ES.BDCA.AQD,NET_ES131A,STA_ES0125A,,SP_28079017_14_6,SPP_28079017_14_6.1,SAM_28079017_14_6,O3,http://dd.eionet.europa.eu/vocabulary/aq/pollutant/7,hour,89.2800000000,µg/m3,2017-04-13 23:00:00 +01:00,2017-04-14 00:00:00 +01:00,1,1
ES,ES.BDCA.AQD,NET_ES131A,STA_ES0125A,,SP_28079017_14_6,SPP_28079017_14_6.1,SAM_28079017_14_6,O3,http://dd.eionet.europa.eu/vocabulary/aq/pollutant/7,hour,64.9399999900,µg/m3,2017-04-14 00:00:00 +01:00,2017-04-14 01:00:00 +01:00,1,1
ES,ES.BDCA.AQD,NET_ES131A,STA_ES0125A,,SP_28079017_14_6,SPP_28079017_14_6.1,SAM_28079017_14_6,O3,http://dd.eionet.europa.eu/vocabulary/aq/pollutant/7,hour,70.5900000000,µg/m3,2017-04-14 01:00:00 +01:00,2017-04-14 02:00:00 +01:00,1,1
ES,ES.BDCA.AQD,NET_ES131A,STA_ES0125A,,SP_28079017_14_6,SPP_28079017_14_6.1,SAM_28079017_14_6,O3,http://dd.eionet.europa.eu/vocabulary/aq/pollutant/7,hour,55.3800000000,µg/m3,2017-04-14 02:00:00 +01:00,2017-04-14 03:00:00 +01:00,1,1
ES,ES.BDCA.AQD,NET_ES131A,STA_ES0125A,,SP_28079017_14_6,SPP_28079017_14_6.1,SAM_28079017_14_6,O3,http://dd.eionet.europa.eu/vocabulary/aq/pollutant/7,hour,34.7100000000,µg/m3,2017-04-14 03:00:00 +01:00,2017-04-14 04:00:00 +01:00,1,1
ES,ES.BDCA.AQD,NET_ES131A,STA_ES0125A,,SP_28079017_14_6,SPP_28079017_14_6.1,SAM_28079017_14_6,O3,http://dd.eionet.europa.eu/vocabulary/aq/pollutant/7,hour,24.4899999900,µg/m3,2017-04-14 04:00:00 +01:00,2017-04-14 05:00:00 +01:00,1,1
ES,ES.BDCA.AQD,NET_ES131A,STA_ES0125A,,SP_28079017_14_6,SPP_28079017_14_6.1,SAM_28079017_14_6,O3,http://dd.eionet.europa.eu/vocabulary/aq/pollutant/7,hour,19.5200000000,µg/m3,2017-04-14 05:00:00 +01:00,2017-04-14 06:00:00 +01:00,1,1
ES,ES.BDCA.AQD,NET_ES131A,STA_ES0125A,,SP_28079017_14_6,SPP_28079017_14_6.1,SAM_28079017_14_6,O3,http://dd.eionet.europa.eu/vocabulary/aq/pollutant/7,hour,19.8700000000,µg/m3,2017-04-14 06:00:00 +01:00,2017-04-14 07:00:00 +01:00,1,1
ES,ES.BDCA.AQD,NET_ES131A,STA_ES0125A,,SP_28079017_14_6,SPP_28079017_14_6.1,SAM_28079017_14_6,O3,http://dd.eionet.europa.eu/vocabulary/aq/pollutant/7,hour,25.8799999900,µg/m3,2017-04-14 07:00:00 +01:00,2017-04-14 08:00:00 +01:00,1,1
ES,ES.BDCA.AQD,NET_ES131A,STA_ES0125A,,SP_28079017_14_6,SPP_28079017_14_6.1,SAM_28079017_14_6,O3,http://dd.eionet.europa.eu/vocabulary/aq/pollutant/7,hour,43.6000000000,µg/m3,2017-04-14 08:00:00 +01:00,2017-04-14 09:00:00 +01:00,1,1
ES,ES.BDCA.AQD,NET_ES131A,STA_ES0125A,,SP_28079017_14_6,SPP_28079017_14_6.1,SAM_28079017_14_6,O3,http://dd.eionet.europa.eu/vocabulary/aq/pollutant/7,hour,71.7000000000,µg/m3,2017-04-14 09:00:00 +01:00,2017-04-14 10:00:00 +01:00,1,1
ES,ES.BDCA.AQD,NET_ES131A,STA_ES0125A,,SP_28079017_14_6,SPP_28079017_14_6.1,SAM_28079017_14_6,O3,http://dd.eionet.europa.eu/vocabulary/aq/pollutant/7,hour,103.8000000000,µg/m3,2017-04-14 10:00:00 +01:00,2017-04-14 11:00:00 +01:00,1,1
ES,ES.BDCA.AQD,NET_ES131A,STA_ES0125A,,SP_28079017_14_6,SPP_28079017_14_6.1,SAM_28079017_14_6,O3,http://dd.eionet.europa.eu/vocabulary/aq/pollutant/7,hour,121.4000000000,µg/m3,2017-04-14 11:00:00 +01:00,2017-04-14 12:00:00 +01:00,1,1
ES,ES.BDCA.AQD,NET_ES131A,STA_ES0125A,,SP_28079017_14_6,SPP_28079017_14_6.1,SAM_28079017_14_6,O3,http://dd.eionet.europa.eu/vocabulary/aq/pollutant/7,hour,123.3000000000,µg/m3,2017-04-14 12:00:00 +01:00,2017-04-14 13:00:00 +01:00,1,1
ES,ES.BDCA.AQD,NET_ES131A,STA_ES0125A,,SP_28079017_14_6,SPP_28079017_14_6.1,SAM_28079017_14_6,O3,http://dd.eionet.europa.eu/vocabulary/aq/pollutant/7,hour,116.2000000000,µg/m3,2017-04-14 13:00:00 +01:00,2017-04-14 14:00:00 +01:00,1,1
ES,ES.BDCA.AQD,NET_ES131A,STA_ES0125A,,SP_28079017_14_6,SPP_28079017_14_6.1,SAM_28079017_14_6,O3,http://dd.eionet.europa.eu/vocabulary/aq/pollutant/7,hour,112.3000000000,µg/m3,2017-04-14 14:00:00 +01:00,2017-04-14 15:00:00 +01:00,1,1
ES,ES.BDCA.AQD,NET_ES131A,STA_ES0125A,,SP_28079017_14_6,SPP_28079017_14_6.1,SAM_28079017_14_6,O3,http://dd.eionet.europa.eu/vocabulary/aq/pollutant/7,hour,98.4000000000,µg/m3,2017-04-14 15:00:00 +01:00,2017-04-14 16:00:00 +01:00,1,1
ES,ES.BDCA.AQD,NET_ES131A,STA_ES0125A,,SP_28079017_14_6,SPP_28079017_14_6.1,SAM_28079017_14_6,O3,http://dd.eionet.europa.eu/vocabulary/aq/pollutant/7,hour,91.6599999900,µg/m3,2017-04-14 16:00:00 +01:00,2017-04-14 17:00:00 +01:00,1,1
ES,ES.BDCA.AQD,NET_ES131A,STA_ES0125A,,SP_28079017_14_6,SPP_28079017_14_6.1,SAM_28079017_14_6,O3,http://dd.eionet.europa.eu/vocabulary/aq/pollutant/7,hour,101.2000000000,µg/m3,2017-04-14 17:00:00 +01:00,2017-04-14 18:00:00 +01:00,1,1
ES,ES.BDCA.AQD,NET_ES131A,STA_ES0125A,,SP_28079017_14_6,SPP_28079017_14_6.1,SAM_28079017_14_6,O3,http://dd.eionet.europa.eu/vocabulary/aq/pollutant/7,hour,108.4000000000,µg/m3,2017-04-14 18:00:00 +01:00,2017-04-14 19:00:00 +01:00,1,1
ES,ES.BDCA.AQD,NET_ES131A,STA_ES0125A,,SP_28079017_14_6,SPP_28079017_14_6.1,SAM_28079017_14_6,O3,http://dd.eionet.europa.eu/vocabulary/aq/pollutant/7,hour,104.2000000000,µg/m3,2017-04-14 19:00:00 +01:00,2017-04-14 20:00:00 +01:00,1,1
ES,ES.BDCA.AQD,NET_ES131A,STA_ES0125A,,SP_28079017_14_6,SPP_28079017_14_6.1,SAM_28079017_14_6,O3,http://dd.eionet.europa.eu/vocabulary/aq/pollutant/7,hour,101.8000000000,µg/m3,2017-04-14 20:00:00 +01:00,2017-04-14 21:00:00 +01:00,1,1
ES,ES.BDCA.AQD,NET_ES131A,STA_ES0125A,,SP_28079017_14_6,SPP_28079017_14_6.1,SAM_28079017_14_6,O3,http://dd.eionet.europa.eu/vocabulary/aq/pollutant/7,hour,99.6099999900,µg/m3,2017-04-14 21:00:00 +01:00,2017-04-14 22:00:00 +01:00,1,1
ES,ES.BDCA.AQD,NET_ES131A,STA_ES0125A,,SP_28079017_14_6,SPP_28079017_14_6.1,SAM_28079017_14_6,O3,http://dd.eionet.europa.eu/vocabulary/aq/pollutant/7,hour,92.7800000000,µg/m3,2017-04-14 22:00:00 +01:00,2017-04-14 23:00:00 +01:00,1,1
ES,ES.BDCA.AQD,NET_ES131A,STA_ES0125A,,SP_28079017_14_6,SPP_28079017_14_6.1,SAM_28079017_14_6,O3,http://dd.eionet.europa.eu/vocabulary/aq/pollutant/7,hour,89.3700000000,µg/m3,2017-04-14 23:00:00 +01:00,2017-04-15 00:00:00 +01:00,1,1
ES,ES.BDCA.AQD,NET_ES131A,STA_ES0125A,,SP_28079017_14_6,SPP_28079017_14_6.1,SAM_28079017_14_6,O3,http://dd.eionet.europa.eu/vocabulary/aq/pollutant/7,hour,88.6700000000,µg/m3,2017-04-15 00:00:00 +01:00,2017-04-15 01:00:00 +01:00,1,1
ES,ES.BDCA.AQD,NET_ES131A,STA_ES0125A,,SP_28079017_14_6,SPP_28079017_14_6.1,SAM_28079017_14_6,O3,http://dd.eionet.europa.eu/vocabulary/aq/pollutant/7,hour,89.7099999900,µg/m3,2017-04-15 01:00:00 +01:00,2017-04-15 02:00:00 +01:00,1,1
ES,ES.BDCA.AQD,NET_ES131A,STA_ES0125A,,SP_28079017_14_6,SPP_28079017_14_6.1,SAM_28079017_14_6,O3,http://dd.eionet.europa.eu/vocabulary/aq/pollutant/7,hour,90.8799999900,µg/m3,2017-04-15 02:00:00 +01:00,2017-04-15 03:00:00 +01:00,1,1
ES,ES.BDCA.AQD,NET_ES131A,STA_ES0125A,,SP_28079017_14_6,SPP_28079017_14_6.1,SAM_28079017_14_6,O3,http://dd.eionet.europa.eu/vocabulary/aq/pollutant/7,hour,85.6500000000,µg/m3,2017-04-15 03:00:00 +01:00,2017-04-15 04:00:00 +01:00,1,1
ES,ES.BDCA.AQD,NET_ES131A,STA_ES0125A,,SP_28079017_14_6,SPP_28079017_14_6.1,SAM_28079017_14_6,O3,http://dd.eionet.europa.eu/vocabulary/aq/pollutant/7,hour,60.7500000000,µg/m3,2017-04-15 04:00:00 +01:00,2017-04-15 05:00:00 +01:00,1,1
ES,ES.BDCA.AQD,NET_ES131A,STA_ES0125A,,SP_28079017_14_6,SPP_28079017_14_6.1,SAM_28079017_14_6,O3,http://dd.eionet.europa.eu/vocabulary/aq/pollutant/7,hour,52.5200000000,µg/m3,2017-04-15 05:00:00 +01:00,2017-04-15 06:00:00 +01:00,1,1
ES,ES.BDCA.AQD,NET_ES131A,STA_ES0125A,,SP_28079017_14_6,SPP_28079017_14_6.1,SAM_28079017_14_6,O3,http://dd.eionet.europa.eu/vocabulary/aq/pollutant/7,hour,31.3999999900,µg/m3,2017-04-15 06:00:00 +01:00,2017-04-15 07:00:00 +01:00,1,1
ES,ES.BDCA.AQD,NET_ES131A,STA_ES0125A,,SP_28079017_14_6,SPP_28079017_14_6.1,SAM_28079017_14_6,O3,http://dd.eionet.europa.eu/vocabulary/aq/pollutant/7,hour,25.7399999900,µg/m3,2017-04-15 07:00:00 +01:00,2017-04-15 08:00:00 +01:00,1,1
ES,ES.BDCA.AQD,NET_ES131A,STA_ES0125A,,SP_28079017_14_6,SPP_28079017_14_6.1,SAM_28079017_14_6,O3,http://dd.eionet.europa.eu/vocabulary/aq/pollutant/7,hour,38.1800000000,µg/m3,2017-04-15 08:00:00 +01:00,2017-04-15 09:00:00 +01:00,1,1
ES,ES.BDCA.AQD,NET_ES131A,STA_ES0125A,,SP_28079017_14_6,SPP_28079017_14_6.1,SAM_28079017_14_6,O3,http://dd.eionet.europa.eu/vocabulary/aq/pollutant/7,hour,57.4500000000,µg/m3,2017-04-15 09:00:00 +01:00,2017-04-15 10:00:00 +01:00,1,1
ES,ES.BDCA.AQD,NET_ES131A,STA_ES0125A,,SP_28079017_14_6,SPP_28079017_14_6.1,SAM_28079017_14_6,O3,http://dd.eionet.europa.eu/vocabulary/aq/pollutant/7,hour,75.7300000000,µg/m3,2017-04-15 10:00:00 +01:00,2017-04-15 11:00:00 +01:00,1,1
ES,ES.BDCA.AQD,NET_ES131A,STA_ES0125A,,SP_28079017_14_6,SPP_28079017_14_6.1,SAM_28079017_14_6,O3,http://dd.eionet.europa.eu/vocabulary/aq/pollutant/7,hour,108.9000000000,µg/m3,2017-04-15 11:00:00 +01:00,2017-04-15 12:00:00 +01:00,1,1
ES,ES.BDCA.AQD,NET_ES131A,STA_ES0125A,,SP_28079017_14_6,SPP_28079017_14_6.1,SAM_28079017_14_6,O3,http://dd.eionet.europa.eu/vocabulary/aq/pollutant/7,hour,120.3000000000,µg/m3,2017-04-15 12:00:00 +01:00,2017-04-15 13:00:00 +01:00,1,1
ES,ES.BDCA.AQD,NET_ES131A,STA_ES0125A,,SP_28079017_14_6,SPP_28079017_14_6.1,SAM_28079017_14_6,O3,http://dd.eionet.europa.eu/vocabulary/aq/pollutant/7,hour,125.7000000000,µg/m3,2017-04-15 13:00:00 +01:00,2017-04-15 14:00:00 +01:00,1,1
ES,ES.BDCA.AQD,NET_ES131A,STA_ES0125A,,SP_28079017_14_6,SPP_28079017_14_6.1,SAM_28079017_14_6,O3,http://dd.eionet.europa.eu/vocabulary/aq/pollutant/7,hour,127.4000000000,µg/m3,2017-04-15 14:00:00 +01:00,2017-04-15 15:00:00 +01:00,1,1
ES,ES.BDCA.AQD,NET_ES131A,STA_ES0125A,,SP_28079017_14_6,SPP_28079017_14_6.1,SAM_28079017_14_6,O3,http://dd.eionet.europa.eu/vocabulary/aq/pollutant/7,hour,128.6999999900,µg/m3,2017-04-15 15:00:00 +01:00,2017-04-15 16:00:00 +01:00,1,1
ES,ES.BDCA.AQD,NET_ES131A,STA_ES0125A,,SP_28079017_14_6,SPP_28079017_14_6.1,SAM_28079017_14_6,O3,http://dd.eionet.europa.eu/vocabulary/aq/pollutant/7,hour,131.0000000000,µg/m3,2017-04-15 16:00:00 +01:00,2017-04-15 17:00:00 +01:00,1,1
ES,ES.BDCA.AQD,NET_ES131A,STA_ES0125A,,SP_28079017_14_6,SPP_28079017_14_6.1,SAM_28079017_14_6,O3,http://dd.eionet.europa.eu/vocabulary/aq/pollutant/7,hour,135.5000000000,µg/m3,2017-04-15 17:00:00 +01:00,2017-04-15 18:00:00 +01:00,1,1
ES,ES.BDCA.AQD,NET_ES131A,STA_ES0125A,,SP_28079017_14_6,SPP_28079017_14_6.1,SAM_28079017_14_6,O3,http://dd.eionet.europa.eu/vocabulary/aq/pollutant/7,hour,132.5000000000,µg/m3,2017-04-15 18:00:00 +01:00,2017-04-15 19:00:00 +01:00,1,1
ES,ES.BDCA.AQD,NET_ES131A,STA_ES0125A,,SP_28079017_14_6,SPP_28079017_14_6.1,SAM_28079017_14_6,O3,http://dd.eionet.europa.eu/vocabulary/aq/pollutant/7,hour,121.9000000000,µg/m3,2017-04-15 19:00:00 +01:00,2017-04-15 20:00:00 +01:00,1,1
ES,ES.BDCA.AQD,NET_ES131A,STA_ES0125A,,SP_28079017_14_6,SPP_28079017_14_6.1,SAM_28079017_14_6,O3,http://dd.eionet.europa.eu/vocabulary/aq/pollutant/7,hour,102.0999999900,µg/m3,2017-04-15 20:00:00 +01:00,2017-04-15 21:00:00 +01:00,1,1
ES,ES.BDCA.AQD,NET_ES131A,STA_ES0125A,,SP_28079017_14_6,SPP_28079017_14_6.1,SAM_28079017_14_6,O3,http://dd.eionet.europa.eu/vocabulary/aq/pollutant/7,hour,103.8000000000,µg/m3,2017-04-15 21:00:00 +01:00,2017-04-15 22:00:00 +01:00,1,1
ES,ES.BDCA.AQD,NET_ES131A,STA_ES0125A,,SP_28079017_14_6,SPP_28079017_14_6.1,SAM_28079017_14_6,O3,http://dd.eionet.europa.eu/vocabulary/aq/pollutant/7,hour,103.8000000000,µg/m3,2017-04-15 22:00:00 +01:00,2017-04-15 23:00:00 +01:00,1,1
ES,ES.BDCA.AQD,NET_ES131A,STA_ES0125A,,SP_28079017_14_6,SPP_28079017_14_6.1,SAM_28079017_14_6,O3,http://dd.eionet.europa.eu/vocabulary/aq/pollutant/7,hour,96.0400000000,µg/m3,2017-04-15 23:00:00 +01:00,2017-04-16 00:00:00 +01:00,1,1
ES,ES.BDCA.AQD,NET_ES131A,STA_ES0125A,,SP_28079017_14_6,SPP_28079017_14_6.1,SAM_28079017_14_6,O3,http://dd.eionet.europa.eu/vocabulary/aq/pollutant/7,hour,91.5900000000,µg/m3,2017-04-16 00:00:00 +01:00,2017-04-16 01:00:00 +01:00,1,1
ES,ES.BDCA.AQD,NET_ES131A,STA_ES0125A,,SP_28079017_14_6,SPP_28079017_14_6.1,SAM_28079017_14_6,O3,http://dd.eionet.europa.eu/vocabulary/aq/pollutant/7,hour,90.0499999900,µg/m3,2017-04-16 01:00:00 +01:00,2017-04-16 02:00:00 +01:00,1,1
ES,ES.BDCA.AQD,NET_ES131A,STA_ES0125A,,SP_28079017_14_6,SPP_28079017_14_6.1,SAM_28079017_14_6,O3,http://dd.eionet.europa.eu/vocabulary/aq/pollutant/7,hour,90.9500000000,µg/m3,2017-04-16 02:00:00 +01:00,2017-04-16 03:00:00 +01:00,1,1
ES,ES.BDCA.AQD,NET_ES131A,STA_ES0125A,,SP_28079017_14_6,SPP_28079017_14_6.1,SAM_28079017_14_6,O3,http://dd.eionet.europa.eu/vocabulary/aq/pollutant/7,hour,88.3100000000,µg/m3,2017-04-16 03:00:00 +01:00,2017-04-16 04:00:00 +01:00,1,1
ES,ES.BDCA.AQD,NET_ES131A,STA_ES0125A,,SP_28079017_14_6,SPP_28079017_14_6.1,SAM_28079017_14_6,O3,http://dd.eionet.europa.eu/vocabulary/aq/pollutant/7,hour,86.2000000000,µg/m3,2017-04-16 04:00:00 +01:00,2017-04-16 05:00:00 +01:00,1,1
ES,ES.BDCA.AQD,NET_ES131A,STA_ES0125A,,SP_28079017_14_6,SPP_28079017_14_6.1,SAM_28079017_14_6,O3,http://dd.eionet.europa.eu/vocabulary/aq/pollutant/7,hour,77.2099999900,µg/m3,2017-04-16 05:00:00 +01:00,2017-04-16 06:00:00 +01:00,1,1
ES,ES.BDCA.AQD,NET_ES131A,STA_ES0125A,,SP_28079017_14_6,SPP_28079017_14_6.1,SAM_28079017_14_6,O3,http://dd.eionet.europa.eu/vocabulary/aq/pollutant/7,hour,68.0699999900,µg/m3,2017-04-16 06:00:00 +01:00,2017-04-16 07:00:00 +01:00,1,1
ES,ES.BDCA.AQD,NET_ES131A,STA_ES0125A,,SP_28079017_14_6,SPP_28079017_14_6.1,SAM_28079017_14_6,O3,http://dd.eionet.europa.eu/vocabulary/aq/pollutant/7,hour,70.2699999900,µg/m3,2017-04-16 07:00:00 +01:00,2017-04-16 08:00:00 +01:00,1,1
ES,ES.BDCA.AQD,NET_ES131A,STA_ES0125A,,SP_28079017_14_6,SPP_28079017_14_6.1,SAM_28079017_14_6,O3,http://dd.eionet.europa.eu/vocabulary/aq/pollutant/7,hour,72.6500000000,µg/m3,2017-04-16 08:00:00 +01:00,2017-04-16 09:00:00 +01:00,1,1
ES,ES.BDCA.AQD,NET_ES131A,STA_ES0125A,,SP_28079017_14_6,SPP_28079017_14_6.1,SAM_28079017_14_6,O3,http://dd.eionet.europa.eu/vocabulary/aq/pollutant/7,hour,75.8100000000,µg/m3,2017-04-16 09:00:00 +01:00,2017-04-16 10:00:00 +01:00,1,1
ES,ES.BDCA.AQD,NET_ES131A,STA_ES0125A,,SP_28079017_14_6,SPP_28079017_14_6.1,SAM_28079017_14_6,O3,http://dd.eionet.europa.eu/vocabulary/aq/pollutant/7,hour,76.0799999900,µg/m3,2017-04-16 10:00:00 +01:00,2017-04-16 11:00:00 +01:00,1,1
ES,ES.BDCA.AQD,NET_ES131A,STA_ES0125A,,SP_28079017_14_6,SPP_28079017_14_6.1,SAM_28079017_14_6,O3,http://dd.eionet.europa.eu/vocabulary/aq/pollutant/7,hour,85.4699999900,µg/m3,2017-04-16 11:00:00 +01:00,2017-04-16 12:00:00 +01:00,1,1
ES,ES.BDCA.AQD,NET_ES131A,STA_ES0125A,,SP_28079017_14_6,SPP_28079017_14_6.1,SAM_28079017_14_6,O3,http://dd.eionet.europa.eu/vocabulary/aq/pollutant/7,hour,105.0000000000,µg/m3,2017-04-16 12:00:00 +01:00,2017-04-16 13:00:00 +01:00,1,1
ES,ES.BDCA.AQD,NET_ES131A,STA_ES0125A,,SP_28079017_14_6,SPP_28079017_14_6.1,SAM_28079017_14_6,O3,http://dd.eionet.europa.eu/vocabulary/aq/pollutant/7,hour,120.5999999900,µg/m3,2017-04-16 13:00:00 +01:00,2017-04-16 14:00:00 +01:00,1,1
ES,ES.BDCA.AQD,NET_ES131A,STA_ES0125A,,SP_28079017_14_6,SPP_28079017_14_6.1,SAM_28079017_14_6,O3,http://dd.eionet.europa.eu/vocabulary/aq/pollutant/7,hour,131.3000000000,µg/m3,2017-04-16 14:00:00 +01:00,2017-04-16 15:00:00 +01:00,1,1
ES,ES.BDCA.AQD,NET_ES131A,STA_ES0125A,,SP_28079017_14_6,SPP_28079017_14_6.1,SAM_28079017_14_6,O3,http://dd.eionet.europa.eu/vocabulary/aq/pollutant/7,hour,141.1999999900,µg/m3,2017-04-16 15:00:00 +01:00,2017-04-16 16:00:00 +01:00,1,1
ES,ES.BDCA.AQD,NET_ES131A,STA_ES0125A,,SP_28079017_14_6,SPP_28079017_14_6.1,SAM_28079017_14_6,O3,http://dd.eionet.europa.eu/vocabulary/aq/pollutant/7,hour,143.5999999900,µg/m3,2017-04-16 16:00:00 +01:00,2017-04-16 17:00:00 +01:00,1,1
ES,ES.BDCA.AQD,NET_ES131A,STA_ES0125A,,SP_28079017_14_6,SPP_28079017_14_6.1,SAM_28079017_14_6,O3,http://dd.eionet.europa.eu/vocabulary/aq/pollutant/7,hour,147.4000000000,µg/m3,2017-04-16 17:00:00 +01:00,2017-04-16 18:00:00 +01:00,1,1
ES,ES.BDCA.AQD,NET_ES131A,STA_ES0125A,,SP_28079017_14_6,SPP_28079017_14_6.1,SAM_28079017_14_6,O3,http://dd.eionet.europa.eu/vocabulary/aq/pollutant/7,hour,148.1999999900,µg/m3,2017-04-16 18:00:00 +01:00,2017-04-16 19:00:00 +01:00,1,1
ES,ES.BDCA.AQD,NET_ES131A,STA_ES0125A,,SP_28079017_14_6,SPP_28079017_14_6.1,SAM_28079017_14_6,O3,http://dd.eionet.europa.eu/vocabulary/aq/pollutant/7,hour,132.8000000000,µg/m3,2017-04-16 19:00:00 +01:00,2017-04-16 20:00:00 +01:00,1,1
ES,ES.BDCA.AQD,NET_ES131A,STA_ES0125A,,SP_28079017_14_6,SPP_28079017_14_6.1,SAM_28079017_14_6,O3,http://dd.eionet.europa.eu/vocabulary/aq/pollutant/7,hour,54.4600000000,µg/m3,2017-04-16 20:00:00 +01:00,2017-04-16 21:00:00 +01:00,1,1
ES,ES.BDCA.AQD,NET_ES131A,STA_ES0125A,,SP_28079017_14_6,SPP_28079017_14_6.1,SAM_28079017_14_6,O3,http://dd.eionet.europa.eu/vocabulary/aq/pollutant/7,hour,27.5000000000,µg/m3,2017-04-16 21:00:00 +01:00,2017-04-16 22:00:00 +01:00,1,1
ES,ES.BDCA.AQD,NET_ES131A,STA_ES0125A,,SP_28079017_14_6,SPP_28079017_14_6.1,SAM_28079017_14_6,O3,http://dd.eionet.europa.eu/vocabulary/aq/pollutant/7,hour,7.7100000000,µg/m3,2017-04-16 22:00:00 +01:00,2017-04-16 23:00:00 +01:00,1,1
ES,ES.BDCA.AQD,NET_ES131A,STA_ES0125A,,SP_28079017_14_6,SPP_28079017_14_6.1,SAM_28079017_14_6,O3,http://dd.eionet.europa.eu/vocabulary/aq/pollutant/7,hour,3.7200000000,µg/m3,2017-04-16 23:00:00 +01:00,2017-04-17 00:00:00 +01:00,1,1
ES,ES.BDCA.AQD,NET_ES131A,STA_ES0125A,,SP_28079017_14_6,SPP_28079017_14_6.1,SAM_28079017_14_6,O3,http://dd.eionet.europa.eu/vocabulary/aq/pollutant/7,hour,2.6699999900,µg/m3,2017-04-17 00:00:00 +01:00,2017-04-17 01:00:00 +01:00,1,1
ES,ES.BDCA.AQD,NET_ES131A,STA_ES0125A,,SP_28079017_14_6,SPP_28079017_14_6.1,SAM_28079017_14_6,O3,http://dd.eionet.europa.eu/vocabulary/aq/pollutant/7,hour,3.2799999900,µg/m3,2017-04-17 01:00:00 +01:00,2017-04-17 02:00:00 +01:00,1,1
ES,ES.BDCA.AQD,NET_ES131A,STA_ES0125A,,SP_28079017_14_6,SPP_28079017_14_6.1,SAM_28079017_14_6,O3,http://dd.eionet.europa.eu/vocabulary/aq/pollutant/7,hour,7.0400000000,µg/m3,2017-04-17 02:00:00 +01:00,2017-04-17 03:00:00 +01:00,1,1
ES,ES.BDCA.AQD,NET_ES131A,STA_ES0125A,,SP_28079017_14_6,SPP_28079017_14_6.1,SAM_28079017_14_6,O3,http://dd.eionet.europa.eu/vocabulary/aq/pollutant/7,hour,6.4699999900,µg/m3,2017-04-17 03:00:00 +01:00,2017-04-17 04:00:00 +01:00,1,1
ES,ES.BDCA.AQD,NET_ES131A,STA_ES0125A,,SP_28079017_14_6,SPP_28079017_14_6.1,SAM_28079017_14_6,O3,http://dd.eionet.europa.eu/vocabulary/aq/pollutant/7,hour,3.9800000000,µg/m3,2017-04-17 04:00:00 +01:00,2017-04-17 05:00:00 +01:00,1,1
ES,ES.BDCA.AQD,NET_ES131A,STA_ES0125A,,SP_28079017_14_6,SPP_28079017_14_6.1,SAM_28079017_14_6,O3,http://dd.eionet.europa.eu/vocabulary/aq/pollutant/7,hour,5.1500000000,µg/m3,2017-04-17 05:00:00 +01:00,2017-04-17 06:00:00 +01:00,1,1
ES,ES.BDCA.AQD,NET_ES131A,STA_ES0125A,,SP_28079017_14_6,SPP_28079017_14_6.1,SAM_28079017_14_6,O3,http://dd.eionet.europa.eu/vocabulary/aq/pollutant/7,hour,2.8500000000,µg/m3,2017-04-17 06:00:00 +01:00,2017-04-17 07:00:00 +01:00,1,1
ES,ES.BDCA.AQD,NET_ES131A,STA_ES0125A,,SP_28079017_14_6,SPP_28079017_14_6.1,SAM_28079017_14_6,O3,http://dd.eionet.europa.eu/vocabulary/aq/pollutant/7,hour,3.1200000000,µg/m3,2017-04-17 07:00:00 +01:00,2017-04-17 08:00:00 +01:00,1,1
ES,ES.BDCA.AQD,NET_ES131A,STA_ES0125A,,SP_28079017_14_6,SPP_28079017_14_6.1,SAM_28079017_14_6,O3,http://dd.eionet.europa.eu/vocabulary/aq/pollutant/7,hour,4.6699999900,µg/m3,2017-04-17 08:00:00 +01:00,2017-04-17 09:00:00 +01:00,1,1
ES,ES.BDCA.AQD,NET_ES131A,STA_ES0125A,,SP_28079017_14_6,SPP_28079017_14_6.1,SAM_28079017_14_6,O3,http://dd.eionet.europa.eu/vocabulary/aq/pollutant/7,hour,34.8100000000,µg/m3,2017-04-17 09:00:00 +01:00,2017-04-17 10:00:00 +01:00,1,1
ES,ES.BDCA.AQD,NET_ES131A,STA_ES0125A,,SP_28079017_14_6,SPP_28079017_14_6.1,SAM_28079017_14_6,O3,http://dd.eionet.europa.eu/vocabulary/aq/pollutant/7,hour,63.9900000000,µg/m3,2017-04-17 10:00:00 +01:00,2017-04-17 11:00:00 +01:00,1,1
ES,ES.BDCA.AQD,NET_ES131A,STA_ES0125A,,SP_28079017_14_6,SPP_28079017_14_6.1,SAM_28079017_14_6,O3,http://dd.eionet.europa.eu/vocabulary/aq/pollutant/7,hour,84.4399999900,µg/m3,2017-04-17 11:00:00 +01:00,2017-04-17 12:00:00 +01:00,1,1
ES,ES.BDCA.AQD,NET_ES131A,STA_ES0125A,,SP_28079017_14_6,SPP_28079017_14_6.1,SAM_28079017_14_6,O3,http://dd.eionet.europa.eu/vocabulary/aq/pollutant/7,hour,101.0999999900,µg/m3,2017-04-17 12:00:00 +01:00,2017-04-17 13:00:00 +01:00,1,1
ES,ES.BDCA.AQD,NET_ES131A,STA_ES0125A,,SP_28079017_14_6,SPP_28079017_14_6.1,SAM_28079017_14_6,O3,http://dd.eionet.europa.eu/vocabulary/aq/pollutant/7,hour,124.0000000000,µg/m3,2017-04-17 13:00:00 +01:00,2017-04-17 14:00:00 +01:00,1,1
ES,ES.BDCA.AQD,NET_ES131A,STA_ES0125A,,SP_28079017_14_6,SPP_28079017_14_6.1,SAM_28079017_14_6,O3,http://dd.eionet.europa.eu/vocabulary/aq/pollutant/7,hour,136.6999999900,µg/m3,2017-04-17 14:00:00 +01:00,2017-04-17 15:00:00 +01:00,1,1
ES,ES.BDCA.AQD,NET_ES131A,STA_ES0125A,,SP_28079017_14_6,SPP_28079017_14_6.1,SAM_28079017_14_6,O3,http://dd.eionet.europa.eu/vocabulary/aq/pollutant/7,hour,135.0000000000,µg/m3,2017-04-17 15:00:00 +01:00,2017-04-17 16:00:00 +01:00,1,1
ES,ES.BDCA.AQD,NET_ES131A,STA_ES0125A,,SP_28079017_14_6,SPP_28079017_14_6.1,SAM_28079017_14_6,O3,http://dd.eionet.europa.eu/vocabulary/aq/pollutant/7,hour,139.8000000000,µg/m3,2017-04-17 16:00:00 +01:00,2017-04-17 17:00:00 +01:00,1,1
ES,ES.BDCA.AQD,NET_ES131A,STA_ES0125A,,SP_28079017_14_6,SPP_28079017_14_6.1,SAM_28079017_14_6,O3,http://dd.eionet.europa.eu/vocabulary/aq/pollutant/7,hour,137.8000000000,µg/m3,2017-04-17 17:00:00 +01:00,2017-04-17 18:00:00 +01:00,1,1
ES,ES.BDCA.AQD,NET_ES131A,STA_ES0125A,,SP_28079017_14_6,SPP_28079017_14_6.1,SAM_28079017_14_6,O3,http://dd.eionet.europa.eu/vocabulary/aq/pollutant/7,hour,130.5000000000,µg/m3,2017-04-17 18:00:00 +01:00,2017-04-17 19:00:00 +01:00,1,1
ES,ES.BDCA.AQD,NET_ES131A,STA_ES0125A,,SP_28079017_14_6,SPP_28079017_14_6.1,SAM_28079017_14_6,O3,http://dd.eionet.europa.eu/vocabulary/aq/pollutant/7,hour,112.7000000000,µg/m3,2017-04-17 19:00:00 +01:00,2017-04-17 20:00:00 +01:00,1,1
ES,ES.BDCA.AQD,NET_ES131A,STA_ES0125A,,SP_28079017_14_6,SPP_28079017_14_6.1,SAM_28079017_14_6,O3,http://dd.eionet.europa.eu/vocabulary/aq/pollutant/7,hour,86.1200000000,µg/m3,2017-04-17 20:00:00 +01:00,2017-04-17 21:00:00 +01:00,1,1
ES,ES.BDCA.AQD,NET_ES131A,STA_ES0125A,,SP_28079017_14_6,SPP_28079017_14_6.1,SAM_28079017_14_6,O3,http://dd.eionet.europa.eu/vocabulary/aq/pollutant/7,hour,85.1200000000,µg/m3,2017-04-17 21:00:00 +01:00,2017-04-17 22:00:00 +01:00,1,1
ES,ES.BDCA.AQD,NET_ES131A,STA_ES0125A,,SP_28079017_14_6,SPP_28079017_14_6.1,SAM_28079017_14_6,O3,http://dd.eionet.europa.eu/vocabulary/aq/pollutant/7,hour,75.3299999900,µg/m3,2017-04-17 22:00:00 +01:00,2017-04-17 23:00:00 +01:00,1,1
ES,ES.BDCA.AQD,NET_ES131A,STA_ES0125A,,SP_28079017_14_6,SPP_28079017_14_6.1,SAM_28079017_14_6,O3,http://dd.eionet.europa.eu/vocabulary/aq/pollutant/7,hour,92.0199999900,µg/m3,2017-04-17 23:00:00 +01:00,2017-04-18 00:00:00 +01:00,1,1
ES,ES.BDCA.AQD,NET_ES131A,STA_ES0125A,,SP_28079017_14_6,SPP_28079017_14_6.1,SAM_28079017_14_6,O3,http://dd.eionet.europa.eu/vocabulary/aq/pollutant/7,hour,111.3000000000,µg/m3,2017-04-18 00:00:00 +01:00,2017-04-18 01:00:00 +01:00,1,1
ES,ES.BDCA.AQD,NET_ES131A,STA_ES0125A,,SP_28079017_14_6,SPP_28079017_14_6.1,SAM_28079017_14_6,O3,http://dd.eionet.europa.eu/vocabulary/aq/pollutant/7,hour,103.3000000000,µg/m3,2017-04-18 01:00:00 +01:00,2017-04-18 02:00:00 +01:00,1,1
ES,ES.BDCA.AQD,NET_ES131A,STA_ES0125A,,SP_28079017_14_6,SPP_28079017_14_6.1,SAM_28079017_14_6,O3,http://dd.eionet.europa.eu/vocabulary/aq/pollutant/7,hour,102.0999999900,µg/m3,2017-04-18 02:00:00 +01:00,2017-04-18 03:00:00 +01:00,1,1
ES,ES.BDCA.AQD,NET_ES131A,STA_ES0125A,,SP_28079017_14_6,SPP_28079017_14_6.1,SAM_28079017_14_6,O3,http://dd.eionet.europa.eu/vocabulary/aq/pollutant/7,hour,100.5999999900,µg/m3,2017-04-18 03:00:00 +01:00,2017-04-18 04:00:00 +01:00,1,1
ES,ES.BDCA.AQD,NET_ES131A,STA_ES0125A,,SP_28079017_14_6,SPP_28079017_14_6.1,SAM_28079017_14_6,O3,http://dd.eionet.europa.eu/vocabulary/aq/pollutant/7,hour,92.5100000000,µg/m3,2017-04-18 04:00:00 +01:00,2017-04-18 05:00:00 +01:00,1,1
ES,ES.BDCA.AQD,NET_ES131A,STA_ES0125A,,SP_28079017_14_6,SPP_28079017_14_6.1,SAM_28079017_14_6,O3,http://dd.eionet.europa.eu/vocabulary/aq/pollutant/7,hour,78.1800000000,µg/m3,2017-04-18 05:00:00 +01:00,2017-04-18 06:00:00 +01:00,1,1
ES,ES.BDCA.AQD,NET_ES131A,STA_ES0125A,,SP_28079017_14_6,SPP_28079017_14_6.1,SAM_28079017_14_6,O3,http://dd.eionet.europa.eu/vocabulary/aq/pollutant/7,hour,50.4099999900,µg/m3,2017-04-18 06:00:00 +01:00,2017-04-18 07:00:00 +01:00,1,1
ES,ES.BDCA.AQD,NET_ES131A,STA_ES0125A,,SP_28079017_14_6,SPP_28079017_14_6.1,SAM_28079017_14_6,O3,http://dd.eionet.europa.eu/vocabulary/aq/pollutant/7,hour,41.4300000000,µg/m3,2017-04-18 07:00:00 +01:00,2017-04-18 08:00:00 +01:00,1,1
ES,ES.BDCA.AQD,NET_ES131A,STA_ES0125A,,SP_28079017_14_6,SPP_28079017_14_6.1,SAM_28079017_14_6,O3,http://dd.eionet.europa.eu/vocabulary/aq/pollutant/7,hour,36.5099999900,µg/m3,2017-04-18 08:00:00 +01:00,2017-04-18 09:00:00 +01:00,1,1
ES,ES.BDCA.AQD,NET_ES131A,STA_ES0125A,,SP_28079017_14_6,SPP_28079017_14_6.1,SAM_28079017_14_6,O3,http://dd.eionet.europa.eu/vocabulary/aq/pollutant/7,hour,49.3900000000,µg/m3,2017-04-18 09:00:00 +01:00,2017-04-18 10:00:00 +01:00,1,1
ES,ES.BDCA.AQD,NET_ES131A,STA_ES0125A,,SP_28079017_14_6,SPP_28079017_14_6.1,SAM_28079017_14_6,O3,http://dd.eionet.europa.eu/vocabulary/aq/pollutant/7,hour,68.8400000000,µg/m3,2017-04-18 10:00:00 +01:00,2017-04-18 11:00:00 +01:00,1,1
ES,ES.BDCA.AQD,NET_ES131A,STA_ES0125A,,SP_28079017_14_6,SPP_28079017_14_6.1,SAM_28079017_14_6,O3,http://dd.eionet.europa.eu/vocabulary/aq/pollutant/7,hour,89.6700000000,µg/m3,2017-04-18 11:00:00 +01:00,2017-04-18 12:00:00 +01:00,1,1
ES,ES.BDCA.AQD,NET_ES131A,STA_ES0125A,,SP_28079017_14_6,SPP_28079017_14_6.1,SAM_28079017_14_6,O3,http://dd.eionet.europa.eu/vocabulary/aq/pollutant/7,hour,103.5999999900,µg/m3,2017-04-18 12:00:00 +01:00,2017-04-18 13:00:00 +01:00,1,1
ES,ES.BDCA.AQD,NET_ES131A,STA_ES0125A,,SP_28079017_14_6,SPP_28079017_14_6.1,SAM_28079017_14_6,O3,http://dd.eionet.europa.eu/vocabulary/aq/pollutant/7,hour,113.4000000000,µg/m3,2017-04-18 13:00:00 +01:00,2017-04-18 14:00:00 +01:00,1,1
ES,ES.BDCA.AQD,NET_ES131A,STA_ES0125A,,SP_28079017_14_6,SPP_28079017_14_6.1,SAM_28079017_14_6,O3,http://dd.eionet.europa.eu/vocabulary/aq/pollutant/7,hour,126.5000000000,µg/m3,2017-04-18 14:00:00 +01:00,2017-04-18 15:00:00 +01:00,1,1
ES,ES.BDCA.AQD,NET_ES131A,STA_ES0125A,,SP_28079017_14_6,SPP_28079017_14_6.1,SAM_28079017_14_6,O3,http://dd.eionet.europa.eu/vocabulary/aq/pollutant/7,hour,121.5999999900,µg/m3,2017-04-18 15:00:00 +01:00,2017-04-18 16:00:00 +01:00,1,1
ES,ES.BDCA.AQD,NET_ES131A,STA_ES0125A,,SP_28079017_14_6,SPP_28079017_14_6.1,SAM_28079017_14_6,O3,http://dd.eionet.europa.eu/vocabulary/aq/pollutant/7,hour,120.5000000000,µg/m3,2017-04-18 16:00:00 +01:00,2017-04-18 17:00:00 +01:00,1,1
ES,ES.BDCA.AQD,NET_ES131A,STA_ES0125A,,SP_28079017_14_6,SPP_28079017_14_6.1,SAM_28079017_14_6,O3,http://dd.eionet.europa.eu/vocabulary/aq/pollutant/7,hour,132.0999999900,µg/m3,2017-04-18 17:00:00 +01:00,2017-04-18 18:00:00 +01:00,1,1
ES,ES.BDCA.AQD,NET_ES131A,STA_ES0125A,,SP_28079017_14_6,SPP_28079017_14_6.1,SAM_28079017_14_6,O3,http://dd.eionet.europa.eu/vocabulary/aq/pollutant/7,hour,130.3000000000,µg/m3,2017-04-18 18:00:00 +01:00,2017-04-18 19:00:00 +01:00,1,1
ES,ES.BDCA.AQD,NET_ES131A,STA_ES0125A,,SP_28079017_14_6,SPP_28079017_14_6.1,SAM_28079017_14_6,O3,http://dd.eionet.europa.eu/vocabulary/aq/pollutant/7,hour,107.9000000000,µg/m3,2017-04-18 19:00:00 +01:00,2017-04-18 20:00:00 +01:00,1,1
ES,ES.BDCA.AQD,NET_ES131A,STA_ES0125A,,SP_28079017_14_6,SPP_28079017_14_6.1,SAM_28079017_14_6,O3,http://dd.eionet.europa.eu/vocabulary/aq/pollutant/7,hour,66.5199999900,µg/m3,2017-04-18 20:00:00 +01:00,2017-04-18 21:00:00 +01:00,1,1
ES,ES.BDCA.AQD,NET_ES131A,STA_ES0125A,,SP_28079017_14_6,SPP_28079017_14_6.1,SAM_28079017_14_6,O3,http://dd.eionet.europa.eu/vocabulary/aq/pollutant/7,hour,77.5199999900,µg/m3,2017-04-18 21:00:00 +01:00,2017-04-18 22:00:00 +01:00,1,1
ES,ES.BDCA.AQD,NET_ES131A,STA_ES0125A,,SP_28079017_14_6,SPP_28079017_14_6.1,SAM_28079017_14_6,O3,http://dd.eionet.europa.eu/vocabulary/aq/pollutant/7,hour,83.2699999900,µg/m3,2017-04-18 22:00:00 +01:00,2017-04-18 23:00:00 +01:00,1,1
ES,ES.BDCA.AQD,NET_ES131A,STA_ES0125A,,SP_28079017_14_6,SPP_28079017_14_6.1,SAM_28079017_14_6,O3,http://dd.eionet.europa.eu/vocabulary/aq/pollutant/7,hour,80.8100000000,µg/m3,2017-04-18 23:00:00 +01:00,2017-04-19 00:00:00 +01:00,1,1
ES,ES.BDCA.AQD,NET_ES131A,STA_ES0125A,,SP_28079017_14_6,SPP_28079017_14_6.1,SAM_28079017_14_6,O3,http://dd.eionet.europa.eu/vocabulary/aq/pollutant/7,hour,82.7399999900,µg/m3,2017-04-19 00:00:00 +01:00,2017-04-19 01:00:00 +01:00,1,1
ES,ES.BDCA.AQD,NET_ES131A,STA_ES0125A,,SP_28079017_14_6,SPP_28079017_14_6.1,SAM_28079017_14_6,O3,http://dd.eionet.europa.eu/vocabulary/aq/pollutant/7,hour,82.9599999900,µg/m3,2017-04-19 01:00:00 +01:00,2017-04-19 02:00:00 +01:00,1,1
ES,ES.BDCA.AQD,NET_ES131A,STA_ES0125A,,SP_28079017_14_6,SPP_28079017_14_6.1,SAM_28079017_14_6,O3,http://dd.eionet.europa.eu/vocabulary/aq/pollutant/7,hour,80.9599999900,µg/m3,2017-04-19 02:00:00 +01:00,2017-04-19 03:00:00 +01:00,1,1
ES,ES.BDCA.AQD,NET_ES131A,STA_ES0125A,,SP_28079017_14_6,SPP_28079017_14_6.1,SAM_28079017_14_6,O3,http://dd.eionet.europa.eu/vocabulary/aq/pollutant/7,hour,78.1700000000,µg/m3,2017-04-19 03:00:00 +01:00,2017-04-19 04:00:00 +01:00,1,1
ES,ES.BDCA.AQD,NET_ES131A,STA_ES0125A,,SP_28079017_14_6,SPP_28079017_14_6.1,SAM_28079017_14_6,O3,http://dd.eionet.europa.eu/vocabulary/aq/pollutant/7,hour,76.0999999900,µg/m3,2017-04-19 04:00:00 +01:00,2017-04-19 05:00:00 +01:00,1,1
ES,ES.BDCA.AQD,NET_ES131A,STA_ES0125A,,SP_28079017_14_6,SPP_28079017_14_6.1,SAM_28079017_14_6,O3,http://dd.eionet.europa.eu/vocabulary/aq/pollutant/7,hour,71.3499999900,µg/m3,2017-04-19 05:00:00 +01:00,2017-04-19 06:00:00 +01:00,1,1
ES,ES.BDCA.AQD,NET_ES131A,STA_ES0125A,,SP_28079017_14_6,SPP_28079017_14_6.1,SAM_28079017_14_6,O3,http://dd.eionet.europa.eu/vocabulary/aq/pollutant/7,hour,71.5100000000,µg/m3,2017-04-19 06:00:00 +01:00,2017-04-19 07:00:00 +01:00,1,1
ES,ES.BDCA.AQD,NET_ES131A,STA_ES0125A,,SP_28079017_14_6,SPP_28079017_14_6.1,SAM_28079017_14_6,O3,http://dd.eionet.europa.eu/vocabulary/aq/pollutant/7,hour,59.9099999900,µg/m3,2017-04-19 07:00:00 +01:00,2017-04-19 08:00:00 +01:00,1,1
ES,ES.BDCA.AQD,NET_ES131A,STA_ES0125A,,SP_28079017_14_6,SPP_28079017_14_6.1,SAM_28079017_14_6,O3,http://dd.eionet.europa.eu/vocabulary/aq/pollutant/7,hour,58.9900000000,µg/m3,2017-04-19 08:00:00 +01:00,2017-04-19 09:00:00 +01:00,1,1
ES,ES.BDCA.AQD,NET_ES131A,STA_ES0125A,,SP_28079017_14_6,SPP_28079017_14_6.1,SAM_28079017_14_6,O3,http://dd.eionet.europa.eu/vocabulary/aq/pollutant/7,hour,59.7500000000,µg/m3,2017-04-19 09:00:00 +01:00,2017-04-19 10:00:00 +01:00,1,1
ES,ES.BDCA.AQD,NET_ES131A,STA_ES0125A,,SP_28079017_14_6,SPP_28079017_14_6.1,SAM_28079017_14_6,O3,http://dd.eionet.europa.eu/vocabulary/aq/pollutant/7,hour,68.0999999900,µg/m3,2017-04-19 10:00:00 +01:00,2017-04-19 11:00:00 +01:00,1,1
ES,ES.BDCA.AQD,NET_ES131A,STA_ES0125A,,SP_28079017_14_6,SPP_28079017_14_6.1,SAM_28079017_14_6,O3,http://dd.eionet.europa.eu/vocabulary/aq/pollutant/7,hour,83.0699999900,µg/m3,2017-04-19 11:00:00 +01:00,2017-04-19 12:00:00 +01:00,1,1
ES,ES.BDCA.AQD,NET_ES131A,STA_ES0125A,,SP_28079017_14_6,SPP_28079017_14_6.1,SAM_28079017_14_6,O3,http://dd.eionet.europa.eu/vocabulary/aq/pollutant/7,hour,99.5300000000,µg/m3,2017-04-19 12:00:00 +01:00,2017-04-19 13:00:00 +01:00,1,1
ES,ES.BDCA.AQD,NET_ES131A,STA_ES0125A,,SP_28079017_14_6,SPP_28079017_14_6.1,SAM_28079017_14_6,O3,http://dd.eionet.europa.eu/vocabulary/aq/pollutant/7,hour,101.4000000000,µg/m3,2017-04-19 13:00:00 +01:00,2017-04-19 14:00:00 +01:00,1,1
ES,ES.BDCA.AQD,NET_ES131A,STA_ES0125A,,SP_28079017_14_6,SPP_28079017_14_6.1,SAM_28079017_14_6,O3,http://dd.eionet.europa.eu/vocabulary/aq/pollutant/7,hour,108.5999999900,µg/m3,2017-04-19 14:00:00 +01:00,2017-04-19 15:00:00 +01:00,1,1
ES,ES.BDCA.AQD,NET_ES131A,STA_ES0125A,,SP_28079017_14_6,SPP_28079017_14_6.1,SAM_28079017_14_6,O3,http://dd.eionet.europa.eu/vocabulary/aq/pollutant/7,hour,110.2000000000,µg/m3,2017-04-19 15:00:00 +01:00,2017-04-19 16:00:00 +01:00,1,1
ES,ES.BDCA.AQD,NET_ES131A,STA_ES0125A,,SP_28079017_14_6,SPP_28079017_14_6.1,SAM_28079017_14_6,O3,http://dd.eionet.europa.eu/vocabulary/aq/pollutant/7,hour,108.8000000000,µg/m3,2017-04-19 16:00:00 +01:00,2017-04-19 17:00:00 +01:00,1,1
ES,ES.BDCA.AQD,NET_ES131A,STA_ES0125A,,SP_28079017_14_6,SPP_28079017_14_6.1,SAM_28079017_14_6,O3,http://dd.eionet.europa.eu/vocabulary/aq/pollutant/7,hour,107.0000000000,µg/m3,2017-04-19 17:00:00 +01:00,2017-04-19 18:00:00 +01:00,1,1
ES,ES.BDCA.AQD,NET_ES131A,STA_ES0125A,,SP_28079017_14_6,SPP_28079017_14_6.1,SAM_28079017_14_6,O3,http://dd.eionet.europa.eu/vocabulary/aq/pollutant/7,hour,101.0999999900,µg/m3,2017-04-19 18:00:00 +01:00,2017-04-19 19:00:00 +01:00,1,1
ES,ES.BDCA.AQD,NET_ES131A,STA_ES0125A,,SP_28079017_14_6,SPP_28079017_14_6.1,SAM_28079017_14_6,O3,http://dd.eionet.europa.eu/vocabulary/aq/pollutant/7,hour,94.2699999900,µg/m3,2017-04-19 19:00:00 +01:00,2017-04-19 20:00:00 +01:00,1,1
ES,ES.BDCA.AQD,NET_ES131A,STA_ES0125A,,SP_28079017_14_6,SPP_28079017_14_6.1,SAM_28079017_14_6,O3,http://dd.eionet.europa.eu/vocabulary/aq/pollutant/7,hour,90.6899999900,µg/m3,2017-04-19 20:00:00 +01:00,2017-04-19 21:00:00 +01:00,1,1
ES,ES.BDCA.AQD,NET_ES131A,STA_ES0125A,,SP_28079017_14_6,SPP_28079017_14_6.1,SAM_28079017_14_6,O3,http://dd.eionet.europa.eu/vocabulary/aq/pollutant/7,hour,79.9899999900,µg/m3,2017-04-19 21:00:00 +01:00,2017-04-19 22:00:00 +01:00,1,1
ES,ES.BDCA.AQD,NET_ES131A,STA_ES0125A,,SP_28079017_14_6,SPP_28079017_14_6.1,SAM_28079017_14_6,O3,http://dd.eionet.europa.eu/vocabulary/aq/pollutant/7,hour,80.7300000000,µg/m3,2017-04-19 22:00:00 +01:00,2017-04-19 23:00:00 +01:00,1,1
ES,ES.BDCA.AQD,NET_ES131A,STA_ES0125A,,SP_28079017_14_6,SPP_28079017_14_6.1,SAM_28079017_14_6,O3,http://dd.eionet.europa.eu/vocabulary/aq/pollutant/7,hour,83.5900000000,µg/m3,2017-04-19 23:00:00 +01:00,2017-04-20 00:00:00 +01:00,1,1
ES,ES.BDCA.AQD,NET_ES131A,STA_ES0125A,,SP_28079017_14_6,SPP_28079017_14_6.1,SAM_28079017_14_6,O3,http://dd.eionet.europa.eu/vocabulary/aq/pollutant/7,hour,84.4000000000,µg/m3,2017-04-20 00:00:00 +01:00,2017-04-20 01:00:00 +01:00,1,1
ES,ES.BDCA.AQD,NET_ES131A,STA_ES0125A,,SP_28079017_14_6,SPP_28079017_14_6.1,SAM_28079017_14_6,O3,http://dd.eionet.europa.eu/vocabulary/aq/pollutant/7,hour,82.8799999900,µg/m3,2017-04-20 01:00:00 +01:00,2017-04-20 02:00:00 +01:00,1,1
ES,ES.BDCA.AQD,NET_ES131A,STA_ES0125A,,SP_28079017_14_6,SPP_28079017_14_6.1,SAM_28079017_14_6,O3,http://dd.eionet.europa.eu/vocabulary/aq/pollutant/7,hour,76.8799999900,µg/m3,2017-04-20 02:00:00 +01:00,2017-04-20 03:00:00 +01:00,1,1
ES,ES.BDCA.AQD,NET_ES131A,STA_ES0125A,,SP_28079017_14_6,SPP_28079017_14_6.1,SAM_28079017_14_6,O3,http://dd.eionet.europa.eu/vocabulary/aq/pollutant/7,hour,71.9599999900,µg/m3,2017-04-20 03:00:00 +01:00,2017-04-20 04:00:00 +01:00,1,1
ES,ES.BDCA.AQD,NET_ES131A,STA_ES0125A,,SP_28079017_14_6,SPP_28079017_14_6.1,SAM_28079017_14_6,O3,http://dd.eionet.europa.eu/vocabulary/aq/pollutant/7,hour,72.2199999900,µg/m3,2017-04-20 04:00:00 +01:00,2017-04-20 05:00:00 +01:00,1,1
ES,ES.BDCA.AQD,NET_ES131A,STA_ES0125A,,SP_28079017_14_6,SPP_28079017_14_6.1,SAM_28079017_14_6,O3,http://dd.eionet.europa.eu/vocabulary/aq/pollutant/7,hour,67.1200000000,µg/m3,2017-04-20 05:00:00 +01:00,2017-04-20 06:00:00 +01:00,1,1
ES,ES.BDCA.AQD,NET_ES131A,STA_ES0125A,,SP_28079017_14_6,SPP_28079017_14_6.1,SAM_28079017_14_6,O3,http://dd.eionet.europa.eu/vocabulary/aq/pollutant/7,hour,55.8200000000,µg/m3,2017-04-20 06:00:00 +01:00,2017-04-20 07:00:00 +01:00,1,1
ES,ES.BDCA.AQD,NET_ES131A,STA_ES0125A,,SP_28079017_14_6,SPP_28079017_14_6.1,SAM_28079017_14_6,O3,http://dd.eionet.europa.eu/vocabulary/aq/pollutant/7,hour,51.0099999900,µg/m3,2017-04-20 07:00:00 +01:00,2017-04-20 08:00:00 +01:00,1,1
ES,ES.BDCA.AQD,NET_ES131A,STA_ES0125A,,SP_28079017_14_6,SPP_28079017_14_6.1,SAM_28079017_14_6,O3,http://dd.eionet.europa.eu/vocabulary/aq/pollutant/7,hour,58.4500000000,µg/m3,2017-04-20 08:00:00 +01:00,2017-04-20 09:00:00 +01:00,1,1
ES,ES.BDCA.AQD,NET_ES131A,STA_ES0125A,,SP_28079017_14_6,SPP_28079017_14_6.1,SAM_28079017_14_6,O3,http://dd.eionet.europa.eu/vocabulary/aq/pollutant/7,hour,80.4899999900,µg/m3,2017-04-20 09:00:00 +01:00,2017-04-20 10:00:00 +01:00,1,1
ES,ES.BDCA.AQD,NET_ES131A,STA_ES0125A,,SP_28079017_14_6,SPP_28079017_14_6.1,SAM_28079017_14_6,O3,http://dd.eionet.europa.eu/vocabulary/aq/pollutant/7,hour,86.6299999900,µg/m3,2017-04-20 10:00:00 +01:00,2017-04-20 11:00:00 +01:00,1,1
ES,ES.BDCA.AQD,NET_ES131A,STA_ES0125A,,SP_28079017_14_6,SPP_28079017_14_6.1,SAM_28079017_14_6,O3,http://dd.eionet.europa.eu/vocabulary/aq/pollutant/7,hour,93.7800000000,µg/m3,2017-04-20 11:00:00 +01:00,2017-04-20 12:00:00 +01:00,1,1
ES,ES.BDCA.AQD,NET_ES131A,STA_ES0125A,,SP_28079017_14_6,SPP_28079017_14_6.1,SAM_28079017_14_6,O3,http://dd.eionet.europa.eu/vocabulary/aq/pollutant/7,hour,96.9099999900,µg/m3,2017-04-20 12:00:00 +01:00,2017-04-20 13:00:00 +01:00,1,1
ES,ES.BDCA.AQD,NET_ES131A,STA_ES0125A,,SP_28079017_14_6,SPP_28079017_14_6.1,SAM_28079017_14_6,O3,http://dd.eionet.europa.eu/vocabulary/aq/pollutant/7,hour,103.0999999900,µg/m3,2017-04-20 13:00:00 +01:00,2017-04-20 14:00:00 +01:00,1,1
ES,ES.BDCA.AQD,NET_ES131A,STA_ES0125A,,SP_28079017_14_6,SPP_28079017_14_6.1,SAM_28079017_14_6,O3,http://dd.eionet.europa.eu/vocabulary/aq/pollutant/7,hour,107.2000000000,µg/m3,2017-04-20 14:00:00 +01:00,2017-04-20 15:00:00 +01:00,1,1
ES,ES.BDCA.AQD,NET_ES131A,STA_ES0125A,,SP_28079017_14_6,SPP_28079017_14_6.1,SAM_28079017_14_6,O3,http://dd.eionet.europa.eu/vocabulary/aq/pollutant/7,hour,105.0999999900,µg/m3,2017-04-20 15:00:00 +01:00,2017-04-20 16:00:00 +01:00,1,1
ES,ES.BDCA.AQD,NET_ES131A,STA_ES0125A,,SP_28079017_14_6,SPP_28079017_14_6.1,SAM_28079017_14_6,O3,http://dd.eionet.europa.eu/vocabulary/aq/pollutant/7,hour,101.3000000000,µg/m3,2017-04-20 16:00:00 +01:00,2017-04-20 17:00:00 +01:00,1,1
ES,ES.BDCA.AQD,NET_ES131A,STA_ES0125A,,SP_28079017_14_6,SPP_28079017_14_6.1,SAM_28079017_14_6,O3,http://dd.eionet.europa.eu/vocabulary/aq/pollutant/7,hour,101.5000000000,µg/m3,2017-04-20 17:00:00 +01:00,2017-04-20 18:00:00 +01:00,1,1
ES,ES.BDCA.AQD,NET_ES131A,STA_ES0125A,,SP_28079017_14_6,SPP_28079017_14_6.1,SAM_28079017_14_6,O3,http://dd.eionet.europa.eu/vocabulary/aq/pollutant/7,hour,100.2000000000,µg/m3,2017-04-20 18:00:00 +01:00,2017-04-20 19:00:00 +01:00,1,1
ES,ES.BDCA.AQD,NET_ES131A,STA_ES0125A,,SP_28079017_14_6,SPP_28079017_14_6.1,SAM_28079017_14_6,O3,http://dd.eionet.europa.eu/vocabulary/aq/pollutant/7,hour,98.7800000000,µg/m3,2017-04-20 19:00:00 +01:00,2017-04-20 20:00:00 +01:00,1,1
ES,ES.BDCA.AQD,NET_ES131A,STA_ES0125A,,SP_28079017_14_6,SPP_28079017_14_6.1,SAM_28079017_14_6,O3,http://dd.eionet.europa.eu/vocabulary/aq/pollutant/7,hour,88.5999999900,µg/m3,2017-04-20 20:00:00 +01:00,2017-04-20 21:00:00 +01:00,1,1
ES,ES.BDCA.AQD,NET_ES131A,STA_ES0125A,,SP_28079017_14_6,SPP_28079017_14_6.1,SAM_28079017_14_6,O3,http://dd.eionet.europa.eu/vocabulary/aq/pollutant/7,hour,81.8700000000,µg/m3,2017-04-20 21:00:00 +01:00,2017-04-20 22:00:00 +01:00,1,1
ES,ES.BDCA.AQD,NET_ES131A,STA_ES0125A,,SP_28079017_14_6,SPP_28079017_14_6.1,SAM_28079017_14_6,O3,http://dd.eionet.europa.eu/vocabulary/aq/pollutant/7,hour,83.0699999900,µg/m3,2017-04-20 22:00:00 +01:00,2017-04-20 23:00:00 +01:00,1,1
ES,ES.BDCA.AQD,NET_ES131A,STA_ES0125A,,SP_28079017_14_6,SPP_28079017_14_6.1,SAM_28079017_14_6,O3,http://dd.eionet.europa.eu/vocabulary/aq/pollutant/7,hour,82.1800000000,µg/m3,2017-04-20 23:00:00 +01:00,2017-04-21 00:00:00 +01:00,1,1
ES,ES.BDCA.AQD,NET_ES131A,STA_ES0125A,,SP_28079017_14_6,SPP_28079017_14_6.1,SAM_28079017_14_6,O3,http://dd.eionet.europa.eu/vocabulary/aq/pollutant/7,hour,83.7199999900,µg/m3,2017-04-21 00:00:00 +01:00,2017-04-21 01:00:00 +01:00,1,1
ES,ES.BDCA.AQD,NET_ES131A,STA_ES0125A,,SP_28079017_14_6,SPP_28079017_14_6.1,SAM_28079017_14_6,O3,http://dd.eionet.europa.eu/vocabulary/aq/pollutant/7,hour,84.4000000000,µg/m3,2017-04-21 01:00:00 +01:00,2017-04-21 02:00:00 +01:00,1,1
ES,ES.BDCA.AQD,NET_ES131A,STA_ES0125A,,SP_28079017_14_6,SPP_28079017_14_6.1,SAM_28079017_14_6,O3,http://dd.eionet.europa.eu/vocabulary/aq/pollutant/7,hour,90.1899999900,µg/m3,2017-04-21 02:00:00 +01:00,2017-04-21 03:00:00 +01:00,1,1
ES,ES.BDCA.AQD,NET_ES131A,STA_ES0125A,,SP_28079017_14_6,SPP_28079017_14_6.1,SAM_28079017_14_6,O3,http://dd.eionet.europa.eu/vocabulary/aq/pollutant/7,hour,94.7099999900,µg/m3,2017-04-21 03:00:00 +01:00,2017-04-21 04:00:00 +01:00,1,1
ES,ES.BDCA.AQD,NET_ES131A,STA_ES0125A,,SP_28079017_14_6,SPP_28079017_14_6.1,SAM_28079017_14_6,O3,http://dd.eionet.europa.eu/vocabulary/aq/pollutant/7,hour,85.0199999900,µg/m3,2017-04-21 04:00:00 +01:00,2017-04-21 05:00:00 +01:00,1,1
ES,ES.BDCA.AQD,NET_ES131A,STA_ES0125A,,SP_28079017_14_6,SPP_28079017_14_6.1,SAM_28079017_14_6,O3,http://dd.eionet.europa.eu/vocabulary/aq/pollutant/7,hour,62.5200000000,µg/m3,2017-04-21 05:00:00 +01:00,2017-04-21 06:00:00 +01:00,1,1
ES,ES.BDCA.AQD,NET_ES131A,STA_ES0125A,,SP_28079017_14_6,SPP_28079017_14_6.1,SAM_28079017_14_6,O3,http://dd.eionet.europa.eu/vocabulary/aq/pollutant/7,hour,33.9099999900,µg/m3,2017-04-21 06:00:00 +01:00,2017-04-21 07:00:00 +01:00,1,1
ES,ES.BDCA.AQD,NET_ES131A,STA_ES0125A,,SP_28079017_14_6,SPP_28079017_14_6.1,SAM_28079017_14_6,O3,http://dd.eionet.europa.eu/vocabulary/aq/pollutant/7,hour,10.4300000000,µg/m3,2017-04-21 07:00:00 +01:00,2017-04-21 08:00:00 +01:00,1,1
ES,ES.BDCA.AQD,NET_ES131A,STA_ES0125A,,SP_28079017_14_6,SPP_28079017_14_6.1,SAM_28079017_14_6,O3,http://dd.eionet.europa.eu/vocabulary/aq/pollutant/7,hour,10.3699999900,µg/m3,2017-04-21 08:00:00 +01:00,2017-04-21 09:00:00 +01:00,1,1
ES,ES.BDCA.AQD,NET_ES131A,STA_ES0125A,,SP_28079017_14_6,SPP_28079017_14_6.1,SAM_28079017_14_6,O3,http://dd.eionet.europa.eu/vocabulary/aq/pollutant/7,hour,54.3800000000,µg/m3,2017-04-21 09:00:00 +01:00,2017-04-21 10:00:00 +01:00,1,1
ES,ES.BDCA.AQD,NET_ES131A,STA_ES0125A,,SP_28079017_14_6,SPP_28079017_14_6.1,SAM_28079017_14_6,O3,http://dd.eionet.europa.eu/vocabulary/aq/pollutant/7,hour,84.1400000000,µg/m3,2017-04-21 10:00:00 +01:00,2017-04-21 11:00:00 +01:00,1,1
ES,ES.BDCA.AQD,NET_ES131A,STA_ES0125A,,SP_28079017_14_6,SPP_28079017_14_6.1,SAM_28079017_14_6,O3,http://dd.eionet.europa.eu/vocabulary/aq/pollutant/7,hour,95.1200000000,µg/m3,2017-04-21 11:00:00 +01:00,2017-04-21 12:00:00 +01:00,1,1
ES,ES.BDCA.AQD,NET_ES131A,STA_ES0125A,,SP_28079017_14_6,SPP_28079017_14_6.1,SAM_28079017_14_6,O3,http://dd.eionet.europa.eu/vocabulary/aq/pollutant/7,hour,102.4000000000,µg/m3,2017-04-21 12:00:00 +01:00,2017-04-21 13:00:00 +01:00,1,1
ES,ES.BDCA.AQD,NET_ES131A,STA_ES0125A,,SP_28079017_14_6,SPP_28079017_14_6.1,SAM_28079017_14_6,O3,http://dd.eionet.europa.eu/vocabulary/aq/pollutant/7,hour,104.4000000000,µg/m3,2017-04-21 13:00:00 +01:00,2017-04-21 14:00:00 +01:00,1,1
ES,ES.BDCA.AQD,NET_ES131A,STA_ES0125A,,SP_28079017_14_6,SPP_28079017_14_6.1,SAM_28079017_14_6,O3,http://dd.eionet.europa.eu/vocabulary/aq/pollutant/7,hour,105.0000000000,µg/m3,2017-04-21 14:00:00 +01:00,2017-04-21 15:00:00 +01:00,1,1
ES,ES.BDCA.AQD,NET_ES131A,STA_ES0125A,,SP_28079017_14_6,SPP_28079017_14_6.1,SAM_28079017_14_6,O3,http://dd.eionet.europa.eu/vocabulary/aq/pollutant/7,hour,108.5999999900,µg/m3,2017-04-21 15:00:00 +01:00,2017-04-21 16:00:00 +01:00,1,1
ES,ES.BDCA.AQD,NET_ES131A,STA_ES0125A,,SP_28079017_14_6,SPP_28079017_14_6.1,SAM_28079017_14_6,O3,http://dd.eionet.europa.eu/vocabulary/aq/pollutant/7,hour,112.0999999900,µg/m3,2017-04-21 16:00:00 +01:00,2017-04-21 17:00:00 +01:00,1,1
ES,ES.BDCA.AQD,NET_ES131A,STA_ES0125A,,SP_28079017_14_6,SPP_28079017_14_6.1,SAM_28079017_14_6,O3,http://dd.eionet.europa.eu/vocabulary/aq/pollutant/7,hour,109.0999999900,µg/m3,2017-04-21 17:00:00 +01:00,2017-04-21 18:00:00 +01:00,1,1
ES,ES.BDCA.AQD,NET_ES131A,STA_ES0125A,,SP_28079017_14_6,SPP_28079017_14_6.1,SAM_28079017_14_6,O3,http://dd.eionet.europa.eu/vocabulary/aq/pollutant/7,hour,108.2000000000,µg/m3,2017-04-21 18:00:00 +01:00,2017-04-21 19:00:00 +01:00,1,1
ES,ES.BDCA.AQD,NET_ES131A,STA_ES0125A,,SP_28079017_14_6,SPP_28079017_14_6.1,SAM_28079017_14_6,O3,http://dd.eionet.europa.eu/vocabulary/aq/pollutant/7,hour,105.3000000000,µg/m3,2017-04-21 19:00:00 +01:00,2017-04-21 20:00:00 +01:00,1,1
ES,ES.BDCA.AQD,NET_ES131A,STA_ES0125A,,SP_28079017_14_6,SPP_28079017_14_6.1,SAM_28079017_14_6,O3,http://dd.eionet.europa.eu/vocabulary/aq/pollutant/7,hour,94.1400000000,µg/m3,2017-04-21 20:00:00 +01:00,2017-04-21 21:00:00 +01:00,1,1
ES,ES.BDCA.AQD,NET_ES131A,STA_ES0125A,,SP_28079017_14_6,SPP_28079017_14_6.1,SAM_28079017_14_6,O3,http://dd.eionet.europa.eu/vocabulary/aq/pollutant/7,hour,88.7399999900,µg/m3,2017-04-21 21:00:00 +01:00,2017-04-21 22:00:00 +01:00,1,1
ES,ES.BDCA.AQD,NET_ES131A,STA_ES0125A,,SP_28079017_14_6,SPP_28079017_14_6.1,SAM_28079017_14_6,O3,http://dd.eionet.europa.eu/vocabulary/aq/pollutant/7,hour,90.2699999900,µg/m3,2017-04-21 22:00:00 +01:00,2017-04-21 23:00:00 +01:00,1,1
ES,ES.BDCA.AQD,NET_ES131A,STA_ES0125A,,SP_28079017_14_6,SPP_28079017_14_6.1,SAM_28079017_14_6,O3,http://dd.eionet.europa.eu/vocabulary/aq/pollutant/7,hour,95.9800000000,µg/m3,2017-04-21 23:00:00 +01:00,2017-04-22 00:00:00 +01:00,1,1
ES,ES.BDCA.AQD,NET_ES131A,STA_ES0125A,,SP_28079017_14_6,SPP_28079017_14_6.1,SAM_28079017_14_6,O3,http://dd.eionet.europa.eu/vocabulary/aq/pollutant/7,hour,90.0900000000,µg/m3,2017-04-22 00:00:00 +01:00,2017-04-22 01:00:00 +01:00,1,1
ES,ES.BDCA.AQD,NET_ES131A,STA_ES0125A,,SP_28079017_14_6,SPP_28079017_14_6.1,SAM_28079017_14_6,O3,http://dd.eionet.europa.eu/vocabulary/aq/pollutant/7,hour,89.4899999900,µg/m3,2017-04-22 01:00:00 +01:00,2017-04-22 02:00:00 +01:00,1,1
ES,ES.BDCA.AQD,NET_ES131A,STA_ES0125A,,SP_28079017_14_6,SPP_28079017_14_6.1,SAM_28079017_14_6,O3,http://dd.eionet.europa.eu/vocabulary/aq/pollutant/7,hour,92.0900000000,µg/m3,2017-04-22 02:00:00 +01:00,2017-04-22 03:00:00 +01:00,1,1
ES,ES.BDCA.AQD,NET_ES131A,STA_ES0125A,,SP_28079017_14_6,SPP_28079017_14_6.1,SAM_28079017_14_6,O3,http://dd.eionet.europa.eu/vocabulary/aq/pollutant/7,hour,91.8199999900,µg/m3,2017-04-22 03:00:00 +01:00,2017-04-22 04:00:00 +01:00,1,1
ES,ES.BDCA.AQD,NET_ES131A,STA_ES0125A,,SP_28079017_14_6,SPP_28079017_14_6.1,SAM_28079017_14_6,O3,http://dd.eionet.europa.eu/vocabulary/aq/pollutant/7,hour,87.6099999900,µg/m3,2017-04-22 04:00:00 +01:00,2017-04-22 05:00:00 +01:00,1,1
ES,ES.BDCA.AQD,NET_ES131A,STA_ES0125A,,SP_28079017_14_6,SPP_28079017_14_6.1,SAM_28079017_14_6,O3,http://dd.eionet.europa.eu/vocabulary/aq/pollutant/7,hour,76.9699999900,µg/m3,2017-04-22 05:00:00 +01:00,2017-04-22 06:00:00 +01:00,1,1
ES,ES.BDCA.AQD,NET_ES131A,STA_ES0125A,,SP_28079017_14_6,SPP_28079017_14_6.1,SAM_28079017_14_6,O3,http://dd.eionet.europa.eu/vocabulary/aq/pollutant/7,hour,25.0100000000,µg/m3,2017-04-22 06:00:00 +01:00,2017-04-22 07:00:00 +01:00,1,1
ES,ES.BDCA.AQD,NET_ES131A,STA_ES0125A,,SP_28079017_14_6,SPP_28079017_14_6.1,SAM_28079017_14_6,O3,http://dd.eionet.europa.eu/vocabulary/aq/pollutant/7,hour,33.3500000000,µg/m3,2017-04-22 07:00:00 +01:00,2017-04-22 08:00:00 +01:00,1,1
ES,ES.BDCA.AQD,NET_ES131A,STA_ES0125A,,SP_28079017_14_6,SPP_28079017_14_6.1,SAM_28079017_14_6,O3,http://dd.eionet.europa.eu/vocabulary/aq/pollutant/7,hour,34.3699999900,µg/m3,2017-04-22 08:00:00 +01:00,2017-04-22 09:00:00 +01:00,1,1
ES,ES.BDCA.AQD,NET_ES131A,STA_ES0125A,,SP_28079017_14_6,SPP_28079017_14_6.1,SAM_28079017_14_6,O3,http://dd.eionet.europa.eu/vocabulary/aq/pollutant/7,hour,84.7600000000,µg/m3,2017-04-22 09:00:00 +01:00,2017-04-22 10:00:00 +01:00,1,1
ES,ES.BDCA.AQD,NET_ES131A,STA_ES0125A,,SP_28079017_14_6,SPP_28079017_14_6.1,SAM_28079017_14_6,O3,http://dd.eionet.europa.eu/vocabulary/aq/pollutant/7,hour,96.8900000000,µg/m3,2017-04-22 10:00:00 +01:00,2017-04-22 11:00:00 +01:00,1,1
ES,ES.BDCA.AQD,NET_ES131A,STA_ES0125A,,SP_28079017_14_6,SPP_28079017_14_6.1,SAM_28079017_14_6,O3,http://dd.eionet.europa.eu/vocabulary/aq/pollutant/7,hour,95.7500000000,µg/m3,2017-04-22 11:00:00 +01:00,2017-04-22 12:00:00 +01:00,1,1
ES,ES.BDCA.AQD,NET_ES131A,STA_ES0125A,,SP_28079017_14_6,SPP_28079017_14_6.1,SAM_28079017_14_6,O3,http://dd.eionet.europa.eu/vocabulary/aq/pollutant/7,hour,94.4099999900,µg/m3,2017-04-22 12:00:00 +01:00,2017-04-22 13:00:00 +01:00,1,1
ES,ES.BDCA.AQD,NET_ES131A,STA_ES0125A,,SP_28079017_14_6,SPP_28079017_14_6.1,SAM_28079017_14_6,O3,http://dd.eionet.europa.eu/vocabulary/aq/pollutant/7,hour,96.0900000000,µg/m3,2017-04-22 13:00:00 +01:00,2017-04-22 14:00:00 +01:00,1,1
ES,ES.BDCA.AQD,NET_ES131A,STA_ES0125A,,SP_28079017_14_6,SPP_28079017_14_6.1,SAM_28079017_14_6,O3,http://dd.eionet.europa.eu/vocabulary/aq/pollutant/7,hour,105.0999999900,µg/m3,2017-04-22 14:00:00 +01:00,2017-04-22 15:00:00 +01:00,1,1
ES,ES.BDCA.AQD,NET_ES131A,STA_ES0125A,,SP_28079017_14_6,SPP_28079017_14_6.1,SAM_28079017_14_6,O3,http://dd.eionet.europa.eu/vocabulary/aq/pollutant/7,hour,105.8000000000,µg/m3,2017-04-22 15:00:00 +01:00,2017-04-22 16:00:00 +01:00,1,1
ES,ES.BDCA.AQD,NET_ES131A,STA_ES0125A,,SP_28079017_14_6,SPP_28079017_14_6.1,SAM_28079017_14_6,O3,http://dd.eionet.europa.eu/vocabulary/aq/pollutant/7,hour,106.0000000000,µg/m3,2017-04-22 16:00:00 +01:00,2017-04-22 17:00:00 +01:00,1,1
ES,ES.BDCA.AQD,NET_ES131A,STA_ES0125A,,SP_28079017_14_6,SPP_28079017_14_6.1,SAM_28079017_14_6,O3,http://dd.eionet.europa.eu/vocabulary/aq/pollutant/7,hour,104.2000000000,µg/m3,2017-04-22 17:00:00 +01:00,2017-04-22 18:00:00 +01:00,1,1
ES,ES.BDCA.AQD,NET_ES131A,STA_ES0125A,,SP_28079017_14_6,SPP_28079017_14_6.1,SAM_28079017_14_6,O3,http://dd.eionet.europa.eu/vocabulary/aq/pollutant/7,hour,99.9500000000,µg/m3,2017-04-22 18:00:00 +01:00,2017-04-22 19:00:00 +01:00,1,1
ES,ES.BDCA.AQD,NET_ES131A,STA_ES0125A,,SP_28079017_14_6,SPP_28079017_14_6.1,SAM_28079017_14_6,O3,http://dd.eionet.europa.eu/vocabulary/aq/pollutant/7,hour,89.9000000000,µg/m3,2017-04-22 19:00:00 +01:00,2017-04-22 20:00:00 +01:00,1,1
ES,ES.BDCA.AQD,NET_ES131A,STA_ES0125A,,SP_28079017_14_6,SPP_28079017_14_6.1,SAM_28079017_14_6,O3,http://dd.eionet.europa.eu/vocabulary/aq/pollutant/7,hour,40.2299999900,µg/m3,2017-04-22 20:00:00 +01:00,2017-04-22 21:00:00 +01:00,1,1
ES,ES.BDCA.AQD,NET_ES131A,STA_ES0125A,,SP_28079017_14_6,SPP_28079017_14_6.1,SAM_28079017_14_6,O3,http://dd.eionet.europa.eu/vocabulary/aq/pollutant/7,hour,7.2999999900,µg/m3,2017-04-22 21:00:00 +01:00,2017-04-22 22:00:00 +01:00,1,1
ES,ES.BDCA.AQD,NET_ES131A,STA_ES0125A,,SP_28079017_14_6,SPP_28079017_14_6.1,SAM_28079017_14_6,O3,http://dd.eionet.europa.eu/vocabulary/aq/pollutant/7,hour,2.6299999900,µg/m3,2017-04-22 22:00:00 +01:00,2017-04-22 23:00:00 +01:00,1,1
ES,ES.BDCA.AQD,NET_ES131A,STA_ES0125A,,SP_28079017_14_6,SPP_28079017_14_6.1,SAM_28079017_14_6,O3,http://dd.eionet.europa.eu/vocabulary/aq/pollutant/7,hour,2.6400000000,µg/m3,2017-04-22 23:00:00 +01:00,2017-04-23 00:00:00 +01:00,1,1
ES,ES.BDCA.AQD,NET_ES131A,STA_ES0125A,,SP_28079017_14_6,SPP_28079017_14_6.1,SAM_28079017_14_6,O3,http://dd.eionet.europa.eu/vocabulary/aq/pollutant/7,hour,2.0299999900,µg/m3,2017-04-23 00:00:00 +01:00,2017-04-23 01:00:00 +01:00,1,1
ES,ES.BDCA.AQD,NET_ES131A,STA_ES0125A,,SP_28079017_14_6,SPP_28079017_14_6.1,SAM_28079017_14_6,O3,http://dd.eionet.europa.eu/vocabulary/aq/pollutant/7,hour,1.5600000000,µg/m3,2017-04-23 01:00:00 +01:00,2017-04-23 02:00:00 +01:00,1,1
ES,ES.BDCA.AQD,NET_ES131A,STA_ES0125A,,SP_28079017_14_6,SPP_28079017_14_6.1,SAM_28079017_14_6,O3,http://dd.eionet.europa.eu/vocabulary/aq/pollutant/7,hour,1.6499999900,µg/m3,2017-04-23 02:00:00 +01:00,2017-04-23 03:00:00 +01:00,1,1
ES,ES.BDCA.AQD,NET_ES131A,STA_ES0125A,,SP_28079017_14_6,SPP_28079017_14_6.1,SAM_28079017_14_6,O3,http://dd.eionet.europa.eu/vocabulary/aq/pollutant/7,hour,1.6299999900,µg/m3,2017-04-23 03:00:00 +01:00,2017-04-23 04:00:00 +01:00,1,1
ES,ES.BDCA.AQD,NET_ES131A,STA_ES0125A,,SP_28079017_14_6,SPP_28079017_14_6.1,SAM_28079017_14_6,O3,http://dd.eionet.europa.eu/vocabulary/aq/pollutant/7,hour,2.3199999900,µg/m3,2017-04-23 04:00:00 +01:00,2017-04-23 05:00:00 +01:00,1,1
ES,ES.BDCA.AQD,NET_ES131A,STA_ES0125A,,SP_28079017_14_6,SPP_28079017_14_6.1,SAM_28079017_14_6,O3,http://dd.eionet.europa.eu/vocabulary/aq/pollutant/7,hour,7.9000000000,µg/m3,2017-04-23 05:00:00 +01:00,2017-04-23 06:00:00 +01:00,1,1
ES,ES.BDCA.AQD,NET_ES131A,STA_ES0125A,,SP_28079017_14_6,SPP_28079017_14_6.1,SAM_28079017_14_6,O3,http://dd.eionet.europa.eu/vocabulary/aq/pollutant/7,hour,2.9199999900,µg/m3,2017-04-23 06:00:00 +01:00,2017-04-23 07:00:00 +01:00,1,1
ES,ES.BDCA.AQD,NET_ES131A,STA_ES0125A,,SP_28079017_14_6,SPP_28079017_14_6.1,SAM_28079017_14_6,O3,http://dd.eionet.europa.eu/vocabulary/aq/pollutant/7,hour,8.4000000000,µg/m3,2017-04-23 07:00:00 +01:00,2017-04-23 08:00:00 +01:00,1,1
ES,ES.BDCA.AQD,NET_ES131A,STA_ES0125A,,SP_28079017_14_6,SPP_28079017_14_6.1,SAM_28079017_14_6,O3,http://dd.eionet.europa.eu/vocabulary/aq/pollutant/7,hour,14.6199999900,µg/m3,2017-04-23 08:00:00 +01:00,2017-04-23 09:00:00 +01:00,1,1
ES,ES.BDCA.AQD,NET_ES131A,STA_ES0125A,,SP_28079017_14_6,SPP_28079017_14_6.1,SAM_28079017_14_6,O3,http://dd.eionet.europa.eu/vocabulary/aq/pollutant/7,hour,26.1099999900,µg/m3,2017-04-23 09:00:00 +01:00,2017-04-23 10:00:00 +01:00,1,1
ES,ES.BDCA.AQD,NET_ES131A,STA_ES0125A,,SP_28079017_14_6,SPP_28079017_14_6.1,SAM_28079017_14_6,O3,http://dd.eionet.europa.eu/vocabulary/aq/pollutant/7,hour,60.8200000000,µg/m3,2017-04-23 10:00:00 +01:00,2017-04-23 11:00:00 +01:00,1,1
ES,ES.BDCA.AQD,NET_ES131A,STA_ES0125A,,SP_28079017_14_6,SPP_28079017_14_6.1,SAM_28079017_14_6,O3,http://dd.eionet.europa.eu/vocabulary/aq/pollutant/7,hour,87.9699999900,µg/m3,2017-04-23 11:00:00 +01:00,2017-04-23 12:00:00 +01:00,1,1
ES,ES.BDCA.AQD,NET_ES131A,STA_ES0125A,,SP_28079017_14_6,SPP_28079017_14_6.1,SAM_28079017_14_6,O3,http://dd.eionet.europa.eu/vocabulary/aq/pollutant/7,hour,100.7000000000,µg/m3,2017-04-23 12:00:00 +01:00,2017-04-23 13:00:00 +01:00,1,1
ES,ES.BDCA.AQD,NET_ES131A,STA_ES0125A,,SP_28079017_14_6,SPP_28079017_14_6.1,SAM_28079017_14_6,O3,http://dd.eionet.europa.eu/vocabulary/aq/pollutant/7,hour,111.3000000000,µg/m3,2017-04-23 13:00:00 +01:00,2017-04-23 14:00:00 +01:00,1,1
ES,ES.BDCA.AQD,NET_ES131A,STA_ES0125A,,SP_28079017_14_6,SPP_28079017_14_6.1,SAM_28079017_14_6,O3,http://dd.eionet.europa.eu/vocabulary/aq/pollutant/7,hour,117.3000000000,µg/m3,2017-04-23 14:00:00 +01:00,2017-04-23 15:00:00 +01:00,1,1
ES,ES.BDCA.AQD,NET_ES131A,STA_ES0125A,,SP_28079017_14_6,SPP_28079017_14_6.1,SAM_28079017_14_6,O3,http://dd.eionet.europa.eu/vocabulary/aq/pollutant/7,hour,122.9000000000,µg/m3,2017-04-23 15:00:00 +01:00,2017-04-23 16:00:00 +01:00,1,1
ES,ES.BDCA.AQD,NET_ES131A,STA_ES0125A,,SP_28079017_14_6,SPP_28079017_14_6.1,SAM_28079017_14_6,O3,http://dd.eionet.europa.eu/vocabulary/aq/pollutant/7,hour,122.2000000000,µg/m3,2017-04-23 16:00:00 +01:00,2017-04-23 17:00:00 +01:00,1,1
ES,ES.BDCA.AQD,NET_ES131A,STA_ES0125A,,SP_28079017_14_6,SPP_28079017_14_6.1,SAM_28079017_14_6,O3,http://dd.eionet.europa.eu/vocabulary/aq/pollutant/7,hour,121.4000000000,µg/m3,2017-04-23 17:00:00 +01:00,2017-04-23 18:00:00 +01:00,1,1
ES,ES.BDCA.AQD,NET_ES131A,STA_ES0125A,,SP_28079017_14_6,SPP_28079017_14_6.1,SAM_28079017_14_6,O3,http://dd.eionet.europa.eu/vocabulary/aq/pollutant/7,hour,117.4000000000,µg/m3,2017-04-23 18:00:00 +01:00,2017-04-23 19:00:00 +01:00,1,1
ES,ES.BDCA.AQD,NET_ES131A,STA_ES0125A,,SP_28079017_14_6,SPP_28079017_14_6.1,SAM_28079017_14_6,O3,http://dd.eionet.europa.eu/vocabulary/aq/pollutant/7,hour,77.3299999900,µg/m3,2017-04-23 19:00:00 +01:00,2017-04-23 20:00:00 +01:00,1,1
ES,ES.BDCA.AQD,NET_ES131A,STA_ES0125A,,SP_28079017_14_6,SPP_28079017_14_6.1,SAM_28079017_14_6,O3,http://dd.eionet.europa.eu/vocabulary/aq/pollutant/7,hour,13.3599999900,µg/m3,2017-04-23 20:00:00 +01:00,2017-04-23 21:00:00 +01:00,1,1
ES,ES.BDCA.AQD,NET_ES131A,STA_ES0125A,,SP_28079017_14_6,SPP_28079017_14_6.1,SAM_28079017_14_6,O3,http://dd.eionet.europa.eu/vocabulary/aq/pollutant/7,hour,4.8200000000,µg/m3,2017-04-23 21:00:00 +01:00,2017-04-23 22:00:00 +01:00,1,1
ES,ES.BDCA.AQD,NET_ES131A,STA_ES0125A,,SP_28079017_14_6,SPP_28079017_14_6.1,SAM_28079017_14_6,O3,http://dd.eionet.europa.eu/vocabulary/aq/pollutant/7,hour,2.9600000000,µg/m3,2017-04-23 22:00:00 +01:00,2017-04-23 23:00:00 +01:00,1,1
ES,ES.BDCA.AQD,NET_ES131A,STA_ES0125A,,SP_28079017_14_6,SPP_28079017_14_6.1,SAM_28079017_14_6,O3,http://dd.eionet.europa.eu/vocabulary/aq/pollutant/7,hour,6.6500000000,µg/m3,2017-04-23 23:00:00 +01:00,2017-04-24 00:00:00 +01:00,1,1
ES,ES.BDCA.AQD,NET_ES131A,STA_ES0125A,,SP_28079017_14_6,SPP_28079017_14_6.1,SAM_28079017_14_6,O3,http://dd.eionet.europa.eu/vocabulary/aq/pollutant/7,hour,14.7500000000,µg/m3,2017-04-24 00:00:00 +01:00,2017-04-24 01:00:00 +01:00,1,1
ES,ES.BDCA.AQD,NET_ES131A,STA_ES0125A,,SP_28079017_14_6,SPP_28079017_14_6.1,SAM_28079017_14_6,O3,http://dd.eionet.europa.eu/vocabulary/aq/pollutant/7,hour,39.7299999900,µg/m3,2017-04-24 01:00:00 +01:00,2017-04-24 02:00:00 +01:00,1,1
ES,ES.BDCA.AQD,NET_ES131A,STA_ES0125A,,SP_28079017_14_6,SPP_28079017_14_6.1,SAM_28079017_14_6,O3,http://dd.eionet.europa.eu/vocabulary/aq/pollutant/7,hour,48.0900000000,µg/m3,2017-04-24 02:00:00 +01:00,2017-04-24 03:00:00 +01:00,1,1
ES,ES.BDCA.AQD,NET_ES131A,STA_ES0125A,,SP_28079017_14_6,SPP_28079017_14_6.1,SAM_28079017_14_6,O3,http://dd.eionet.europa.eu/vocabulary/aq/pollutant/7,hour,44.2100000000,µg/m3,2017-04-24 03:00:00 +01:00,2017-04-24 04:00:00 +01:00,1,1
ES,ES.BDCA.AQD,NET_ES131A,STA_ES0125A,,SP_28079017_14_6,SPP_28079017_14_6.1,SAM_28079017_14_6,O3,http://dd.eionet.europa.eu/vocabulary/aq/pollutant/7,hour,38.7599999900,µg/m3,2017-04-24 04:00:00 +01:00,2017-04-24 05:00:00 +01:00,1,1
ES,ES.BDCA.AQD,NET_ES131A,STA_ES0125A,,SP_28079017_14_6,SPP_28079017_14_6.1,SAM_28079017_14_6,O3,http://dd.eionet.europa.eu/vocabulary/aq/pollutant/7,hour,9.3699999900,µg/m3,2017-04-24 05:00:00 +01:00,2017-04-24 06:00:00 +01:00,1,1
ES,ES.BDCA.AQD,NET_ES131A,STA_ES0125A,,SP_28079017_14_6,SPP_28079017_14_6.1,SAM_28079017_14_6,O3,http://dd.eionet.europa.eu/vocabulary/aq/pollutant/7,hour,1.8200000000,µg/m3,2017-04-24 06:00:00 +01:00,2017-04-24 07:00:00 +01:00,1,1
ES,ES.BDCA.AQD,NET_ES131A,STA_ES0125A,,SP_28079017_14_6,SPP_28079017_14_6.1,SAM_28079017_14_6,O3,http://dd.eionet.europa.eu/vocabulary/aq/pollutant/7,hour,3.3199999900,µg/m3,2017-04-24 07:00:00 +01:00,2017-04-24 08:00:00 +01:00,1,1
ES,ES.BDCA.AQD,NET_ES131A,STA_ES0125A,,SP_28079017_14_6,SPP_28079017_14_6.1,SAM_28079017_14_6,O3,http://dd.eionet.europa.eu/vocabulary/aq/pollutant/7,hour,19.6600000000,µg/m3,2017-04-24 08:00:00 +01:00,2017-04-24 09:00:00 +01:00,1,1
ES,ES.BDCA.AQD,NET_ES131A,STA_ES0125A,,SP_28079017_14_6,SPP_28079017_14_6.1,SAM_28079017_14_6,O3,http://dd.eionet.europa.eu/vocabulary/aq/pollutant/7,hour,42.4200000000,µg/m3,2017-04-24 09:00:00 +01:00,2017-04-24 10:00:00 +01:00,1,1
ES,ES.BDCA.AQD,NET_ES131A,STA_ES0125A,,SP_28079017_14_6,SPP_28079017_14_6.1,SAM_28079017_14_6,O3,http://dd.eionet.europa.eu/vocabulary/aq/pollutant/7,hour,55.9200000000,µg/m3,2017-04-24 10:00:00 +01:00,2017-04-24 11:00:00 +01:00,1,1
ES,ES.BDCA.AQD,NET_ES131A,STA_ES0125A,,SP_28079017_14_6,SPP_28079017_14_6.1,SAM_28079017_14_6,O3,http://dd.eionet.europa.eu/vocabulary/aq/pollutant/7,hour,71.9899999900,µg/m3,2017-04-24 11:00:00 +01:00,2017-04-24 12:00:00 +01:00,1,1
ES,ES.BDCA.AQD,NET_ES131A,STA_ES0125A,,SP_28079017_14_6,SPP_28079017_14_6.1,SAM_28079017_14_6,O3,http://dd.eionet.europa.eu/vocabulary/aq/pollutant/7,hour,97.2800000000,µg/m3,2017-04-24 12:00:00 +01:00,2017-04-24 13:00:00 +01:00,1,1
ES,ES.BDCA.AQD,NET_ES131A,STA_ES0125A,,SP_28079017_14_6,SPP_28079017_14_6.1,SAM_28079017_14_6,O3,http://dd.eionet.europa.eu/vocabulary/aq/pollutant/7,hour,104.0999999900,µg/m3,2017-04-24 13:00:00 +01:00,2017-04-24 14:00:00 +01:00,1,1
ES,ES.BDCA.AQD,NET_ES131A,STA_ES0125A,,SP_28079017_14_6,SPP_28079017_14_6.1,SAM_28079017_14_6,O3,http://dd.eionet.europa.eu/vocabulary/aq/pollutant/7,hour,117.7000000000,µg/m3,2017-04-24 14:00:00 +01:00,2017-04-24 15:00:00 +01:00,1,1
ES,ES.BDCA.AQD,NET_ES131A,STA_ES0125A,,SP_28079017_14_6,SPP_28079017_14_6.1,SAM_28079017_14_6,O3,http://dd.eionet.europa.eu/vocabulary/aq/pollutant/7,hour,124.0000000000,µg/m3,2017-04-24 15:00:00 +01:00,2017-04-24 16:00:00 +01:00,1,1
ES,ES.BDCA.AQD,NET_ES131A,STA_ES0125A,,SP_28079017_14_6,SPP_28079017_14_6.1,SAM_28079017_14_6,O3,http://dd.eionet.europa.eu/vocabulary/aq/pollutant/7,hour,119.5999999900,µg/m3,2017-04-24 16:00:00 +01:00,2017-04-24 17:00:00 +01:00,1,1
ES,ES.BDCA.AQD,NET_ES131A,STA_ES0125A,,SP_28079017_14_6,SPP_28079017_14_6.1,SAM_28079017_14_6,O3,http://dd.eionet.europa.eu/vocabulary/aq/pollutant/7,hour,106.0000000000,µg/m3,2017-04-24 17:00:00 +01:00,2017-04-24 18:00:00 +01:00,1,1
ES,ES.BDCA.AQD,NET_ES131A,STA_ES0125A,,SP_28079017_14_6,SPP_28079017_14_6.1,SAM_28079017_14_6,O3,http://dd.eionet.europa.eu/vocabulary/aq/pollutant/7,hour,94.1200000000,µg/m3,2017-04-24 18:00:00 +01:00,2017-04-24 19:00:00 +01:00,1,1
ES,ES.BDCA.AQD,NET_ES131A,STA_ES0125A,,SP_28079017_14_6,SPP_28079017_14_6.1,SAM_28079017_14_6,O3,http://dd.eionet.europa.eu/vocabulary/aq/pollutant/7,hour,73.6200000000,µg/m3,2017-04-24 19:00:00 +01:00,2017-04-24 20:00:00 +01:00,1,1
ES,ES.BDCA.AQD,NET_ES131A,STA_ES0125A,,SP_28079017_14_6,SPP_28079017_14_6.1,SAM_28079017_14_6,O3,http://dd.eionet.europa.eu/vocabulary/aq/pollutant/7,hour,100.3000000000,µg/m3,2017-04-24 20:00:00 +01:00,2017-04-24 21:00:00 +01:00,1,1
ES,ES.BDCA.AQD,NET_ES131A,STA_ES0125A,,SP_28079017_14_6,SPP_28079017_14_6.1,SAM_28079017_14_6,O3,http://dd.eionet.europa.eu/vocabulary/aq/pollutant/7,hour,57.3100000000,µg/m3,2017-04-24 21:00:00 +01:00,2017-04-24 22:00:00 +01:00,1,1
ES,ES.BDCA.AQD,NET_ES131A,STA_ES0125A,,SP_28079017_14_6,SPP_28079017_14_6.1,SAM_28079017_14_6,O3,http://dd.eionet.europa.eu/vocabulary/aq/pollutant/7,hour,26.3400000000,µg/m3,2017-04-24 22:00:00 +01:00,2017-04-24 23:00:00 +01:00,1,1
ES,ES.BDCA.AQD,NET_ES131A,STA_ES0125A,,SP_28079017_14_6,SPP_28079017_14_6.1,SAM_28079017_14_6,O3,http://dd.eionet.europa.eu/vocabulary/aq/pollutant/7,hour,15.7799999900,µg/m3,2017-04-24 23:00:00 +01:00,2017-04-25 00:00:00 +01:00,1,1
ES,ES.BDCA.AQD,NET_ES131A,STA_ES0125A,,SP_28079017_14_6,SPP_28079017_14_6.1,SAM_28079017_14_6,O3,http://dd.eionet.europa.eu/vocabulary/aq/pollutant/7,hour,17.4100000000,µg/m3,2017-04-25 00:00:00 +01:00,2017-04-25 01:00:00 +01:00,1,1
ES,ES.BDCA.AQD,NET_ES131A,STA_ES0125A,,SP_28079017_14_6,SPP_28079017_14_6.1,SAM_28079017_14_6,O3,http://dd.eionet.europa.eu/vocabulary/aq/pollutant/7,hour,62.4500000000,µg/m3,2017-04-25 01:00:00 +01:00,2017-04-25 02:00:00 +01:00,1,1
ES,ES.BDCA.AQD,NET_ES131A,STA_ES0125A,,SP_28079017_14_6,SPP_28079017_14_6.1,SAM_28079017_14_6,O3,http://dd.eionet.europa.eu/vocabulary/aq/pollutant/7,hour,83.8199999900,µg/m3,2017-04-25 02:00:00 +01:00,2017-04-25 03:00:00 +01:00,1,1
ES,ES.BDCA.AQD,NET_ES131A,STA_ES0125A,,SP_28079017_14_6,SPP_28079017_14_6.1,SAM_28079017_14_6,O3,http://dd.eionet.europa.eu/vocabulary/aq/pollutant/7,hour,85.2099999900,µg/m3,2017-04-25 03:00:00 +01:00,2017-04-25 04:00:00 +01:00,1,1
ES,ES.BDCA.AQD,NET_ES131A,STA_ES0125A,,SP_28079017_14_6,SPP_28079017_14_6.1,SAM_28079017_14_6,O3,http://dd.eionet.europa.eu/vocabulary/aq/pollutant/7,hour,84.8599999900,µg/m3,2017-04-25 04:00:00 +01:00,2017-04-25 05:00:00 +01:00,1,1
ES,ES.BDCA.AQD,NET_ES131A,STA_ES0125A,,SP_28079017_14_6,SPP_28079017_14_6.1,SAM_28079017_14_6,O3,http://dd.eionet.europa.eu/vocabulary/aq/pollutant/7,hour,61.8100000000,µg/m3,2017-04-25 05:00:00 +01:00,2017-04-25 06:00:00 +01:00,1,1
ES,ES.BDCA.AQD,NET_ES131A,STA_ES0125A,,SP_28079017_14_6,SPP_28079017_14_6.1,SAM_28079017_14_6,O3,http://dd.eionet.europa.eu/vocabulary/aq/pollutant/7,hour,32.1000000000,µg/m3,2017-04-25 06:00:00 +01:00,2017-04-25 07:00:00 +01:00,1,1
ES,ES.BDCA.AQD,NET_ES131A,STA_ES0125A,,SP_28079017_14_6,SPP_28079017_14_6.1,SAM_28079017_14_6,O3,http://dd.eionet.europa.eu/vocabulary/aq/pollutant/7,hour,29.1600000000,µg/m3,2017-04-25 07:00:00 +01:00,2017-04-25 08:00:00 +01:00,1,1
ES,ES.BDCA.AQD,NET_ES131A,STA_ES0125A,,SP_28079017_14_6,SPP_28079017_14_6.1,SAM_28079017_14_6,O3,http://dd.eionet.europa.eu/vocabulary/aq/pollutant/7,hour,39.9799999900,µg/m3,2017-04-25 08:00:00 +01:00,2017-04-25 09:00:00 +01:00,1,1
ES,ES.BDCA.AQD,NET_ES131A,STA_ES0125A,,SP_28079017_14_6,SPP_28079017_14_6.1,SAM_28079017_14_6,O3,http://dd.eionet.europa.eu/vocabulary/aq/pollutant/7,hour,75.2199999900,µg/m3,2017-04-25 09:00:00 +01:00,2017-04-25 10:00:00 +01:00,1,1
ES,ES.BDCA.AQD,NET_ES131A,STA_ES0125A,,SP_28079017_14_6,SPP_28079017_14_6.1,SAM_28079017_14_6,O3,http://dd.eionet.europa.eu/vocabulary/aq/pollutant/7,hour,88.8599999900,µg/m3,2017-04-25 10:00:00 +01:00,2017-04-25 11:00:00 +01:00,1,1
ES,ES.BDCA.AQD,NET_ES131A,STA_ES0125A,,SP_28079017_14_6,SPP_28079017_14_6.1,SAM_28079017_14_6,O3,http://dd.eionet.europa.eu/vocabulary/aq/pollutant/7,hour,,µg/m3,2017-04-25 11:00:00 +01:00,2017-04-25 12:00:00 +01:00,-1,1
ES,ES.BDCA.AQD,NET_ES131A,STA_ES0125A,,SP_28079017_14_6,SPP_28079017_14_6.1,SAM_28079017_14_6,O3,http://dd.eionet.europa.eu/vocabulary/aq/pollutant/7,hour,81.1700000000,µg/m3,2017-04-25 12:00:00 +01:00,2017-04-25 13:00:00 +01:00,1,1
ES,ES.BDCA.AQD,NET_ES131A,STA_ES0125A,,SP_28079017_14_6,SPP_28079017_14_6.1,SAM_28079017_14_6,O3,http://dd.eionet.europa.eu/vocabulary/aq/pollutant/7,hour,83.5600000000,µg/m3,2017-04-25 13:00:00 +01:00,2017-04-25 14:00:00 +01:00,1,1
ES,ES.BDCA.AQD,NET_ES131A,STA_ES0125A,,SP_28079017_14_6,SPP_28079017_14_6.1,SAM_28079017_14_6,O3,http://dd.eionet.europa.eu/vocabulary/aq/pollutant/7,hour,84.4800000000,µg/m3,2017-04-25 14:00:00 +01:00,2017-04-25 15:00:00 +01:00,1,1
ES,ES.BDCA.AQD,NET_ES131A,STA_ES0125A,,SP_28079017_14_6,SPP_28079017_14_6.1,SAM_28079017_14_6,O3,http://dd.eionet.europa.eu/vocabulary/aq/pollutant/7,hour,82.0300000000,µg/m3,2017-04-25 15:00:00 +01:00,2017-04-25 16:00:00 +01:00,1,1
ES,ES.BDCA.AQD,NET_ES131A,STA_ES0125A,,SP_28079017_14_6,SPP_28079017_14_6.1,SAM_28079017_14_6,O3,http://dd.eionet.europa.eu/vocabulary/aq/pollutant/7,hour,81.0300000000,µg/m3,2017-04-25 16:00:00 +01:00,2017-04-25 17:00:00 +01:00,1,1
ES,ES.BDCA.AQD,NET_ES131A,STA_ES0125A,,SP_28079017_14_6,SPP_28079017_14_6.1,SAM_28079017_14_6,O3,http://dd.eionet.europa.eu/vocabulary/aq/pollutant/7,hour,82.3900000000,µg/m3,2017-04-25 17:00:00 +01:00,2017-04-25 18:00:00 +01:00,1,1
ES,ES.BDCA.AQD,NET_ES131A,STA_ES0125A,,SP_28079017_14_6,SPP_28079017_14_6.1,SAM_28079017_14_6,O3,http://dd.eionet.europa.eu/vocabulary/aq/pollutant/7,hour,79.7800000000,µg/m3,2017-04-25 18:00:00 +01:00,2017-04-25 19:00:00 +01:00,1,1
ES,ES.BDCA.AQD,NET_ES131A,STA_ES0125A,,SP_28079017_14_6,SPP_28079017_14_6.1,SAM_28079017_14_6,O3,http://dd.eionet.europa.eu/vocabulary/aq/pollutant/7,hour,58.9699999900,µg/m3,2017-04-25 19:00:00 +01:00,2017-04-25 20:00:00 +01:00,1,1
ES,ES.BDCA.AQD,NET_ES131A,STA_ES0125A,,SP_28079017_14_6,SPP_28079017_14_6.1,SAM_28079017_14_6,O3,http://dd.eionet.europa.eu/vocabulary/aq/pollutant/7,hour,66.8499999900,µg/m3,2017-04-25 20:00:00 +01:00,2017-04-25 21:00:00 +01:00,1,1
ES,ES.BDCA.AQD,NET_ES131A,STA_ES0125A,,SP_28079017_14_6,SPP_28079017_14_6.1,SAM_28079017_14_6,O3,http://dd.eionet.europa.eu/vocabulary/aq/pollutant/7,hour,76.5499999900,µg/m3,2017-04-25 21:00:00 +01:00,2017-04-25 22:00:00 +01:00,1,1
ES,ES.BDCA.AQD,NET_ES131A,STA_ES0125A,,SP_28079017_14_6,SPP_28079017_14_6.1,SAM_28079017_14_6,O3,http://dd.eionet.europa.eu/vocabulary/aq/pollutant/7,hour,78.3199999900,µg/m3,2017-04-25 22:00:00 +01:00,2017-04-25 23:00:00 +01:00,1,1
ES,ES.BDCA.AQD,NET_ES131A,STA_ES0125A,,SP_28079017_14_6,SPP_28079017_14_6.1,SAM_28079017_14_6,O3,http://dd.eionet.europa.eu/vocabulary/aq/pollutant/7,hour,68.6099999900,µg/m3,2017-04-25 23:00:00 +01:00,2017-04-26 00:00:00 +01:00,1,1
ES,ES.BDCA.AQD,NET_ES131A,STA_ES0125A,,SP_28079017_14_6,SPP_28079017_14_6.1,SAM_28079017_14_6,O3,http://dd.eionet.europa.eu/vocabulary/aq/pollutant/7,hour,69.3700000000,µg/m3,2017-04-26 00:00:00 +01:00,2017-04-26 01:00:00 +01:00,1,1
ES,ES.BDCA.AQD,NET_ES131A,STA_ES0125A,,SP_28079017_14_6,SPP_28079017_14_6.1,SAM_28079017_14_6,O3,http://dd.eionet.europa.eu/vocabulary/aq/pollutant/7,hour,70.5100000000,µg/m3,2017-04-26 01:00:00 +01:00,2017-04-26 02:00:00 +01:00,1,1
ES,ES.BDCA.AQD,NET_ES131A,STA_ES0125A,,SP_28079017_14_6,SPP_28079017_14_6.1,SAM_28079017_14_6,O3,http://dd.eionet.europa.eu/vocabulary/aq/pollutant/7,hour,63.3999999900,µg/m3,2017-04-26 02:00:00 +01:00,2017-04-26 03:00:00 +01:00,1,1
ES,ES.BDCA.AQD,NET_ES131A,STA_ES0125A,,SP_28079017_14_6,SPP_28079017_14_6.1,SAM_28079017_14_6,O3,http://dd.eionet.europa.eu/vocabulary/aq/pollutant/7,hour,61.2700000000,µg/m3,2017-04-26 03:00:00 +01:00,2017-04-26 04:00:00 +01:00,1,1
ES,ES.BDCA.AQD,NET_ES131A,STA_ES0125A,,SP_28079017_14_6,SPP_28079017_14_6.1,SAM_28079017_14_6,O3,http://dd.eionet.europa.eu/vocabulary/aq/pollutant/7,hour,65.2699999900,µg/m3,2017-04-26 04:00:00 +01:00,2017-04-26 05:00:00 +01:00,1,1
ES,ES.BDCA.AQD,NET_ES131A,STA_ES0125A,,SP_28079017_14_6,SPP_28079017_14_6.1,SAM_28079017_14_6,O3,http://dd.eionet.europa.eu/vocabulary/aq/pollutant/7,hour,39.7100000000,µg/m3,2017-04-26 05:00:00 +01:00,2017-04-26 06:00:00 +01:00,1,1
ES,ES.BDCA.AQD,NET_ES131A,STA_ES0125A,,SP_28079017_14_6,SPP_28079017_14_6.1,SAM_28079017_14_6,O3,http://dd.eionet.europa.eu/vocabulary/aq/pollutant/7,hour,11.2200000000,µg/m3,2017-04-26 06:00:00 +01:00,2017-04-26 07:00:00 +01:00,1,1
ES,ES.BDCA.AQD,NET_ES131A,STA_ES0125A,,SP_28079017_14_6,SPP_28079017_14_6.1,SAM_28079017_14_6,O3,http://dd.eionet.europa.eu/vocabulary/aq/pollutant/7,hour,18.6800000000,µg/m3,2017-04-26 07:00:00 +01:00,2017-04-26 08:00:00 +01:00,1,1
ES,ES.BDCA.AQD,NET_ES131A,STA_ES0125A,,SP_28079017_14_6,SPP_28079017_14_6.1,SAM_28079017_14_6,O3,http://dd.eionet.europa.eu/vocabulary/aq/pollutant/7,hour,47.2199999900,µg/m3,2017-04-26 08:00:00 +01:00,2017-04-26 09:00:00 +01:00,1,1
ES,ES.BDCA.AQD,NET_ES131A,STA_ES0125A,,SP_28079017_14_6,SPP_28079017_14_6.1,SAM_28079017_14_6,O3,http://dd.eionet.europa.eu/vocabulary/aq/pollutant/7,hour,60.7100000000,µg/m3,2017-04-26 09:00:00 +01:00,2017-04-26 10:00:00 +01:00,1,1
ES,ES.BDCA.AQD,NET_ES131A,STA_ES0125A,,SP_28079017_14_6,SPP_28079017_14_6.1,SAM_28079017_14_6,O3,http://dd.eionet.europa.eu/vocabulary/aq/pollutant/7,hour,71.5699999900,µg/m3,2017-04-26 10:00:00 +01:00,2017-04-26 11:00:00 +01:00,1,1
ES,ES.BDCA.AQD,NET_ES131A,STA_ES0125A,,SP_28079017_14_6,SPP_28079017_14_6.1,SAM_28079017_14_6,O3,http://dd.eionet.europa.eu/vocabulary/aq/pollutant/7,hour,79.0199999900,µg/m3,2017-04-26 11:00:00 +01:00,2017-04-26 12:00:00 +01:00,1,1
ES,ES.BDCA.AQD,NET_ES131A,STA_ES0125A,,SP_28079017_14_6,SPP_28079017_14_6.1,SAM_28079017_14_6,O3,http://dd.eionet.europa.eu/vocabulary/aq/pollutant/7,hour,81.1899999900,µg/m3,2017-04-26 12:00:00 +01:00,2017-04-26 13:00:00 +01:00,1,1
ES,ES.BDCA.AQD,NET_ES131A,STA_ES0125A,,SP_28079017_14_6,SPP_28079017_14_6.1,SAM_28079017_14_6,O3,http://dd.eionet.europa.eu/vocabulary/aq/pollutant/7,hour,81.6299999900,µg/m3,2017-04-26 13:00:00 +01:00,2017-04-26 14:00:00 +01:00,1,1
ES,ES.BDCA.AQD,NET_ES131A,STA_ES0125A,,SP_28079017_14_6,SPP_28079017_14_6.1,SAM_28079017_14_6,O3,http://dd.eionet.europa.eu/vocabulary/aq/pollutant/7,hour,84.6899999900,µg/m3,2017-04-26 14:00:00 +01:00,2017-04-26 15:00:00 +01:00,1,1
ES,ES.BDCA.AQD,NET_ES131A,STA_ES0125A,,SP_28079017_14_6,SPP_28079017_14_6.1,SAM_28079017_14_6,O3,http://dd.eionet.europa.eu/vocabulary/aq/pollutant/7,hour,80.5100000000,µg/m3,2017-04-26 15:00:00 +01:00,2017-04-26 16:00:00 +01:00,1,1
ES,ES.BDCA.AQD,NET_ES131A,STA_ES0125A,,SP_28079017_14_6,SPP_28079017_14_6.1,SAM_28079017_14_6,O3,http://dd.eionet.europa.eu/vocabulary/aq/pollutant/7,hour,80.8799999900,µg/m3,2017-04-26 16:00:00 +01:00,2017-04-26 17:00:00 +01:00,1,1
ES,ES.BDCA.AQD,NET_ES131A,STA_ES0125A,,SP_28079017_14_6,SPP_28079017_14_6.1,SAM_28079017_14_6,O3,http://dd.eionet.europa.eu/vocabulary/aq/pollutant/7,hour,76.7199999900,µg/m3,2017-04-26 17:00:00 +01:00,2017-04-26 18:00:00 +01:00,1,1
ES,ES.BDCA.AQD,NET_ES131A,STA_ES0125A,,SP_28079017_14_6,SPP_28079017_14_6.1,SAM_28079017_14_6,O3,http://dd.eionet.europa.eu/vocabulary/aq/pollutant/7,hour,65.6899999900,µg/m3,2017-04-26 18:00:00 +01:00,2017-04-26 19:00:00 +01:00,1,1
ES,ES.BDCA.AQD,NET_ES131A,STA_ES0125A,,SP_28079017_14_6,SPP_28079017_14_6.1,SAM_28079017_14_6,O3,http://dd.eionet.europa.eu/vocabulary/aq/pollutant/7,hour,58.1300000000,µg/m3,2017-04-26 19:00:00 +01:00,2017-04-26 20:00:00 +01:00,1,1
ES,ES.BDCA.AQD,NET_ES131A,STA_ES0125A,,SP_28079017_14_6,SPP_28079017_14_6.1,SAM_28079017_14_6,O3,http://dd.eionet.europa.eu/vocabulary/aq/pollutant/7,hour,64.2500000000,µg/m3,2017-04-26 20:00:00 +01:00,2017-04-26 21:00:00 +01:00,1,1
ES,ES.BDCA.AQD,NET_ES131A,STA_ES0125A,,SP_28079017_14_6,SPP_28079017_14_6.1,SAM_28079017_14_6,O3,http://dd.eionet.europa.eu/vocabulary/aq/pollutant/7,hour,63.7000000000,µg/m3,2017-04-26 21:00:00 +01:00,2017-04-26 22:00:00 +01:00,1,1
ES,ES.BDCA.AQD,NET_ES131A,STA_ES0125A,,SP_28079017_14_6,SPP_28079017_14_6.1,SAM_28079017_14_6,O3,http://dd.eionet.europa.eu/vocabulary/aq/pollutant/7,hour,66.4899999900,µg/m3,2017-04-26 22:00:00 +01:00,2017-04-26 23:00:00 +01:00,1,1
ES,ES.BDCA.AQD,NET_ES131A,STA_ES0125A,,SP_28079017_14_6,SPP_28079017_14_6.1,SAM_28079017_14_6,O3,http://dd.eionet.europa.eu/vocabulary/aq/pollutant/7,hour,65.6500000000,µg/m3,2017-04-26 23:00:00 +01:00,2017-04-27 00:00:00 +01:00,1,1
ES,ES.BDCA.AQD,NET_ES131A,STA_ES0125A,,SP_28079017_14_6,SPP_28079017_14_6.1,SAM_28079017_14_6,O3,http://dd.eionet.europa.eu/vocabulary/aq/pollutant/7,hour,70.1099999900,µg/m3,2017-04-27 00:00:00 +01:00,2017-04-27 01:00:00 +01:00,1,1
ES,ES.BDCA.AQD,NET_ES131A,STA_ES0125A,,SP_28079017_14_6,SPP_28079017_14_6.1,SAM_28079017_14_6,O3,http://dd.eionet.europa.eu/vocabulary/aq/pollutant/7,hour,72.2300000000,µg/m3,2017-04-27 01:00:00 +01:00,2017-04-27 02:00:00 +01:00,1,1
ES,ES.BDCA.AQD,NET_ES131A,STA_ES0125A,,SP_28079017_14_6,SPP_28079017_14_6.1,SAM_28079017_14_6,O3,http://dd.eionet.europa.eu/vocabulary/aq/pollutant/7,hour,74.5699999900,µg/m3,2017-04-27 02:00:00 +01:00,2017-04-27 03:00:00 +01:00,1,1
ES,ES.BDCA.AQD,NET_ES131A,STA_ES0125A,,SP_28079017_14_6,SPP_28079017_14_6.1,SAM_28079017_14_6,O3,http://dd.eionet.europa.eu/vocabulary/aq/pollutant/7,hour,75.7600000000,µg/m3,2017-04-27 03:00:00 +01:00,2017-04-27 04:00:00 +01:00,1,1
ES,ES.BDCA.AQD,NET_ES131A,STA_ES0125A,,SP_28079017_14_6,SPP_28079017_14_6.1,SAM_28079017_14_6,O3,http://dd.eionet.europa.eu/vocabulary/aq/pollutant/7,hour,79.0499999900,µg/m3,2017-04-27 04:00:00 +01:00,2017-04-27 05:00:00 +01:00,1,1
ES,ES.BDCA.AQD,NET_ES131A,STA_ES0125A,,SP_28079017_14_6,SPP_28079017_14_6.1,SAM_28079017_14_6,O3,http://dd.eionet.europa.eu/vocabulary/aq/pollutant/7,hour,79.2699999900,µg/m3,2017-04-27 05:00:00 +01:00,2017-04-27 06:00:00 +01:00,1,1
ES,ES.BDCA.AQD,NET_ES131A,STA_ES0125A,,SP_28079017_14_6,SPP_28079017_14_6.1,SAM_28079017_14_6,O3,http://dd.eionet.europa.eu/vocabulary/aq/pollutant/7,hour,74.1099999900,µg/m3,2017-04-27 06:00:00 +01:00,2017-04-27 07:00:00 +01:00,1,1
ES,ES.BDCA.AQD,NET_ES131A,STA_ES0125A,,SP_28079017_14_6,SPP_28079017_14_6.1,SAM_28079017_14_6,O3,http://dd.eionet.europa.eu/vocabulary/aq/pollutant/7,hour,74.0900000000,µg/m3,2017-04-27 07:00:00 +01:00,2017-04-27 08:00:00 +01:00,1,1
ES,ES.BDCA.AQD,NET_ES131A,STA_ES0125A,,SP_28079017_14_6,SPP_28079017_14_6.1,SAM_28079017_14_6,O3,http://dd.eionet.europa.eu/vocabulary/aq/pollutant/7,hour,78.9300000000,µg/m3,2017-04-27 08:00:00 +01:00,2017-04-27 09:00:00 +01:00,1,1
ES,ES.BDCA.AQD,NET_ES131A,STA_ES0125A,,SP_28079017_14_6,SPP_28079017_14_6.1,SAM_28079017_14_6,O3,http://dd.eionet.europa.eu/vocabulary/aq/pollutant/7,hour,84.5300000000,µg/m3,2017-04-27 09:00:00 +01:00,2017-04-27 10:00:00 +01:00,1,1
ES,ES.BDCA.AQD,NET_ES131A,STA_ES0125A,,SP_28079017_14_6,SPP_28079017_14_6.1,SAM_28079017_14_6,O3,http://dd.eionet.europa.eu/vocabulary/aq/pollutant/7,hour,88.0799999900,µg/m3,2017-04-27 10:00:00 +01:00,2017-04-27 11:00:00 +01:00,1,1
ES,ES.BDCA.AQD,NET_ES131A,STA_ES0125A,,SP_28079017_14_6,SPP_28079017_14_6.1,SAM_28079017_14_6,O3,http://dd.eionet.europa.eu/vocabulary/aq/pollutant/7,hour,96.7900000000,µg/m3,2017-04-27 11:00:00 +01:00,2017-04-27 12:00:00 +01:00,1,1
ES,ES.BDCA.AQD,NET_ES131A,STA_ES0125A,,SP_28079017_14_6,SPP_28079017_14_6.1,SAM_28079017_14_6,O3,http://dd.eionet.europa.eu/vocabulary/aq/pollutant/7,hour,97.2399999900,µg/m3,2017-04-27 12:00:00 +01:00,2017-04-27 13:00:00 +01:00,1,1
ES,ES.BDCA.AQD,NET_ES131A,STA_ES0125A,,SP_28079017_14_6,SPP_28079017_14_6.1,SAM_28079017_14_6,O3,http://dd.eionet.europa.eu/vocabulary/aq/pollutant/7,hour,98.2199999900,µg/m3,2017-04-27 13:00:00 +01:00,2017-04-27 14:00:00 +01:00,1,1
ES,ES.BDCA.AQD,NET_ES131A,STA_ES0125A,,SP_28079017_14_6,SPP_28079017_14_6.1,SAM_28079017_14_6,O3,http://dd.eionet.europa.eu/vocabulary/aq/pollutant/7,hour,101.3000000000,µg/m3,2017-04-27 14:00:00 +01:00,2017-04-27 15:00:00 +01:00,1,1
ES,ES.BDCA.AQD,NET_ES131A,STA_ES0125A,,SP_28079017_14_6,SPP_28079017_14_6.1,SAM_28079017_14_6,O3,http://dd.eionet.europa.eu/vocabulary/aq/pollutant/7,hour,101.5000000000,µg/m3,2017-04-27 15:00:00 +01:00,2017-04-27 16:00:00 +01:00,1,1
ES,ES.BDCA.AQD,NET_ES131A,STA_ES0125A,,SP_28079017_14_6,SPP_28079017_14_6.1,SAM_28079017_14_6,O3,http://dd.eionet.europa.eu/vocabulary/aq/pollutant/7,hour,102.4000000000,µg/m3,2017-04-27 16:00:00 +01:00,2017-04-27 17:00:00 +01:00,1,1
ES,ES.BDCA.AQD,NET_ES131A,STA_ES0125A,,SP_28079017_14_6,SPP_28079017_14_6.1,SAM_28079017_14_6,O3,http://dd.eionet.europa.eu/vocabulary/aq/pollutant/7,hour,99.5900000000,µg/m3,2017-04-27 17:00:00 +01:00,2017-04-27 18:00:00 +01:00,1,1
ES,ES.BDCA.AQD,NET_ES131A,STA_ES0125A,,SP_28079017_14_6,SPP_28079017_14_6.1,SAM_28079017_14_6,O3,http://dd.eionet.europa.eu/vocabulary/aq/pollutant/7,hour,97.7900000000,µg/m3,2017-04-27 18:00:00 +01:00,2017-04-27 19:00:00 +01:00,1,1
ES,ES.BDCA.AQD,NET_ES131A,STA_ES0125A,,SP_28079017_14_6,SPP_28079017_14_6.1,SAM_28079017_14_6,O3,http://dd.eionet.europa.eu/vocabulary/aq/pollutant/7,hour,93.1400000000,µg/m3,2017-04-27 19:00:00 +01:00,2017-04-27 20:00:00 +01:00,1,1
ES,ES.BDCA.AQD,NET_ES131A,STA_ES0125A,,SP_28079017_14_6,SPP_28079017_14_6.1,SAM_28079017_14_6,O3,http://dd.eionet.europa.eu/vocabulary/aq/pollutant/7,hour,82.9800000000,µg/m3,2017-04-27 20:00:00 +01:00,2017-04-27 21:00:00 +01:00,1,1
ES,ES.BDCA.AQD,NET_ES131A,STA_ES0125A,,SP_28079017_14_6,SPP_28079017_14_6.1,SAM_28079017_14_6,O3,http://dd.eionet.europa.eu/vocabulary/aq/pollutant/7,hour,83.6800000000,µg/m3,2017-04-27 21:00:00 +01:00,2017-04-27 22:00:00 +01:00,1,1
ES,ES.BDCA.AQD,NET_ES131A,STA_ES0125A,,SP_28079017_14_6,SPP_28079017_14_6.1,SAM_28079017_14_6,O3,http://dd.eionet.europa.eu/vocabulary/aq/pollutant/7,hour,84.9300000000,µg/m3,2017-04-27 22:00:00 +01:00,2017-04-27 23:00:00 +01:00,1,1
ES,ES.BDCA.AQD,NET_ES131A,STA_ES0125A,,SP_28079017_14_6,SPP_28079017_14_6.1,SAM_28079017_14_6,O3,http://dd.eionet.europa.eu/vocabulary/aq/pollutant/7,hour,84.5400000000,µg/m3,2017-04-27 23:00:00 +01:00,2017-04-28 00:00:00 +01:00,1,1
ES,ES.BDCA.AQD,NET_ES131A,STA_ES0125A,,SP_28079017_14_6,SPP_28079017_14_6.1,SAM_28079017_14_6,O3,http://dd.eionet.europa.eu/vocabulary/aq/pollutant/7,hour,83.4000000000,µg/m3,2017-04-28 00:00:00 +01:00,2017-04-28 01:00:00 +01:00,1,1
ES,ES.BDCA.AQD,NET_ES131A,STA_ES0125A,,SP_28079017_14_6,SPP_28079017_14_6.1,SAM_28079017_14_6,O3,http://dd.eionet.europa.eu/vocabulary/aq/pollutant/7,hour,80.4800000000,µg/m3,2017-04-28 01:00:00 +01:00,2017-04-28 02:00:00 +01:00,1,1
ES,ES.BDCA.AQD,NET_ES131A,STA_ES0125A,,SP_28079017_14_6,SPP_28079017_14_6.1,SAM_28079017_14_6,O3,http://dd.eionet.europa.eu/vocabulary/aq/pollutant/7,hour,84.1200000000,µg/m3,2017-04-28 02:00:00 +01:00,2017-04-28 03:00:00 +01:00,1,1
ES,ES.BDCA.AQD,NET_ES131A,STA_ES0125A,,SP_28079017_14_6,SPP_28079017_14_6.1,SAM_28079017_14_6,O3,http://dd.eionet.europa.eu/vocabulary/aq/pollutant/7,hour,87.0600000000,µg/m3,2017-04-28 03:00:00 +01:00,2017-04-28 04:00:00 +01:00,1,1
ES,ES.BDCA.AQD,NET_ES131A,STA_ES0125A,,SP_28079017_14_6,SPP_28079017_14_6.1,SAM_28079017_14_6,O3,http://dd.eionet.europa.eu/vocabulary/aq/pollutant/7,hour,85.1200000000,µg/m3,2017-04-28 04:00:00 +01:00,2017-04-28 05:00:00 +01:00,1,1
ES,ES.BDCA.AQD,NET_ES131A,STA_ES0125A,,SP_28079017_14_6,SPP_28079017_14_6.1,SAM_28079017_14_6,O3,http://dd.eionet.europa.eu/vocabulary/aq/pollutant/7,hour,75.0000000000,µg/m3,2017-04-28 05:00:00 +01:00,2017-04-28 06:00:00 +01:00,1,1
ES,ES.BDCA.AQD,NET_ES131A,STA_ES0125A,,SP_28079017_14_6,SPP_28079017_14_6.1,SAM_28079017_14_6,O3,http://dd.eionet.europa.eu/vocabulary/aq/pollutant/7,hour,68.3199999900,µg/m3,2017-04-28 06:00:00 +01:00,2017-04-28 07:00:00 +01:00,1,1
ES,ES.BDCA.AQD,NET_ES131A,STA_ES0125A,,SP_28079017_14_6,SPP_28079017_14_6.1,SAM_28079017_14_6,O3,http://dd.eionet.europa.eu/vocabulary/aq/pollutant/7,hour,59.0200000000,µg/m3,2017-04-28 07:00:00 +01:00,2017-04-28 08:00:00 +01:00,1,1
ES,ES.BDCA.AQD,NET_ES131A,STA_ES0125A,,SP_28079017_14_6,SPP_28079017_14_6.1,SAM_28079017_14_6,O3,http://dd.eionet.europa.eu/vocabulary/aq/pollutant/7,hour,64.8100000000,µg/m3,2017-04-28 08:00:00 +01:00,2017-04-28 09:00:00 +01:00,1,1
ES,ES.BDCA.AQD,NET_ES131A,STA_ES0125A,,SP_28079017_14_6,SPP_28079017_14_6.1,SAM_28079017_14_6,O3,http://dd.eionet.europa.eu/vocabulary/aq/pollutant/7,hour,70.8900000000,µg/m3,2017-04-28 09:00:00 +01:00,2017-04-28 10:00:00 +01:00,1,1
ES,ES.BDCA.AQD,NET_ES131A,STA_ES0125A,,SP_28079017_14_6,SPP_28079017_14_6.1,SAM_28079017_14_6,O3,http://dd.eionet.europa.eu/vocabulary/aq/pollutant/7,hour,72.3499999900,µg/m3,2017-04-28 10:00:00 +01:00,2017-04-28 11:00:00 +01:00,1,1
ES,ES.BDCA.AQD,NET_ES131A,STA_ES0125A,,SP_28079017_14_6,SPP_28079017_14_6.1,SAM_28079017_14_6,O3,http://dd.eionet.europa.eu/vocabulary/aq/pollutant/7,hour,79.3299999900,µg/m3,2017-04-28 11:00:00 +01:00,2017-04-28 12:00:00 +01:00,1,1
ES,ES.BDCA.AQD,NET_ES131A,STA_ES0125A,,SP_28079017_14_6,SPP_28079017_14_6.1,SAM_28079017_14_6,O3,http://dd.eionet.europa.eu/vocabulary/aq/pollutant/7,hour,81.9599999900,µg/m3,2017-04-28 12:00:00 +01:00,2017-04-28 13:00:00 +01:00,1,1
ES,ES.BDCA.AQD,NET_ES131A,STA_ES0125A,,SP_28079017_14_6,SPP_28079017_14_6.1,SAM_28079017_14_6,O3,http://dd.eionet.europa.eu/vocabulary/aq/pollutant/7,hour,84.0300000000,µg/m3,2017-04-28 13:00:00 +01:00,2017-04-28 14:00:00 +01:00,1,1
ES,ES.BDCA.AQD,NET_ES131A,STA_ES0125A,,SP_28079017_14_6,SPP_28079017_14_6.1,SAM_28079017_14_6,O3,http://dd.eionet.europa.eu/vocabulary/aq/pollutant/7,hour,89.1599999900,µg/m3,2017-04-28 14:00:00 +01:00,2017-04-28 15:00:00 +01:00,1,1
ES,ES.BDCA.AQD,NET_ES131A,STA_ES0125A,,SP_28079017_14_6,SPP_28079017_14_6.1,SAM_28079017_14_6,O3,http://dd.eionet.europa.eu/vocabulary/aq/pollutant/7,hour,102.0000000000,µg/m3,2017-04-28 15:00:00 +01:00,2017-04-28 16:00:00 +01:00,1,1
ES,ES.BDCA.AQD,NET_ES131A,STA_ES0125A,,SP_28079017_14_6,SPP_28079017_14_6.1,SAM_28079017_14_6,O3,http://dd.eionet.europa.eu/vocabulary/aq/pollutant/7,hour,97.2199999900,µg/m3,2017-04-28 16:00:00 +01:00,2017-04-28 17:00:00 +01:00,1,1
ES,ES.BDCA.AQD,NET_ES131A,STA_ES0125A,,SP_28079017_14_6,SPP_28079017_14_6.1,SAM_28079017_14_6,O3,http://dd.eionet.europa.eu/vocabulary/aq/pollutant/7,hour,78.9699999900,µg/m3,2017-04-28 17:00:00 +01:00,2017-04-28 18:00:00 +01:00,1,1
ES,ES.BDCA.AQD,NET_ES131A,STA_ES0125A,,SP_28079017_14_6,SPP_28079017_14_6.1,SAM_28079017_14_6,O3,http://dd.eionet.europa.eu/vocabulary/aq/pollutant/7,hour,71.4300000000,µg/m3,2017-04-28 18:00:00 +01:00,2017-04-28 19:00:00 +01:00,1,1
ES,ES.BDCA.AQD,NET_ES131A,STA_ES0125A,,SP_28079017_14_6,SPP_28079017_14_6.1,SAM_28079017_14_6,O3,http://dd.eionet.europa.eu/vocabulary/aq/pollutant/7,hour,68.4099999900,µg/m3,2017-04-28 19:00:00 +01:00,2017-04-28 20:00:00 +01:00,1,1
ES,ES.BDCA.AQD,NET_ES131A,STA_ES0125A,,SP_28079017_14_6,SPP_28079017_14_6.1,SAM_28079017_14_6,O3,http://dd.eionet.europa.eu/vocabulary/aq/pollutant/7,hour,64.7900000000,µg/m3,2017-04-28 20:00:00 +01:00,2017-04-28 21:00:00 +01:00,1,1
ES,ES.BDCA.AQD,NET_ES131A,STA_ES0125A,,SP_28079017_14_6,SPP_28079017_14_6.1,SAM_28079017_14_6,O3,http://dd.eionet.europa.eu/vocabulary/aq/pollutant/7,hour,62.8999999900,µg/m3,2017-04-28 21:00:00 +01:00,2017-04-28 22:00:00 +01:00,1,1
ES,ES.BDCA.AQD,NET_ES131A,STA_ES0125A,,SP_28079017_14_6,SPP_28079017_14_6.1,SAM_28079017_14_6,O3,http://dd.eionet.europa.eu/vocabulary/aq/pollutant/7,hour,62.5499999900,µg/m3,2017-04-28 22:00:00 +01:00,2017-04-28 23:00:00 +01:00,1,1
ES,ES.BDCA.AQD,NET_ES131A,STA_ES0125A,,SP_28079017_14_6,SPP_28079017_14_6.1,SAM_28079017_14_6,O3,http://dd.eionet.europa.eu/vocabulary/aq/pollutant/7,hour,65.5000000000,µg/m3,2017-04-28 23:00:00 +01:00,2017-04-29 00:00:00 +01:00,1,1
ES,ES.BDCA.AQD,NET_ES131A,STA_ES0125A,,SP_28079017_14_6,SPP_28079017_14_6.1,SAM_28079017_14_6,O3,http://dd.eionet.europa.eu/vocabulary/aq/pollutant/7,hour,64.1599999900,µg/m3,2017-04-29 00:00:00 +01:00,2017-04-29 01:00:00 +01:00,1,1
ES,ES.BDCA.AQD,NET_ES131A,STA_ES0125A,,SP_28079017_14_6,SPP_28079017_14_6.1,SAM_28079017_14_6,O3,http://dd.eionet.europa.eu/vocabulary/aq/pollutant/7,hour,67.8700000000,µg/m3,2017-04-29 01:00:00 +01:00,2017-04-29 02:00:00 +01:00,1,1
ES,ES.BDCA.AQD,NET_ES131A,STA_ES0125A,,SP_28079017_14_6,SPP_28079017_14_6.1,SAM_28079017_14_6,O3,http://dd.eionet.europa.eu/vocabulary/aq/pollutant/7,hour,68.0600000000,µg/m3,2017-04-29 02:00:00 +01:00,2017-04-29 03:00:00 +01:00,1,1
ES,ES.BDCA.AQD,NET_ES131A,STA_ES0125A,,SP_28079017_14_6,SPP_28079017_14_6.1,SAM_28079017_14_6,O3,http://dd.eionet.europa.eu/vocabulary/aq/pollutant/7,hour,63.6300000000,µg/m3,2017-04-29 03:00:00 +01:00,2017-04-29 04:00:00 +01:00,1,1
ES,ES.BDCA.AQD,NET_ES131A,STA_ES0125A,,SP_28079017_14_6,SPP_28079017_14_6.1,SAM_28079017_14_6,O3,http://dd.eionet.europa.eu/vocabulary/aq/pollutant/7,hour,59.3299999900,µg/m3,2017-04-29 04:00:00 +01:00,2017-04-29 05:00:00 +01:00,1,1
ES,ES.BDCA.AQD,NET_ES131A,STA_ES0125A,,SP_28079017_14_6,SPP_28079017_14_6.1,SAM_28079017_14_6,O3,http://dd.eionet.europa.eu/vocabulary/aq/pollutant/7,hour,55.5600000000,µg/m3,2017-04-29 05:00:00 +01:00,2017-04-29 06:00:00 +01:00,1,1
ES,ES.BDCA.AQD,NET_ES131A,STA_ES0125A,,SP_28079017_14_6,SPP_28079017_14_6.1,SAM_28079017_14_6,O3,http://dd.eionet.europa.eu/vocabulary/aq/pollutant/7,hour,51.1800000000,µg/m3,2017-04-29 06:00:00 +01:00,2017-04-29 07:00:00 +01:00,1,1
ES,ES.BDCA.AQD,NET_ES131A,STA_ES0125A,,SP_28079017_14_6,SPP_28079017_14_6.1,SAM_28079017_14_6,O3,http://dd.eionet.europa.eu/vocabulary/aq/pollutant/7,hour,51.5399999900,µg/m3,2017-04-29 07:00:00 +01:00,2017-04-29 08:00:00 +01:00,1,1
ES,ES.BDCA.AQD,NET_ES131A,STA_ES0125A,,SP_28079017_14_6,SPP_28079017_14_6.1,SAM_28079017_14_6,O3,http://dd.eionet.europa.eu/vocabulary/aq/pollutant/7,hour,56.3200000000,µg/m3,2017-04-29 08:00:00 +01:00,2017-04-29 09:00:00 +01:00,1,1
ES,ES.BDCA.AQD,NET_ES131A,STA_ES0125A,,SP_28079017_14_6,SPP_28079017_14_6.1,SAM_28079017_14_6,O3,http://dd.eionet.europa.eu/vocabulary/aq/pollutant/7,hour,54.9900000000,µg/m3,2017-04-29 09:00:00 +01:00,2017-04-29 10:00:00 +01:00,1,1
ES,ES.BDCA.AQD,NET_ES131A,STA_ES0125A,,SP_28079017_14_6,SPP_28079017_14_6.1,SAM_28079017_14_6,O3,http://dd.eionet.europa.eu/vocabulary/aq/pollutant/7,hour,56.4500000000,µg/m3,2017-04-29 10:00:00 +01:00,2017-04-29 11:00:00 +01:00,1,1
ES,ES.BDCA.AQD,NET_ES131A,STA_ES0125A,,SP_28079017_14_6,SPP_28079017_14_6.1,SAM_28079017_14_6,O3,http://dd.eionet.europa.eu/vocabulary/aq/pollutant/7,hour,55.4200000000,µg/m3,2017-04-29 11:00:00 +01:00,2017-04-29 12:00:00 +01:00,1,1
ES,ES.BDCA.AQD,NET_ES131A,STA_ES0125A,,SP_28079017_14_6,SPP_28079017_14_6.1,SAM_28079017_14_6,O3,http://dd.eionet.europa.eu/vocabulary/aq/pollutant/7,hour,51.9699999900,µg/m3,2017-04-29 12:00:00 +01:00,2017-04-29 13:00:00 +01:00,1,1
ES,ES.BDCA.AQD,NET_ES131A,STA_ES0125A,,SP_28079017_14_6,SPP_28079017_14_6.1,SAM_28079017_14_6,O3,http://dd.eionet.europa.eu/vocabulary/aq/pollutant/7,hour,50.0600000000,µg/m3,2017-04-29 13:00:00 +01:00,2017-04-29 14:00:00 +01:00,1,1
ES,ES.BDCA.AQD,NET_ES131A,STA_ES0125A,,SP_28079017_14_6,SPP_28079017_14_6.1,SAM_28079017_14_6,O3,http://dd.eionet.europa.eu/vocabulary/aq/pollutant/7,hour,49.0000000000,µg/m3,2017-04-29 14:00:00 +01:00,2017-04-29 15:00:00 +01:00,1,1
ES,ES.BDCA.AQD,NET_ES131A,STA_ES0125A,,SP_28079017_14_6,SPP_28079017_14_6.1,SAM_28079017_14_6,O3,http://dd.eionet.europa.eu/vocabulary/aq/pollutant/7,hour,51.2500000000,µg/m3,2017-04-29 15:00:00 +01:00,2017-04-29 16:00:00 +01:00,1,1
ES,ES.BDCA.AQD,NET_ES131A,STA_ES0125A,,SP_28079017_14_6,SPP_28079017_14_6.1,SAM_28079017_14_6,O3,http://dd.eionet.europa.eu/vocabulary/aq/pollutant/7,hour,47.0499999900,µg/m3,2017-04-29 16:00:00 +01:00,2017-04-29 17:00:00 +01:00,1,1
ES,ES.BDCA.AQD,NET_ES131A,STA_ES0125A,,SP_28079017_14_6,SPP_28079017_14_6.1,SAM_28079017_14_6,O3,http://dd.eionet.europa.eu/vocabulary/aq/pollutant/7,hour,43.5900000000,µg/m3,2017-04-29 17:00:00 +01:00,2017-04-29 18:00:00 +01:00,1,1
ES,ES.BDCA.AQD,NET_ES131A,STA_ES0125A,,SP_28079017_14_6,SPP_28079017_14_6.1,SAM_28079017_14_6,O3,http://dd.eionet.europa.eu/vocabulary/aq/pollutant/7,hour,18.5300000000,µg/m3,2017-04-29 18:00:00 +01:00,2017-04-29 19:00:00 +01:00,1,1
ES,ES.BDCA.AQD,NET_ES131A,STA_ES0125A,,SP_28079017_14_6,SPP_28079017_14_6.1,SAM_28079017_14_6,O3,http://dd.eionet.europa.eu/vocabulary/aq/pollutant/7,hour,13.6300000000,µg/m3,2017-04-29 19:00:00 +01:00,2017-04-29 20:00:00 +01:00,1,1
ES,ES.BDCA.AQD,NET_ES131A,STA_ES0125A,,SP_28079017_14_6,SPP_28079017_14_6.1,SAM_28079017_14_6,O3,http://dd.eionet.europa.eu/vocabulary/aq/pollutant/7,hour,1.5200000000,µg/m3,2017-04-29 20:00:00 +01:00,2017-04-29 21:00:00 +01:00,1,1
ES,ES.BDCA.AQD,NET_ES131A,STA_ES0125A,,SP_28079017_14_6,SPP_28079017_14_6.1,SAM_28079017_14_6,O3,http://dd.eionet.europa.eu/vocabulary/aq/pollutant/7,hour,2.2799999900,µg/m3,2017-04-29 21:00:00 +01:00,2017-04-29 22:00:00 +01:00,1,1
ES,ES.BDCA.AQD,NET_ES131A,STA_ES0125A,,SP_28079017_14_6,SPP_28079017_14_6.1,SAM_28079017_14_6,O3,http://dd.eionet.europa.eu/vocabulary/aq/pollutant/7,hour,2.3100000000,µg/m3,2017-04-29 22:00:00 +01:00,2017-04-29 23:00:00 +01:00,1,1
ES,ES.BDCA.AQD,NET_ES131A,STA_ES0125A,,SP_28079017_14_6,SPP_28079017_14_6.1,SAM_28079017_14_6,O3,http://dd.eionet.europa.eu/vocabulary/aq/pollutant/7,hour,2.1800000000,µg/m3,2017-04-29 23:00:00 +01:00,2017-04-30 00:00:00 +01:00,1,1
ES,ES.BDCA.AQD,NET_ES131A,STA_ES0125A,,SP_28079017_14_6,SPP_28079017_14_6.1,SAM_28079017_14_6,O3,http://dd.eionet.europa.eu/vocabulary/aq/pollutant/7,hour,2.1000000000,µg/m3,2017-04-30 00:00:00 +01:00,2017-04-30 01:00:00 +01:00,1,1
ES,ES.BDCA.AQD,NET_ES131A,STA_ES0125A,,SP_28079017_14_6,SPP_28079017_14_6.1,SAM_28079017_14_6,O3,http://dd.eionet.europa.eu/vocabulary/aq/pollutant/7,hour,2.1000000000,µg/m3,2017-04-30 01:00:00 +01:00,2017-04-30 02:00:00 +01:00,1,1
ES,ES.BDCA.AQD,NET_ES131A,STA_ES0125A,,SP_28079017_14_6,SPP_28079017_14_6.1,SAM_28079017_14_6,O3,http://dd.eionet.europa.eu/vocabulary/aq/pollutant/7,hour,6.2900000000,µg/m3,2017-04-30 02:00:00 +01:00,2017-04-30 03:00:00 +01:00,1,1
ES,ES.BDCA.AQD,NET_ES131A,STA_ES0125A,,SP_28079017_14_6,SPP_28079017_14_6.1,SAM_28079017_14_6,O3,http://dd.eionet.europa.eu/vocabulary/aq/pollutant/7,hour,27.0399999900,µg/m3,2017-04-30 03:00:00 +01:00,2017-04-30 04:00:00 +01:00,1,1
ES,ES.BDCA.AQD,NET_ES131A,STA_ES0125A,,SP_28079017_14_6,SPP_28079017_14_6.1,SAM_28079017_14_6,O3,http://dd.eionet.europa.eu/vocabulary/aq/pollutant/7,hour,41.3299999900,µg/m3,2017-04-30 04:00:00 +01:00,2017-04-30 05:00:00 +01:00,1,1
ES,ES.BDCA.AQD,NET_ES131A,STA_ES0125A,,SP_28079017_14_6,SPP_28079017_14_6.1,SAM_28079017_14_6,O3,http://dd.eionet.europa.eu/vocabulary/aq/pollutant/7,hour,65.5100000000,µg/m3,2017-04-30 05:00:00 +01:00,2017-04-30 06:00:00 +01:00,1,1
ES,ES.BDCA.AQD,NET_ES131A,STA_ES0125A,,SP_28079017_14_6,SPP_28079017_14_6.1,SAM_28079017_14_6,O3,http://dd.eionet.europa.eu/vocabulary/aq/pollutant/7,hour,79.1700000000,µg/m3,2017-04-30 06:00:00 +01:00,2017-04-30 07:00:00 +01:00,1,1
ES,ES.BDCA.AQD,NET_ES131A,STA_ES0125A,,SP_28079017_14_6,SPP_28079017_14_6.1,SAM_28079017_14_6,O3,http://dd.eionet.europa.eu/vocabulary/aq/pollutant/7,hour,76.6299999900,µg/m3,2017-04-30 07:00:00 +01:00,2017-04-30 08:00:00 +01:00,1,1
ES,ES.BDCA.AQD,NET_ES131A,STA_ES0125A,,SP_28079017_14_6,SPP_28079017_14_6.1,SAM_28079017_14_6,O3,http://dd.eionet.europa.eu/vocabulary/aq/pollutant/7,hour,75.1400000000,µg/m3,2017-04-30 08:00:00 +01:00,2017-04-30 09:00:00 +01:00,1,1
ES,ES.BDCA.AQD,NET_ES131A,STA_ES0125A,,SP_28079017_14_6,SPP_28079017_14_6.1,SAM_28079017_14_6,O3,http://dd.eionet.europa.eu/vocabulary/aq/pollutant/7,hour,79.9200000000,µg/m3,2017-04-30 09:00:00 +01:00,2017-04-30 10:00:00 +01:00,1,1
ES,ES.BDCA.AQD,NET_ES131A,STA_ES0125A,,SP_28079017_14_6,SPP_28079017_14_6.1,SAM_28079017_14_6,O3,http://dd.eionet.europa.eu/vocabulary/aq/pollutant/7,hour,78.3700000000,µg/m3,2017-04-30 10:00:00 +01:00,2017-04-30 11:00:00 +01:00,1,1
ES,ES.BDCA.AQD,NET_ES131A,STA_ES0125A,,SP_28079017_14_6,SPP_28079017_14_6.1,SAM_28079017_14_6,O3,http://dd.eionet.europa.eu/vocabulary/aq/pollutant/7,hour,82.7600000000,µg/m3,2017-04-30 11:00:00 +01:00,2017-04-30 12:00:00 +01:00,1,1
ES,ES.BDCA.AQD,NET_ES131A,STA_ES0125A,,SP_28079017_14_6,SPP_28079017_14_6.1,SAM_28079017_14_6,O3,http://dd.eionet.europa.eu/vocabulary/aq/pollutant/7,hour,76.1500000000,µg/m3,2017-04-30 12:00:00 +01:00,2017-04-30 13:00:00 +01:00,1,1
ES,ES.BDCA.AQD,NET_ES131A,STA_ES0125A,,SP_28079017_14_6,SPP_28079017_14_6.1,SAM_28079017_14_6,O3,http://dd.eionet.europa.eu/vocabulary/aq/pollutant/7,hour,65.7800000000,µg/m3,2017-04-30 13:00:00 +01:00,2017-04-30 14:00:00 +01:00,1,1
ES,ES.BDCA.AQD,NET_ES131A,STA_ES0125A,,SP_28079017_14_6,SPP_28079017_14_6.1,SAM_28079017_14_6,O3,http://dd.eionet.europa.eu/vocabulary/aq/pollutant/7,hour,65.4000000000,µg/m3,2017-04-30 14:00:00 +01:00,2017-04-30 15:00:00 +01:00,1,1
ES,ES.BDCA.AQD,NET_ES131A,STA_ES0125A,,SP_28079017_14_6,SPP_28079017_14_6.1,SAM_28079017_14_6,O3,http://dd.eionet.europa.eu/vocabulary/aq/pollutant/7,hour,70.9300000000,µg/m3,2017-04-30 15:00:00 +01:00,2017-04-30 16:00:00 +01:00,1,1
ES,ES.BDCA.AQD,NET_ES131A,STA_ES0125A,,SP_28079017_14_6,SPP_28079017_14_6.1,SAM_28079017_14_6,O3,http://dd.eionet.europa.eu/vocabulary/aq/pollutant/7,hour,76.8199999900,µg/m3,2017-04-30 16:00:00 +01:00,2017-04-30 17:00:00 +01:00,1,1
ES,ES.BDCA.AQD,NET_ES131A,STA_ES0125A,,SP_28079017_14_6,SPP_28079017_14_6.1,SAM_28079017_14_6,O3,http://dd.eionet.europa.eu/vocabulary/aq/pollutant/7,hour,82.2999999900,µg/m3,2017-04-30 17:00:00 +01:00,2017-04-30 18:00:00 +01:00,1,1
ES,ES.BDCA.AQD,NET_ES131A,STA_ES0125A,,SP_28079017_14_6,SPP_28079017_14_6.1,SAM_28079017_14_6,O3,http://dd.eionet.europa.eu/vocabulary/aq/pollutant/7,hour,76.4200000000,µg/m3,2017-04-30 18:00:00 +01:00,2017-04-30 19:00:00 +01:00,1,1
ES,ES.BDCA.AQD,NET_ES131A,STA_ES0125A,,SP_28079017_14_6,SPP_28079017_14_6.1,SAM_28079017_14_6,O3,http://dd.eionet.europa.eu/vocabulary/aq/pollutant/7,hour,72.2300000000,µg/m3,2017-04-30 19:00:00 +01:00,2017-04-30 20:00:00 +01:00,1,1
ES,ES.BDCA.AQD,NET_ES131A,STA_ES0125A,,SP_28079017_14_6,SPP_28079017_14_6.1,SAM_28079017_14_6,O3,http://dd.eionet.europa.eu/vocabulary/aq/pollutant/7,hour,76.3799999900,µg/m3,2017-04-30 20:00:00 +01:00,2017-04-30 21:00:00 +01:00,1,1
ES,ES.BDCA.AQD,NET_ES131A,STA_ES0125A,,SP_28079017_14_6,SPP_28079017_14_6.1,SAM_28079017_14_6,O3,http://dd.eionet.europa.eu/vocabulary/aq/pollutant/7,hour,78.2000000000,µg/m3,2017-04-30 21:00:00 +01:00,2017-04-30 22:00:00 +01:00,1,1
ES,ES.BDCA.AQD,NET_ES131A,STA_ES0125A,,SP_28079017_14_6,SPP_28079017_14_6.1,SAM_28079017_14_6,O3,http://dd.eionet.europa.eu/vocabulary/aq/pollutant/7,hour,77.7600000000,µg/m3,2017-04-30 22:00:00 +01:00,2017-04-30 23:00:00 +01:00,1,1
ES,ES.BDCA.AQD,NET_ES131A,STA_ES0125A,,SP_28079017_14_6,SPP_28079017_14_6.1,SAM_28079017_14_6,O3,http://dd.eionet.europa.eu/vocabulary/aq/pollutant/7,hour,70.0900000000,µg/m3,2017-04-30 23:00:00 +01:00,2017-05-01 00:00:00 +01:00,1,1
ES,ES.BDCA.AQD,NET_ES131A,STA_ES0125A,,SP_28079017_14_6,SPP_28079017_14_6.1,SAM_28079017_14_6,O3,http://dd.eionet.europa.eu/vocabulary/aq/pollutant/7,hour,70.8599999900,µg/m3,2017-05-01 00:00:00 +01:00,2017-05-01 01:00:00 +01:00,1,1
ES,ES.BDCA.AQD,NET_ES131A,STA_ES0125A,,SP_28079017_14_6,SPP_28079017_14_6.1,SAM_28079017_14_6,O3,http://dd.eionet.europa.eu/vocabulary/aq/pollutant/7,hour,73.5900000000,µg/m3,2017-05-01 01:00:00 +01:00,2017-05-01 02:00:00 +01:00,1,1
ES,ES.BDCA.AQD,NET_ES131A,STA_ES0125A,,SP_28079017_14_6,SPP_28079017_14_6.1,SAM_28079017_14_6,O3,http://dd.eionet.europa.eu/vocabulary/aq/pollutant/7,hour,73.6500000000,µg/m3,2017-05-01 02:00:00 +01:00,2017-05-01 03:00:00 +01:00,1,1
ES,ES.BDCA.AQD,NET_ES131A,STA_ES0125A,,SP_28079017_14_6,SPP_28079017_14_6.1,SAM_28079017_14_6,O3,http://dd.eionet.europa.eu/vocabulary/aq/pollutant/7,hour,79.0900000000,µg/m3,2017-05-01 03:00:00 +01:00,2017-05-01 04:00:00 +01:00,1,1
ES,ES.BDCA.AQD,NET_ES131A,STA_ES0125A,,SP_28079017_14_6,SPP_28079017_14_6.1,SAM_28079017_14_6,O3,http://dd.eionet.europa.eu/vocabulary/aq/pollutant/7,hour,72.7999999900,µg/m3,2017-05-01 04:00:00 +01:00,2017-05-01 05:00:00 +01:00,1,1
ES,ES.BDCA.AQD,NET_ES131A,STA_ES0125A,,SP_28079017_14_6,SPP_28079017_14_6.1,SAM_28079017_14_6,O3,http://dd.eionet.europa.eu/vocabulary/aq/pollutant/7,hour,74.2199999900,µg/m3,2017-05-01 05:00:00 +01:00,2017-05-01 06:00:00 +01:00,1,1
ES,ES.BDCA.AQD,NET_ES131A,STA_ES0125A,,SP_28079017_14_6,SPP_28079017_14_6.1,SAM_28079017_14_6,O3,http://dd.eionet.europa.eu/vocabulary/aq/pollutant/7,hour,62.1499999900,µg/m3,2017-05-01 06:00:00 +01:00,2017-05-01 07:00:00 +01:00,1,1
ES,ES.BDCA.AQD,NET_ES131A,STA_ES0125A,,SP_28079017_14_6,SPP_28079017_14_6.1,SAM_28079017_14_6,O3,http://dd.eionet.europa.eu/vocabulary/aq/pollutant/7,hour,65.7900000000,µg/m3,2017-05-01 07:00:00 +01:00,2017-05-01 08:00:00 +01:00,1,1
ES,ES.BDCA.AQD,NET_ES131A,STA_ES0125A,,SP_28079017_14_6,SPP_28079017_14_6.1,SAM_28079017_14_6,O3,http://dd.eionet.europa.eu/vocabulary/aq/pollutant/7,hour,71.8499999900,µg/m3,2017-05-01 08:00:00 +01:00,2017-05-01 09:00:00 +01:00,1,1
ES,ES.BDCA.AQD,NET_ES131A,STA_ES0125A,,SP_28079017_14_6,SPP_28079017_14_6.1,SAM_28079017_14_6,O3,http://dd.eionet.europa.eu/vocabulary/aq/pollutant/7,hour,79.2199999900,µg/m3,2017-05-01 09:00:00 +01:00,2017-05-01 10:00:00 +01:00,1,1
ES,ES.BDCA.AQD,NET_ES131A,STA_ES0125A,,SP_28079017_14_6,SPP_28079017_14_6.1,SAM_28079017_14_6,O3,http://dd.eionet.europa.eu/vocabulary/aq/pollutant/7,hour,76.9899999900,µg/m3,2017-05-01 10:00:00 +01:00,2017-05-01 11:00:00 +01:00,1,1
ES,ES.BDCA.AQD,NET_ES131A,STA_ES0125A,,SP_28079017_14_6,SPP_28079017_14_6.1,SAM_28079017_14_6,O3,http://dd.eionet.europa.eu/vocabulary/aq/pollutant/7,hour,79.6500000000,µg/m3,2017-05-01 11:00:00 +01:00,2017-05-01 12:00:00 +01:00,1,1
ES,ES.BDCA.AQD,NET_ES131A,STA_ES0125A,,SP_28079017_14_6,SPP_28079017_14_6.1,SAM_28079017_14_6,O3,http://dd.eionet.europa.eu/vocabulary/aq/pollutant/7,hour,81.2399999900,µg/m3,2017-05-01 12:00:00 +01:00,2017-05-01 13:00:00 +01:00,1,1
ES,ES.BDCA.AQD,NET_ES131A,STA_ES0125A,,SP_28079017_14_6,SPP_28079017_14_6.1,SAM_28079017_14_6,O3,http://dd.eionet.europa.eu/vocabulary/aq/pollutant/7,hour,86.0400000000,µg/m3,2017-05-01 13:00:00 +01:00,2017-05-01 14:00:00 +01:00,1,1
ES,ES.BDCA.AQD,NET_ES131A,STA_ES0125A,,SP_28079017_14_6,SPP_28079017_14_6.1,SAM_28079017_14_6,O3,http://dd.eionet.europa.eu/vocabulary/aq/pollutant/7,hour,93.1200000000,µg/m3,2017-05-01 14:00:00 +01:00,2017-05-01 15:00:00 +01:00,1,1
ES,ES.BDCA.AQD,NET_ES131A,STA_ES0125A,,SP_28079017_14_6,SPP_28079017_14_6.1,SAM_28079017_14_6,O3,http://dd.eionet.europa.eu/vocabulary/aq/pollutant/7,hour,95.1500000000,µg/m3,2017-05-01 15:00:00 +01:00,2017-05-01 16:00:00 +01:00,1,1
ES,ES.BDCA.AQD,NET_ES131A,STA_ES0125A,,SP_28079017_14_6,SPP_28079017_14_6.1,SAM_28079017_14_6,O3,http://dd.eionet.europa.eu/vocabulary/aq/pollutant/7,hour,94.9500000000,µg/m3,2017-05-01 16:00:00 +01:00,2017-05-01 17:00:00 +01:00,1,1
ES,ES.BDCA.AQD,NET_ES131A,STA_ES0125A,,SP_28079017_14_6,SPP_28079017_14_6.1,SAM_28079017_14_6,O3,http://dd.eionet.europa.eu/vocabulary/aq/pollutant/7,hour,94.5100000000,µg/m3,2017-05-01 17:00:00 +01:00,2017-05-01 18:00:00 +01:00,1,1
ES,ES.BDCA.AQD,NET_ES131A,STA_ES0125A,,SP_28079017_14_6,SPP_28079017_14_6.1,SAM_28079017_14_6,O3,http://dd.eionet.europa.eu/vocabulary/aq/pollutant/7,hour,88.2199999900,µg/m3,2017-05-01 18:00:00 +01:00,2017-05-01 19:00:00 +01:00,1,1
ES,ES.BDCA.AQD,NET_ES131A,STA_ES0125A,,SP_28079017_14_6,SPP_28079017_14_6.1,SAM_28079017_14_6,O3,http://dd.eionet.europa.eu/vocabulary/aq/pollutant/7,hour,74.4899999900,µg/m3,2017-05-01 19:00:00 +01:00,2017-05-01 20:00:00 +01:00,1,1
ES,ES.BDCA.AQD,NET_ES131A,STA_ES0125A,,SP_28079017_14_6,SPP_28079017_14_6.1,SAM_28079017_14_6,O3,http://dd.eionet.europa.eu/vocabulary/aq/pollutant/7,hour,39.1400000000,µg/m3,2017-05-01 20:00:00 +01:00,2017-05-01 21:00:00 +01:00,1,1
ES,ES.BDCA.AQD,NET_ES131A,STA_ES0125A,,SP_28079017_14_6,SPP_28079017_14_6.1,SAM_28079017_14_6,O3,http://dd.eionet.europa.eu/vocabulary/aq/pollutant/7,hour,13.3699999900,µg/m3,2017-05-01 21:00:00 +01:00,2017-05-01 22:00:00 +01:00,1,1
ES,ES.BDCA.AQD,NET_ES131A,STA_ES0125A,,SP_28079017_14_6,SPP_28079017_14_6.1,SAM_28079017_14_6,O3,http://dd.eionet.europa.eu/vocabulary/aq/pollutant/7,hour,9.8200000000,µg/m3,2017-05-01 22:00:00 +01:00,2017-05-01 23:00:00 +01:00,1,1
ES,ES.BDCA.AQD,NET_ES131A,STA_ES0125A,,SP_28079017_14_6,SPP_28079017_14_6.1,SAM_28079017_14_6,O3,http://dd.eionet.europa.eu/vocabulary/aq/pollutant/7,hour,7.5099999900,µg/m3,2017-05-01 23:00:00 +01:00,2017-05-02 00:00:00 +01:00,1,1
ES,ES.BDCA.AQD,NET_ES131A,STA_ES0125A,,SP_28079017_14_6,SPP_28079017_14_6.1,SAM_28079017_14_6,O3,http://dd.eionet.europa.eu/vocabulary/aq/pollutant/7,hour,8.8200000000,µg/m3,2017-05-02 00:00:00 +01:00,2017-05-02 01:00:00 +01:00,1,1
ES,ES.BDCA.AQD,NET_ES131A,STA_ES0125A,,SP_28079017_14_6,SPP_28079017_14_6.1,SAM_28079017_14_6,O3,http://dd.eionet.europa.eu/vocabulary/aq/pollutant/7,hour,3.1800000000,µg/m3,2017-05-02 01:00:00 +01:00,2017-05-02 02:00:00 +01:00,1,1
ES,ES.BDCA.AQD,NET_ES131A,STA_ES0125A,,SP_28079017_14_6,SPP_28079017_14_6.1,SAM_28079017_14_6,O3,http://dd.eionet.europa.eu/vocabulary/aq/pollutant/7,hour,1.6900000000,µg/m3,2017-05-02 02:00:00 +01:00,2017-05-02 03:00:00 +01:00,1,1
ES,ES.BDCA.AQD,NET_ES131A,STA_ES0125A,,SP_28079017_14_6,SPP_28079017_14_6.1,SAM_28079017_14_6,O3,http://dd.eionet.europa.eu/vocabulary/aq/pollutant/7,hour,1.7300000000,µg/m3,2017-05-02 03:00:00 +01:00,2017-05-02 04:00:00 +01:00,1,1
ES,ES.BDCA.AQD,NET_ES131A,STA_ES0125A,,SP_28079017_14_6,SPP_28079017_14_6.1,SAM_28079017_14_6,O3,http://dd.eionet.europa.eu/vocabulary/aq/pollutant/7,hour,1.1799999900,µg/m3,2017-05-02 04:00:00 +01:00,2017-05-02 05:00:00 +01:00,1,1
ES,ES.BDCA.AQD,NET_ES131A,STA_ES0125A,,SP_28079017_14_6,SPP_28079017_14_6.1,SAM_28079017_14_6,O3,http://dd.eionet.europa.eu/vocabulary/aq/pollutant/7,hour,1.0200000000,µg/m3,2017-05-02 05:00:00 +01:00,2017-05-02 06:00:00 +01:00,1,1
ES,ES.BDCA.AQD,NET_ES131A,STA_ES0125A,,SP_28079017_14_6,SPP_28079017_14_6.1,SAM_28079017_14_6,O3,http://dd.eionet.europa.eu/vocabulary/aq/pollutant/7,hour,2.4399999900,µg/m3,2017-05-02 06:00:00 +01:00,2017-05-02 07:00:00 +01:00,1,1
ES,ES.BDCA.AQD,NET_ES131A,STA_ES0125A,,SP_28079017_14_6,SPP_28079017_14_6.1,SAM_28079017_14_6,O3,http://dd.eionet.europa.eu/vocabulary/aq/pollutant/7,hour,8.0700000000,µg/m3,2017-05-02 07:00:00 +01:00,2017-05-02 08:00:00 +01:00,1,1
ES,ES.BDCA.AQD,NET_ES131A,STA_ES0125A,,SP_28079017_14_6,SPP_28079017_14_6.1,SAM_28079017_14_6,O3,http://dd.eionet.europa.eu/vocabulary/aq/pollutant/7,hour,12.1600000000,µg/m3,2017-05-02 08:00:00 +01:00,2017-05-02 09:00:00 +01:00,1,1
ES,ES.BDCA.AQD,NET_ES131A,STA_ES0125A,,SP_28079017_14_6,SPP_28079017_14_6.1,SAM_28079017_14_6,O3,http://dd.eionet.europa.eu/vocabulary/aq/pollutant/7,hour,23.3299999900,µg/m3,2017-05-02 09:00:00 +01:00,2017-05-02 10:00:00 +01:00,1,1
ES,ES.BDCA.AQD,NET_ES131A,STA_ES0125A,,SP_28079017_14_6,SPP_28079017_14_6.1,SAM_28079017_14_6,O3,http://dd.eionet.europa.eu/vocabulary/aq/pollutant/7,hour,51.3200000000,µg/m3,2017-05-02 10:00:00 +01:00,2017-05-02 11:00:00 +01:00,1,1
ES,ES.BDCA.AQD,NET_ES131A,STA_ES0125A,,SP_28079017_14_6,SPP_28079017_14_6.1,SAM_28079017_14_6,O3,http://dd.eionet.europa.eu/vocabulary/aq/pollutant/7,hour,65.3900000000,µg/m3,2017-05-02 11:00:00 +01:00,2017-05-02 12:00:00 +01:00,1,1
ES,ES.BDCA.AQD,NET_ES131A,STA_ES0125A,,SP_28079017_14_6,SPP_28079017_14_6.1,SAM_28079017_14_6,O3,http://dd.eionet.europa.eu/vocabulary/aq/pollutant/7,hour,74.2800000000,µg/m3,2017-05-02 12:00:00 +01:00,2017-05-02 13:00:00 +01:00,1,1
ES,ES.BDCA.AQD,NET_ES131A,STA_ES0125A,,SP_28079017_14_6,SPP_28079017_14_6.1,SAM_28079017_14_6,O3,http://dd.eionet.europa.eu/vocabulary/aq/pollutant/7,hour,83.4200000000,µg/m3,2017-05-02 13:00:00 +01:00,2017-05-02 14:00:00 +01:00,1,1
ES,ES.BDCA.AQD,NET_ES131A,STA_ES0125A,,SP_28079017_14_6,SPP_28079017_14_6.1,SAM_28079017_14_6,O3,http://dd.eionet.europa.eu/vocabulary/aq/pollutant/7,hour,94.5300000000,µg/m3,2017-05-02 14:00:00 +01:00,2017-05-02 15:00:00 +01:00,1,1
ES,ES.BDCA.AQD,NET_ES131A,STA_ES0125A,,SP_28079017_14_6,SPP_28079017_14_6.1,SAM_28079017_14_6,O3,http://dd.eionet.europa.eu/vocabulary/aq/pollutant/7,hour,98.4800000000,µg/m3,2017-05-02 15:00:00 +01:00,2017-05-02 16:00:00 +01:00,1,1
ES,ES.BDCA.AQD,NET_ES131A,STA_ES0125A,,SP_28079017_14_6,SPP_28079017_14_6.1,SAM_28079017_14_6,O3,http://dd.eionet.europa.eu/vocabulary/aq/pollutant/7,hour,95.8199999900,µg/m3,2017-05-02 16:00:00 +01:00,2017-05-02 17:00:00 +01:00,1,1
ES,ES.BDCA.AQD,NET_ES131A,STA_ES0125A,,SP_28079017_14_6,SPP_28079017_14_6.1,SAM_28079017_14_6,O3,http://dd.eionet.europa.eu/vocabulary/aq/pollutant/7,hour,90.5900000000,µg/m3,2017-05-02 17:00:00 +01:00,2017-05-02 18:00:00 +01:00,1,1
ES,ES.BDCA.AQD,NET_ES131A,STA_ES0125A,,SP_28079017_14_6,SPP_28079017_14_6.1,SAM_28079017_14_6,O3,http://dd.eionet.europa.eu/vocabulary/aq/pollutant/7,hour,86.8799999900,µg/m3,2017-05-02 18:00:00 +01:00,2017-05-02 19:00:00 +01:00,1,1
ES,ES.BDCA.AQD,NET_ES131A,STA_ES0125A,,SP_28079017_14_6,SPP_28079017_14_6.1,SAM_28079017_14_6,O3,http://dd.eionet.europa.eu/vocabulary/aq/pollutant/7,hour,76.0400000000,µg/m3,2017-05-02 19:00:00 +01:00,2017-05-02 20:00:00 +01:00,1,1
ES,ES.BDCA.AQD,NET_ES131A,STA_ES0125A,,SP_28079017_14_6,SPP_28079017_14_6.1,SAM_28079017_14_6,O3,http://dd.eionet.europa.eu/vocabulary/aq/pollutant/7,hour,55.4600000000,µg/m3,2017-05-02 20:00:00 +01:00,2017-05-02 21:00:00 +01:00,1,1
ES,ES.BDCA.AQD,NET_ES131A,STA_ES0125A,,SP_28079017_14_6,SPP_28079017_14_6.1,SAM_28079017_14_6,O3,http://dd.eionet.europa.eu/vocabulary/aq/pollutant/7,hour,27.9699999900,µg/m3,2017-05-02 21:00:00 +01:00,2017-05-02 22:00:00 +01:00,1,1
ES,ES.BDCA.AQD,NET_ES131A,STA_ES0125A,,SP_28079017_14_6,SPP_28079017_14_6.1,SAM_28079017_14_6,O3,http://dd.eionet.europa.eu/vocabulary/aq/pollutant/7,hour,3.1800000000,µg/m3,2017-05-02 22:00:00 +01:00,2017-05-02 23:00:00 +01:00,1,1
ES,ES.BDCA.AQD,NET_ES131A,STA_ES0125A,,SP_28079017_14_6,SPP_28079017_14_6.1,SAM_28079017_14_6,O3,http://dd.eionet.europa.eu/vocabulary/aq/pollutant/7,hour,1.6499999900,µg/m3,2017-05-02 23:00:00 +01:00,2017-05-03 00:00:00 +01:00,1,1
ES,ES.BDCA.AQD,NET_ES131A,STA_ES0125A,,SP_28079017_14_6,SPP_28079017_14_6.1,SAM_28079017_14_6,O3,http://dd.eionet.europa.eu/vocabulary/aq/pollutant/7,hour,5.3600000000,µg/m3,2017-05-03 00:00:00 +01:00,2017-05-03 01:00:00 +01:00,1,1
ES,ES.BDCA.AQD,NET_ES131A,STA_ES0125A,,SP_28079017_14_6,SPP_28079017_14_6.1,SAM_28079017_14_6,O3,http://dd.eionet.europa.eu/vocabulary/aq/pollutant/7,hour,31.9200000000,µg/m3,2017-05-03 01:00:00 +01:00,2017-05-03 02:00:00 +01:00,1,1
ES,ES.BDCA.AQD,NET_ES131A,STA_ES0125A,,SP_28079017_14_6,SPP_28079017_14_6.1,SAM_28079017_14_6,O3,http://dd.eionet.europa.eu/vocabulary/aq/pollutant/7,hour,51.5900000000,µg/m3,2017-05-03 02:00:00 +01:00,2017-05-03 03:00:00 +01:00,1,1
ES,ES.BDCA.AQD,NET_ES131A,STA_ES0125A,,SP_28079017_14_6,SPP_28079017_14_6.1,SAM_28079017_14_6,O3,http://dd.eionet.europa.eu/vocabulary/aq/pollutant/7,hour,54.8400000000,µg/m3,2017-05-03 03:00:00 +01:00,2017-05-03 04:00:00 +01:00,1,1
ES,ES.BDCA.AQD,NET_ES131A,STA_ES0125A,,SP_28079017_14_6,SPP_28079017_14_6.1,SAM_28079017_14_6,O3,http://dd.eionet.europa.eu/vocabulary/aq/pollutant/7,hour,47.6800000000,µg/m3,2017-05-03 04:00:00 +01:00,2017-05-03 05:00:00 +01:00,1,1
ES,ES.BDCA.AQD,NET_ES131A,STA_ES0125A,,SP_28079017_14_6,SPP_28079017_14_6.1,SAM_28079017_14_6,O3,http://dd.eionet.europa.eu/vocabulary/aq/pollutant/7,hour,32.7100000000,µg/m3,2017-05-03 05:00:00 +01:00,2017-05-03 06:00:00 +01:00,1,1
ES,ES.BDCA.AQD,NET_ES131A,STA_ES0125A,,SP_28079017_14_6,SPP_28079017_14_6.1,SAM_28079017_14_6,O3,http://dd.eionet.europa.eu/vocabulary/aq/pollutant/7,hour,8.4900000000,µg/m3,2017-05-03 06:00:00 +01:00,2017-05-03 07:00:00 +01:00,1,1
ES,ES.BDCA.AQD,NET_ES131A,STA_ES0125A,,SP_28079017_14_6,SPP_28079017_14_6.1,SAM_28079017_14_6,O3,http://dd.eionet.europa.eu/vocabulary/aq/pollutant/7,hour,4.9699999900,µg/m3,2017-05-03 07:00:00 +01:00,2017-05-03 08:00:00 +01:00,1,1
ES,ES.BDCA.AQD,NET_ES131A,STA_ES0125A,,SP_28079017_14_6,SPP_28079017_14_6.1,SAM_28079017_14_6,O3,http://dd.eionet.europa.eu/vocabulary/aq/pollutant/7,hour,23.0100000000,µg/m3,2017-05-03 08:00:00 +01:00,2017-05-03 09:00:00 +01:00,1,1
ES,ES.BDCA.AQD,NET_ES131A,STA_ES0125A,,SP_28079017_14_6,SPP_28079017_14_6.1,SAM_28079017_14_6,O3,http://dd.eionet.europa.eu/vocabulary/aq/pollutant/7,hour,47.4500000000,µg/m3,2017-05-03 09:00:00 +01:00,2017-05-03 10:00:00 +01:00,1,1
ES,ES.BDCA.AQD,NET_ES131A,STA_ES0125A,,SP_28079017_14_6,SPP_28079017_14_6.1,SAM_28079017_14_6,O3,http://dd.eionet.europa.eu/vocabulary/aq/pollutant/7,hour,47.8400000000,µg/m3,2017-05-03 10:00:00 +01:00,2017-05-03 11:00:00 +01:00,1,1
ES,ES.BDCA.AQD,NET_ES131A,STA_ES0125A,,SP_28079017_14_6,SPP_28079017_14_6.1,SAM_28079017_14_6,O3,http://dd.eionet.europa.eu/vocabulary/aq/pollutant/7,hour,59.9600000000,µg/m3,2017-05-03 11:00:00 +01:00,2017-05-03 12:00:00 +01:00,1,1
ES,ES.BDCA.AQD,NET_ES131A,STA_ES0125A,,SP_28079017_14_6,SPP_28079017_14_6.1,SAM_28079017_14_6,O3,http://dd.eionet.europa.eu/vocabulary/aq/pollutant/7,hour,75.8499999900,µg/m3,2017-05-03 12:00:00 +01:00,2017-05-03 13:00:00 +01:00,1,1
ES,ES.BDCA.AQD,NET_ES131A,STA_ES0125A,,SP_28079017_14_6,SPP_28079017_14_6.1,SAM_28079017_14_6,O3,http://dd.eionet.europa.eu/vocabulary/aq/pollutant/7,hour,88.9899999900,µg/m3,2017-05-03 13:00:00 +01:00,2017-05-03 14:00:00 +01:00,1,1
ES,ES.BDCA.AQD,NET_ES131A,STA_ES0125A,,SP_28079017_14_6,SPP_28079017_14_6.1,SAM_28079017_14_6,O3,http://dd.eionet.europa.eu/vocabulary/aq/pollutant/7,hour,92.7099999900,µg/m3,2017-05-03 14:00:00 +01:00,2017-05-03 15:00:00 +01:00,1,1
ES,ES.BDCA.AQD,NET_ES131A,STA_ES0125A,,SP_28079017_14_6,SPP_28079017_14_6.1,SAM_28079017_14_6,O3,http://dd.eionet.europa.eu/vocabulary/aq/pollutant/7,hour,92.1200000000,µg/m3,2017-05-03 15:00:00 +01:00,2017-05-03 16:00:00 +01:00,1,1
ES,ES.BDCA.AQD,NET_ES131A,STA_ES0125A,,SP_28079017_14_6,SPP_28079017_14_6.1,SAM_28079017_14_6,O3,http://dd.eionet.europa.eu/vocabulary/aq/pollutant/7,hour,94.7800000000,µg/m3,2017-05-03 16:00:00 +01:00,2017-05-03 17:00:00 +01:00,1,1
ES,ES.BDCA.AQD,NET_ES131A,STA_ES0125A,,SP_28079017_14_6,SPP_28079017_14_6.1,SAM_28079017_14_6,O3,http://dd.eionet.europa.eu/vocabulary/aq/pollutant/7,hour,87.3299999900,µg/m3,2017-05-03 17:00:00 +01:00,2017-05-03 18:00:00 +01:00,1,1
ES,ES.BDCA.AQD,NET_ES131A,STA_ES0125A,,SP_28079017_14_6,SPP_28079017_14_6.1,SAM_28079017_14_6,O3,http://dd.eionet.europa.eu/vocabulary/aq/pollutant/7,hour,86.0499999900,µg/m3,2017-05-03 18:00:00 +01:00,2017-05-03 19:00:00 +01:00,1,1
ES,ES.BDCA.AQD,NET_ES131A,STA_ES0125A,,SP_28079017_14_6,SPP_28079017_14_6.1,SAM_28079017_14_6,O3,http://dd.eionet.europa.eu/vocabulary/aq/pollutant/7,hour,67.5699999900,µg/m3,2017-05-03 19:00:00 +01:00,2017-05-03 20:00:00 +01:00,1,1
ES,ES.BDCA.AQD,NET_ES131A,STA_ES0125A,,SP_28079017_14_6,SPP_28079017_14_6.1,SAM_28079017_14_6,O3,http://dd.eionet.europa.eu/vocabulary/aq/pollutant/7,hour,9.3800000000,µg/m3,2017-05-03 20:00:00 +01:00,2017-05-03 21:00:00 +01:00,1,1
ES,ES.BDCA.AQD,NET_ES131A,STA_ES0125A,,SP_28079017_14_6,SPP_28079017_14_6.1,SAM_28079017_14_6,O3,http://dd.eionet.europa.eu/vocabulary/aq/pollutant/7,hour,2.3199999900,µg/m3,2017-05-03 21:00:00 +01:00,2017-05-03 22:00:00 +01:00,1,1
ES,ES.BDCA.AQD,NET_ES131A,STA_ES0125A,,SP_28079017_14_6,SPP_28079017_14_6.1,SAM_28079017_14_6,O3,http://dd.eionet.europa.eu/vocabulary/aq/pollutant/7,hour,2.6400000000,µg/m3,2017-05-03 22:00:00 +01:00,2017-05-03 23:00:00 +01:00,1,1
ES,ES.BDCA.AQD,NET_ES131A,STA_ES0125A,,SP_28079017_14_6,SPP_28079017_14_6.1,SAM_28079017_14_6,O3,http://dd.eionet.europa.eu/vocabulary/aq/pollutant/7,hour,2.8100000000,µg/m3,2017-05-03 23:00:00 +01:00,2017-05-04 00:00:00 +01:00,1,1
ES,ES.BDCA.AQD,NET_ES131A,STA_ES0125A,,SP_28079017_14_6,SPP_28079017_14_6.1,SAM_28079017_14_6,O3,http://dd.eionet.europa.eu/vocabulary/aq/pollutant/7,hour,2.0099999900,µg/m3,2017-05-04 00:00:00 +01:00,2017-05-04 01:00:00 +01:00,1,1
ES,ES.BDCA.AQD,NET_ES131A,STA_ES0125A,,SP_28079017_14_6,SPP_28079017_14_6.1,SAM_28079017_14_6,O3,http://dd.eionet.europa.eu/vocabulary/aq/pollutant/7,hour,2.8199999900,µg/m3,2017-05-04 01:00:00 +01:00,2017-05-04 02:00:00 +01:00,1,1
ES,ES.BDCA.AQD,NET_ES131A,STA_ES0125A,,SP_28079017_14_6,SPP_28079017_14_6.1,SAM_28079017_14_6,O3,http://dd.eionet.europa.eu/vocabulary/aq/pollutant/7,hour,33.5200000000,µg/m3,2017-05-04 02:00:00 +01:00,2017-05-04 03:00:00 +01:00,1,1
ES,ES.BDCA.AQD,NET_ES131A,STA_ES0125A,,SP_28079017_14_6,SPP_28079017_14_6.1,SAM_28079017_14_6,O3,http://dd.eionet.europa.eu/vocabulary/aq/pollutant/7,hour,48.7100000000,µg/m3,2017-05-04 03:00:00 +01:00,2017-05-04 04:00:00 +01:00,1,1
ES,ES.BDCA.AQD,NET_ES131A,STA_ES0125A,,SP_28079017_14_6,SPP_28079017_14_6.1,SAM_28079017_14_6,O3,http://dd.eionet.europa.eu/vocabulary/aq/pollutant/7,hour,44.8900000000,µg/m3,2017-05-04 04:00:00 +01:00,2017-05-04 05:00:00 +01:00,1,1
ES,ES.BDCA.AQD,NET_ES131A,STA_ES0125A,,SP_28079017_14_6,SPP_28079017_14_6.1,SAM_28079017_14_6,O3,http://dd.eionet.europa.eu/vocabulary/aq/pollutant/7,hour,7.5599999900,µg/m3,2017-05-04 05:00:00 +01:00,2017-05-04 06:00:00 +01:00,1,1
ES,ES.BDCA.AQD,NET_ES131A,STA_ES0125A,,SP_28079017_14_6,SPP_28079017_14_6.1,SAM_28079017_14_6,O3,http://dd.eionet.europa.eu/vocabulary/aq/pollutant/7,hour,3.6000000000,µg/m3,2017-05-04 06:00:00 +01:00,2017-05-04 07:00:00 +01:00,1,1
ES,ES.BDCA.AQD,NET_ES131A,STA_ES0125A,,SP_28079017_14_6,SPP_28079017_14_6.1,SAM_28079017_14_6,O3,http://dd.eionet.europa.eu/vocabulary/aq/pollutant/7,hour,9.8599999900,µg/m3,2017-05-04 07:00:00 +01:00,2017-05-04 08:00:00 +01:00,1,1
ES,ES.BDCA.AQD,NET_ES131A,STA_ES0125A,,SP_28079017_14_6,SPP_28079017_14_6.1,SAM_28079017_14_6,O3,http://dd.eionet.europa.eu/vocabulary/aq/pollutant/7,hour,28.0599999900,µg/m3,2017-05-04 08:00:00 +01:00,2017-05-04 09:00:00 +01:00,1,1
ES,ES.BDCA.AQD,NET_ES131A,STA_ES0125A,,SP_28079017_14_6,SPP_28079017_14_6.1,SAM_28079017_14_6,O3,http://dd.eionet.europa.eu/vocabulary/aq/pollutant/7,hour,37.9900000000,µg/m3,2017-05-04 09:00:00 +01:00,2017-05-04 10:00:00 +01:00,1,1
ES,ES.BDCA.AQD,NET_ES131A,STA_ES0125A,,SP_28079017_14_6,SPP_28079017_14_6.1,SAM_28079017_14_6,O3,http://dd.eionet.europa.eu/vocabulary/aq/pollutant/7,hour,55.5300000000,µg/m3,2017-05-04 10:00:00 +01:00,2017-05-04 11:00:00 +01:00,1,1
ES,ES.BDCA.AQD,NET_ES131A,STA_ES0125A,,SP_28079017_14_6,SPP_28079017_14_6.1,SAM_28079017_14_6,O3,http://dd.eionet.europa.eu/vocabulary/aq/pollutant/7,hour,70.8100000000,µg/m3,2017-05-04 11:00:00 +01:00,2017-05-04 12:00:00 +01:00,1,1
ES,ES.BDCA.AQD,NET_ES131A,STA_ES0125A,,SP_28079017_14_6,SPP_28079017_14_6.1,SAM_28079017_14_6,O3,http://dd.eionet.europa.eu/vocabulary/aq/pollutant/7,hour,72.2900000000,µg/m3,2017-05-04 12:00:00 +01:00,2017-05-04 13:00:00 +01:00,1,1
ES,ES.BDCA.AQD,NET_ES131A,STA_ES0125A,,SP_28079017_14_6,SPP_28079017_14_6.1,SAM_28079017_14_6,O3,http://dd.eionet.europa.eu/vocabulary/aq/pollutant/7,hour,75.6200000000,µg/m3,2017-05-04 13:00:00 +01:00,2017-05-04 14:00:00 +01:00,1,1
ES,ES.BDCA.AQD,NET_ES131A,STA_ES0125A,,SP_28079017_14_6,SPP_28079017_14_6.1,SAM_28079017_14_6,O3,http://dd.eionet.europa.eu/vocabulary/aq/pollutant/7,hour,95.4300000000,µg/m3,2017-05-04 14:00:00 +01:00,2017-05-04 15:00:00 +01:00,1,1
ES,ES.BDCA.AQD,NET_ES131A,STA_ES0125A,,SP_28079017_14_6,SPP_28079017_14_6.1,SAM_28079017_14_6,O3,http://dd.eionet.europa.eu/vocabulary/aq/pollutant/7,hour,105.7000000000,µg/m3,2017-05-04 15:00:00 +01:00,2017-05-04 16:00:00 +01:00,1,1
ES,ES.BDCA.AQD,NET_ES131A,STA_ES0125A,,SP_28079017_14_6,SPP_28079017_14_6.1,SAM_28079017_14_6,O3,http://dd.eionet.europa.eu/vocabulary/aq/pollutant/7,hour,107.3000000000,µg/m3,2017-05-04 16:00:00 +01:00,2017-05-04 17:00:00 +01:00,1,1
ES,ES.BDCA.AQD,NET_ES131A,STA_ES0125A,,SP_28079017_14_6,SPP_28079017_14_6.1,SAM_28079017_14_6,O3,http://dd.eionet.europa.eu/vocabulary/aq/pollutant/7,hour,101.5999999900,µg/m3,2017-05-04 17:00:00 +01:00,2017-05-04 18:00:00 +01:00,1,1
ES,ES.BDCA.AQD,NET_ES131A,STA_ES0125A,,SP_28079017_14_6,SPP_28079017_14_6.1,SAM_28079017_14_6,O3,http://dd.eionet.europa.eu/vocabulary/aq/pollutant/7,hour,85.6400000000,µg/m3,2017-05-04 18:00:00 +01:00,2017-05-04 19:00:00 +01:00,1,1
ES,ES.BDCA.AQD,NET_ES131A,STA_ES0125A,,SP_28079017_14_6,SPP_28079017_14_6.1,SAM_28079017_14_6,O3,http://dd.eionet.europa.eu/vocabulary/aq/pollutant/7,hour,55.1800000000,µg/m3,2017-05-04 19:00:00 +01:00,2017-05-04 20:00:00 +01:00,1,1
ES,ES.BDCA.AQD,NET_ES131A,STA_ES0125A,,SP_28079017_14_6,SPP_28079017_14_6.1,SAM_28079017_14_6,O3,http://dd.eionet.europa.eu/vocabulary/aq/pollutant/7,hour,17.8099999900,µg/m3,2017-05-04 20:00:00 +01:00,2017-05-04 21:00:00 +01:00,1,1
ES,ES.BDCA.AQD,NET_ES131A,STA_ES0125A,,SP_28079017_14_6,SPP_28079017_14_6.1,SAM_28079017_14_6,O3,http://dd.eionet.europa.eu/vocabulary/aq/pollutant/7,hour,1.8700000000,µg/m3,2017-05-04 21:00:00 +01:00,2017-05-04 22:00:00 +01:00,1,1
ES,ES.BDCA.AQD,NET_ES131A,STA_ES0125A,,SP_28079017_14_6,SPP_28079017_14_6.1,SAM_28079017_14_6,O3,http://dd.eionet.europa.eu/vocabulary/aq/pollutant/7,hour,1.7200000000,µg/m3,2017-05-04 22:00:00 +01:00,2017-05-04 23:00:00 +01:00,1,1
ES,ES.BDCA.AQD,NET_ES131A,STA_ES0125A,,SP_28079017_14_6,SPP_28079017_14_6.1,SAM_28079017_14_6,O3,http://dd.eionet.europa.eu/vocabulary/aq/pollutant/7,hour,1.2200000000,µg/m3,2017-05-04 23:00:00 +01:00,2017-05-05 00:00:00 +01:00,1,1
ES,ES.BDCA.AQD,NET_ES131A,STA_ES0125A,,SP_28079017_14_6,SPP_28079017_14_6.1,SAM_28079017_14_6,O3,http://dd.eionet.europa.eu/vocabulary/aq/pollutant/7,hour,7.7500000000,µg/m3,2017-05-05 00:00:00 +01:00,2017-05-05 01:00:00 +01:00,1,1
ES,ES.BDCA.AQD,NET_ES131A,STA_ES0125A,,SP_28079017_14_6,SPP_28079017_14_6.1,SAM_28079017_14_6,O3,http://dd.eionet.europa.eu/vocabulary/aq/pollutant/7,hour,32.5600000000,µg/m3,2017-05-05 01:00:00 +01:00,2017-05-05 02:00:00 +01:00,1,1
ES,ES.BDCA.AQD,NET_ES131A,STA_ES0125A,,SP_28079017_14_6,SPP_28079017_14_6.1,SAM_28079017_14_6,O3,http://dd.eionet.europa.eu/vocabulary/aq/pollutant/7,hour,13.1000000000,µg/m3,2017-05-05 02:00:00 +01:00,2017-05-05 03:00:00 +01:00,1,1
ES,ES.BDCA.AQD,NET_ES131A,STA_ES0125A,,SP_28079017_14_6,SPP_28079017_14_6.1,SAM_28079017_14_6,O3,http://dd.eionet.europa.eu/vocabulary/aq/pollutant/7,hour,38.7000000000,µg/m3,2017-05-05 03:00:00 +01:00,2017-05-05 04:00:00 +01:00,1,1
ES,ES.BDCA.AQD,NET_ES131A,STA_ES0125A,,SP_28079017_14_6,SPP_28079017_14_6.1,SAM_28079017_14_6,O3,http://dd.eionet.europa.eu/vocabulary/aq/pollutant/7,hour,59.9300000000,µg/m3,2017-05-05 04:00:00 +01:00,2017-05-05 05:00:00 +01:00,1,1
ES,ES.BDCA.AQD,NET_ES131A,STA_ES0125A,,SP_28079017_14_6,SPP_28079017_14_6.1,SAM_28079017_14_6,O3,http://dd.eionet.europa.eu/vocabulary/aq/pollutant/7,hour,50.6400000000,µg/m3,2017-05-05 05:00:00 +01:00,2017-05-05 06:00:00 +01:00,1,1
ES,ES.BDCA.AQD,NET_ES131A,STA_ES0125A,,SP_28079017_14_6,SPP_28079017_14_6.1,SAM_28079017_14_6,O3,http://dd.eionet.europa.eu/vocabulary/aq/pollutant/7,hour,33.0300000000,µg/m3,2017-05-05 06:00:00 +01:00,2017-05-05 07:00:00 +01:00,1,1
ES,ES.BDCA.AQD,NET_ES131A,STA_ES0125A,,SP_28079017_14_6,SPP_28079017_14_6.1,SAM_28079017_14_6,O3,http://dd.eionet.europa.eu/vocabulary/aq/pollutant/7,hour,18.4100000000,µg/m3,2017-05-05 07:00:00 +01:00,2017-05-05 08:00:00 +01:00,1,1
ES,ES.BDCA.AQD,NET_ES131A,STA_ES0125A,,SP_28079017_14_6,SPP_28079017_14_6.1,SAM_28079017_14_6,O3,http://dd.eionet.europa.eu/vocabulary/aq/pollutant/7,hour,28.0200000000,µg/m3,2017-05-05 08:00:00 +01:00,2017-05-05 09:00:00 +01:00,1,1
ES,ES.BDCA.AQD,NET_ES131A,STA_ES0125A,,SP_28079017_14_6,SPP_28079017_14_6.1,SAM_28079017_14_6,O3,http://dd.eionet.europa.eu/vocabulary/aq/pollutant/7,hour,52.4500000000,µg/m3,2017-05-05 09:00:00 +01:00,2017-05-05 10:00:00 +01:00,1,1
ES,ES.BDCA.AQD,NET_ES131A,STA_ES0125A,,SP_28079017_14_6,SPP_28079017_14_6.1,SAM_28079017_14_6,O3,http://dd.eionet.europa.eu/vocabulary/aq/pollutant/7,hour,60.4300000000,µg/m3,2017-05-05 10:00:00 +01:00,2017-05-05 11:00:00 +01:00,1,1
ES,ES.BDCA.AQD,NET_ES131A,STA_ES0125A,,SP_28079017_14_6,SPP_28079017_14_6.1,SAM_28079017_14_6,O3,http://dd.eionet.europa.eu/vocabulary/aq/pollutant/7,hour,73.8100000000,µg/m3,2017-05-05 11:00:00 +01:00,2017-05-05 12:00:00 +01:00,1,1
ES,ES.BDCA.AQD,NET_ES131A,STA_ES0125A,,SP_28079017_14_6,SPP_28079017_14_6.1,SAM_28079017_14_6,O3,http://dd.eionet.europa.eu/vocabulary/aq/pollutant/7,hour,74.2399999900,µg/m3,2017-05-05 12:00:00 +01:00,2017-05-05 13:00:00 +01:00,1,1
ES,ES.BDCA.AQD,NET_ES131A,STA_ES0125A,,SP_28079017_14_6,SPP_28079017_14_6.1,SAM_28079017_14_6,O3,http://dd.eionet.europa.eu/vocabulary/aq/pollutant/7,hour,68.9200000000,µg/m3,2017-05-05 13:00:00 +01:00,2017-05-05 14:00:00 +01:00,1,1
ES,ES.BDCA.AQD,NET_ES131A,STA_ES0125A,,SP_28079017_14_6,SPP_28079017_14_6.1,SAM_28079017_14_6,O3,http://dd.eionet.europa.eu/vocabulary/aq/pollutant/7,hour,58.6599999900,µg/m3,2017-05-05 14:00:00 +01:00,2017-05-05 15:00:00 +01:00,1,1
ES,ES.BDCA.AQD,NET_ES131A,STA_ES0125A,,SP_28079017_14_6,SPP_28079017_14_6.1,SAM_28079017_14_6,O3,http://dd.eionet.europa.eu/vocabulary/aq/pollutant/7,hour,65.3499999900,µg/m3,2017-05-05 15:00:00 +01:00,2017-05-05 16:00:00 +01:00,1,1
ES,ES.BDCA.AQD,NET_ES131A,STA_ES0125A,,SP_28079017_14_6,SPP_28079017_14_6.1,SAM_28079017_14_6,O3,http://dd.eionet.europa.eu/vocabulary/aq/pollutant/7,hour,67.0199999900,µg/m3,2017-05-05 16:00:00 +01:00,2017-05-05 17:00:00 +01:00,1,1
ES,ES.BDCA.AQD,NET_ES131A,STA_ES0125A,,SP_28079017_14_6,SPP_28079017_14_6.1,SAM_28079017_14_6,O3,http://dd.eionet.europa.eu/vocabulary/aq/pollutant/7,hour,67.8700000000,µg/m3,2017-05-05 17:00:00 +01:00,2017-05-05 18:00:00 +01:00,1,1
ES,ES.BDCA.AQD,NET_ES131A,STA_ES0125A,,SP_28079017_14_6,SPP_28079017_14_6.1,SAM_28079017_14_6,O3,http://dd.eionet.europa.eu/vocabulary/aq/pollutant/7,hour,72.0100000000,µg/m3,2017-05-05 18:00:00 +01:00,2017-05-05 19:00:00 +01:00,1,1
ES,ES.BDCA.AQD,NET_ES131A,STA_ES0125A,,SP_28079017_14_6,SPP_28079017_14_6.1,SAM_28079017_14_6,O3,http://dd.eionet.europa.eu/vocabulary/aq/pollutant/7,hour,74.5400000000,µg/m3,2017-05-05 19:00:00 +01:00,2017-05-05 20:00:00 +01:00,1,1
ES,ES.BDCA.AQD,NET_ES131A,STA_ES0125A,,SP_28079017_14_6,SPP_28079017_14_6.1,SAM_28079017_14_6,O3,http://dd.eionet.europa.eu/vocabulary/aq/pollutant/7,hour,74.4200000000,µg/m3,2017-05-05 20:00:00 +01:00,2017-05-05 21:00:00 +01:00,1,1
ES,ES.BDCA.AQD,NET_ES131A,STA_ES0125A,,SP_28079017_14_6,SPP_28079017_14_6.1,SAM_28079017_14_6,O3,http://dd.eionet.europa.eu/vocabulary/aq/pollutant/7,hour,68.5300000000,µg/m3,2017-05-05 21:00:00 +01:00,2017-05-05 22:00:00 +01:00,1,1
ES,ES.BDCA.AQD,NET_ES131A,STA_ES0125A,,SP_28079017_14_6,SPP_28079017_14_6.1,SAM_28079017_14_6,O3,http://dd.eionet.europa.eu/vocabulary/aq/pollutant/7,hour,67.5999999900,µg/m3,2017-05-05 22:00:00 +01:00,2017-05-05 23:00:00 +01:00,1,1
ES,ES.BDCA.AQD,NET_ES131A,STA_ES0125A,,SP_28079017_14_6,SPP_28079017_14_6.1,SAM_28079017_14_6,O3,http://dd.eionet.europa.eu/vocabulary/aq/pollutant/7,hour,62.0000000000,µg/m3,2017-05-05 23:00:00 +01:00,2017-05-06 00:00:00 +01:00,1,1
ES,ES.BDCA.AQD,NET_ES131A,STA_ES0125A,,SP_28079017_14_6,SPP_28079017_14_6.1,SAM_28079017_14_6,O3,http://dd.eionet.europa.eu/vocabulary/aq/pollutant/7,hour,55.9300000000,µg/m3,2017-05-06 00:00:00 +01:00,2017-05-06 01:00:00 +01:00,1,1
ES,ES.BDCA.AQD,NET_ES131A,STA_ES0125A,,SP_28079017_14_6,SPP_28079017_14_6.1,SAM_28079017_14_6,O3,http://dd.eionet.europa.eu/vocabulary/aq/pollutant/7,hour,60.3800000000,µg/m3,2017-05-06 01:00:00 +01:00,2017-05-06 02:00:00 +01:00,1,1
ES,ES.BDCA.AQD,NET_ES131A,STA_ES0125A,,SP_28079017_14_6,SPP_28079017_14_6.1,SAM_28079017_14_6,O3,http://dd.eionet.europa.eu/vocabulary/aq/pollutant/7,hour,64.7600000000,µg/m3,2017-05-06 02:00:00 +01:00,2017-05-06 03:00:00 +01:00,1,1
ES,ES.BDCA.AQD,NET_ES131A,STA_ES0125A,,SP_28079017_14_6,SPP_28079017_14_6.1,SAM_28079017_14_6,O3,http://dd.eionet.europa.eu/vocabulary/aq/pollutant/7,hour,65.3199999900,µg/m3,2017-05-06 03:00:00 +01:00,2017-05-06 04:00:00 +01:00,1,1
ES,ES.BDCA.AQD,NET_ES131A,STA_ES0125A,,SP_28079017_14_6,SPP_28079017_14_6.1,SAM_28079017_14_6,O3,http://dd.eionet.europa.eu/vocabulary/aq/pollutant/7,hour,62.1800000000,µg/m3,2017-05-06 04:00:00 +01:00,2017-05-06 05:00:00 +01:00,1,1
ES,ES.BDCA.AQD,NET_ES131A,STA_ES0125A,,SP_28079017_14_6,SPP_28079017_14_6.1,SAM_28079017_14_6,O3,http://dd.eionet.europa.eu/vocabulary/aq/pollutant/7,hour,51.0300000000,µg/m3,2017-05-06 05:00:00 +01:00,2017-05-06 06:00:00 +01:00,1,1
ES,ES.BDCA.AQD,NET_ES131A,STA_ES0125A,,SP_28079017_14_6,SPP_28079017_14_6.1,SAM_28079017_14_6,O3,http://dd.eionet.europa.eu/vocabulary/aq/pollutant/7,hour,33.7899999900,µg/m3,2017-05-06 06:00:00 +01:00,2017-05-06 07:00:00 +01:00,1,1
ES,ES.BDCA.AQD,NET_ES131A,STA_ES0125A,,SP_28079017_14_6,SPP_28079017_14_6.1,SAM_28079017_14_6,O3,http://dd.eionet.europa.eu/vocabulary/aq/pollutant/7,hour,26.4300000000,µg/m3,2017-05-06 07:00:00 +01:00,2017-05-06 08:00:00 +01:00,1,1
ES,ES.BDCA.AQD,NET_ES131A,STA_ES0125A,,SP_28079017_14_6,SPP_28079017_14_6.1,SAM_28079017_14_6,O3,http://dd.eionet.europa.eu/vocabulary/aq/pollutant/7,hour,49.1700000000,µg/m3,2017-05-06 08:00:00 +01:00,2017-05-06 09:00:00 +01:00,1,1
ES,ES.BDCA.AQD,NET_ES131A,STA_ES0125A,,SP_28079017_14_6,SPP_28079017_14_6.1,SAM_28079017_14_6,O3,http://dd.eionet.europa.eu/vocabulary/aq/pollutant/7,hour,58.1199999900,µg/m3,2017-05-06 09:00:00 +01:00,2017-05-06 10:00:00 +01:00,1,1
ES,ES.BDCA.AQD,NET_ES131A,STA_ES0125A,,SP_28079017_14_6,SPP_28079017_14_6.1,SAM_28079017_14_6,O3,http://dd.eionet.europa.eu/vocabulary/aq/pollutant/7,hour,64.9200000000,µg/m3,2017-05-06 10:00:00 +01:00,2017-05-06 11:00:00 +01:00,1,1
ES,ES.BDCA.AQD,NET_ES131A,STA_ES0125A,,SP_28079017_14_6,SPP_28079017_14_6.1,SAM_28079017_14_6,O3,http://dd.eionet.europa.eu/vocabulary/aq/pollutant/7,hour,73.7900000000,µg/m3,2017-05-06 11:00:00 +01:00,2017-05-06 12:00:00 +01:00,1,1
ES,ES.BDCA.AQD,NET_ES131A,STA_ES0125A,,SP_28079017_14_6,SPP_28079017_14_6.1,SAM_28079017_14_6,O3,http://dd.eionet.europa.eu/vocabulary/aq/pollutant/7,hour,76.1200000000,µg/m3,2017-05-06 12:00:00 +01:00,2017-05-06 13:00:00 +01:00,1,1
ES,ES.BDCA.AQD,NET_ES131A,STA_ES0125A,,SP_28079017_14_6,SPP_28079017_14_6.1,SAM_28079017_14_6,O3,http://dd.eionet.europa.eu/vocabulary/aq/pollutant/7,hour,77.8199999900,µg/m3,2017-05-06 13:00:00 +01:00,2017-05-06 14:00:00 +01:00,1,1
ES,ES.BDCA.AQD,NET_ES131A,STA_ES0125A,,SP_28079017_14_6,SPP_28079017_14_6.1,SAM_28079017_14_6,O3,http://dd.eionet.europa.eu/vocabulary/aq/pollutant/7,hour,80.8799999900,µg/m3,2017-05-06 14:00:00 +01:00,2017-05-06 15:00:00 +01:00,1,1
ES,ES.BDCA.AQD,NET_ES131A,STA_ES0125A,,SP_28079017_14_6,SPP_28079017_14_6.1,SAM_28079017_14_6,O3,http://dd.eionet.europa.eu/vocabulary/aq/pollutant/7,hour,80.6700000000,µg/m3,2017-05-06 15:00:00 +01:00,2017-05-06 16:00:00 +01:00,1,1
ES,ES.BDCA.AQD,NET_ES131A,STA_ES0125A,,SP_28079017_14_6,SPP_28079017_14_6.1,SAM_28079017_14_6,O3,http://dd.eionet.europa.eu/vocabulary/aq/pollutant/7,hour,82.2800000000,µg/m3,2017-05-06 16:00:00 +01:00,2017-05-06 17:00:00 +01:00,1,1
ES,ES.BDCA.AQD,NET_ES131A,STA_ES0125A,,SP_28079017_14_6,SPP_28079017_14_6.1,SAM_28079017_14_6,O3,http://dd.eionet.europa.eu/vocabulary/aq/pollutant/7,hour,81.3799999900,µg/m3,2017-05-06 17:00:00 +01:00,2017-05-06 18:00:00 +01:00,1,1
ES,ES.BDCA.AQD,NET_ES131A,STA_ES0125A,,SP_28079017_14_6,SPP_28079017_14_6.1,SAM_28079017_14_6,O3,http://dd.eionet.europa.eu/vocabulary/aq/pollutant/7,hour,75.4800000000,µg/m3,2017-05-06 18:00:00 +01:00,2017-05-06 19:00:00 +01:00,1,1
ES,ES.BDCA.AQD,NET_ES131A,STA_ES0125A,,SP_28079017_14_6,SPP_28079017_14_6.1,SAM_28079017_14_6,O3,http://dd.eionet.europa.eu/vocabulary/aq/pollutant/7,hour,64.2500000000,µg/m3,2017-05-06 19:00:00 +01:00,2017-05-06 20:00:00 +01:00,1,1
ES,ES.BDCA.AQD,NET_ES131A,STA_ES0125A,,SP_28079017_14_6,SPP_28079017_14_6.1,SAM_28079017_14_6,O3,http://dd.eionet.europa.eu/vocabulary/aq/pollutant/7,hour,49.9699999900,µg/m3,2017-05-06 20:00:00 +01:00,2017-05-06 21:00:00 +01:00,1,1
ES,ES.BDCA.AQD,NET_ES131A,STA_ES0125A,,SP_28079017_14_6,SPP_28079017_14_6.1,SAM_28079017_14_6,O3,http://dd.eionet.europa.eu/vocabulary/aq/pollutant/7,hour,43.8500000000,µg/m3,2017-05-06 21:00:00 +01:00,2017-05-06 22:00:00 +01:00,1,1
ES,ES.BDCA.AQD,NET_ES131A,STA_ES0125A,,SP_28079017_14_6,SPP_28079017_14_6.1,SAM_28079017_14_6,O3,http://dd.eionet.europa.eu/vocabulary/aq/pollutant/7,hour,41.8200000000,µg/m3,2017-05-06 22:00:00 +01:00,2017-05-06 23:00:00 +01:00,1,1
ES,ES.BDCA.AQD,NET_ES131A,STA_ES0125A,,SP_28079017_14_6,SPP_28079017_14_6.1,SAM_28079017_14_6,O3,http://dd.eionet.europa.eu/vocabulary/aq/pollutant/7,hour,24.0599999900,µg/m3,2017-05-06 23:00:00 +01:00,2017-05-07 00:00:00 +01:00,1,1
ES,ES.BDCA.AQD,NET_ES131A,STA_ES0125A,,SP_28079017_14_6,SPP_28079017_14_6.1,SAM_28079017_14_6,O3,http://dd.eionet.europa.eu/vocabulary/aq/pollutant/7,hour,11.9100000000,µg/m3,2017-05-07 00:00:00 +01:00,2017-05-07 01:00:00 +01:00,1,1
ES,ES.BDCA.AQD,NET_ES131A,STA_ES0125A,,SP_28079017_14_6,SPP_28079017_14_6.1,SAM_28079017_14_6,O3,http://dd.eionet.europa.eu/vocabulary/aq/pollutant/7,hour,13.5399999900,µg/m3,2017-05-07 01:00:00 +01:00,2017-05-07 02:00:00 +01:00,1,1
ES,ES.BDCA.AQD,NET_ES131A,STA_ES0125A,,SP_28079017_14_6,SPP_28079017_14_6.1,SAM_28079017_14_6,O3,http://dd.eionet.europa.eu/vocabulary/aq/pollutant/7,hour,10.6900000000,µg/m3,2017-05-07 02:00:00 +01:00,2017-05-07 03:00:00 +01:00,1,1
ES,ES.BDCA.AQD,NET_ES131A,STA_ES0125A,,SP_28079017_14_6,SPP_28079017_14_6.1,SAM_28079017_14_6,O3,http://dd.eionet.europa.eu/vocabulary/aq/pollutant/7,hour,7.1600000000,µg/m3,2017-05-07 03:00:00 +01:00,2017-05-07 04:00:00 +01:00,1,1
ES,ES.BDCA.AQD,NET_ES131A,STA_ES0125A,,SP_28079017_14_6,SPP_28079017_14_6.1,SAM_28079017_14_6,O3,http://dd.eionet.europa.eu/vocabulary/aq/pollutant/7,hour,1.8400000000,µg/m3,2017-05-07 04:00:00 +01:00,2017-05-07 05:00:00 +01:00,1,1
ES,ES.BDCA.AQD,NET_ES131A,STA_ES0125A,,SP_28079017_14_6,SPP_28079017_14_6.1,SAM_28079017_14_6,O3,http://dd.eionet.europa.eu/vocabulary/aq/pollutant/7,hour,1.6200000000,µg/m3,2017-05-07 05:00:00 +01:00,2017-05-07 06:00:00 +01:00,1,1
ES,ES.BDCA.AQD,NET_ES131A,STA_ES0125A,,SP_28079017_14_6,SPP_28079017_14_6.1,SAM_28079017_14_6,O3,http://dd.eionet.europa.eu/vocabulary/aq/pollutant/7,hour,2.3599999900,µg/m3,2017-05-07 06:00:00 +01:00,2017-05-07 07:00:00 +01:00,1,1
ES,ES.BDCA.AQD,NET_ES131A,STA_ES0125A,,SP_28079017_14_6,SPP_28079017_14_6.1,SAM_28079017_14_6,O3,http://dd.eionet.europa.eu/vocabulary/aq/pollutant/7,hour,16.0100000000,µg/m3,2017-05-07 07:00:00 +01:00,2017-05-07 08:00:00 +01:00,1,1
ES,ES.BDCA.AQD,NET_ES131A,STA_ES0125A,,SP_28079017_14_6,SPP_28079017_14_6.1,SAM_28079017_14_6,O3,http://dd.eionet.europa.eu/vocabulary/aq/pollutant/7,hour,39.3299999900,µg/m3,2017-05-07 08:00:00 +01:00,2017-05-07 09:00:00 +01:00,1,1
ES,ES.BDCA.AQD,NET_ES131A,STA_ES0125A,,SP_28079017_14_6,SPP_28079017_14_6.1,SAM_28079017_14_6,O3,http://dd.eionet.europa.eu/vocabulary/aq/pollutant/7,hour,67.3499999900,µg/m3,2017-05-07 09:00:00 +01:00,2017-05-07 10:00:00 +01:00,1,1
ES,ES.BDCA.AQD,NET_ES131A,STA_ES0125A,,SP_28079017_14_6,SPP_28079017_14_6.1,SAM_28079017_14_6,O3,http://dd.eionet.europa.eu/vocabulary/aq/pollutant/7,hour,80.6299999900,µg/m3,2017-05-07 10:00:00 +01:00,2017-05-07 11:00:00 +01:00,1,1
ES,ES.BDCA.AQD,NET_ES131A,STA_ES0125A,,SP_28079017_14_6,SPP_28079017_14_6.1,SAM_28079017_14_6,O3,http://dd.eionet.europa.eu/vocabulary/aq/pollutant/7,hour,90.0000000000,µg/m3,2017-05-07 11:00:00 +01:00,2017-05-07 12:00:00 +01:00,1,1
ES,ES.BDCA.AQD,NET_ES131A,STA_ES0125A,,SP_28079017_14_6,SPP_28079017_14_6.1,SAM_28079017_14_6,O3,http://dd.eionet.europa.eu/vocabulary/aq/pollutant/7,hour,95.4099999900,µg/m3,2017-05-07 12:00:00 +01:00,2017-05-07 13:00:00 +01:00,1,1
ES,ES.BDCA.AQD,NET_ES131A,STA_ES0125A,,SP_28079017_14_6,SPP_28079017_14_6.1,SAM_28079017_14_6,O3,http://dd.eionet.europa.eu/vocabulary/aq/pollutant/7,hour,98.1800000000,µg/m3,2017-05-07 13:00:00 +01:00,2017-05-07 14:00:00 +01:00,1,1
ES,ES.BDCA.AQD,NET_ES131A,STA_ES0125A,,SP_28079017_14_6,SPP_28079017_14_6.1,SAM_28079017_14_6,O3,http://dd.eionet.europa.eu/vocabulary/aq/pollutant/7,hour,99.7800000000,µg/m3,2017-05-07 14:00:00 +01:00,2017-05-07 15:00:00 +01:00,1,1
ES,ES.BDCA.AQD,NET_ES131A,STA_ES0125A,,SP_28079017_14_6,SPP_28079017_14_6.1,SAM_28079017_14_6,O3,http://dd.eionet.europa.eu/vocabulary/aq/pollutant/7,hour,99.9000000000,µg/m3,2017-05-07 15:00:00 +01:00,2017-05-07 16:00:00 +01:00,1,1
ES,ES.BDCA.AQD,NET_ES131A,STA_ES0125A,,SP_28079017_14_6,SPP_28079017_14_6.1,SAM_28079017_14_6,O3,http://dd.eionet.europa.eu/vocabulary/aq/pollutant/7,hour,101.0999999900,µg/m3,2017-05-07 16:00:00 +01:00,2017-05-07 17:00:00 +01:00,1,1
ES,ES.BDCA.AQD,NET_ES131A,STA_ES0125A,,SP_28079017_14_6,SPP_28079017_14_6.1,SAM_28079017_14_6,O3,http://dd.eionet.europa.eu/vocabulary/aq/pollutant/7,hour,96.6899999900,µg/m3,2017-05-07 17:00:00 +01:00,2017-05-07 18:00:00 +01:00,1,1
ES,ES.BDCA.AQD,NET_ES131A,STA_ES0125A,,SP_28079017_14_6,SPP_28079017_14_6.1,SAM_28079017_14_6,O3,http://dd.eionet.europa.eu/vocabulary/aq/pollutant/7,hour,93.2300000000,µg/m3,2017-05-07 18:00:00 +01:00,2017-05-07 19:00:00 +01:00,1,1
ES,ES.BDCA.AQD,NET_ES131A,STA_ES0125A,,SP_28079017_14_6,SPP_28079017_14_6.1,SAM_28079017_14_6,O3,http://dd.eionet.europa.eu/vocabulary/aq/pollutant/7,hour,86.4099999900,µg/m3,2017-05-07 19:00:00 +01:00,2017-05-07 20:00:00 +01:00,1,1
ES,ES.BDCA.AQD,NET_ES131A,STA_ES0125A,,SP_28079017_14_6,SPP_28079017_14_6.1,SAM_28079017_14_6,O3,http://dd.eionet.europa.eu/vocabulary/aq/pollutant/7,hour,61.2299999900,µg/m3,2017-05-07 20:00:00 +01:00,2017-05-07 21:00:00 +01:00,1,1
ES,ES.BDCA.AQD,NET_ES131A,STA_ES0125A,,SP_28079017_14_6,SPP_28079017_14_6.1,SAM_28079017_14_6,O3,http://dd.eionet.europa.eu/vocabulary/aq/pollutant/7,hour,17.7500000000,µg/m3,2017-05-07 21:00:00 +01:00,2017-05-07 22:00:00 +01:00,1,1
ES,ES.BDCA.AQD,NET_ES131A,STA_ES0125A,,SP_28079017_14_6,SPP_28079017_14_6.1,SAM_28079017_14_6,O3,http://dd.eionet.europa.eu/vocabulary/aq/pollutant/7,hour,2.0000000000,µg/m3,2017-05-07 22:00:00 +01:00,2017-05-07 23:00:00 +01:00,1,1
ES,ES.BDCA.AQD,NET_ES131A,STA_ES0125A,,SP_28079017_14_6,SPP_28079017_14_6.1,SAM_28079017_14_6,O3,http://dd.eionet.europa.eu/vocabulary/aq/pollutant/7,hour,1.5300000000,µg/m3,2017-05-07 23:00:00 +01:00,2017-05-08 00:00:00 +01:00,1,1
ES,ES.BDCA.AQD,NET_ES131A,STA_ES0125A,,SP_28079017_14_6,SPP_28079017_14_6.1,SAM_28079017_14_6,O3,http://dd.eionet.europa.eu/vocabulary/aq/pollutant/7,hour,18.9800000000,µg/m3,2017-05-08 00:00:00 +01:00,2017-05-08 01:00:00 +01:00,1,1
ES,ES.BDCA.AQD,NET_ES131A,STA_ES0125A,,SP_28079017_14_6,SPP_28079017_14_6.1,SAM_28079017_14_6,O3,http://dd.eionet.europa.eu/vocabulary/aq/pollutant/7,hour,56.1899999900,µg/m3,2017-05-08 01:00:00 +01:00,2017-05-08 02:00:00 +01:00,1,1
ES,ES.BDCA.AQD,NET_ES131A,STA_ES0125A,,SP_28079017_14_6,SPP_28079017_14_6.1,SAM_28079017_14_6,O3,http://dd.eionet.europa.eu/vocabulary/aq/pollutant/7,hour,62.7999999900,µg/m3,2017-05-08 02:00:00 +01:00,2017-05-08 03:00:00 +01:00,1,1
ES,ES.BDCA.AQD,NET_ES131A,STA_ES0125A,,SP_28079017_14_6,SPP_28079017_14_6.1,SAM_28079017_14_6,O3,http://dd.eionet.europa.eu/vocabulary/aq/pollutant/7,hour,66.5000000000,µg/m3,2017-05-08 03:00:00 +01:00,2017-05-08 04:00:00 +01:00,1,1
ES,ES.BDCA.AQD,NET_ES131A,STA_ES0125A,,SP_28079017_14_6,SPP_28079017_14_6.1,SAM_28079017_14_6,O3,http://dd.eionet.europa.eu/vocabulary/aq/pollutant/7,hour,60.5099999900,µg/m3,2017-05-08 04:00:00 +01:00,2017-05-08 05:00:00 +01:00,1,1
ES,ES.BDCA.AQD,NET_ES131A,STA_ES0125A,,SP_28079017_14_6,SPP_28079017_14_6.1,SAM_28079017_14_6,O3,http://dd.eionet.europa.eu/vocabulary/aq/pollutant/7,hour,47.2500000000,µg/m3,2017-05-08 05:00:00 +01:00,2017-05-08 06:00:00 +01:00,1,1
ES,ES.BDCA.AQD,NET_ES131A,STA_ES0125A,,SP_28079017_14_6,SPP_28079017_14_6.1,SAM_28079017_14_6,O3,http://dd.eionet.europa.eu/vocabulary/aq/pollutant/7,hour,28.0100000000,µg/m3,2017-05-08 06:00:00 +01:00,2017-05-08 07:00:00 +01:00,1,1
ES,ES.BDCA.AQD,NET_ES131A,STA_ES0125A,,SP_28079017_14_6,SPP_28079017_14_6.1,SAM_28079017_14_6,O3,http://dd.eionet.europa.eu/vocabulary/aq/pollutant/7,hour,18.5900000000,µg/m3,2017-05-08 07:00:00 +01:00,2017-05-08 08:00:00 +01:00,1,1
ES,ES.BDCA.AQD,NET_ES131A,STA_ES0125A,,SP_28079017_14_6,SPP_28079017_14_6.1,SAM_28079017_14_6,O3,http://dd.eionet.europa.eu/vocabulary/aq/pollutant/7,hour,18.5300000000,µg/m3,2017-05-08 08:00:00 +01:00,2017-05-08 09:00:00 +01:00,1,1
ES,ES.BDCA.AQD,NET_ES131A,STA_ES0125A,,SP_28079017_14_6,SPP_28079017_14_6.1,SAM_28079017_14_6,O3,http://dd.eionet.europa.eu/vocabulary/aq/pollutant/7,hour,32.5200000000,µg/m3,2017-05-08 09:00:00 +01:00,2017-05-08 10:00:00 +01:00,1,1
ES,ES.BDCA.AQD,NET_ES131A,STA_ES0125A,,SP_28079017_14_6,SPP_28079017_14_6.1,SAM_28079017_14_6,O3,http://dd.eionet.europa.eu/vocabulary/aq/pollutant/7,hour,46.0200000000,µg/m3,2017-05-08 10:00:00 +01:00,2017-05-08 11:00:00 +01:00,1,1
ES,ES.BDCA.AQD,NET_ES131A,STA_ES0125A,,SP_28079017_14_6,SPP_28079017_14_6.1,SAM_28079017_14_6,O3,http://dd.eionet.europa.eu/vocabulary/aq/pollutant/7,hour,73.9000000000,µg/m3,2017-05-08 11:00:00 +01:00,2017-05-08 12:00:00 +01:00,1,1
ES,ES.BDCA.AQD,NET_ES131A,STA_ES0125A,,SP_28079017_14_6,SPP_28079017_14_6.1,SAM_28079017_14_6,O3,http://dd.eionet.europa.eu/vocabulary/aq/pollutant/7,hour,84.7800000000,µg/m3,2017-05-08 12:00:00 +01:00,2017-05-08 13:00:00 +01:00,1,1
ES,ES.BDCA.AQD,NET_ES131A,STA_ES0125A,,SP_28079017_14_6,SPP_28079017_14_6.1,SAM_28079017_14_6,O3,http://dd.eionet.europa.eu/vocabulary/aq/pollutant/7,hour,89.1500000000,µg/m3,2017-05-08 13:00:00 +01:00,2017-05-08 14:00:00 +01:00,1,1
ES,ES.BDCA.AQD,NET_ES131A,STA_ES0125A,,SP_28079017_14_6,SPP_28079017_14_6.1,SAM_28079017_14_6,O3,http://dd.eionet.europa.eu/vocabulary/aq/pollutant/7,hour,94.5100000000,µg/m3,2017-05-08 14:00:00 +01:00,2017-05-08 15:00:00 +01:00,1,1
ES,ES.BDCA.AQD,NET_ES131A,STA_ES0125A,,SP_28079017_14_6,SPP_28079017_14_6.1,SAM_28079017_14_6,O3,http://dd.eionet.europa.eu/vocabulary/aq/pollutant/7,hour,102.5999999900,µg/m3,2017-05-08 15:00:00 +01:00,2017-05-08 16:00:00 +01:00,1,1
ES,ES.BDCA.AQD,NET_ES131A,STA_ES0125A,,SP_28079017_14_6,SPP_28079017_14_6.1,SAM_28079017_14_6,O3,http://dd.eionet.europa.eu/vocabulary/aq/pollutant/7,hour,107.0999999900,µg/m3,2017-05-08 16:00:00 +01:00,2017-05-08 17:00:00 +01:00,1,1
ES,ES.BDCA.AQD,NET_ES131A,STA_ES0125A,,SP_28079017_14_6,SPP_28079017_14_6.1,SAM_28079017_14_6,O3,http://dd.eionet.europa.eu/vocabulary/aq/pollutant/7,hour,99.2800000000,µg/m3,2017-05-08 17:00:00 +01:00,2017-05-08 18:00:00 +01:00,1,1
ES,ES.BDCA.AQD,NET_ES131A,STA_ES0125A,,SP_28079017_14_6,SPP_28079017_14_6.1,SAM_28079017_14_6,O3,http://dd.eionet.europa.eu/vocabulary/aq/pollutant/7,hour,91.4000000000,µg/m3,2017-05-08 18:00:00 +01:00,2017-05-08 19:00:00 +01:00,1,1
ES,ES.BDCA.AQD,NET_ES131A,STA_ES0125A,,SP_28079017_14_6,SPP_28079017_14_6.1,SAM_28079017_14_6,O3,http://dd.eionet.europa.eu/vocabulary/aq/pollutant/7,hour,71.2800000000,µg/m3,2017-05-08 19:00:00 +01:00,2017-05-08 20:00:00 +01:00,1,1
ES,ES.BDCA.AQD,NET_ES131A,STA_ES0125A,,SP_28079017_14_6,SPP_28079017_14_6.1,SAM_28079017_14_6,O3,http://dd.eionet.europa.eu/vocabulary/aq/pollutant/7,hour,22.5900000000,µg/m3,2017-05-08 20:00:00 +01:00,2017-05-08 21:00:00 +01:00,1,1
ES,ES.BDCA.AQD,NET_ES131A,STA_ES0125A,,SP_28079017_14_6,SPP_28079017_14_6.1,SAM_28079017_14_6,O3,http://dd.eionet.europa.eu/vocabulary/aq/pollutant/7,hour,2.1400000000,µg/m3,2017-05-08 21:00:00 +01:00,2017-05-08 22:00:00 +01:00,1,1
ES,ES.BDCA.AQD,NET_ES131A,STA_ES0125A,,SP_28079017_14_6,SPP_28079017_14_6.1,SAM_28079017_14_6,O3,http://dd.eionet.europa.eu/vocabulary/aq/pollutant/7,hour,2.7700000000,µg/m3,2017-05-08 22:00:00 +01:00,2017-05-08 23:00:00 +01:00,1,1
ES,ES.BDCA.AQD,NET_ES131A,STA_ES0125A,,SP_28079017_14_6,SPP_28079017_14_6.1,SAM_28079017_14_6,O3,http://dd.eionet.europa.eu/vocabulary/aq/pollutant/7,hour,2.0099999900,µg/m3,2017-05-08 23:00:00 +01:00,2017-05-09 00:00:00 +01:00,1,1
ES,ES.BDCA.AQD,NET_ES131A,STA_ES0125A,,SP_28079017_14_6,SPP_28079017_14_6.1,SAM_28079017_14_6,O3,http://dd.eionet.europa.eu/vocabulary/aq/pollutant/7,hour,1.5200000000,µg/m3,2017-05-09 00:00:00 +01:00,2017-05-09 01:00:00 +01:00,1,1
ES,ES.BDCA.AQD,NET_ES131A,STA_ES0125A,,SP_28079017_14_6,SPP_28079017_14_6.1,SAM_28079017_14_6,O3,http://dd.eionet.europa.eu/vocabulary/aq/pollutant/7,hour,1.1299999900,µg/m3,2017-05-09 01:00:00 +01:00,2017-05-09 02:00:00 +01:00,1,1
ES,ES.BDCA.AQD,NET_ES131A,STA_ES0125A,,SP_28079017_14_6,SPP_28079017_14_6.1,SAM_28079017_14_6,O3,http://dd.eionet.europa.eu/vocabulary/aq/pollutant/7,hour,24.5500000000,µg/m3,2017-05-09 02:00:00 +01:00,2017-05-09 03:00:00 +01:00,1,1
ES,ES.BDCA.AQD,NET_ES131A,STA_ES0125A,,SP_28079017_14_6,SPP_28079017_14_6.1,SAM_28079017_14_6,O3,http://dd.eionet.europa.eu/vocabulary/aq/pollutant/7,hour,21.3799999900,µg/m3,2017-05-09 03:00:00 +01:00,2017-05-09 04:00:00 +01:00,1,1
ES,ES.BDCA.AQD,NET_ES131A,STA_ES0125A,,SP_28079017_14_6,SPP_28079017_14_6.1,SAM_28079017_14_6,O3,http://dd.eionet.europa.eu/vocabulary/aq/pollutant/7,hour,15.4900000000,µg/m3,2017-05-09 04:00:00 +01:00,2017-05-09 05:00:00 +01:00,1,1
ES,ES.BDCA.AQD,NET_ES131A,STA_ES0125A,,SP_28079017_14_6,SPP_28079017_14_6.1,SAM_28079017_14_6,O3,http://dd.eionet.europa.eu/vocabulary/aq/pollutant/7,hour,1.1699999900,µg/m3,2017-05-09 05:00:00 +01:00,2017-05-09 06:00:00 +01:00,1,1
ES,ES.BDCA.AQD,NET_ES131A,STA_ES0125A,,SP_28079017_14_6,SPP_28079017_14_6.1,SAM_28079017_14_6,O3,http://dd.eionet.europa.eu/vocabulary/aq/pollutant/7,hour,2.0099999900,µg/m3,2017-05-09 06:00:00 +01:00,2017-05-09 07:00:00 +01:00,1,1
ES,ES.BDCA.AQD,NET_ES131A,STA_ES0125A,,SP_28079017_14_6,SPP_28079017_14_6.1,SAM_28079017_14_6,O3,http://dd.eionet.europa.eu/vocabulary/aq/pollutant/7,hour,12.2799999900,µg/m3,2017-05-09 07:00:00 +01:00,2017-05-09 08:00:00 +01:00,1,1
ES,ES.BDCA.AQD,NET_ES131A,STA_ES0125A,,SP_28079017_14_6,SPP_28079017_14_6.1,SAM_28079017_14_6,O3,http://dd.eionet.europa.eu/vocabulary/aq/pollutant/7,hour,24.6499999900,µg/m3,2017-05-09 08:00:00 +01:00,2017-05-09 09:00:00 +01:00,1,1
ES,ES.BDCA.AQD,NET_ES131A,STA_ES0125A,,SP_28079017_14_6,SPP_28079017_14_6.1,SAM_28079017_14_6,O3,http://dd.eionet.europa.eu/vocabulary/aq/pollutant/7,hour,44.5000000000,µg/m3,2017-05-09 09:00:00 +01:00,2017-05-09 10:00:00 +01:00,1,1
ES,ES.BDCA.AQD,NET_ES131A,STA_ES0125A,,SP_28079017_14_6,SPP_28079017_14_6.1,SAM_28079017_14_6,O3,http://dd.eionet.europa.eu/vocabulary/aq/pollutant/7,hour,60.2800000000,µg/m3,2017-05-09 10:00:00 +01:00,2017-05-09 11:00:00 +01:00,1,1
ES,ES.BDCA.AQD,NET_ES131A,STA_ES0125A,,SP_28079017_14_6,SPP_28079017_14_6.1,SAM_28079017_14_6,O3,http://dd.eionet.europa.eu/vocabulary/aq/pollutant/7,hour,72.9599999900,µg/m3,2017-05-09 11:00:00 +01:00,2017-05-09 12:00:00 +01:00,1,1
ES,ES.BDCA.AQD,NET_ES131A,STA_ES0125A,,SP_28079017_14_6,SPP_28079017_14_6.1,SAM_28079017_14_6,O3,http://dd.eionet.europa.eu/vocabulary/aq/pollutant/7,hour,93.8100000000,µg/m3,2017-05-09 12:00:00 +01:00,2017-05-09 13:00:00 +01:00,1,1
ES,ES.BDCA.AQD,NET_ES131A,STA_ES0125A,,SP_28079017_14_6,SPP_28079017_14_6.1,SAM_28079017_14_6,O3,http://dd.eionet.europa.eu/vocabulary/aq/pollutant/7,hour,102.3000000000,µg/m3,2017-05-09 13:00:00 +01:00,2017-05-09 14:00:00 +01:00,1,1
ES,ES.BDCA.AQD,NET_ES131A,STA_ES0125A,,SP_28079017_14_6,SPP_28079017_14_6.1,SAM_28079017_14_6,O3,http://dd.eionet.europa.eu/vocabulary/aq/pollutant/7,hour,107.7000000000,µg/m3,2017-05-09 14:00:00 +01:00,2017-05-09 15:00:00 +01:00,1,1
ES,ES.BDCA.AQD,NET_ES131A,STA_ES0125A,,SP_28079017_14_6,SPP_28079017_14_6.1,SAM_28079017_14_6,O3,http://dd.eionet.europa.eu/vocabulary/aq/pollutant/7,hour,102.8000000000,µg/m3,2017-05-09 15:00:00 +01:00,2017-05-09 16:00:00 +01:00,1,1
ES,ES.BDCA.AQD,NET_ES131A,STA_ES0125A,,SP_28079017_14_6,SPP_28079017_14_6.1,SAM_28079017_14_6,O3,http://dd.eionet.europa.eu/vocabulary/aq/pollutant/7,hour,87.4899999900,µg/m3,2017-05-09 16:00:00 +01:00,2017-05-09 17:00:00 +01:00,1,1
ES,ES.BDCA.AQD,NET_ES131A,STA_ES0125A,,SP_28079017_14_6,SPP_28079017_14_6.1,SAM_28079017_14_6,O3,http://dd.eionet.europa.eu/vocabulary/aq/pollutant/7,hour,82.7300000000,µg/m3,2017-05-09 17:00:00 +01:00,2017-05-09 18:00:00 +01:00,1,1
ES,ES.BDCA.AQD,NET_ES131A,STA_ES0125A,,SP_28079017_14_6,SPP_28079017_14_6.1,SAM_28079017_14_6,O3,http://dd.eionet.europa.eu/vocabulary/aq/pollutant/7,hour,86.0999999900,µg/m3,2017-05-09 18:00:00 +01:00,2017-05-09 19:00:00 +01:00,1,1
ES,ES.BDCA.AQD,NET_ES131A,STA_ES0125A,,SP_28079017_14_6,SPP_28079017_14_6.1,SAM_28079017_14_6,O3,http://dd.eionet.europa.eu/vocabulary/aq/pollutant/7,hour,90.6700000000,µg/m3,2017-05-09 19:00:00 +01:00,2017-05-09 20:00:00 +01:00,1,1
ES,ES.BDCA.AQD,NET_ES131A,STA_ES0125A,,SP_28079017_14_6,SPP_28079017_14_6.1,SAM_28079017_14_6,O3,http://dd.eionet.europa.eu/vocabulary/aq/pollutant/7,hour,92.6099999900,µg/m3,2017-05-09 20:00:00 +01:00,2017-05-09 21:00:00 +01:00,1,1
ES,ES.BDCA.AQD,NET_ES131A,STA_ES0125A,,SP_28079017_14_6,SPP_28079017_14_6.1,SAM_28079017_14_6,O3,http://dd.eionet.europa.eu/vocabulary/aq/pollutant/7,hour,86.8900000000,µg/m3,2017-05-09 21:00:00 +01:00,2017-05-09 22:00:00 +01:00,1,1
ES,ES.BDCA.AQD,NET_ES131A,STA_ES0125A,,SP_28079017_14_6,SPP_28079017_14_6.1,SAM_28079017_14_6,O3,http://dd.eionet.europa.eu/vocabulary/aq/pollutant/7,hour,80.4000000000,µg/m3,2017-05-09 22:00:00 +01:00,2017-05-09 23:00:00 +01:00,1,1
ES,ES.BDCA.AQD,NET_ES131A,STA_ES0125A,,SP_28079017_14_6,SPP_28079017_14_6.1,SAM_28079017_14_6,O3,http://dd.eionet.europa.eu/vocabulary/aq/pollutant/7,hour,76.6500000000,µg/m3,2017-05-09 23:00:00 +01:00,2017-05-10 00:00:00 +01:00,1,1
ES,ES.BDCA.AQD,NET_ES131A,STA_ES0125A,,SP_28079017_14_6,SPP_28079017_14_6.1,SAM_28079017_14_6,O3,http://dd.eionet.europa.eu/vocabulary/aq/pollutant/7,hour,77.8100000000,µg/m3,2017-05-10 00:00:00 +01:00,2017-05-10 01:00:00 +01:00,1,1
ES,ES.BDCA.AQD,NET_ES131A,STA_ES0125A,,SP_28079017_14_6,SPP_28079017_14_6.1,SAM_28079017_14_6,O3,http://dd.eionet.europa.eu/vocabulary/aq/pollutant/7,hour,74.4200000000,µg/m3,2017-05-10 01:00:00 +01:00,2017-05-10 02:00:00 +01:00,1,1
ES,ES.BDCA.AQD,NET_ES131A,STA_ES0125A,,SP_28079017_14_6,SPP_28079017_14_6.1,SAM_28079017_14_6,O3,http://dd.eionet.europa.eu/vocabulary/aq/pollutant/7,hour,71.3100000000,µg/m3,2017-05-10 02:00:00 +01:00,2017-05-10 03:00:00 +01:00,1,1
ES,ES.BDCA.AQD,NET_ES131A,STA_ES0125A,,SP_28079017_14_6,SPP_28079017_14_6.1,SAM_28079017_14_6,O3,http://dd.eionet.europa.eu/vocabulary/aq/pollutant/7,hour,65.0999999900,µg/m3,2017-05-10 03:00:00 +01:00,2017-05-10 04:00:00 +01:00,1,1
ES,ES.BDCA.AQD,NET_ES131A,STA_ES0125A,,SP_28079017_14_6,SPP_28079017_14_6.1,SAM_28079017_14_6,O3,http://dd.eionet.europa.eu/vocabulary/aq/pollutant/7,hour,57.8200000000,µg/m3,2017-05-10 04:00:00 +01:00,2017-05-10 05:00:00 +01:00,1,1
ES,ES.BDCA.AQD,NET_ES131A,STA_ES0125A,,SP_28079017_14_6,SPP_28079017_14_6.1,SAM_28079017_14_6,O3,http://dd.eionet.europa.eu/vocabulary/aq/pollutant/7,hour,53.2899999900,µg/m3,2017-05-10 05:00:00 +01:00,2017-05-10 06:00:00 +01:00,1,1
ES,ES.BDCA.AQD,NET_ES131A,STA_ES0125A,,SP_28079017_14_6,SPP_28079017_14_6.1,SAM_28079017_14_6,O3,http://dd.eionet.europa.eu/vocabulary/aq/pollutant/7,hour,45.8800000000,µg/m3,2017-05-10 06:00:00 +01:00,2017-05-10 07:00:00 +01:00,1,1
ES,ES.BDCA.AQD,NET_ES131A,STA_ES0125A,,SP_28079017_14_6,SPP_28079017_14_6.1,SAM_28079017_14_6,O3,http://dd.eionet.europa.eu/vocabulary/aq/pollutant/7,hour,40.4699999900,µg/m3,2017-05-10 07:00:00 +01:00,2017-05-10 08:00:00 +01:00,1,1
ES,ES.BDCA.AQD,NET_ES131A,STA_ES0125A,,SP_28079017_14_6,SPP_28079017_14_6.1,SAM_28079017_14_6,O3,http://dd.eionet.europa.eu/vocabulary/aq/pollutant/7,hour,54.8900000000,µg/m3,2017-05-10 08:00:00 +01:00,2017-05-10 09:00:00 +01:00,1,1
ES,ES.BDCA.AQD,NET_ES131A,STA_ES0125A,,SP_28079017_14_6,SPP_28079017_14_6.1,SAM_28079017_14_6,O3,http://dd.eionet.europa.eu/vocabulary/aq/pollutant/7,hour,66.1599999900,µg/m3,2017-05-10 09:00:00 +01:00,2017-05-10 10:00:00 +01:00,1,1
ES,ES.BDCA.AQD,NET_ES131A,STA_ES0125A,,SP_28079017_14_6,SPP_28079017_14_6.1,SAM_28079017_14_6,O3,http://dd.eionet.europa.eu/vocabulary/aq/pollutant/7,hour,,µg/m3,2017-05-10 10:00:00 +01:00,2017-05-10 11:00:00 +01:00,-1,1
ES,ES.BDCA.AQD,NET_ES131A,STA_ES0125A,,SP_28079017_14_6,SPP_28079017_14_6.1,SAM_28079017_14_6,O3,http://dd.eionet.europa.eu/vocabulary/aq/pollutant/7,hour,75.9899999900,µg/m3,2017-05-10 11:00:00 +01:00,2017-05-10 12:00:00 +01:00,1,1
ES,ES.BDCA.AQD,NET_ES131A,STA_ES0125A,,SP_28079017_14_6,SPP_28079017_14_6.1,SAM_28079017_14_6,O3,http://dd.eionet.europa.eu/vocabulary/aq/pollutant/7,hour,77.5000000000,µg/m3,2017-05-10 12:00:00 +01:00,2017-05-10 13:00:00 +01:00,1,1
ES,ES.BDCA.AQD,NET_ES131A,STA_ES0125A,,SP_28079017_14_6,SPP_28079017_14_6.1,SAM_28079017_14_6,O3,http://dd.eionet.europa.eu/vocabulary/aq/pollutant/7,hour,81.6299999900,µg/m3,2017-05-10 13:00:00 +01:00,2017-05-10 14:00:00 +01:00,1,1
ES,ES.BDCA.AQD,NET_ES131A,STA_ES0125A,,SP_28079017_14_6,SPP_28079017_14_6.1,SAM_28079017_14_6,O3,http://dd.eionet.europa.eu/vocabulary/aq/pollutant/7,hour,83.3499999900,µg/m3,2017-05-10 14:00:00 +01:00,2017-05-10 15:00:00 +01:00,1,1
ES,ES.BDCA.AQD,NET_ES131A,STA_ES0125A,,SP_28079017_14_6,SPP_28079017_14_6.1,SAM_28079017_14_6,O3,http://dd.eionet.europa.eu/vocabulary/aq/pollutant/7,hour,78.3199999900,µg/m3,2017-05-10 15:00:00 +01:00,2017-05-10 16:00:00 +01:00,1,1
ES,ES.BDCA.AQD,NET_ES131A,STA_ES0125A,,SP_28079017_14_6,SPP_28079017_14_6.1,SAM_28079017_14_6,O3,http://dd.eionet.europa.eu/vocabulary/aq/pollutant/7,hour,76.7000000000,µg/m3,2017-05-10 16:00:00 +01:00,2017-05-10 17:00:00 +01:00,1,1
ES,ES.BDCA.AQD,NET_ES131A,STA_ES0125A,,SP_28079017_14_6,SPP_28079017_14_6.1,SAM_28079017_14_6,O3,http://dd.eionet.europa.eu/vocabulary/aq/pollutant/7,hour,67.6700000000,µg/m3,2017-05-10 17:00:00 +01:00,2017-05-10 18:00:00 +01:00,1,1
ES,ES.BDCA.AQD,NET_ES131A,STA_ES0125A,,SP_28079017_14_6,SPP_28079017_14_6.1,SAM_28079017_14_6,O3,http://dd.eionet.europa.eu/vocabulary/aq/pollutant/7,hour,63.3200000000,µg/m3,2017-05-10 18:00:00 +01:00,2017-05-10 19:00:00 +01:00,1,1
ES,ES.BDCA.AQD,NET_ES131A,STA_ES0125A,,SP_28079017_14_6,SPP_28079017_14_6.1,SAM_28079017_14_6,O3,http://dd.eionet.europa.eu/vocabulary/aq/pollutant/7,hour,55.7899999900,µg/m3,2017-05-10 19:00:00 +01:00,2017-05-10 20:00:00 +01:00,1,1
ES,ES.BDCA.AQD,NET_ES131A,STA_ES0125A,,SP_28079017_14_6,SPP_28079017_14_6.1,SAM_28079017_14_6,O3,http://dd.eionet.europa.eu/vocabulary/aq/pollutant/7,hour,54.7700000000,µg/m3,2017-05-10 20:00:00 +01:00,2017-05-10 21:00:00 +01:00,1,1
ES,ES.BDCA.AQD,NET_ES131A,STA_ES0125A,,SP_28079017_14_6,SPP_28079017_14_6.1,SAM_28079017_14_6,O3,http://dd.eionet.europa.eu/vocabulary/aq/pollutant/7,hour,55.7999999900,µg/m3,2017-05-10 21:00:00 +01:00,2017-05-10 22:00:00 +01:00,1,1
ES,ES.BDCA.AQD,NET_ES131A,STA_ES0125A,,SP_28079017_14_6,SPP_28079017_14_6.1,SAM_28079017_14_6,O3,http://dd.eionet.europa.eu/vocabulary/aq/pollutant/7,hour,57.2000000000,µg/m3,2017-05-10 22:00:00 +01:00,2017-05-10 23:00:00 +01:00,1,1
ES,ES.BDCA.AQD,NET_ES131A,STA_ES0125A,,SP_28079017_14_6,SPP_28079017_14_6.1,SAM_28079017_14_6,O3,http://dd.eionet.europa.eu/vocabulary/aq/pollutant/7,hour,55.8699999900,µg/m3,2017-05-10 23:00:00 +01:00,2017-05-11 00:00:00 +01:00,1,1
ES,ES.BDCA.AQD,NET_ES131A,STA_ES0125A,,SP_28079017_14_6,SPP_28079017_14_6.1,SAM_28079017_14_6,O3,http://dd.eionet.europa.eu/vocabulary/aq/pollutant/7,hour,50.9600000000,µg/m3,2017-05-11 00:00:00 +01:00,2017-05-11 01:00:00 +01:00,1,1
ES,ES.BDCA.AQD,NET_ES131A,STA_ES0125A,,SP_28079017_14_6,SPP_28079017_14_6.1,SAM_28079017_14_6,O3,http://dd.eionet.europa.eu/vocabulary/aq/pollutant/7,hour,51.4900000000,µg/m3,2017-05-11 01:00:00 +01:00,2017-05-11 02:00:00 +01:00,1,1
ES,ES.BDCA.AQD,NET_ES131A,STA_ES0125A,,SP_28079017_14_6,SPP_28079017_14_6.1,SAM_28079017_14_6,O3,http://dd.eionet.europa.eu/vocabulary/aq/pollutant/7,hour,51.7500000000,µg/m3,2017-05-11 02:00:00 +01:00,2017-05-11 03:00:00 +01:00,1,1
ES,ES.BDCA.AQD,NET_ES131A,STA_ES0125A,,SP_28079017_14_6,SPP_28079017_14_6.1,SAM_28079017_14_6,O3,http://dd.eionet.europa.eu/vocabulary/aq/pollutant/7,hour,48.7400000000,µg/m3,2017-05-11 03:00:00 +01:00,2017-05-11 04:00:00 +01:00,1,1
ES,ES.BDCA.AQD,NET_ES131A,STA_ES0125A,,SP_28079017_14_6,SPP_28079017_14_6.1,SAM_28079017_14_6,O3,http://dd.eionet.europa.eu/vocabulary/aq/pollutant/7,hour,50.3299999900,µg/m3,2017-05-11 04:00:00 +01:00,2017-05-11 05:00:00 +01:00,1,1
ES,ES.BDCA.AQD,NET_ES131A,STA_ES0125A,,SP_28079017_14_6,SPP_28079017_14_6.1,SAM_28079017_14_6,O3,http://dd.eionet.europa.eu/vocabulary/aq/pollutant/7,hour,54.4300000000,µg/m3,2017-05-11 05:00:00 +01:00,2017-05-11 06:00:00 +01:00,1,1
ES,ES.BDCA.AQD,NET_ES131A,STA_ES0125A,,SP_28079017_14_6,SPP_28079017_14_6.1,SAM_28079017_14_6,O3,http://dd.eionet.europa.eu/vocabulary/aq/pollutant/7,hour,28.0300000000,µg/m3,2017-05-11 06:00:00 +01:00,2017-05-11 07:00:00 +01:00,1,1
ES,ES.BDCA.AQD,NET_ES131A,STA_ES0125A,,SP_28079017_14_6,SPP_28079017_14_6.1,SAM_28079017_14_6,O3,http://dd.eionet.europa.eu/vocabulary/aq/pollutant/7,hour,49.8100000000,µg/m3,2017-05-11 07:00:00 +01:00,2017-05-11 08:00:00 +01:00,1,1
ES,ES.BDCA.AQD,NET_ES131A,STA_ES0125A,,SP_28079017_14_6,SPP_28079017_14_6.1,SAM_28079017_14_6,O3,http://dd.eionet.europa.eu/vocabulary/aq/pollutant/7,hour,54.8900000000,µg/m3,2017-05-11 08:00:00 +01:00,2017-05-11 09:00:00 +01:00,1,1
ES,ES.BDCA.AQD,NET_ES131A,STA_ES0125A,,SP_28079017_14_6,SPP_28079017_14_6.1,SAM_28079017_14_6,O3,http://dd.eionet.europa.eu/vocabulary/aq/pollutant/7,hour,63.8699999900,µg/m3,2017-05-11 09:00:00 +01:00,2017-05-11 10:00:00 +01:00,1,1
ES,ES.BDCA.AQD,NET_ES131A,STA_ES0125A,,SP_28079017_14_6,SPP_28079017_14_6.1,SAM_28079017_14_6,O3,http://dd.eionet.europa.eu/vocabulary/aq/pollutant/7,hour,69.2099999900,µg/m3,2017-05-11 10:00:00 +01:00,2017-05-11 11:00:00 +01:00,1,1
ES,ES.BDCA.AQD,NET_ES131A,STA_ES0125A,,SP_28079017_14_6,SPP_28079017_14_6.1,SAM_28079017_14_6,O3,http://dd.eionet.europa.eu/vocabulary/aq/pollutant/7,hour,69.7699999900,µg/m3,2017-05-11 11:00:00 +01:00,2017-05-11 12:00:00 +01:00,1,1
ES,ES.BDCA.AQD,NET_ES131A,STA_ES0125A,,SP_28079017_14_6,SPP_28079017_14_6.1,SAM_28079017_14_6,O3,http://dd.eionet.europa.eu/vocabulary/aq/pollutant/7,hour,73.5000000000,µg/m3,2017-05-11 12:00:00 +01:00,2017-05-11 13:00:00 +01:00,1,1
ES,ES.BDCA.AQD,NET_ES131A,STA_ES0125A,,SP_28079017_14_6,SPP_28079017_14_6.1,SAM_28079017_14_6,O3,http://dd.eionet.europa.eu/vocabulary/aq/pollutant/7,hour,70.8900000000,µg/m3,2017-05-11 13:00:00 +01:00,2017-05-11 14:00:00 +01:00,1,1
ES,ES.BDCA.AQD,NET_ES131A,STA_ES0125A,,SP_28079017_14_6,SPP_28079017_14_6.1,SAM_28079017_14_6,O3,http://dd.eionet.europa.eu/vocabulary/aq/pollutant/7,hour,71.8299999900,µg/m3,2017-05-11 14:00:00 +01:00,2017-05-11 15:00:00 +01:00,1,1
ES,ES.BDCA.AQD,NET_ES131A,STA_ES0125A,,SP_28079017_14_6,SPP_28079017_14_6.1,SAM_28079017_14_6,O3,http://dd.eionet.europa.eu/vocabulary/aq/pollutant/7,hour,80.0300000000,µg/m3,2017-05-11 15:00:00 +01:00,2017-05-11 16:00:00 +01:00,1,1
ES,ES.BDCA.AQD,NET_ES131A,STA_ES0125A,,SP_28079017_14_6,SPP_28079017_14_6.1,SAM_28079017_14_6,O3,http://dd.eionet.europa.eu/vocabulary/aq/pollutant/7,hour,81.8299999900,µg/m3,2017-05-11 16:00:00 +01:00,2017-05-11 17:00:00 +01:00,1,1
ES,ES.BDCA.AQD,NET_ES131A,STA_ES0125A,,SP_28079017_14_6,SPP_28079017_14_6.1,SAM_28079017_14_6,O3,http://dd.eionet.europa.eu/vocabulary/aq/pollutant/7,hour,76.5699999900,µg/m3,2017-05-11 17:00:00 +01:00,2017-05-11 18:00:00 +01:00,1,1
ES,ES.BDCA.AQD,NET_ES131A,STA_ES0125A,,SP_28079017_14_6,SPP_28079017_14_6.1,SAM_28079017_14_6,O3,http://dd.eionet.europa.eu/vocabulary/aq/pollutant/7,hour,61.8200000000,µg/m3,2017-05-11 18:00:00 +01:00,2017-05-11 19:00:00 +01:00,1,1
ES,ES.BDCA.AQD,NET_ES131A,STA_ES0125A,,SP_28079017_14_6,SPP_28079017_14_6.1,SAM_28079017_14_6,O3,http://dd.eionet.europa.eu/vocabulary/aq/pollutant/7,hour,68.5999999900,µg/m3,2017-05-11 19:00:00 +01:00,2017-05-11 20:00:00 +01:00,1,1
ES,ES.BDCA.AQD,NET_ES131A,STA_ES0125A,,SP_28079017_14_6,SPP_28079017_14_6.1,SAM_28079017_14_6,O3,http://dd.eionet.europa.eu/vocabulary/aq/pollutant/7,hour,59.5200000000,µg/m3,2017-05-11 20:00:00 +01:00,2017-05-11 21:00:00 +01:00,1,1
ES,ES.BDCA.AQD,NET_ES131A,STA_ES0125A,,SP_28079017_14_6,SPP_28079017_14_6.1,SAM_28079017_14_6,O3,http://dd.eionet.europa.eu/vocabulary/aq/pollutant/7,hour,68.7999999900,µg/m3,2017-05-11 21:00:00 +01:00,2017-05-11 22:00:00 +01:00,1,1
ES,ES.BDCA.AQD,NET_ES131A,STA_ES0125A,,SP_28079017_14_6,SPP_28079017_14_6.1,SAM_28079017_14_6,O3,http://dd.eionet.europa.eu/vocabulary/aq/pollutant/7,hour,69.0900000000,µg/m3,2017-05-11 22:00:00 +01:00,2017-05-11 23:00:00 +01:00,1,1
ES,ES.BDCA.AQD,NET_ES131A,STA_ES0125A,,SP_28079017_14_6,SPP_28079017_14_6.1,SAM_28079017_14_6,O3,http://dd.eionet.europa.eu/vocabulary/aq/pollutant/7,hour,62.9799999900,µg/m3,2017-05-11 23:00:00 +01:00,2017-05-12 00:00:00 +01:00,1,1
ES,ES.BDCA.AQD,NET_ES131A,STA_ES0125A,,SP_28079017_14_6,SPP_28079017_14_6.1,SAM_28079017_14_6,O3,http://dd.eionet.europa.eu/vocabulary/aq/pollutant/7,hour,54.9799999900,µg/m3,2017-05-12 00:00:00 +01:00,2017-05-12 01:00:00 +01:00,1,1
ES,ES.BDCA.AQD,NET_ES131A,STA_ES0125A,,SP_28079017_14_6,SPP_28079017_14_6.1,SAM_28079017_14_6,O3,http://dd.eionet.europa.eu/vocabulary/aq/pollutant/7,hour,56.2299999900,µg/m3,2017-05-12 01:00:00 +01:00,2017-05-12 02:00:00 +01:00,1,1
ES,ES.BDCA.AQD,NET_ES131A,STA_ES0125A,,SP_28079017_14_6,SPP_28079017_14_6.1,SAM_28079017_14_6,O3,http://dd.eionet.europa.eu/vocabulary/aq/pollutant/7,hour,49.4500000000,µg/m3,2017-05-12 02:00:00 +01:00,2017-05-12 03:00:00 +01:00,1,1
ES,ES.BDCA.AQD,NET_ES131A,STA_ES0125A,,SP_28079017_14_6,SPP_28079017_14_6.1,SAM_28079017_14_6,O3,http://dd.eionet.europa.eu/vocabulary/aq/pollutant/7,hour,36.3900000000,µg/m3,2017-05-12 03:00:00 +01:00,2017-05-12 04:00:00 +01:00,1,1
ES,ES.BDCA.AQD,NET_ES131A,STA_ES0125A,,SP_28079017_14_6,SPP_28079017_14_6.1,SAM_28079017_14_6,O3,http://dd.eionet.europa.eu/vocabulary/aq/pollutant/7,hour,24.5200000000,µg/m3,2017-05-12 04:00:00 +01:00,2017-05-12 05:00:00 +01:00,1,1
ES,ES.BDCA.AQD,NET_ES131A,STA_ES0125A,,SP_28079017_14_6,SPP_28079017_14_6.1,SAM_28079017_14_6,O3,http://dd.eionet.europa.eu/vocabulary/aq/pollutant/7,hour,33.3100000000,µg/m3,2017-05-12 05:00:00 +01:00,2017-05-12 06:00:00 +01:00,1,1
ES,ES.BDCA.AQD,NET_ES131A,STA_ES0125A,,SP_28079017_14_6,SPP_28079017_14_6.1,SAM_28079017_14_6,O3,http://dd.eionet.europa.eu/vocabulary/aq/pollutant/7,hour,16.0500000000,µg/m3,2017-05-12 06:00:00 +01:00,2017-05-12 07:00:00 +01:00,1,1
ES,ES.BDCA.AQD,NET_ES131A,STA_ES0125A,,SP_28079017_14_6,SPP_28079017_14_6.1,SAM_28079017_14_6,O3,http://dd.eionet.europa.eu/vocabulary/aq/pollutant/7,hour,19.9100000000,µg/m3,2017-05-12 07:00:00 +01:00,2017-05-12 08:00:00 +01:00,1,1
ES,ES.BDCA.AQD,NET_ES131A,STA_ES0125A,,SP_28079017_14_6,SPP_28079017_14_6.1,SAM_28079017_14_6,O3,http://dd.eionet.europa.eu/vocabulary/aq/pollutant/7,hour,44.1800000000,µg/m3,2017-05-12 08:00:00 +01:00,2017-05-12 09:00:00 +01:00,1,1
ES,ES.BDCA.AQD,NET_ES131A,STA_ES0125A,,SP_28079017_14_6,SPP_28079017_14_6.1,SAM_28079017_14_6,O3,http://dd.eionet.europa.eu/vocabulary/aq/pollutant/7,hour,58.5700000000,µg/m3,2017-05-12 09:00:00 +01:00,2017-05-12 10:00:00 +01:00,1,1
ES,ES.BDCA.AQD,NET_ES131A,STA_ES0125A,,SP_28079017_14_6,SPP_28079017_14_6.1,SAM_28079017_14_6,O3,http://dd.eionet.europa.eu/vocabulary/aq/pollutant/7,hour,57.7400000000,µg/m3,2017-05-12 10:00:00 +01:00,2017-05-12 11:00:00 +01:00,1,1
ES,ES.BDCA.AQD,NET_ES131A,STA_ES0125A,,SP_28079017_14_6,SPP_28079017_14_6.1,SAM_28079017_14_6,O3,http://dd.eionet.europa.eu/vocabulary/aq/pollutant/7,hour,63.4900000000,µg/m3,2017-05-12 11:00:00 +01:00,2017-05-12 12:00:00 +01:00,1,1
ES,ES.BDCA.AQD,NET_ES131A,STA_ES0125A,,SP_28079017_14_6,SPP_28079017_14_6.1,SAM_28079017_14_6,O3,http://dd.eionet.europa.eu/vocabulary/aq/pollutant/7,hour,62.3999999900,µg/m3,2017-05-12 12:00:00 +01:00,2017-05-12 13:00:00 +01:00,1,1
ES,ES.BDCA.AQD,NET_ES131A,STA_ES0125A,,SP_28079017_14_6,SPP_28079017_14_6.1,SAM_28079017_14_6,O3,http://dd.eionet.europa.eu/vocabulary/aq/pollutant/7,hour,56.9799999900,µg/m3,2017-05-12 13:00:00 +01:00,2017-05-12 14:00:00 +01:00,1,1
ES,ES.BDCA.AQD,NET_ES131A,STA_ES0125A,,SP_28079017_14_6,SPP_28079017_14_6.1,SAM_28079017_14_6,O3,http://dd.eionet.europa.eu/vocabulary/aq/pollutant/7,hour,57.3699999900,µg/m3,2017-05-12 14:00:00 +01:00,2017-05-12 15:00:00 +01:00,1,1
ES,ES.BDCA.AQD,NET_ES131A,STA_ES0125A,,SP_28079017_14_6,SPP_28079017_14_6.1,SAM_28079017_14_6,O3,http://dd.eionet.europa.eu/vocabulary/aq/pollutant/7,hour,52.3400000000,µg/m3,2017-05-12 15:00:00 +01:00,2017-05-12 16:00:00 +01:00,1,1
ES,ES.BDCA.AQD,NET_ES131A,STA_ES0125A,,SP_28079017_14_6,SPP_28079017_14_6.1,SAM_28079017_14_6,O3,http://dd.eionet.europa.eu/vocabulary/aq/pollutant/7,hour,49.4600000000,µg/m3,2017-05-12 16:00:00 +01:00,2017-05-12 17:00:00 +01:00,1,1
ES,ES.BDCA.AQD,NET_ES131A,STA_ES0125A,,SP_28079017_14_6,SPP_28079017_14_6.1,SAM_28079017_14_6,O3,http://dd.eionet.europa.eu/vocabulary/aq/pollutant/7,hour,45.7700000000,µg/m3,2017-05-12 17:00:00 +01:00,2017-05-12 18:00:00 +01:00,1,1
ES,ES.BDCA.AQD,NET_ES131A,STA_ES0125A,,SP_28079017_14_6,SPP_28079017_14_6.1,SAM_28079017_14_6,O3,http://dd.eionet.europa.eu/vocabulary/aq/pollutant/7,hour,40.3200000000,µg/m3,2017-05-12 18:00:00 +01:00,2017-05-12 19:00:00 +01:00,1,1
ES,ES.BDCA.AQD,NET_ES131A,STA_ES0125A,,SP_28079017_14_6,SPP_28079017_14_6.1,SAM_28079017_14_6,O3,http://dd.eionet.europa.eu/vocabulary/aq/pollutant/7,hour,40.3900000000,µg/m3,2017-05-12 19:00:00 +01:00,2017-05-12 20:00:00 +01:00,1,1
ES,ES.BDCA.AQD,NET_ES131A,STA_ES0125A,,SP_28079017_14_6,SPP_28079017_14_6.1,SAM_28079017_14_6,O3,http://dd.eionet.europa.eu/vocabulary/aq/pollutant/7,hour,34.5700000000,µg/m3,2017-05-12 20:00:00 +01:00,2017-05-12 21:00:00 +01:00,1,1
ES,ES.BDCA.AQD,NET_ES131A,STA_ES0125A,,SP_28079017_14_6,SPP_28079017_14_6.1,SAM_28079017_14_6,O3,http://dd.eionet.europa.eu/vocabulary/aq/pollutant/7,hour,21.1499999900,µg/m3,2017-05-12 21:00:00 +01:00,2017-05-12 22:00:00 +01:00,1,1
ES,ES.BDCA.AQD,NET_ES131A,STA_ES0125A,,SP_28079017_14_6,SPP_28079017_14_6.1,SAM_28079017_14_6,O3,http://dd.eionet.europa.eu/vocabulary/aq/pollutant/7,hour,16.1999999900,µg/m3,2017-05-12 22:00:00 +01:00,2017-05-12 23:00:00 +01:00,1,1
ES,ES.BDCA.AQD,NET_ES131A,STA_ES0125A,,SP_28079017_14_6,SPP_28079017_14_6.1,SAM_28079017_14_6,O3,http://dd.eionet.europa.eu/vocabulary/aq/pollutant/7,hour,11.7700000000,µg/m3,2017-05-12 23:00:00 +01:00,2017-05-13 00:00:00 +01:00,1,1
ES,ES.BDCA.AQD,NET_ES131A,STA_ES0125A,,SP_28079017_14_6,SPP_28079017_14_6.1,SAM_28079017_14_6,O3,http://dd.eionet.europa.eu/vocabulary/aq/pollutant/7,hour,28.5000000000,µg/m3,2017-05-13 00:00:00 +01:00,2017-05-13 01:00:00 +01:00,1,1
ES,ES.BDCA.AQD,NET_ES131A,STA_ES0125A,,SP_28079017_14_6,SPP_28079017_14_6.1,SAM_28079017_14_6,O3,http://dd.eionet.europa.eu/vocabulary/aq/pollutant/7,hour,37.5499999900,µg/m3,2017-05-13 01:00:00 +01:00,2017-05-13 02:00:00 +01:00,1,1
ES,ES.BDCA.AQD,NET_ES131A,STA_ES0125A,,SP_28079017_14_6,SPP_28079017_14_6.1,SAM_28079017_14_6,O3,http://dd.eionet.europa.eu/vocabulary/aq/pollutant/7,hour,47.9300000000,µg/m3,2017-05-13 02:00:00 +01:00,2017-05-13 03:00:00 +01:00,1,1
ES,ES.BDCA.AQD,NET_ES131A,STA_ES0125A,,SP_28079017_14_6,SPP_28079017_14_6.1,SAM_28079017_14_6,O3,http://dd.eionet.europa.eu/vocabulary/aq/pollutant/7,hour,37.9600000000,µg/m3,2017-05-13 03:00:00 +01:00,2017-05-13 04:00:00 +01:00,1,1
ES,ES.BDCA.AQD,NET_ES131A,STA_ES0125A,,SP_28079017_14_6,SPP_28079017_14_6.1,SAM_28079017_14_6,O3,http://dd.eionet.europa.eu/vocabulary/aq/pollutant/7,hour,29.3799999900,µg/m3,2017-05-13 04:00:00 +01:00,2017-05-13 05:00:00 +01:00,1,1
ES,ES.BDCA.AQD,NET_ES131A,STA_ES0125A,,SP_28079017_14_6,SPP_28079017_14_6.1,SAM_28079017_14_6,O3,http://dd.eionet.europa.eu/vocabulary/aq/pollutant/7,hour,8.8100000000,µg/m3,2017-05-13 05:00:00 +01:00,2017-05-13 06:00:00 +01:00,1,1
ES,ES.BDCA.AQD,NET_ES131A,STA_ES0125A,,SP_28079017_14_6,SPP_28079017_14_6.1,SAM_28079017_14_6,O3,http://dd.eionet.europa.eu/vocabulary/aq/pollutant/7,hour,5.9800000000,µg/m3,2017-05-13 06:00:00 +01:00,2017-05-13 07:00:00 +01:00,1,1
ES,ES.BDCA.AQD,NET_ES131A,STA_ES0125A,,SP_28079017_14_6,SPP_28079017_14_6.1,SAM_28079017_14_6,O3,http://dd.eionet.europa.eu/vocabulary/aq/pollutant/7,hour,13.1600000000,µg/m3,2017-05-13 07:00:00 +01:00,2017-05-13 08:00:00 +01:00,1,1
ES,ES.BDCA.AQD,NET_ES131A,STA_ES0125A,,SP_28079017_14_6,SPP_28079017_14_6.1,SAM_28079017_14_6,O3,http://dd.eionet.europa.eu/vocabulary/aq/pollutant/7,hour,37.7400000000,µg/m3,2017-05-13 08:00:00 +01:00,2017-05-13 09:00:00 +01:00,1,1
ES,ES.BDCA.AQD,NET_ES131A,STA_ES0125A,,SP_28079017_14_6,SPP_28079017_14_6.1,SAM_28079017_14_6,O3,http://dd.eionet.europa.eu/vocabulary/aq/pollutant/7,hour,55.2400000000,µg/m3,2017-05-13 09:00:00 +01:00,2017-05-13 10:00:00 +01:00,1,1
ES,ES.BDCA.AQD,NET_ES131A,STA_ES0125A,,SP_28079017_14_6,SPP_28079017_14_6.1,SAM_28079017_14_6,O3,http://dd.eionet.europa.eu/vocabulary/aq/pollutant/7,hour,60.5499999900,µg/m3,2017-05-13 10:00:00 +01:00,2017-05-13 11:00:00 +01:00,1,1
ES,ES.BDCA.AQD,NET_ES131A,STA_ES0125A,,SP_28079017_14_6,SPP_28079017_14_6.1,SAM_28079017_14_6,O3,http://dd.eionet.europa.eu/vocabulary/aq/pollutant/7,hour,60.6899999900,µg/m3,2017-05-13 11:00:00 +01:00,2017-05-13 12:00:00 +01:00,1,1
ES,ES.BDCA.AQD,NET_ES131A,STA_ES0125A,,SP_28079017_14_6,SPP_28079017_14_6.1,SAM_28079017_14_6,O3,http://dd.eionet.europa.eu/vocabulary/aq/pollutant/7,hour,66.3299999900,µg/m3,2017-05-13 12:00:00 +01:00,2017-05-13 13:00:00 +01:00,1,1
ES,ES.BDCA.AQD,NET_ES131A,STA_ES0125A,,SP_28079017_14_6,SPP_28079017_14_6.1,SAM_28079017_14_6,O3,http://dd.eionet.europa.eu/vocabulary/aq/pollutant/7,hour,71.2999999900,µg/m3,2017-05-13 13:00:00 +01:00,2017-05-13 14:00:00 +01:00,1,1
ES,ES.BDCA.AQD,NET_ES131A,STA_ES0125A,,SP_28079017_14_6,SPP_28079017_14_6.1,SAM_28079017_14_6,O3,http://dd.eionet.europa.eu/vocabulary/aq/pollutant/7,hour,71.7800000000,µg/m3,2017-05-13 14:00:00 +01:00,2017-05-13 15:00:00 +01:00,1,1
ES,ES.BDCA.AQD,NET_ES131A,STA_ES0125A,,SP_28079017_14_6,SPP_28079017_14_6.1,SAM_28079017_14_6,O3,http://dd.eionet.europa.eu/vocabulary/aq/pollutant/7,hour,69.1599999900,µg/m3,2017-05-13 15:00:00 +01:00,2017-05-13 16:00:00 +01:00,1,1
ES,ES.BDCA.AQD,NET_ES131A,STA_ES0125A,,SP_28079017_14_6,SPP_28079017_14_6.1,SAM_28079017_14_6,O3,http://dd.eionet.europa.eu/vocabulary/aq/pollutant/7,hour,71.2999999900,µg/m3,2017-05-13 16:00:00 +01:00,2017-05-13 17:00:00 +01:00,1,1
ES,ES.BDCA.AQD,NET_ES131A,STA_ES0125A,,SP_28079017_14_6,SPP_28079017_14_6.1,SAM_28079017_14_6,O3,http://dd.eionet.europa.eu/vocabulary/aq/pollutant/7,hour,69.0400000000,µg/m3,2017-05-13 17:00:00 +01:00,2017-05-13 18:00:00 +01:00,1,1
ES,ES.BDCA.AQD,NET_ES131A,STA_ES0125A,,SP_28079017_14_6,SPP_28079017_14_6.1,SAM_28079017_14_6,O3,http://dd.eionet.europa.eu/vocabulary/aq/pollutant/7,hour,64.8499999900,µg/m3,2017-05-13 18:00:00 +01:00,2017-05-13 19:00:00 +01:00,1,1
ES,ES.BDCA.AQD,NET_ES131A,STA_ES0125A,,SP_28079017_14_6,SPP_28079017_14_6.1,SAM_28079017_14_6,O3,http://dd.eionet.europa.eu/vocabulary/aq/pollutant/7,hour,60.2700000000,µg/m3,2017-05-13 19:00:00 +01:00,2017-05-13 20:00:00 +01:00,1,1
ES,ES.BDCA.AQD,NET_ES131A,STA_ES0125A,,SP_28079017_14_6,SPP_28079017_14_6.1,SAM_28079017_14_6,O3,http://dd.eionet.europa.eu/vocabulary/aq/pollutant/7,hour,47.2400000000,µg/m3,2017-05-13 20:00:00 +01:00,2017-05-13 21:00:00 +01:00,1,1
ES,ES.BDCA.AQD,NET_ES131A,STA_ES0125A,,SP_28079017_14_6,SPP_28079017_14_6.1,SAM_28079017_14_6,O3,http://dd.eionet.europa.eu/vocabulary/aq/pollutant/7,hour,41.1800000000,µg/m3,2017-05-13 21:00:00 +01:00,2017-05-13 22:00:00 +01:00,1,1
ES,ES.BDCA.AQD,NET_ES131A,STA_ES0125A,,SP_28079017_14_6,SPP_28079017_14_6.1,SAM_28079017_14_6,O3,http://dd.eionet.europa.eu/vocabulary/aq/pollutant/7,hour,50.4099999900,µg/m3,2017-05-13 22:00:00 +01:00,2017-05-13 23:00:00 +01:00,1,1
ES,ES.BDCA.AQD,NET_ES131A,STA_ES0125A,,SP_28079017_14_6,SPP_28079017_14_6.1,SAM_28079017_14_6,O3,http://dd.eionet.europa.eu/vocabulary/aq/pollutant/7,hour,48.1899999900,µg/m3,2017-05-13 23:00:00 +01:00,2017-05-14 00:00:00 +01:00,1,1
ES,ES.BDCA.AQD,NET_ES131A,STA_ES0125A,,SP_28079017_14_6,SPP_28079017_14_6.1,SAM_28079017_14_6,O3,http://dd.eionet.europa.eu/vocabulary/aq/pollutant/7,hour,46.3699999900,µg/m3,2017-05-14 00:00:00 +01:00,2017-05-14 01:00:00 +01:00,1,1
ES,ES.BDCA.AQD,NET_ES131A,STA_ES0125A,,SP_28079017_14_6,SPP_28079017_14_6.1,SAM_28079017_14_6,O3,http://dd.eionet.europa.eu/vocabulary/aq/pollutant/7,hour,38.8900000000,µg/m3,2017-05-14 01:00:00 +01:00,2017-05-14 02:00:00 +01:00,1,1
ES,ES.BDCA.AQD,NET_ES131A,STA_ES0125A,,SP_28079017_14_6,SPP_28079017_14_6.1,SAM_28079017_14_6,O3,http://dd.eionet.europa.eu/vocabulary/aq/pollutant/7,hour,28.0300000000,µg/m3,2017-05-14 02:00:00 +01:00,2017-05-14 03:00:00 +01:00,1,1
ES,ES.BDCA.AQD,NET_ES131A,STA_ES0125A,,SP_28079017_14_6,SPP_28079017_14_6.1,SAM_28079017_14_6,O3,http://dd.eionet.europa.eu/vocabulary/aq/pollutant/7,hour,16.5200000000,µg/m3,2017-05-14 03:00:00 +01:00,2017-05-14 04:00:00 +01:00,1,1
ES,ES.BDCA.AQD,NET_ES131A,STA_ES0125A,,SP_28079017_14_6,SPP_28079017_14_6.1,SAM_28079017_14_6,O3,http://dd.eionet.europa.eu/vocabulary/aq/pollutant/7,hour,5.3200000000,µg/m3,2017-05-14 04:00:00 +01:00,2017-05-14 05:00:00 +01:00,1,1
ES,ES.BDCA.AQD,NET_ES131A,STA_ES0125A,,SP_28079017_14_6,SPP_28079017_14_6.1,SAM_28079017_14_6,O3,http://dd.eionet.europa.eu/vocabulary/aq/pollutant/7,hour,1.6799999900,µg/m3,2017-05-14 05:00:00 +01:00,2017-05-14 06:00:00 +01:00,1,1
ES,ES.BDCA.AQD,NET_ES131A,STA_ES0125A,,SP_28079017_14_6,SPP_28079017_14_6.1,SAM_28079017_14_6,O3,http://dd.eionet.europa.eu/vocabulary/aq/pollutant/7,hour,3.1600000000,µg/m3,2017-05-14 06:00:00 +01:00,2017-05-14 07:00:00 +01:00,1,1
ES,ES.BDCA.AQD,NET_ES131A,STA_ES0125A,,SP_28079017_14_6,SPP_28079017_14_6.1,SAM_28079017_14_6,O3,http://dd.eionet.europa.eu/vocabulary/aq/pollutant/7,hour,15.3000000000,µg/m3,2017-05-14 07:00:00 +01:00,2017-05-14 08:00:00 +01:00,1,1
ES,ES.BDCA.AQD,NET_ES131A,STA_ES0125A,,SP_28079017_14_6,SPP_28079017_14_6.1,SAM_28079017_14_6,O3,http://dd.eionet.europa.eu/vocabulary/aq/pollutant/7,hour,22.3099999900,µg/m3,2017-05-14 08:00:00 +01:00,2017-05-14 09:00:00 +01:00,1,1
ES,ES.BDCA.AQD,NET_ES131A,STA_ES0125A,,SP_28079017_14_6,SPP_28079017_14_6.1,SAM_28079017_14_6,O3,http://dd.eionet.europa.eu/vocabulary/aq/pollutant/7,hour,39.4300000000,µg/m3,2017-05-14 09:00:00 +01:00,2017-05-14 10:00:00 +01:00,1,1
ES,ES.BDCA.AQD,NET_ES131A,STA_ES0125A,,SP_28079017_14_6,SPP_28079017_14_6.1,SAM_28079017_14_6,O3,http://dd.eionet.europa.eu/vocabulary/aq/pollutant/7,hour,55.4600000000,µg/m3,2017-05-14 10:00:00 +01:00,2017-05-14 11:00:00 +01:00,1,1
ES,ES.BDCA.AQD,NET_ES131A,STA_ES0125A,,SP_28079017_14_6,SPP_28079017_14_6.1,SAM_28079017_14_6,O3,http://dd.eionet.europa.eu/vocabulary/aq/pollutant/7,hour,68.9899999900,µg/m3,2017-05-14 11:00:00 +01:00,2017-05-14 12:00:00 +01:00,1,1
ES,ES.BDCA.AQD,NET_ES131A,STA_ES0125A,,SP_28079017_14_6,SPP_28079017_14_6.1,SAM_28079017_14_6,O3,http://dd.eionet.europa.eu/vocabulary/aq/pollutant/7,hour,70.4699999900,µg/m3,2017-05-14 12:00:00 +01:00,2017-05-14 13:00:00 +01:00,1,1
ES,ES.BDCA.AQD,NET_ES131A,STA_ES0125A,,SP_28079017_14_6,SPP_28079017_14_6.1,SAM_28079017_14_6,O3,http://dd.eionet.europa.eu/vocabulary/aq/pollutant/7,hour,75.3700000000,µg/m3,2017-05-14 13:00:00 +01:00,2017-05-14 14:00:00 +01:00,1,1
ES,ES.BDCA.AQD,NET_ES131A,STA_ES0125A,,SP_28079017_14_6,SPP_28079017_14_6.1,SAM_28079017_14_6,O3,http://dd.eionet.europa.eu/vocabulary/aq/pollutant/7,hour,77.7600000000,µg/m3,2017-05-14 14:00:00 +01:00,2017-05-14 15:00:00 +01:00,1,1
ES,ES.BDCA.AQD,NET_ES131A,STA_ES0125A,,SP_28079017_14_6,SPP_28079017_14_6.1,SAM_28079017_14_6,O3,http://dd.eionet.europa.eu/vocabulary/aq/pollutant/7,hour,79.7999999900,µg/m3,2017-05-14 15:00:00 +01:00,2017-05-14 16:00:00 +01:00,1,1
ES,ES.BDCA.AQD,NET_ES131A,STA_ES0125A,,SP_28079017_14_6,SPP_28079017_14_6.1,SAM_28079017_14_6,O3,http://dd.eionet.europa.eu/vocabulary/aq/pollutant/7,hour,77.6800000000,µg/m3,2017-05-14 16:00:00 +01:00,2017-05-14 17:00:00 +01:00,1,1
ES,ES.BDCA.AQD,NET_ES131A,STA_ES0125A,,SP_28079017_14_6,SPP_28079017_14_6.1,SAM_28079017_14_6,O3,http://dd.eionet.europa.eu/vocabulary/aq/pollutant/7,hour,74.8700000000,µg/m3,2017-05-14 17:00:00 +01:00,2017-05-14 18:00:00 +01:00,1,1
ES,ES.BDCA.AQD,NET_ES131A,STA_ES0125A,,SP_28079017_14_6,SPP_28079017_14_6.1,SAM_28079017_14_6,O3,http://dd.eionet.europa.eu/vocabulary/aq/pollutant/7,hour,69.0900000000,µg/m3,2017-05-14 18:00:00 +01:00,2017-05-14 19:00:00 +01:00,1,1
ES,ES.BDCA.AQD,NET_ES131A,STA_ES0125A,,SP_28079017_14_6,SPP_28079017_14_6.1,SAM_28079017_14_6,O3,http://dd.eionet.europa.eu/vocabulary/aq/pollutant/7,hour,62.3800000000,µg/m3,2017-05-14 19:00:00 +01:00,2017-05-14 20:00:00 +01:00,1,1
ES,ES.BDCA.AQD,NET_ES131A,STA_ES0125A,,SP_28079017_14_6,SPP_28079017_14_6.1,SAM_28079017_14_6,O3,http://dd.eionet.europa.eu/vocabulary/aq/pollutant/7,hour,32.8999999900,µg/m3,2017-05-14 20:00:00 +01:00,2017-05-14 21:00:00 +01:00,1,1
ES,ES.BDCA.AQD,NET_ES131A,STA_ES0125A,,SP_28079017_14_6,SPP_28079017_14_6.1,SAM_28079017_14_6,O3,http://dd.eionet.europa.eu/vocabulary/aq/pollutant/7,hour,4.1500000000,µg/m3,2017-05-14 21:00:00 +01:00,2017-05-14 22:00:00 +01:00,1,1
ES,ES.BDCA.AQD,NET_ES131A,STA_ES0125A,,SP_28079017_14_6,SPP_28079017_14_6.1,SAM_28079017_14_6,O3,http://dd.eionet.europa.eu/vocabulary/aq/pollutant/7,hour,3.7700000000,µg/m3,2017-05-14 22:00:00 +01:00,2017-05-14 23:00:00 +01:00,1,1
ES,ES.BDCA.AQD,NET_ES131A,STA_ES0125A,,SP_28079017_14_6,SPP_28079017_14_6.1,SAM_28079017_14_6,O3,http://dd.eionet.europa.eu/vocabulary/aq/pollutant/7,hour,1.0900000000,µg/m3,2017-05-14 23:00:00 +01:00,2017-05-15 00:00:00 +01:00,1,1
ES,ES.BDCA.AQD,NET_ES131A,STA_ES0125A,,SP_28079017_14_6,SPP_28079017_14_6.1,SAM_28079017_14_6,O3,http://dd.eionet.europa.eu/vocabulary/aq/pollutant/7,hour,1.0100000000,µg/m3,2017-05-15 00:00:00 +01:00,2017-05-15 01:00:00 +01:00,1,1
ES,ES.BDCA.AQD,NET_ES131A,STA_ES0125A,,SP_28079017_14_6,SPP_28079017_14_6.1,SAM_28079017_14_6,O3,http://dd.eionet.europa.eu/vocabulary/aq/pollutant/7,hour,1.2800000000,µg/m3,2017-05-15 01:00:00 +01:00,2017-05-15 02:00:00 +01:00,1,1
ES,ES.BDCA.AQD,NET_ES131A,STA_ES0125A,,SP_28079017_14_6,SPP_28079017_14_6.1,SAM_28079017_14_6,O3,http://dd.eionet.europa.eu/vocabulary/aq/pollutant/7,hour,1.2200000000,µg/m3,2017-05-15 02:00:00 +01:00,2017-05-15 03:00:00 +01:00,1,1
ES,ES.BDCA.AQD,NET_ES131A,STA_ES0125A,,SP_28079017_14_6,SPP_28079017_14_6.1,SAM_28079017_14_6,O3,http://dd.eionet.europa.eu/vocabulary/aq/pollutant/7,hour,0.9400000000,µg/m3,2017-05-15 03:00:00 +01:00,2017-05-15 04:00:00 +01:00,1,1
ES,ES.BDCA.AQD,NET_ES131A,STA_ES0125A,,SP_28079017_14_6,SPP_28079017_14_6.1,SAM_28079017_14_6,O3,http://dd.eionet.europa.eu/vocabulary/aq/pollutant/7,hour,0.8900000000,µg/m3,2017-05-15 04:00:00 +01:00,2017-05-15 05:00:00 +01:00,1,1
ES,ES.BDCA.AQD,NET_ES131A,STA_ES0125A,,SP_28079017_14_6,SPP_28079017_14_6.1,SAM_28079017_14_6,O3,http://dd.eionet.europa.eu/vocabulary/aq/pollutant/7,hour,0.9700000000,µg/m3,2017-05-15 05:00:00 +01:00,2017-05-15 06:00:00 +01:00,1,1
ES,ES.BDCA.AQD,NET_ES131A,STA_ES0125A,,SP_28079017_14_6,SPP_28079017_14_6.1,SAM_28079017_14_6,O3,http://dd.eionet.europa.eu/vocabulary/aq/pollutant/7,hour,1.2700000000,µg/m3,2017-05-15 06:00:00 +01:00,2017-05-15 07:00:00 +01:00,1,1
ES,ES.BDCA.AQD,NET_ES131A,STA_ES0125A,,SP_28079017_14_6,SPP_28079017_14_6.1,SAM_28079017_14_6,O3,http://dd.eionet.europa.eu/vocabulary/aq/pollutant/7,hour,6.4800000000,µg/m3,2017-05-15 07:00:00 +01:00,2017-05-15 08:00:00 +01:00,1,1
ES,ES.BDCA.AQD,NET_ES131A,STA_ES0125A,,SP_28079017_14_6,SPP_28079017_14_6.1,SAM_28079017_14_6,O3,http://dd.eionet.europa.eu/vocabulary/aq/pollutant/7,hour,14.1199999900,µg/m3,2017-05-15 08:00:00 +01:00,2017-05-15 09:00:00 +01:00,1,1
ES,ES.BDCA.AQD,NET_ES131A,STA_ES0125A,,SP_28079017_14_6,SPP_28079017_14_6.1,SAM_28079017_14_6,O3,http://dd.eionet.europa.eu/vocabulary/aq/pollutant/7,hour,29.2199999900,µg/m3,2017-05-15 09:00:00 +01:00,2017-05-15 10:00:00 +01:00,1,1
ES,ES.BDCA.AQD,NET_ES131A,STA_ES0125A,,SP_28079017_14_6,SPP_28079017_14_6.1,SAM_28079017_14_6,O3,http://dd.eionet.europa.eu/vocabulary/aq/pollutant/7,hour,50.3299999900,µg/m3,2017-05-15 10:00:00 +01:00,2017-05-15 11:00:00 +01:00,1,1
ES,ES.BDCA.AQD,NET_ES131A,STA_ES0125A,,SP_28079017_14_6,SPP_28079017_14_6.1,SAM_28079017_14_6,O3,http://dd.eionet.europa.eu/vocabulary/aq/pollutant/7,hour,73.0000000000,µg/m3,2017-05-15 11:00:00 +01:00,2017-05-15 12:00:00 +01:00,1,1
ES,ES.BDCA.AQD,NET_ES131A,STA_ES0125A,,SP_28079017_14_6,SPP_28079017_14_6.1,SAM_28079017_14_6,O3,http://dd.eionet.europa.eu/vocabulary/aq/pollutant/7,hour,83.2300000000,µg/m3,2017-05-15 12:00:00 +01:00,2017-05-15 13:00:00 +01:00,1,1
ES,ES.BDCA.AQD,NET_ES131A,STA_ES0125A,,SP_28079017_14_6,SPP_28079017_14_6.1,SAM_28079017_14_6,O3,http://dd.eionet.europa.eu/vocabulary/aq/pollutant/7,hour,85.7399999900,µg/m3,2017-05-15 13:00:00 +01:00,2017-05-15 14:00:00 +01:00,1,1
ES,ES.BDCA.AQD,NET_ES131A,STA_ES0125A,,SP_28079017_14_6,SPP_28079017_14_6.1,SAM_28079017_14_6,O3,http://dd.eionet.europa.eu/vocabulary/aq/pollutant/7,hour,91.0300000000,µg/m3,2017-05-15 14:00:00 +01:00,2017-05-15 15:00:00 +01:00,1,1
ES,ES.BDCA.AQD,NET_ES131A,STA_ES0125A,,SP_28079017_14_6,SPP_28079017_14_6.1,SAM_28079017_14_6,O3,http://dd.eionet.europa.eu/vocabulary/aq/pollutant/7,hour,96.8400000000,µg/m3,2017-05-15 15:00:00 +01:00,2017-05-15 16:00:00 +01:00,1,1
ES,ES.BDCA.AQD,NET_ES131A,STA_ES0125A,,SP_28079017_14_6,SPP_28079017_14_6.1,SAM_28079017_14_6,O3,http://dd.eionet.europa.eu/vocabulary/aq/pollutant/7,hour,98.5999999900,µg/m3,2017-05-15 16:00:00 +01:00,2017-05-15 17:00:00 +01:00,1,1
ES,ES.BDCA.AQD,NET_ES131A,STA_ES0125A,,SP_28079017_14_6,SPP_28079017_14_6.1,SAM_28079017_14_6,O3,http://dd.eionet.europa.eu/vocabulary/aq/pollutant/7,hour,94.8900000000,µg/m3,2017-05-15 17:00:00 +01:00,2017-05-15 18:00:00 +01:00,1,1
ES,ES.BDCA.AQD,NET_ES131A,STA_ES0125A,,SP_28079017_14_6,SPP_28079017_14_6.1,SAM_28079017_14_6,O3,http://dd.eionet.europa.eu/vocabulary/aq/pollutant/7,hour,89.4699999900,µg/m3,2017-05-15 18:00:00 +01:00,2017-05-15 19:00:00 +01:00,1,1
ES,ES.BDCA.AQD,NET_ES131A,STA_ES0125A,,SP_28079017_14_6,SPP_28079017_14_6.1,SAM_28079017_14_6,O3,http://dd.eionet.europa.eu/vocabulary/aq/pollutant/7,hour,71.8700000000,µg/m3,2017-05-15 19:00:00 +01:00,2017-05-15 20:00:00 +01:00,1,1
ES,ES.BDCA.AQD,NET_ES131A,STA_ES0125A,,SP_28079017_14_6,SPP_28079017_14_6.1,SAM_28079017_14_6,O3,http://dd.eionet.europa.eu/vocabulary/aq/pollutant/7,hour,42.3699999900,µg/m3,2017-05-15 20:00:00 +01:00,2017-05-15 21:00:00 +01:00,1,1
ES,ES.BDCA.AQD,NET_ES131A,STA_ES0125A,,SP_28079017_14_6,SPP_28079017_14_6.1,SAM_28079017_14_6,O3,http://dd.eionet.europa.eu/vocabulary/aq/pollutant/7,hour,11.8599999900,µg/m3,2017-05-15 21:00:00 +01:00,2017-05-15 22:00:00 +01:00,1,1
ES,ES.BDCA.AQD,NET_ES131A,STA_ES0125A,,SP_28079017_14_6,SPP_28079017_14_6.1,SAM_28079017_14_6,O3,http://dd.eionet.europa.eu/vocabulary/aq/pollutant/7,hour,3.8199999900,µg/m3,2017-05-15 22:00:00 +01:00,2017-05-15 23:00:00 +01:00,1,1
ES,ES.BDCA.AQD,NET_ES131A,STA_ES0125A,,SP_28079017_14_6,SPP_28079017_14_6.1,SAM_28079017_14_6,O3,http://dd.eionet.europa.eu/vocabulary/aq/pollutant/7,hour,5.0999999900,µg/m3,2017-05-15 23:00:00 +01:00,2017-05-16 00:00:00 +01:00,1,1
ES,ES.BDCA.AQD,NET_ES131A,STA_ES0125A,,SP_28079017_14_6,SPP_28079017_14_6.1,SAM_28079017_14_6,O3,http://dd.eionet.europa.eu/vocabulary/aq/pollutant/7,hour,1.2100000000,µg/m3,2017-05-16 00:00:00 +01:00,2017-05-16 01:00:00 +01:00,1,1
ES,ES.BDCA.AQD,NET_ES131A,STA_ES0125A,,SP_28079017_14_6,SPP_28079017_14_6.1,SAM_28079017_14_6,O3,http://dd.eionet.europa.eu/vocabulary/aq/pollutant/7,hour,8.9299999900,µg/m3,2017-05-16 01:00:00 +01:00,2017-05-16 02:00:00 +01:00,1,1
ES,ES.BDCA.AQD,NET_ES131A,STA_ES0125A,,SP_28079017_14_6,SPP_28079017_14_6.1,SAM_28079017_14_6,O3,http://dd.eionet.europa.eu/vocabulary/aq/pollutant/7,hour,4.7500000000,µg/m3,2017-05-16 02:00:00 +01:00,2017-05-16 03:00:00 +01:00,1,1
ES,ES.BDCA.AQD,NET_ES131A,STA_ES0125A,,SP_28079017_14_6,SPP_28079017_14_6.1,SAM_28079017_14_6,O3,http://dd.eionet.europa.eu/vocabulary/aq/pollutant/7,hour,3.0400000000,µg/m3,2017-05-16 03:00:00 +01:00,2017-05-16 04:00:00 +01:00,1,1
ES,ES.BDCA.AQD,NET_ES131A,STA_ES0125A,,SP_28079017_14_6,SPP_28079017_14_6.1,SAM_28079017_14_6,O3,http://dd.eionet.europa.eu/vocabulary/aq/pollutant/7,hour,2.4900000000,µg/m3,2017-05-16 04:00:00 +01:00,2017-05-16 05:00:00 +01:00,1,1
ES,ES.BDCA.AQD,NET_ES131A,STA_ES0125A,,SP_28079017_14_6,SPP_28079017_14_6.1,SAM_28079017_14_6,O3,http://dd.eionet.europa.eu/vocabulary/aq/pollutant/7,hour,0.8900000000,µg/m3,2017-05-16 05:00:00 +01:00,2017-05-16 06:00:00 +01:00,1,1
ES,ES.BDCA.AQD,NET_ES131A,STA_ES0125A,,SP_28079017_14_6,SPP_28079017_14_6.1,SAM_28079017_14_6,O3,http://dd.eionet.europa.eu/vocabulary/aq/pollutant/7,hour,1.2300000000,µg/m3,2017-05-16 06:00:00 +01:00,2017-05-16 07:00:00 +01:00,1,1
ES,ES.BDCA.AQD,NET_ES131A,STA_ES0125A,,SP_28079017_14_6,SPP_28079017_14_6.1,SAM_28079017_14_6,O3,http://dd.eionet.europa.eu/vocabulary/aq/pollutant/7,hour,3.8799999900,µg/m3,2017-05-16 07:00:00 +01:00,2017-05-16 08:00:00 +01:00,1,1
ES,ES.BDCA.AQD,NET_ES131A,STA_ES0125A,,SP_28079017_14_6,SPP_28079017_14_6.1,SAM_28079017_14_6,O3,http://dd.eionet.europa.eu/vocabulary/aq/pollutant/7,hour,17.6200000000,µg/m3,2017-05-16 08:00:00 +01:00,2017-05-16 09:00:00 +01:00,1,1
ES,ES.BDCA.AQD,NET_ES131A,STA_ES0125A,,SP_28079017_14_6,SPP_28079017_14_6.1,SAM_28079017_14_6,O3,http://dd.eionet.europa.eu/vocabulary/aq/pollutant/7,hour,42.0000000000,µg/m3,2017-05-16 09:00:00 +01:00,2017-05-16 10:00:00 +01:00,1,1
ES,ES.BDCA.AQD,NET_ES131A,STA_ES0125A,,SP_28079017_14_6,SPP_28079017_14_6.1,SAM_28079017_14_6,O3,http://dd.eionet.europa.eu/vocabulary/aq/pollutant/7,hour,55.7100000000,µg/m3,2017-05-16 10:00:00 +01:00,2017-05-16 11:00:00 +01:00,1,1
ES,ES.BDCA.AQD,NET_ES131A,STA_ES0125A,,SP_28079017_14_6,SPP_28079017_14_6.1,SAM_28079017_14_6,O3,http://dd.eionet.europa.eu/vocabulary/aq/pollutant/7,hour,67.9899999900,µg/m3,2017-05-16 11:00:00 +01:00,2017-05-16 12:00:00 +01:00,1,1
ES,ES.BDCA.AQD,NET_ES131A,STA_ES0125A,,SP_28079017_14_6,SPP_28079017_14_6.1,SAM_28079017_14_6,O3,http://dd.eionet.europa.eu/vocabulary/aq/pollutant/7,hour,81.7399999900,µg/m3,2017-05-16 12:00:00 +01:00,2017-05-16 13:00:00 +01:00,1,1
ES,ES.BDCA.AQD,NET_ES131A,STA_ES0125A,,SP_28079017_14_6,SPP_28079017_14_6.1,SAM_28079017_14_6,O3,http://dd.eionet.europa.eu/vocabulary/aq/pollutant/7,hour,101.7000000000,µg/m3,2017-05-16 13:00:00 +01:00,2017-05-16 14:00:00 +01:00,1,1
ES,ES.BDCA.AQD,NET_ES131A,STA_ES0125A,,SP_28079017_14_6,SPP_28079017_14_6.1,SAM_28079017_14_6,O3,http://dd.eionet.europa.eu/vocabulary/aq/pollutant/7,hour,105.5999999900,µg/m3,2017-05-16 14:00:00 +01:00,2017-05-16 15:00:00 +01:00,1,1
ES,ES.BDCA.AQD,NET_ES131A,STA_ES0125A,,SP_28079017_14_6,SPP_28079017_14_6.1,SAM_28079017_14_6,O3,http://dd.eionet.europa.eu/vocabulary/aq/pollutant/7,hour,101.8000000000,µg/m3,2017-05-16 15:00:00 +01:00,2017-05-16 16:00:00 +01:00,1,1
ES,ES.BDCA.AQD,NET_ES131A,STA_ES0125A,,SP_28079017_14_6,SPP_28079017_14_6.1,SAM_28079017_14_6,O3,http://dd.eionet.europa.eu/vocabulary/aq/pollutant/7,hour,105.5999999900,µg/m3,2017-05-16 16:00:00 +01:00,2017-05-16 17:00:00 +01:00,1,1
ES,ES.BDCA.AQD,NET_ES131A,STA_ES0125A,,SP_28079017_14_6,SPP_28079017_14_6.1,SAM_28079017_14_6,O3,http://dd.eionet.europa.eu/vocabulary/aq/pollutant/7,hour,101.5000000000,µg/m3,2017-05-16 17:00:00 +01:00,2017-05-16 18:00:00 +01:00,1,1
ES,ES.BDCA.AQD,NET_ES131A,STA_ES0125A,,SP_28079017_14_6,SPP_28079017_14_6.1,SAM_28079017_14_6,O3,http://dd.eionet.europa.eu/vocabulary/aq/pollutant/7,hour,96.0300000000,µg/m3,2017-05-16 18:00:00 +01:00,2017-05-16 19:00:00 +01:00,1,1
ES,ES.BDCA.AQD,NET_ES131A,STA_ES0125A,,SP_28079017_14_6,SPP_28079017_14_6.1,SAM_28079017_14_6,O3,http://dd.eionet.europa.eu/vocabulary/aq/pollutant/7,hour,90.4200000000,µg/m3,2017-05-16 19:00:00 +01:00,2017-05-16 20:00:00 +01:00,1,1
ES,ES.BDCA.AQD,NET_ES131A,STA_ES0125A,,SP_28079017_14_6,SPP_28079017_14_6.1,SAM_28079017_14_6,O3,http://dd.eionet.europa.eu/vocabulary/aq/pollutant/7,hour,29.9400000000,µg/m3,2017-05-16 20:00:00 +01:00,2017-05-16 21:00:00 +01:00,1,1
ES,ES.BDCA.AQD,NET_ES131A,STA_ES0125A,,SP_28079017_14_6,SPP_28079017_14_6.1,SAM_28079017_14_6,O3,http://dd.eionet.europa.eu/vocabulary/aq/pollutant/7,hour,16.6499999900,µg/m3,2017-05-16 21:00:00 +01:00,2017-05-16 22:00:00 +01:00,1,1
ES,ES.BDCA.AQD,NET_ES131A,STA_ES0125A,,SP_28079017_14_6,SPP_28079017_14_6.1,SAM_28079017_14_6,O3,http://dd.eionet.europa.eu/vocabulary/aq/pollutant/7,hour,17.9100000000,µg/m3,2017-05-16 22:00:00 +01:00,2017-05-16 23:00:00 +01:00,1,1
ES,ES.BDCA.AQD,NET_ES131A,STA_ES0125A,,SP_28079017_14_6,SPP_28079017_14_6.1,SAM_28079017_14_6,O3,http://dd.eionet.europa.eu/vocabulary/aq/pollutant/7,hour,42.6099999900,µg/m3,2017-05-16 23:00:00 +01:00,2017-05-17 00:00:00 +01:00,1,1
ES,ES.BDCA.AQD,NET_ES131A,STA_ES0125A,,SP_28079017_14_6,SPP_28079017_14_6.1,SAM_28079017_14_6,O3,http://dd.eionet.europa.eu/vocabulary/aq/pollutant/7,hour,68.0999999900,µg/m3,2017-05-17 00:00:00 +01:00,2017-05-17 01:00:00 +01:00,1,1
ES,ES.BDCA.AQD,NET_ES131A,STA_ES0125A,,SP_28079017_14_6,SPP_28079017_14_6.1,SAM_28079017_14_6,O3,http://dd.eionet.europa.eu/vocabulary/aq/pollutant/7,hour,71.4899999900,µg/m3,2017-05-17 01:00:00 +01:00,2017-05-17 02:00:00 +01:00,1,1
ES,ES.BDCA.AQD,NET_ES131A,STA_ES0125A,,SP_28079017_14_6,SPP_28079017_14_6.1,SAM_28079017_14_6,O3,http://dd.eionet.europa.eu/vocabulary/aq/pollutant/7,hour,74.7900000000,µg/m3,2017-05-17 02:00:00 +01:00,2017-05-17 03:00:00 +01:00,1,1
ES,ES.BDCA.AQD,NET_ES131A,STA_ES0125A,,SP_28079017_14_6,SPP_28079017_14_6.1,SAM_28079017_14_6,O3,http://dd.eionet.europa.eu/vocabulary/aq/pollutant/7,hour,69.9800000000,µg/m3,2017-05-17 03:00:00 +01:00,2017-05-17 04:00:00 +01:00,1,1
ES,ES.BDCA.AQD,NET_ES131A,STA_ES0125A,,SP_28079017_14_6,SPP_28079017_14_6.1,SAM_28079017_14_6,O3,http://dd.eionet.europa.eu/vocabulary/aq/pollutant/7,hour,55.0799999900,µg/m3,2017-05-17 04:00:00 +01:00,2017-05-17 05:00:00 +01:00,1,1
ES,ES.BDCA.AQD,NET_ES131A,STA_ES0125A,,SP_28079017_14_6,SPP_28079017_14_6.1,SAM_28079017_14_6,O3,http://dd.eionet.europa.eu/vocabulary/aq/pollutant/7,hour,35.7999999900,µg/m3,2017-05-17 05:00:00 +01:00,2017-05-17 06:00:00 +01:00,1,1
ES,ES.BDCA.AQD,NET_ES131A,STA_ES0125A,,SP_28079017_14_6,SPP_28079017_14_6.1,SAM_28079017_14_6,O3,http://dd.eionet.europa.eu/vocabulary/aq/pollutant/7,hour,44.2899999900,µg/m3,2017-05-17 06:00:00 +01:00,2017-05-17 07:00:00 +01:00,1,1
ES,ES.BDCA.AQD,NET_ES131A,STA_ES0125A,,SP_28079017_14_6,SPP_28079017_14_6.1,SAM_28079017_14_6,O3,http://dd.eionet.europa.eu/vocabulary/aq/pollutant/7,hour,40.4900000000,µg/m3,2017-05-17 07:00:00 +01:00,2017-05-17 08:00:00 +01:00,1,1
ES,ES.BDCA.AQD,NET_ES131A,STA_ES0125A,,SP_28079017_14_6,SPP_28079017_14_6.1,SAM_28079017_14_6,O3,http://dd.eionet.europa.eu/vocabulary/aq/pollutant/7,hour,44.3500000000,µg/m3,2017-05-17 08:00:00 +01:00,2017-05-17 09:00:00 +01:00,1,1
ES,ES.BDCA.AQD,NET_ES131A,STA_ES0125A,,SP_28079017_14_6,SPP_28079017_14_6.1,SAM_28079017_14_6,O3,http://dd.eionet.europa.eu/vocabulary/aq/pollutant/7,hour,74.2399999900,µg/m3,2017-05-17 09:00:00 +01:00,2017-05-17 10:00:00 +01:00,1,1
ES,ES.BDCA.AQD,NET_ES131A,STA_ES0125A,,SP_28079017_14_6,SPP_28079017_14_6.1,SAM_28079017_14_6,O3,http://dd.eionet.europa.eu/vocabulary/aq/pollutant/7,hour,84.5799999900,µg/m3,2017-05-17 10:00:00 +01:00,2017-05-17 11:00:00 +01:00,1,1
ES,ES.BDCA.AQD,NET_ES131A,STA_ES0125A,,SP_28079017_14_6,SPP_28079017_14_6.1,SAM_28079017_14_6,O3,http://dd.eionet.europa.eu/vocabulary/aq/pollutant/7,hour,89.4800000000,µg/m3,2017-05-17 11:00:00 +01:00,2017-05-17 12:00:00 +01:00,1,1
ES,ES.BDCA.AQD,NET_ES131A,STA_ES0125A,,SP_28079017_14_6,SPP_28079017_14_6.1,SAM_28079017_14_6,O3,http://dd.eionet.europa.eu/vocabulary/aq/pollutant/7,hour,91.3900000000,µg/m3,2017-05-17 12:00:00 +01:00,2017-05-17 13:00:00 +01:00,1,1
ES,ES.BDCA.AQD,NET_ES131A,STA_ES0125A,,SP_28079017_14_6,SPP_28079017_14_6.1,SAM_28079017_14_6,O3,http://dd.eionet.europa.eu/vocabulary/aq/pollutant/7,hour,97.3700000000,µg/m3,2017-05-17 13:00:00 +01:00,2017-05-17 14:00:00 +01:00,1,1
ES,ES.BDCA.AQD,NET_ES131A,STA_ES0125A,,SP_28079017_14_6,SPP_28079017_14_6.1,SAM_28079017_14_6,O3,http://dd.eionet.europa.eu/vocabulary/aq/pollutant/7,hour,102.0000000000,µg/m3,2017-05-17 14:00:00 +01:00,2017-05-17 15:00:00 +01:00,1,1
ES,ES.BDCA.AQD,NET_ES131A,STA_ES0125A,,SP_28079017_14_6,SPP_28079017_14_6.1,SAM_28079017_14_6,O3,http://dd.eionet.europa.eu/vocabulary/aq/pollutant/7,hour,105.0999999900,µg/m3,2017-05-17 15:00:00 +01:00,2017-05-17 16:00:00 +01:00,1,1
ES,ES.BDCA.AQD,NET_ES131A,STA_ES0125A,,SP_28079017_14_6,SPP_28079017_14_6.1,SAM_28079017_14_6,O3,http://dd.eionet.europa.eu/vocabulary/aq/pollutant/7,hour,97.4599999900,µg/m3,2017-05-17 16:00:00 +01:00,2017-05-17 17:00:00 +01:00,1,1
ES,ES.BDCA.AQD,NET_ES131A,STA_ES0125A,,SP_28079017_14_6,SPP_28079017_14_6.1,SAM_28079017_14_6,O3,http://dd.eionet.europa.eu/vocabulary/aq/pollutant/7,hour,85.0300000000,µg/m3,2017-05-17 17:00:00 +01:00,2017-05-17 18:00:00 +01:00,1,1
ES,ES.BDCA.AQD,NET_ES131A,STA_ES0125A,,SP_28079017_14_6,SPP_28079017_14_6.1,SAM_28079017_14_6,O3,http://dd.eionet.europa.eu/vocabulary/aq/pollutant/7,hour,67.4300000000,µg/m3,2017-05-17 18:00:00 +01:00,2017-05-17 19:00:00 +01:00,1,1
ES,ES.BDCA.AQD,NET_ES131A,STA_ES0125A,,SP_28079017_14_6,SPP_28079017_14_6.1,SAM_28079017_14_6,O3,http://dd.eionet.europa.eu/vocabulary/aq/pollutant/7,hour,58.6599999900,µg/m3,2017-05-17 19:00:00 +01:00,2017-05-17 20:00:00 +01:00,1,1
ES,ES.BDCA.AQD,NET_ES131A,STA_ES0125A,,SP_28079017_14_6,SPP_28079017_14_6.1,SAM_28079017_14_6,O3,http://dd.eionet.europa.eu/vocabulary/aq/pollutant/7,hour,60.8100000000,µg/m3,2017-05-17 20:00:00 +01:00,2017-05-17 21:00:00 +01:00,1,1
ES,ES.BDCA.AQD,NET_ES131A,STA_ES0125A,,SP_28079017_14_6,SPP_28079017_14_6.1,SAM_28079017_14_6,O3,http://dd.eionet.europa.eu/vocabulary/aq/pollutant/7,hour,50.4600000000,µg/m3,2017-05-17 21:00:00 +01:00,2017-05-17 22:00:00 +01:00,1,1
ES,ES.BDCA.AQD,NET_ES131A,STA_ES0125A,,SP_28079017_14_6,SPP_28079017_14_6.1,SAM_28079017_14_6,O3,http://dd.eionet.europa.eu/vocabulary/aq/pollutant/7,hour,39.8800000000,µg/m3,2017-05-17 22:00:00 +01:00,2017-05-17 23:00:00 +01:00,1,1
ES,ES.BDCA.AQD,NET_ES131A,STA_ES0125A,,SP_28079017_14_6,SPP_28079017_14_6.1,SAM_28079017_14_6,O3,http://dd.eionet.europa.eu/vocabulary/aq/pollutant/7,hour,23.1299999900,µg/m3,2017-05-17 23:00:00 +01:00,2017-05-18 00:00:00 +01:00,1,1
ES,ES.BDCA.AQD,NET_ES131A,STA_ES0125A,,SP_28079017_14_6,SPP_28079017_14_6.1,SAM_28079017_14_6,O3,http://dd.eionet.europa.eu/vocabulary/aq/pollutant/7,hour,39.7800000000,µg/m3,2017-05-18 00:00:00 +01:00,2017-05-18 01:00:00 +01:00,1,1
ES,ES.BDCA.AQD,NET_ES131A,STA_ES0125A,,SP_28079017_14_6,SPP_28079017_14_6.1,SAM_28079017_14_6,O3,http://dd.eionet.europa.eu/vocabulary/aq/pollutant/7,hour,40.9699999900,µg/m3,2017-05-18 01:00:00 +01:00,2017-05-18 02:00:00 +01:00,1,1
ES,ES.BDCA.AQD,NET_ES131A,STA_ES0125A,,SP_28079017_14_6,SPP_28079017_14_6.1,SAM_28079017_14_6,O3,http://dd.eionet.europa.eu/vocabulary/aq/pollutant/7,hour,41.4200000000,µg/m3,2017-05-18 02:00:00 +01:00,2017-05-18 03:00:00 +01:00,1,1
ES,ES.BDCA.AQD,NET_ES131A,STA_ES0125A,,SP_28079017_14_6,SPP_28079017_14_6.1,SAM_28079017_14_6,O3,http://dd.eionet.europa.eu/vocabulary/aq/pollutant/7,hour,29.9200000000,µg/m3,2017-05-18 03:00:00 +01:00,2017-05-18 04:00:00 +01:00,1,1
ES,ES.BDCA.AQD,NET_ES131A,STA_ES0125A,,SP_28079017_14_6,SPP_28079017_14_6.1,SAM_28079017_14_6,O3,http://dd.eionet.europa.eu/vocabulary/aq/pollutant/7,hour,23.0000000000,µg/m3,2017-05-18 04:00:00 +01:00,2017-05-18 05:00:00 +01:00,1,1
ES,ES.BDCA.AQD,NET_ES131A,STA_ES0125A,,SP_28079017_14_6,SPP_28079017_14_6.1,SAM_28079017_14_6,O3,http://dd.eionet.europa.eu/vocabulary/aq/pollutant/7,hour,11.8699999900,µg/m3,2017-05-18 05:00:00 +01:00,2017-05-18 06:00:00 +01:00,1,1
ES,ES.BDCA.AQD,NET_ES131A,STA_ES0125A,,SP_28079017_14_6,SPP_28079017_14_6.1,SAM_28079017_14_6,O3,http://dd.eionet.europa.eu/vocabulary/aq/pollutant/7,hour,2.9100000000,µg/m3,2017-05-18 06:00:00 +01:00,2017-05-18 07:00:00 +01:00,1,1
ES,ES.BDCA.AQD,NET_ES131A,STA_ES0125A,,SP_28079017_14_6,SPP_28079017_14_6.1,SAM_28079017_14_6,O3,http://dd.eionet.europa.eu/vocabulary/aq/pollutant/7,hour,3.6200000000,µg/m3,2017-05-18 07:00:00 +01:00,2017-05-18 08:00:00 +01:00,1,1
ES,ES.BDCA.AQD,NET_ES131A,STA_ES0125A,,SP_28079017_14_6,SPP_28079017_14_6.1,SAM_28079017_14_6,O3,http://dd.eionet.europa.eu/vocabulary/aq/pollutant/7,hour,8.4299999900,µg/m3,2017-05-18 08:00:00 +01:00,2017-05-18 09:00:00 +01:00,1,1
ES,ES.BDCA.AQD,NET_ES131A,STA_ES0125A,,SP_28079017_14_6,SPP_28079017_14_6.1,SAM_28079017_14_6,O3,http://dd.eionet.europa.eu/vocabulary/aq/pollutant/7,hour,25.6299999900,µg/m3,2017-05-18 09:00:00 +01:00,2017-05-18 10:00:00 +01:00,1,1
ES,ES.BDCA.AQD,NET_ES131A,STA_ES0125A,,SP_28079017_14_6,SPP_28079017_14_6.1,SAM_28079017_14_6,O3,http://dd.eionet.europa.eu/vocabulary/aq/pollutant/7,hour,35.0300000000,µg/m3,2017-05-18 10:00:00 +01:00,2017-05-18 11:00:00 +01:00,1,1
ES,ES.BDCA.AQD,NET_ES131A,STA_ES0125A,,SP_28079017_14_6,SPP_28079017_14_6.1,SAM_28079017_14_6,O3,http://dd.eionet.europa.eu/vocabulary/aq/pollutant/7,hour,47.5099999900,µg/m3,2017-05-18 11:00:00 +01:00,2017-05-18 12:00:00 +01:00,1,1
ES,ES.BDCA.AQD,NET_ES131A,STA_ES0125A,,SP_28079017_14_6,SPP_28079017_14_6.1,SAM_28079017_14_6,O3,http://dd.eionet.europa.eu/vocabulary/aq/pollutant/7,hour,52.3699999900,µg/m3,2017-05-18 12:00:00 +01:00,2017-05-18 13:00:00 +01:00,1,1
ES,ES.BDCA.AQD,NET_ES131A,STA_ES0125A,,SP_28079017_14_6,SPP_28079017_14_6.1,SAM_28079017_14_6,O3,http://dd.eionet.europa.eu/vocabulary/aq/pollutant/7,hour,57.6800000000,µg/m3,2017-05-18 13:00:00 +01:00,2017-05-18 14:00:00 +01:00,1,1
ES,ES.BDCA.AQD,NET_ES131A,STA_ES0125A,,SP_28079017_14_6,SPP_28079017_14_6.1,SAM_28079017_14_6,O3,http://dd.eionet.europa.eu/vocabulary/aq/pollutant/7,hour,67.9000000000,µg/m3,2017-05-18 14:00:00 +01:00,2017-05-18 15:00:00 +01:00,1,1
ES,ES.BDCA.AQD,NET_ES131A,STA_ES0125A,,SP_28079017_14_6,SPP_28079017_14_6.1,SAM_28079017_14_6,O3,http://dd.eionet.europa.eu/vocabulary/aq/pollutant/7,hour,76.1599999900,µg/m3,2017-05-18 15:00:00 +01:00,2017-05-18 16:00:00 +01:00,1,1
ES,ES.BDCA.AQD,NET_ES131A,STA_ES0125A,,SP_28079017_14_6,SPP_28079017_14_6.1,SAM_28079017_14_6,O3,http://dd.eionet.europa.eu/vocabulary/aq/pollutant/7,hour,78.2500000000,µg/m3,2017-05-18 16:00:00 +01:00,2017-05-18 17:00:00 +01:00,1,1
ES,ES.BDCA.AQD,NET_ES131A,STA_ES0125A,,SP_28079017_14_6,SPP_28079017_14_6.1,SAM_28079017_14_6,O3,http://dd.eionet.europa.eu/vocabulary/aq/pollutant/7,hour,75.4800000000,µg/m3,2017-05-18 17:00:00 +01:00,2017-05-18 18:00:00 +01:00,1,1
ES,ES.BDCA.AQD,NET_ES131A,STA_ES0125A,,SP_28079017_14_6,SPP_28079017_14_6.1,SAM_28079017_14_6,O3,http://dd.eionet.europa.eu/vocabulary/aq/pollutant/7,hour,73.1599999900,µg/m3,2017-05-18 18:00:00 +01:00,2017-05-18 19:00:00 +01:00,1,1
ES,ES.BDCA.AQD,NET_ES131A,STA_ES0125A,,SP_28079017_14_6,SPP_28079017_14_6.1,SAM_28079017_14_6,O3,http://dd.eionet.europa.eu/vocabulary/aq/pollutant/7,hour,73.8599999900,µg/m3,2017-05-18 19:00:00 +01:00,2017-05-18 20:00:00 +01:00,1,1
ES,ES.BDCA.AQD,NET_ES131A,STA_ES0125A,,SP_28079017_14_6,SPP_28079017_14_6.1,SAM_28079017_14_6,O3,http://dd.eionet.europa.eu/vocabulary/aq/pollutant/7,hour,60.9500000000,µg/m3,2017-05-18 20:00:00 +01:00,2017-05-18 21:00:00 +01:00,1,1
ES,ES.BDCA.AQD,NET_ES131A,STA_ES0125A,,SP_28079017_14_6,SPP_28079017_14_6.1,SAM_28079017_14_6,O3,http://dd.eionet.europa.eu/vocabulary/aq/pollutant/7,hour,34.0099999900,µg/m3,2017-05-18 21:00:00 +01:00,2017-05-18 22:00:00 +01:00,1,1
ES,ES.BDCA.AQD,NET_ES131A,STA_ES0125A,,SP_28079017_14_6,SPP_28079017_14_6.1,SAM_28079017_14_6,O3,http://dd.eionet.europa.eu/vocabulary/aq/pollutant/7,hour,17.1700000000,µg/m3,2017-05-18 22:00:00 +01:00,2017-05-18 23:00:00 +01:00,1,1
ES,ES.BDCA.AQD,NET_ES131A,STA_ES0125A,,SP_28079017_14_6,SPP_28079017_14_6.1,SAM_28079017_14_6,O3,http://dd.eionet.europa.eu/vocabulary/aq/pollutant/7,hour,33.5600000000,µg/m3,2017-05-18 23:00:00 +01:00,2017-05-19 00:00:00 +01:00,1,1
ES,ES.BDCA.AQD,NET_ES131A,STA_ES0125A,,SP_28079017_14_6,SPP_28079017_14_6.1,SAM_28079017_14_6,O3,http://dd.eionet.europa.eu/vocabulary/aq/pollutant/7,hour,30.8799999900,µg/m3,2017-05-19 00:00:00 +01:00,2017-05-19 01:00:00 +01:00,1,1
ES,ES.BDCA.AQD,NET_ES131A,STA_ES0125A,,SP_28079017_14_6,SPP_28079017_14_6.1,SAM_28079017_14_6,O3,http://dd.eionet.europa.eu/vocabulary/aq/pollutant/7,hour,44.8800000000,µg/m3,2017-05-19 01:00:00 +01:00,2017-05-19 02:00:00 +01:00,1,1
ES,ES.BDCA.AQD,NET_ES131A,STA_ES0125A,,SP_28079017_14_6,SPP_28079017_14_6.1,SAM_28079017_14_6,O3,http://dd.eionet.europa.eu/vocabulary/aq/pollutant/7,hour,49.2299999900,µg/m3,2017-05-19 02:00:00 +01:00,2017-05-19 03:00:00 +01:00,1,1
ES,ES.BDCA.AQD,NET_ES131A,STA_ES0125A,,SP_28079017_14_6,SPP_28079017_14_6.1,SAM_28079017_14_6,O3,http://dd.eionet.europa.eu/vocabulary/aq/pollutant/7,hour,47.7599999900,µg/m3,2017-05-19 03:00:00 +01:00,2017-05-19 04:00:00 +01:00,1,1
ES,ES.BDCA.AQD,NET_ES131A,STA_ES0125A,,SP_28079017_14_6,SPP_28079017_14_6.1,SAM_28079017_14_6,O3,http://dd.eionet.europa.eu/vocabulary/aq/pollutant/7,hour,42.0000000000,µg/m3,2017-05-19 04:00:00 +01:00,2017-05-19 05:00:00 +01:00,1,1
ES,ES.BDCA.AQD,NET_ES131A,STA_ES0125A,,SP_28079017_14_6,SPP_28079017_14_6.1,SAM_28079017_14_6,O3,http://dd.eionet.europa.eu/vocabulary/aq/pollutant/7,hour,16.1600000000,µg/m3,2017-05-19 05:00:00 +01:00,2017-05-19 06:00:00 +01:00,1,1
ES,ES.BDCA.AQD,NET_ES131A,STA_ES0125A,,SP_28079017_14_6,SPP_28079017_14_6.1,SAM_28079017_14_6,O3,http://dd.eionet.europa.eu/vocabulary/aq/pollutant/7,hour,2.6200000000,µg/m3,2017-05-19 06:00:00 +01:00,2017-05-19 07:00:00 +01:00,1,1
ES,ES.BDCA.AQD,NET_ES131A,STA_ES0125A,,SP_28079017_14_6,SPP_28079017_14_6.1,SAM_28079017_14_6,O3,http://dd.eionet.europa.eu/vocabulary/aq/pollutant/7,hour,4.8499999900,µg/m3,2017-05-19 07:00:00 +01:00,2017-05-19 08:00:00 +01:00,1,1
ES,ES.BDCA.AQD,NET_ES131A,STA_ES0125A,,SP_28079017_14_6,SPP_28079017_14_6.1,SAM_28079017_14_6,O3,http://dd.eionet.europa.eu/vocabulary/aq/pollutant/7,hour,9.5399999900,µg/m3,2017-05-19 08:00:00 +01:00,2017-05-19 09:00:00 +01:00,1,1
ES,ES.BDCA.AQD,NET_ES131A,STA_ES0125A,,SP_28079017_14_6,SPP_28079017_14_6.1,SAM_28079017_14_6,O3,http://dd.eionet.europa.eu/vocabulary/aq/pollutant/7,hour,30.3000000000,µg/m3,2017-05-19 09:00:00 +01:00,2017-05-19 10:00:00 +01:00,1,1
ES,ES.BDCA.AQD,NET_ES131A,STA_ES0125A,,SP_28079017_14_6,SPP_28079017_14_6.1,SAM_28079017_14_6,O3,http://dd.eionet.europa.eu/vocabulary/aq/pollutant/7,hour,47.8900000000,µg/m3,2017-05-19 10:00:00 +01:00,2017-05-19 11:00:00 +01:00,1,1
ES,ES.BDCA.AQD,NET_ES131A,STA_ES0125A,,SP_28079017_14_6,SPP_28079017_14_6.1,SAM_28079017_14_6,O3,http://dd.eionet.europa.eu/vocabulary/aq/pollutant/7,hour,72.0699999900,µg/m3,2017-05-19 11:00:00 +01:00,2017-05-19 12:00:00 +01:00,1,1
ES,ES.BDCA.AQD,NET_ES131A,STA_ES0125A,,SP_28079017_14_6,SPP_28079017_14_6.1,SAM_28079017_14_6,O3,http://dd.eionet.europa.eu/vocabulary/aq/pollutant/7,hour,81.7900000000,µg/m3,2017-05-19 12:00:00 +01:00,2017-05-19 13:00:00 +01:00,1,1
ES,ES.BDCA.AQD,NET_ES131A,STA_ES0125A,,SP_28079017_14_6,SPP_28079017_14_6.1,SAM_28079017_14_6,O3,http://dd.eionet.europa.eu/vocabulary/aq/pollutant/7,hour,84.4000000000,µg/m3,2017-05-19 13:00:00 +01:00,2017-05-19 14:00:00 +01:00,1,1
ES,ES.BDCA.AQD,NET_ES131A,STA_ES0125A,,SP_28079017_14_6,SPP_28079017_14_6.1,SAM_28079017_14_6,O3,http://dd.eionet.europa.eu/vocabulary/aq/pollutant/7,hour,87.0499999900,µg/m3,2017-05-19 14:00:00 +01:00,2017-05-19 15:00:00 +01:00,1,1
ES,ES.BDCA.AQD,NET_ES131A,STA_ES0125A,,SP_28079017_14_6,SPP_28079017_14_6.1,SAM_28079017_14_6,O3,http://dd.eionet.europa.eu/vocabulary/aq/pollutant/7,hour,88.6800000000,µg/m3,2017-05-19 15:00:00 +01:00,2017-05-19 16:00:00 +01:00,1,1
ES,ES.BDCA.AQD,NET_ES131A,STA_ES0125A,,SP_28079017_14_6,SPP_28079017_14_6.1,SAM_28079017_14_6,O3,http://dd.eionet.europa.eu/vocabulary/aq/pollutant/7,hour,86.2300000000,µg/m3,2017-05-19 16:00:00 +01:00,2017-05-19 17:00:00 +01:00,1,1
ES,ES.BDCA.AQD,NET_ES131A,STA_ES0125A,,SP_28079017_14_6,SPP_28079017_14_6.1,SAM_28079017_14_6,O3,http://dd.eionet.europa.eu/vocabulary/aq/pollutant/7,hour,87.5499999900,µg/m3,2017-05-19 17:00:00 +01:00,2017-05-19 18:00:00 +01:00,1,1
ES,ES.BDCA.AQD,NET_ES131A,STA_ES0125A,,SP_28079017_14_6,SPP_28079017_14_6.1,SAM_28079017_14_6,O3,http://dd.eionet.europa.eu/vocabulary/aq/pollutant/7,hour,85.0199999900,µg/m3,2017-05-19 18:00:00 +01:00,2017-05-19 19:00:00 +01:00,1,1
ES,ES.BDCA.AQD,NET_ES131A,STA_ES0125A,,SP_28079017_14_6,SPP_28079017_14_6.1,SAM_28079017_14_6,O3,http://dd.eionet.europa.eu/vocabulary/aq/pollutant/7,hour,79.8199999900,µg/m3,2017-05-19 19:00:00 +01:00,2017-05-19 20:00:00 +01:00,1,1
ES,ES.BDCA.AQD,NET_ES131A,STA_ES0125A,,SP_28079017_14_6,SPP_28079017_14_6.1,SAM_28079017_14_6,O3,http://dd.eionet.europa.eu/vocabulary/aq/pollutant/7,hour,72.6899999900,µg/m3,2017-05-19 20:00:00 +01:00,2017-05-19 21:00:00 +01:00,1,1
ES,ES.BDCA.AQD,NET_ES131A,STA_ES0125A,,SP_28079017_14_6,SPP_28079017_14_6.1,SAM_28079017_14_6,O3,http://dd.eionet.europa.eu/vocabulary/aq/pollutant/7,hour,64.3599999900,µg/m3,2017-05-19 21:00:00 +01:00,2017-05-19 22:00:00 +01:00,1,1
ES,ES.BDCA.AQD,NET_ES131A,STA_ES0125A,,SP_28079017_14_6,SPP_28079017_14_6.1,SAM_28079017_14_6,O3,http://dd.eionet.europa.eu/vocabulary/aq/pollutant/7,hour,62.5200000000,µg/m3,2017-05-19 22:00:00 +01:00,2017-05-19 23:00:00 +01:00,1,1
ES,ES.BDCA.AQD,NET_ES131A,STA_ES0125A,,SP_28079017_14_6,SPP_28079017_14_6.1,SAM_28079017_14_6,O3,http://dd.eionet.europa.eu/vocabulary/aq/pollutant/7,hour,63.3100000000,µg/m3,2017-05-19 23:00:00 +01:00,2017-05-20 00:00:00 +01:00,1,1
ES,ES.BDCA.AQD,NET_ES131A,STA_ES0125A,,SP_28079017_14_6,SPP_28079017_14_6.1,SAM_28079017_14_6,O3,http://dd.eionet.europa.eu/vocabulary/aq/pollutant/7,hour,67.3700000000,µg/m3,2017-05-20 00:00:00 +01:00,2017-05-20 01:00:00 +01:00,1,1
ES,ES.BDCA.AQD,NET_ES131A,STA_ES0125A,,SP_28079017_14_6,SPP_28079017_14_6.1,SAM_28079017_14_6,O3,http://dd.eionet.europa.eu/vocabulary/aq/pollutant/7,hour,58.7199999900,µg/m3,2017-05-20 01:00:00 +01:00,2017-05-20 02:00:00 +01:00,1,1
ES,ES.BDCA.AQD,NET_ES131A,STA_ES0125A,,SP_28079017_14_6,SPP_28079017_14_6.1,SAM_28079017_14_6,O3,http://dd.eionet.europa.eu/vocabulary/aq/pollutant/7,hour,49.2400000000,µg/m3,2017-05-20 02:00:00 +01:00,2017-05-20 03:00:00 +01:00,1,1
ES,ES.BDCA.AQD,NET_ES131A,STA_ES0125A,,SP_28079017_14_6,SPP_28079017_14_6.1,SAM_28079017_14_6,O3,http://dd.eionet.europa.eu/vocabulary/aq/pollutant/7,hour,29.2600000000,µg/m3,2017-05-20 03:00:00 +01:00,2017-05-20 04:00:00 +01:00,1,1
ES,ES.BDCA.AQD,NET_ES131A,STA_ES0125A,,SP_28079017_14_6,SPP_28079017_14_6.1,SAM_28079017_14_6,O3,http://dd.eionet.europa.eu/vocabulary/aq/pollutant/7,hour,4.5400000000,µg/m3,2017-05-20 04:00:00 +01:00,2017-05-20 05:00:00 +01:00,1,1
ES,ES.BDCA.AQD,NET_ES131A,STA_ES0125A,,SP_28079017_14_6,SPP_28079017_14_6.1,SAM_28079017_14_6,O3,http://dd.eionet.europa.eu/vocabulary/aq/pollutant/7,hour,4.5199999900,µg/m3,2017-05-20 05:00:00 +01:00,2017-05-20 06:00:00 +01:00,1,1
ES,ES.BDCA.AQD,NET_ES131A,STA_ES0125A,,SP_28079017_14_6,SPP_28079017_14_6.1,SAM_28079017_14_6,O3,http://dd.eionet.europa.eu/vocabulary/aq/pollutant/7,hour,4.5999999900,µg/m3,2017-05-20 06:00:00 +01:00,2017-05-20 07:00:00 +01:00,1,1
ES,ES.BDCA.AQD,NET_ES131A,STA_ES0125A,,SP_28079017_14_6,SPP_28079017_14_6.1,SAM_28079017_14_6,O3,http://dd.eionet.europa.eu/vocabulary/aq/pollutant/7,hour,16.1499999900,µg/m3,2017-05-20 07:00:00 +01:00,2017-05-20 08:00:00 +01:00,1,1
ES,ES.BDCA.AQD,NET_ES131A,STA_ES0125A,,SP_28079017_14_6,SPP_28079017_14_6.1,SAM_28079017_14_6,O3,http://dd.eionet.europa.eu/vocabulary/aq/pollutant/7,hour,34.5700000000,µg/m3,2017-05-20 08:00:00 +01:00,2017-05-20 09:00:00 +01:00,1,1
ES,ES.BDCA.AQD,NET_ES131A,STA_ES0125A,,SP_28079017_14_6,SPP_28079017_14_6.1,SAM_28079017_14_6,O3,http://dd.eionet.europa.eu/vocabulary/aq/pollutant/7,hour,58.1499999900,µg/m3,2017-05-20 09:00:00 +01:00,2017-05-20 10:00:00 +01:00,1,1
ES,ES.BDCA.AQD,NET_ES131A,STA_ES0125A,,SP_28079017_14_6,SPP_28079017_14_6.1,SAM_28079017_14_6,O3,http://dd.eionet.europa.eu/vocabulary/aq/pollutant/7,hour,75.3199999900,µg/m3,2017-05-20 10:00:00 +01:00,2017-05-20 11:00:00 +01:00,1,1
ES,ES.BDCA.AQD,NET_ES131A,STA_ES0125A,,SP_28079017_14_6,SPP_28079017_14_6.1,SAM_28079017_14_6,O3,http://dd.eionet.europa.eu/vocabulary/aq/pollutant/7,hour,87.8900000000,µg/m3,2017-05-20 11:00:00 +01:00,2017-05-20 12:00:00 +01:00,1,1
ES,ES.BDCA.AQD,NET_ES131A,STA_ES0125A,,SP_28079017_14_6,SPP_28079017_14_6.1,SAM_28079017_14_6,O3,http://dd.eionet.europa.eu/vocabulary/aq/pollutant/7,hour,93.8799999900,µg/m3,2017-05-20 12:00:00 +01:00,2017-05-20 13:00:00 +01:00,1,1
ES,ES.BDCA.AQD,NET_ES131A,STA_ES0125A,,SP_28079017_14_6,SPP_28079017_14_6.1,SAM_28079017_14_6,O3,http://dd.eionet.europa.eu/vocabulary/aq/pollutant/7,hour,102.8000000000,µg/m3,2017-05-20 13:00:00 +01:00,2017-05-20 14:00:00 +01:00,1,1
ES,ES.BDCA.AQD,NET_ES131A,STA_ES0125A,,SP_28079017_14_6,SPP_28079017_14_6.1,SAM_28079017_14_6,O3,http://dd.eionet.europa.eu/vocabulary/aq/pollutant/7,hour,105.5000000000,µg/m3,2017-05-20 14:00:00 +01:00,2017-05-20 15:00:00 +01:00,1,1
ES,ES.BDCA.AQD,NET_ES131A,STA_ES0125A,,SP_28079017_14_6,SPP_28079017_14_6.1,SAM_28079017_14_6,O3,http://dd.eionet.europa.eu/vocabulary/aq/pollutant/7,hour,108.8000000000,µg/m3,2017-05-20 15:00:00 +01:00,2017-05-20 16:00:00 +01:00,1,1
ES,ES.BDCA.AQD,NET_ES131A,STA_ES0125A,,SP_28079017_14_6,SPP_28079017_14_6.1,SAM_28079017_14_6,O3,http://dd.eionet.europa.eu/vocabulary/aq/pollutant/7,hour,109.5999999900,µg/m3,2017-05-20 16:00:00 +01:00,2017-05-20 17:00:00 +01:00,1,1
ES,ES.BDCA.AQD,NET_ES131A,STA_ES0125A,,SP_28079017_14_6,SPP_28079017_14_6.1,SAM_28079017_14_6,O3,http://dd.eionet.europa.eu/vocabulary/aq/pollutant/7,hour,115.5000000000,µg/m3,2017-05-20 17:00:00 +01:00,2017-05-20 18:00:00 +01:00,1,1
ES,ES.BDCA.AQD,NET_ES131A,STA_ES0125A,,SP_28079017_14_6,SPP_28079017_14_6.1,SAM_28079017_14_6,O3,http://dd.eionet.europa.eu/vocabulary/aq/pollutant/7,hour,114.4000000000,µg/m3,2017-05-20 18:00:00 +01:00,2017-05-20 19:00:00 +01:00,1,1
ES,ES.BDCA.AQD,NET_ES131A,STA_ES0125A,,SP_28079017_14_6,SPP_28079017_14_6.1,SAM_28079017_14_6,O3,http://dd.eionet.europa.eu/vocabulary/aq/pollutant/7,hour,106.4000000000,µg/m3,2017-05-20 19:00:00 +01:00,2017-05-20 20:00:00 +01:00,1,1
ES,ES.BDCA.AQD,NET_ES131A,STA_ES0125A,,SP_28079017_14_6,SPP_28079017_14_6.1,SAM_28079017_14_6,O3,http://dd.eionet.europa.eu/vocabulary/aq/pollutant/7,hour,56.4600000000,µg/m3,2017-05-20 20:00:00 +01:00,2017-05-20 21:00:00 +01:00,1,1
ES,ES.BDCA.AQD,NET_ES131A,STA_ES0125A,,SP_28079017_14_6,SPP_28079017_14_6.1,SAM_28079017_14_6,O3,http://dd.eionet.europa.eu/vocabulary/aq/pollutant/7,hour,2.7700000000,µg/m3,2017-05-20 21:00:00 +01:00,2017-05-20 22:00:00 +01:00,1,1
ES,ES.BDCA.AQD,NET_ES131A,STA_ES0125A,,SP_28079017_14_6,SPP_28079017_14_6.1,SAM_28079017_14_6,O3,http://dd.eionet.europa.eu/vocabulary/aq/pollutant/7,hour,2.1899999900,µg/m3,2017-05-20 22:00:00 +01:00,2017-05-20 23:00:00 +01:00,1,1
ES,ES.BDCA.AQD,NET_ES131A,STA_ES0125A,,SP_28079017_14_6,SPP_28079017_14_6.1,SAM_28079017_14_6,O3,http://dd.eionet.europa.eu/vocabulary/aq/pollutant/7,hour,1.8600000000,µg/m3,2017-05-20 23:00:00 +01:00,2017-05-21 00:00:00 +01:00,1,1
ES,ES.BDCA.AQD,NET_ES131A,STA_ES0125A,,SP_28079017_14_6,SPP_28079017_14_6.1,SAM_28079017_14_6,O3,http://dd.eionet.europa.eu/vocabulary/aq/pollutant/7,hour,1.2100000000,µg/m3,2017-05-21 00:00:00 +01:00,2017-05-21 01:00:00 +01:00,1,1
ES,ES.BDCA.AQD,NET_ES131A,STA_ES0125A,,SP_28079017_14_6,SPP_28079017_14_6.1,SAM_28079017_14_6,O3,http://dd.eionet.europa.eu/vocabulary/aq/pollutant/7,hour,14.7500000000,µg/m3,2017-05-21 01:00:00 +01:00,2017-05-21 02:00:00 +01:00,1,1
ES,ES.BDCA.AQD,NET_ES131A,STA_ES0125A,,SP_28079017_14_6,SPP_28079017_14_6.1,SAM_28079017_14_6,O3,http://dd.eionet.europa.eu/vocabulary/aq/pollutant/7,hour,37.5200000000,µg/m3,2017-05-21 02:00:00 +01:00,2017-05-21 03:00:00 +01:00,1,1
ES,ES.BDCA.AQD,NET_ES131A,STA_ES0125A,,SP_28079017_14_6,SPP_28079017_14_6.1,SAM_28079017_14_6,O3,http://dd.eionet.europa.eu/vocabulary/aq/pollutant/7,hour,67.5900000000,µg/m3,2017-05-21 03:00:00 +01:00,2017-05-21 04:00:00 +01:00,1,1
ES,ES.BDCA.AQD,NET_ES131A,STA_ES0125A,,SP_28079017_14_6,SPP_28079017_14_6.1,SAM_28079017_14_6,O3,http://dd.eionet.europa.eu/vocabulary/aq/pollutant/7,hour,68.8599999900,µg/m3,2017-05-21 04:00:00 +01:00,2017-05-21 05:00:00 +01:00,1,1
ES,ES.BDCA.AQD,NET_ES131A,STA_ES0125A,,SP_28079017_14_6,SPP_28079017_14_6.1,SAM_28079017_14_6,O3,http://dd.eionet.europa.eu/vocabulary/aq/pollutant/7,hour,54.5200000000,µg/m3,2017-05-21 05:00:00 +01:00,2017-05-21 06:00:00 +01:00,1,1
ES,ES.BDCA.AQD,NET_ES131A,STA_ES0125A,,SP_28079017_14_6,SPP_28079017_14_6.1,SAM_28079017_14_6,O3,http://dd.eionet.europa.eu/vocabulary/aq/pollutant/7,hour,45.0799999900,µg/m3,2017-05-21 06:00:00 +01:00,2017-05-21 07:00:00 +01:00,1,1
ES,ES.BDCA.AQD,NET_ES131A,STA_ES0125A,,SP_28079017_14_6,SPP_28079017_14_6.1,SAM_28079017_14_6,O3,http://dd.eionet.europa.eu/vocabulary/aq/pollutant/7,hour,45.8500000000,µg/m3,2017-05-21 07:00:00 +01:00,2017-05-21 08:00:00 +01:00,1,1
ES,ES.BDCA.AQD,NET_ES131A,STA_ES0125A,,SP_28079017_14_6,SPP_28079017_14_6.1,SAM_28079017_14_6,O3,http://dd.eionet.europa.eu/vocabulary/aq/pollutant/7,hour,49.4099999900,µg/m3,2017-05-21 08:00:00 +01:00,2017-05-21 09:00:00 +01:00,1,1
ES,ES.BDCA.AQD,NET_ES131A,STA_ES0125A,,SP_28079017_14_6,SPP_28079017_14_6.1,SAM_28079017_14_6,O3,http://dd.eionet.europa.eu/vocabulary/aq/pollutant/7,hour,65.2800000000,µg/m3,2017-05-21 09:00:00 +01:00,2017-05-21 10:00:00 +01:00,1,1
ES,ES.BDCA.AQD,NET_ES131A,STA_ES0125A,,SP_28079017_14_6,SPP_28079017_14_6.1,SAM_28079017_14_6,O3,http://dd.eionet.europa.eu/vocabulary/aq/pollutant/7,hour,78.8900000000,µg/m3,2017-05-21 10:00:00 +01:00,2017-05-21 11:00:00 +01:00,1,1
ES,ES.BDCA.AQD,NET_ES131A,STA_ES0125A,,SP_28079017_14_6,SPP_28079017_14_6.1,SAM_28079017_14_6,O3,http://dd.eionet.europa.eu/vocabulary/aq/pollutant/7,hour,81.4099999900,µg/m3,2017-05-21 11:00:00 +01:00,2017-05-21 12:00:00 +01:00,1,1
ES,ES.BDCA.AQD,NET_ES131A,STA_ES0125A,,SP_28079017_14_6,SPP_28079017_14_6.1,SAM_28079017_14_6,O3,http://dd.eionet.europa.eu/vocabulary/aq/pollutant/7,hour,82.6500000000,µg/m3,2017-05-21 12:00:00 +01:00,2017-05-21 13:00:00 +01:00,1,1
ES,ES.BDCA.AQD,NET_ES131A,STA_ES0125A,,SP_28079017_14_6,SPP_28079017_14_6.1,SAM_28079017_14_6,O3,http://dd.eionet.europa.eu/vocabulary/aq/pollutant/7,hour,88.4500000000,µg/m3,2017-05-21 13:00:00 +01:00,2017-05-21 14:00:00 +01:00,1,1
ES,ES.BDCA.AQD,NET_ES131A,STA_ES0125A,,SP_28079017_14_6,SPP_28079017_14_6.1,SAM_28079017_14_6,O3,http://dd.eionet.europa.eu/vocabulary/aq/pollutant/7,hour,91.2500000000,µg/m3,2017-05-21 14:00:00 +01:00,2017-05-21 15:00:00 +01:00,1,1
ES,ES.BDCA.AQD,NET_ES131A,STA_ES0125A,,SP_28079017_14_6,SPP_28079017_14_6.1,SAM_28079017_14_6,O3,http://dd.eionet.europa.eu/vocabulary/aq/pollutant/7,hour,94.0799999900,µg/m3,2017-05-21 15:00:00 +01:00,2017-05-21 16:00:00 +01:00,1,1
ES,ES.BDCA.AQD,NET_ES131A,STA_ES0125A,,SP_28079017_14_6,SPP_28079017_14_6.1,SAM_28079017_14_6,O3,http://dd.eionet.europa.eu/vocabulary/aq/pollutant/7,hour,94.5999999900,µg/m3,2017-05-21 16:00:00 +01:00,2017-05-21 17:00:00 +01:00,1,1
ES,ES.BDCA.AQD,NET_ES131A,STA_ES0125A,,SP_28079017_14_6,SPP_28079017_14_6.1,SAM_28079017_14_6,O3,http://dd.eionet.europa.eu/vocabulary/aq/pollutant/7,hour,89.0100000000,µg/m3,2017-05-21 17:00:00 +01:00,2017-05-21 18:00:00 +01:00,1,1
ES,ES.BDCA.AQD,NET_ES131A,STA_ES0125A,,SP_28079017_14_6,SPP_28079017_14_6.1,SAM_28079017_14_6,O3,http://dd.eionet.europa.eu/vocabulary/aq/pollutant/7,hour,76.7399999900,µg/m3,2017-05-21 18:00:00 +01:00,2017-05-21 19:00:00 +01:00,1,1
ES,ES.BDCA.AQD,NET_ES131A,STA_ES0125A,,SP_28079017_14_6,SPP_28079017_14_6.1,SAM_28079017_14_6,O3,http://dd.eionet.europa.eu/vocabulary/aq/pollutant/7,hour,65.9399999900,µg/m3,2017-05-21 19:00:00 +01:00,2017-05-21 20:00:00 +01:00,1,1
ES,ES.BDCA.AQD,NET_ES131A,STA_ES0125A,,SP_28079017_14_6,SPP_28079017_14_6.1,SAM_28079017_14_6,O3,http://dd.eionet.europa.eu/vocabulary/aq/pollutant/7,hour,55.7400000000,µg/m3,2017-05-21 20:00:00 +01:00,2017-05-21 21:00:00 +01:00,1,1
ES,ES.BDCA.AQD,NET_ES131A,STA_ES0125A,,SP_28079017_14_6,SPP_28079017_14_6.1,SAM_28079017_14_6,O3,http://dd.eionet.europa.eu/vocabulary/aq/pollutant/7,hour,7.2100000000,µg/m3,2017-05-21 21:00:00 +01:00,2017-05-21 22:00:00 +01:00,1,1
ES,ES.BDCA.AQD,NET_ES131A,STA_ES0125A,,SP_28079017_14_6,SPP_28079017_14_6.1,SAM_28079017_14_6,O3,http://dd.eionet.europa.eu/vocabulary/aq/pollutant/7,hour,29.8599999900,µg/m3,2017-05-21 22:00:00 +01:00,2017-05-21 23:00:00 +01:00,1,1
ES,ES.BDCA.AQD,NET_ES131A,STA_ES0125A,,SP_28079017_14_6,SPP_28079017_14_6.1,SAM_28079017_14_6,O3,http://dd.eionet.europa.eu/vocabulary/aq/pollutant/7,hour,54.9500000000,µg/m3,2017-05-21 23:00:00 +01:00,2017-05-22 00:00:00 +01:00,1,1
ES,ES.BDCA.AQD,NET_ES131A,STA_ES0125A,,SP_28079017_14_6,SPP_28079017_14_6.1,SAM_28079017_14_6,O3,http://dd.eionet.europa.eu/vocabulary/aq/pollutant/7,hour,46.6099999900,µg/m3,2017-05-22 00:00:00 +01:00,2017-05-22 01:00:00 +01:00,1,1
ES,ES.BDCA.AQD,NET_ES131A,STA_ES0125A,,SP_28079017_14_6,SPP_28079017_14_6.1,SAM_28079017_14_6,O3,http://dd.eionet.europa.eu/vocabulary/aq/pollutant/7,hour,53.8800000000,µg/m3,2017-05-22 01:00:00 +01:00,2017-05-22 02:00:00 +01:00,1,1
ES,ES.BDCA.AQD,NET_ES131A,STA_ES0125A,,SP_28079017_14_6,SPP_28079017_14_6.1,SAM_28079017_14_6,O3,http://dd.eionet.europa.eu/vocabulary/aq/pollutant/7,hour,28.3799999900,µg/m3,2017-05-22 02:00:00 +01:00,2017-05-22 03:00:00 +01:00,1,1
ES,ES.BDCA.AQD,NET_ES131A,STA_ES0125A,,SP_28079017_14_6,SPP_28079017_14_6.1,SAM_28079017_14_6,O3,http://dd.eionet.europa.eu/vocabulary/aq/pollutant/7,hour,6.7699999900,µg/m3,2017-05-22 03:00:00 +01:00,2017-05-22 04:00:00 +01:00,1,1
ES,ES.BDCA.AQD,NET_ES131A,STA_ES0125A,,SP_28079017_14_6,SPP_28079017_14_6.1,SAM_28079017_14_6,O3,http://dd.eionet.europa.eu/vocabulary/aq/pollutant/7,hour,6.4199999900,µg/m3,2017-05-22 04:00:00 +01:00,2017-05-22 05:00:00 +01:00,1,1
ES,ES.BDCA.AQD,NET_ES131A,STA_ES0125A,,SP_28079017_14_6,SPP_28079017_14_6.1,SAM_28079017_14_6,O3,http://dd.eionet.europa.eu/vocabulary/aq/pollutant/7,hour,1.8700000000,µg/m3,2017-05-22 05:00:00 +01:00,2017-05-22 06:00:00 +01:00,1,1
ES,ES.BDCA.AQD,NET_ES131A,STA_ES0125A,,SP_28079017_14_6,SPP_28079017_14_6.1,SAM_28079017_14_6,O3,http://dd.eionet.europa.eu/vocabulary/aq/pollutant/7,hour,1.7600000000,µg/m3,2017-05-22 06:00:00 +01:00,2017-05-22 07:00:00 +01:00,1,1
ES,ES.BDCA.AQD,NET_ES131A,STA_ES0125A,,SP_28079017_14_6,SPP_28079017_14_6.1,SAM_28079017_14_6,O3,http://dd.eionet.europa.eu/vocabulary/aq/pollutant/7,hour,4.1100000000,µg/m3,2017-05-22 07:00:00 +01:00,2017-05-22 08:00:00 +01:00,1,1
ES,ES.BDCA.AQD,NET_ES131A,STA_ES0125A,,SP_28079017_14_6,SPP_28079017_14_6.1,SAM_28079017_14_6,O3,http://dd.eionet.europa.eu/vocabulary/aq/pollutant/7,hour,8.5099999900,µg/m3,2017-05-22 08:00:00 +01:00,2017-05-22 09:00:00 +01:00,1,1
ES,ES.BDCA.AQD,NET_ES131A,STA_ES0125A,,SP_28079017_14_6,SPP_28079017_14_6.1,SAM_28079017_14_6,O3,http://dd.eionet.europa.eu/vocabulary/aq/pollutant/7,hour,24.4800000000,µg/m3,2017-05-22 09:00:00 +01:00,2017-05-22 10:00:00 +01:00,1,1
ES,ES.BDCA.AQD,NET_ES131A,STA_ES0125A,,SP_28079017_14_6,SPP_28079017_14_6.1,SAM_28079017_14_6,O3,http://dd.eionet.europa.eu/vocabulary/aq/pollutant/7,hour,38.5399999900,µg/m3,2017-05-22 10:00:00 +01:00,2017-05-22 11:00:00 +01:00,1,1
ES,ES.BDCA.AQD,NET_ES131A,STA_ES0125A,,SP_28079017_14_6,SPP_28079017_14_6.1,SAM_28079017_14_6,O3,http://dd.eionet.europa.eu/vocabulary/aq/pollutant/7,hour,54.9799999900,µg/m3,2017-05-22 11:00:00 +01:00,2017-05-22 12:00:00 +01:00,1,1
ES,ES.BDCA.AQD,NET_ES131A,STA_ES0125A,,SP_28079017_14_6,SPP_28079017_14_6.1,SAM_28079017_14_6,O3,http://dd.eionet.europa.eu/vocabulary/aq/pollutant/7,hour,73.4300000000,µg/m3,2017-05-22 12:00:00 +01:00,2017-05-22 13:00:00 +01:00,1,1
ES,ES.BDCA.AQD,NET_ES131A,STA_ES0125A,,SP_28079017_14_6,SPP_28079017_14_6.1,SAM_28079017_14_6,O3,http://dd.eionet.europa.eu/vocabulary/aq/pollutant/7,hour,94.0999999900,µg/m3,2017-05-22 13:00:00 +01:00,2017-05-22 14:00:00 +01:00,1,1
ES,ES.BDCA.AQD,NET_ES131A,STA_ES0125A,,SP_28079017_14_6,SPP_28079017_14_6.1,SAM_28079017_14_6,O3,http://dd.eionet.europa.eu/vocabulary/aq/pollutant/7,hour,103.9000000000,µg/m3,2017-05-22 14:00:00 +01:00,2017-05-22 15:00:00 +01:00,1,1
ES,ES.BDCA.AQD,NET_ES131A,STA_ES0125A,,SP_28079017_14_6,SPP_28079017_14_6.1,SAM_28079017_14_6,O3,http://dd.eionet.europa.eu/vocabulary/aq/pollutant/7,hour,112.5999999900,µg/m3,2017-05-22 15:00:00 +01:00,2017-05-22 16:00:00 +01:00,1,1
ES,ES.BDCA.AQD,NET_ES131A,STA_ES0125A,,SP_28079017_14_6,SPP_28079017_14_6.1,SAM_28079017_14_6,O3,http://dd.eionet.europa.eu/vocabulary/aq/pollutant/7,hour,115.3000000000,µg/m3,2017-05-22 16:00:00 +01:00,2017-05-22 17:00:00 +01:00,1,1
ES,ES.BDCA.AQD,NET_ES131A,STA_ES0125A,,SP_28079017_14_6,SPP_28079017_14_6.1,SAM_28079017_14_6,O3,http://dd.eionet.europa.eu/vocabulary/aq/pollutant/7,hour,114.4000000000,µg/m3,2017-05-22 17:00:00 +01:00,2017-05-22 18:00:00 +01:00,1,1
ES,ES.BDCA.AQD,NET_ES131A,STA_ES0125A,,SP_28079017_14_6,SPP_28079017_14_6.1,SAM_28079017_14_6,O3,http://dd.eionet.europa.eu/vocabulary/aq/pollutant/7,hour,111.3000000000,µg/m3,2017-05-22 18:00:00 +01:00,2017-05-22 19:00:00 +01:00,1,1
ES,ES.BDCA.AQD,NET_ES131A,STA_ES0125A,,SP_28079017_14_6,SPP_28079017_14_6.1,SAM_28079017_14_6,O3,http://dd.eionet.europa.eu/vocabulary/aq/pollutant/7,hour,101.0000000000,µg/m3,2017-05-22 19:00:00 +01:00,2017-05-22 20:00:00 +01:00,1,1
ES,ES.BDCA.AQD,NET_ES131A,STA_ES0125A,,SP_28079017_14_6,SPP_28079017_14_6.1,SAM_28079017_14_6,O3,http://dd.eionet.europa.eu/vocabulary/aq/pollutant/7,hour,24.9699999900,µg/m3,2017-05-22 20:00:00 +01:00,2017-05-22 21:00:00 +01:00,1,1
ES,ES.BDCA.AQD,NET_ES131A,STA_ES0125A,,SP_28079017_14_6,SPP_28079017_14_6.1,SAM_28079017_14_6,O3,http://dd.eionet.europa.eu/vocabulary/aq/pollutant/7,hour,1.8799999900,µg/m3,2017-05-22 21:00:00 +01:00,2017-05-22 22:00:00 +01:00,1,1
ES,ES.BDCA.AQD,NET_ES131A,STA_ES0125A,,SP_28079017_14_6,SPP_28079017_14_6.1,SAM_28079017_14_6,O3,http://dd.eionet.europa.eu/vocabulary/aq/pollutant/7,hour,1.5000000000,µg/m3,2017-05-22 22:00:00 +01:00,2017-05-22 23:00:00 +01:00,1,1
ES,ES.BDCA.AQD,NET_ES131A,STA_ES0125A,,SP_28079017_14_6,SPP_28079017_14_6.1,SAM_28079017_14_6,O3,http://dd.eionet.europa.eu/vocabulary/aq/pollutant/7,hour,28.8200000000,µg/m3,2017-05-22 23:00:00 +01:00,2017-05-23 00:00:00 +01:00,1,1
ES,ES.BDCA.AQD,NET_ES131A,STA_ES0125A,,SP_28079017_14_6,SPP_28079017_14_6.1,SAM_28079017_14_6,O3,http://dd.eionet.europa.eu/vocabulary/aq/pollutant/7,hour,78.4000000000,µg/m3,2017-05-23 00:00:00 +01:00,2017-05-23 01:00:00 +01:00,1,1
ES,ES.BDCA.AQD,NET_ES131A,STA_ES0125A,,SP_28079017_14_6,SPP_28079017_14_6.1,SAM_28079017_14_6,O3,http://dd.eionet.europa.eu/vocabulary/aq/pollutant/7,hour,81.7699999900,µg/m3,2017-05-23 01:00:00 +01:00,2017-05-23 02:00:00 +01:00,1,1
ES,ES.BDCA.AQD,NET_ES131A,STA_ES0125A,,SP_28079017_14_6,SPP_28079017_14_6.1,SAM_28079017_14_6,O3,http://dd.eionet.europa.eu/vocabulary/aq/pollutant/7,hour,79.5900000000,µg/m3,2017-05-23 02:00:00 +01:00,2017-05-23 03:00:00 +01:00,1,1
ES,ES.BDCA.AQD,NET_ES131A,STA_ES0125A,,SP_28079017_14_6,SPP_28079017_14_6.1,SAM_28079017_14_6,O3,http://dd.eionet.europa.eu/vocabulary/aq/pollutant/7,hour,79.1299999900,µg/m3,2017-05-23 03:00:00 +01:00,2017-05-23 04:00:00 +01:00,1,1
ES,ES.BDCA.AQD,NET_ES131A,STA_ES0125A,,SP_28079017_14_6,SPP_28079017_14_6.1,SAM_28079017_14_6,O3,http://dd.eionet.europa.eu/vocabulary/aq/pollutant/7,hour,73.8599999900,µg/m3,2017-05-23 04:00:00 +01:00,2017-05-23 05:00:00 +01:00,1,1
ES,ES.BDCA.AQD,NET_ES131A,STA_ES0125A,,SP_28079017_14_6,SPP_28079017_14_6.1,SAM_28079017_14_6,O3,http://dd.eionet.europa.eu/vocabulary/aq/pollutant/7,hour,70.1500000000,µg/m3,2017-05-23 05:00:00 +01:00,2017-05-23 06:00:00 +01:00,1,1
ES,ES.BDCA.AQD,NET_ES131A,STA_ES0125A,,SP_28079017_14_6,SPP_28079017_14_6.1,SAM_28079017_14_6,O3,http://dd.eionet.europa.eu/vocabulary/aq/pollutant/7,hour,61.6499999900,µg/m3,2017-05-23 06:00:00 +01:00,2017-05-23 07:00:00 +01:00,1,1
ES,ES.BDCA.AQD,NET_ES131A,STA_ES0125A,,SP_28079017_14_6,SPP_28079017_14_6.1,SAM_28079017_14_6,O3,http://dd.eionet.europa.eu/vocabulary/aq/pollutant/7,hour,48.3299999900,µg/m3,2017-05-23 07:00:00 +01:00,2017-05-23 08:00:00 +01:00,1,1
ES,ES.BDCA.AQD,NET_ES131A,STA_ES0125A,,SP_28079017_14_6,SPP_28079017_14_6.1,SAM_28079017_14_6,O3,http://dd.eionet.europa.eu/vocabulary/aq/pollutant/7,hour,58.3299999900,µg/m3,2017-05-23 08:00:00 +01:00,2017-05-23 09:00:00 +01:00,1,1
ES,ES.BDCA.AQD,NET_ES131A,STA_ES0125A,,SP_28079017_14_6,SPP_28079017_14_6.1,SAM_28079017_14_6,O3,http://dd.eionet.europa.eu/vocabulary/aq/pollutant/7,hour,67.9699999900,µg/m3,2017-05-23 09:00:00 +01:00,2017-05-23 10:00:00 +01:00,1,1
ES,ES.BDCA.AQD,NET_ES131A,STA_ES0125A,,SP_28079017_14_6,SPP_28079017_14_6.1,SAM_28079017_14_6,O3,http://dd.eionet.europa.eu/vocabulary/aq/pollutant/7,hour,73.7300000000,µg/m3,2017-05-23 10:00:00 +01:00,2017-05-23 11:00:00 +01:00,1,1
ES,ES.BDCA.AQD,NET_ES131A,STA_ES0125A,,SP_28079017_14_6,SPP_28079017_14_6.1,SAM_28079017_14_6,O3,http://dd.eionet.europa.eu/vocabulary/aq/pollutant/7,hour,,µg/m3,2017-05-23 11:00:00 +01:00,2017-05-23 12:00:00 +01:00,-1,1
ES,ES.BDCA.AQD,NET_ES131A,STA_ES0125A,,SP_28079017_14_6,SPP_28079017_14_6.1,SAM_28079017_14_6,O3,http://dd.eionet.europa.eu/vocabulary/aq/pollutant/7,hour,,µg/m3,2017-05-23 12:00:00 +01:00,2017-05-23 13:00:00 +01:00,-1,1
ES,ES.BDCA.AQD,NET_ES131A,STA_ES0125A,,SP_28079017_14_6,SPP_28079017_14_6.1,SAM_28079017_14_6,O3,http://dd.eionet.europa.eu/vocabulary/aq/pollutant/7,hour,99.5499999900,µg/m3,2017-05-23 13:00:00 +01:00,2017-05-23 14:00:00 +01:00,1,1
ES,ES.BDCA.AQD,NET_ES131A,STA_ES0125A,,SP_28079017_14_6,SPP_28079017_14_6.1,SAM_28079017_14_6,O3,http://dd.eionet.europa.eu/vocabulary/aq/pollutant/7,hour,101.8000000000,µg/m3,2017-05-23 14:00:00 +01:00,2017-05-23 15:00:00 +01:00,1,1
ES,ES.BDCA.AQD,NET_ES131A,STA_ES0125A,,SP_28079017_14_6,SPP_28079017_14_6.1,SAM_28079017_14_6,O3,http://dd.eionet.europa.eu/vocabulary/aq/pollutant/7,hour,101.8000000000,µg/m3,2017-05-23 15:00:00 +01:00,2017-05-23 16:00:00 +01:00,1,1
ES,ES.BDCA.AQD,NET_ES131A,STA_ES0125A,,SP_28079017_14_6,SPP_28079017_14_6.1,SAM_28079017_14_6,O3,http://dd.eionet.europa.eu/vocabulary/aq/pollutant/7,hour,104.7000000000,µg/m3,2017-05-23 16:00:00 +01:00,2017-05-23 17:00:00 +01:00,1,1
ES,ES.BDCA.AQD,NET_ES131A,STA_ES0125A,,SP_28079017_14_6,SPP_28079017_14_6.1,SAM_28079017_14_6,O3,http://dd.eionet.europa.eu/vocabulary/aq/pollutant/7,hour,99.6099999900,µg/m3,2017-05-23 17:00:00 +01:00,2017-05-23 18:00:00 +01:00,1,1
ES,ES.BDCA.AQD,NET_ES131A,STA_ES0125A,,SP_28079017_14_6,SPP_28079017_14_6.1,SAM_28079017_14_6,O3,http://dd.eionet.europa.eu/vocabulary/aq/pollutant/7,hour,96.7999999900,µg/m3,2017-05-23 18:00:00 +01:00,2017-05-23 19:00:00 +01:00,1,1
ES,ES.BDCA.AQD,NET_ES131A,STA_ES0125A,,SP_28079017_14_6,SPP_28079017_14_6.1,SAM_28079017_14_6,O3,http://dd.eionet.europa.eu/vocabulary/aq/pollutant/7,hour,80.6200000000,µg/m3,2017-05-23 19:00:00 +01:00,2017-05-23 20:00:00 +01:00,1,1
ES,ES.BDCA.AQD,NET_ES131A,STA_ES0125A,,SP_28079017_14_6,SPP_28079017_14_6.1,SAM_28079017_14_6,O3,http://dd.eionet.europa.eu/vocabulary/aq/pollutant/7,hour,56.5600000000,µg/m3,2017-05-23 20:00:00 +01:00,2017-05-23 21:00:00 +01:00,1,1
ES,ES.BDCA.AQD,NET_ES131A,STA_ES0125A,,SP_28079017_14_6,SPP_28079017_14_6.1,SAM_28079017_14_6,O3,http://dd.eionet.europa.eu/vocabulary/aq/pollutant/7,hour,58.9099999900,µg/m3,2017-05-23 21:00:00 +01:00,2017-05-23 22:00:00 +01:00,1,1
ES,ES.BDCA.AQD,NET_ES131A,STA_ES0125A,,SP_28079017_14_6,SPP_28079017_14_6.1,SAM_28079017_14_6,O3,http://dd.eionet.europa.eu/vocabulary/aq/pollutant/7,hour,71.9200000000,µg/m3,2017-05-23 22:00:00 +01:00,2017-05-23 23:00:00 +01:00,1,1
ES,ES.BDCA.AQD,NET_ES131A,STA_ES0125A,,SP_28079017_14_6,SPP_28079017_14_6.1,SAM_28079017_14_6,O3,http://dd.eionet.europa.eu/vocabulary/aq/pollutant/7,hour,70.8100000000,µg/m3,2017-05-23 23:00:00 +01:00,2017-05-24 00:00:00 +01:00,1,1
ES,ES.BDCA.AQD,NET_ES131A,STA_ES0125A,,SP_28079017_14_6,SPP_28079017_14_6.1,SAM_28079017_14_6,O3,http://dd.eionet.europa.eu/vocabulary/aq/pollutant/7,hour,72.4899999900,µg/m3,2017-05-24 00:00:00 +01:00,2017-05-24 01:00:00 +01:00,1,1
ES,ES.BDCA.AQD,NET_ES131A,STA_ES0125A,,SP_28079017_14_6,SPP_28079017_14_6.1,SAM_28079017_14_6,O3,http://dd.eionet.europa.eu/vocabulary/aq/pollutant/7,hour,80.7300000000,µg/m3,2017-05-24 01:00:00 +01:00,2017-05-24 02:00:00 +01:00,1,1
ES,ES.BDCA.AQD,NET_ES131A,STA_ES0125A,,SP_28079017_14_6,SPP_28079017_14_6.1,SAM_28079017_14_6,O3,http://dd.eionet.europa.eu/vocabulary/aq/pollutant/7,hour,80.8299999900,µg/m3,2017-05-24 02:00:00 +01:00,2017-05-24 03:00:00 +01:00,1,1
ES,ES.BDCA.AQD,NET_ES131A,STA_ES0125A,,SP_28079017_14_6,SPP_28079017_14_6.1,SAM_28079017_14_6,O3,http://dd.eionet.europa.eu/vocabulary/aq/pollutant/7,hour,73.5400000000,µg/m3,2017-05-24 03:00:00 +01:00,2017-05-24 04:00:00 +01:00,1,1
ES,ES.BDCA.AQD,NET_ES131A,STA_ES0125A,,SP_28079017_14_6,SPP_28079017_14_6.1,SAM_28079017_14_6,O3,http://dd.eionet.europa.eu/vocabulary/aq/pollutant/7,hour,56.9600000000,µg/m3,2017-05-24 04:00:00 +01:00,2017-05-24 05:00:00 +01:00,1,1
ES,ES.BDCA.AQD,NET_ES131A,STA_ES0125A,,SP_28079017_14_6,SPP_28079017_14_6.1,SAM_28079017_14_6,O3,http://dd.eionet.europa.eu/vocabulary/aq/pollutant/7,hour,17.9499999900,µg/m3,2017-05-24 05:00:00 +01:00,2017-05-24 06:00:00 +01:00,1,1
ES,ES.BDCA.AQD,NET_ES131A,STA_ES0125A,,SP_28079017_14_6,SPP_28079017_14_6.1,SAM_28079017_14_6,O3,http://dd.eionet.europa.eu/vocabulary/aq/pollutant/7,hour,2.3399999900,µg/m3,2017-05-24 06:00:00 +01:00,2017-05-24 07:00:00 +01:00,1,1
ES,ES.BDCA.AQD,NET_ES131A,STA_ES0125A,,SP_28079017_14_6,SPP_28079017_14_6.1,SAM_28079017_14_6,O3,http://dd.eionet.europa.eu/vocabulary/aq/pollutant/7,hour,7.0300000000,µg/m3,2017-05-24 07:00:00 +01:00,2017-05-24 08:00:00 +01:00,1,1
ES,ES.BDCA.AQD,NET_ES131A,STA_ES0125A,,SP_28079017_14_6,SPP_28079017_14_6.1,SAM_28079017_14_6,O3,http://dd.eionet.europa.eu/vocabulary/aq/pollutant/7,hour,26.4200000000,µg/m3,2017-05-24 08:00:00 +01:00,2017-05-24 09:00:00 +01:00,1,1
ES,ES.BDCA.AQD,NET_ES131A,STA_ES0125A,,SP_28079017_14_6,SPP_28079017_14_6.1,SAM_28079017_14_6,O3,http://dd.eionet.europa.eu/vocabulary/aq/pollutant/7,hour,60.7500000000,µg/m3,2017-05-24 09:00:00 +01:00,2017-05-24 10:00:00 +01:00,1,1
ES,ES.BDCA.AQD,NET_ES131A,STA_ES0125A,,SP_28079017_14_6,SPP_28079017_14_6.1,SAM_28079017_14_6,O3,http://dd.eionet.europa.eu/vocabulary/aq/pollutant/7,hour,83.0100000000,µg/m3,2017-05-24 10:00:00 +01:00,2017-05-24 11:00:00 +01:00,1,1
ES,ES.BDCA.AQD,NET_ES131A,STA_ES0125A,,SP_28079017_14_6,SPP_28079017_14_6.1,SAM_28079017_14_6,O3,http://dd.eionet.europa.eu/vocabulary/aq/pollutant/7,hour,91.1500000000,µg/m3,2017-05-24 11:00:00 +01:00,2017-05-24 12:00:00 +01:00,1,1
ES,ES.BDCA.AQD,NET_ES131A,STA_ES0125A,,SP_28079017_14_6,SPP_28079017_14_6.1,SAM_28079017_14_6,O3,http://dd.eionet.europa.eu/vocabulary/aq/pollutant/7,hour,101.8000000000,µg/m3,2017-05-24 12:00:00 +01:00,2017-05-24 13:00:00 +01:00,1,1
ES,ES.BDCA.AQD,NET_ES131A,STA_ES0125A,,SP_28079017_14_6,SPP_28079017_14_6.1,SAM_28079017_14_6,O3,http://dd.eionet.europa.eu/vocabulary/aq/pollutant/7,hour,109.5999999900,µg/m3,2017-05-24 13:00:00 +01:00,2017-05-24 14:00:00 +01:00,1,1
ES,ES.BDCA.AQD,NET_ES131A,STA_ES0125A,,SP_28079017_14_6,SPP_28079017_14_6.1,SAM_28079017_14_6,O3,http://dd.eionet.europa.eu/vocabulary/aq/pollutant/7,hour,111.3000000000,µg/m3,2017-05-24 14:00:00 +01:00,2017-05-24 15:00:00 +01:00,1,1
ES,ES.BDCA.AQD,NET_ES131A,STA_ES0125A,,SP_28079017_14_6,SPP_28079017_14_6.1,SAM_28079017_14_6,O3,http://dd.eionet.europa.eu/vocabulary/aq/pollutant/7,hour,110.5000000000,µg/m3,2017-05-24 15:00:00 +01:00,2017-05-24 16:00:00 +01:00,1,1
ES,ES.BDCA.AQD,NET_ES131A,STA_ES0125A,,SP_28079017_14_6,SPP_28079017_14_6.1,SAM_28079017_14_6,O3,http://dd.eionet.europa.eu/vocabulary/aq/pollutant/7,hour,113.3000000000,µg/m3,2017-05-24 16:00:00 +01:00,2017-05-24 17:00:00 +01:00,1,1
ES,ES.BDCA.AQD,NET_ES131A,STA_ES0125A,,SP_28079017_14_6,SPP_28079017_14_6.1,SAM_28079017_14_6,O3,http://dd.eionet.europa.eu/vocabulary/aq/pollutant/7,hour,106.4000000000,µg/m3,2017-05-24 17:00:00 +01:00,2017-05-24 18:00:00 +01:00,1,1
ES,ES.BDCA.AQD,NET_ES131A,STA_ES0125A,,SP_28079017_14_6,SPP_28079017_14_6.1,SAM_28079017_14_6,O3,http://dd.eionet.europa.eu/vocabulary/aq/pollutant/7,hour,98.7500000000,µg/m3,2017-05-24 18:00:00 +01:00,2017-05-24 19:00:00 +01:00,1,1
ES,ES.BDCA.AQD,NET_ES131A,STA_ES0125A,,SP_28079017_14_6,SPP_28079017_14_6.1,SAM_28079017_14_6,O3,http://dd.eionet.europa.eu/vocabulary/aq/pollutant/7,hour,100.7000000000,µg/m3,2017-05-24 19:00:00 +01:00,2017-05-24 20:00:00 +01:00,1,1
ES,ES.BDCA.AQD,NET_ES131A,STA_ES0125A,,SP_28079017_14_6,SPP_28079017_14_6.1,SAM_28079017_14_6,O3,http://dd.eionet.europa.eu/vocabulary/aq/pollutant/7,hour,76.4200000000,µg/m3,2017-05-24 20:00:00 +01:00,2017-05-24 21:00:00 +01:00,1,1
ES,ES.BDCA.AQD,NET_ES131A,STA_ES0125A,,SP_28079017_14_6,SPP_28079017_14_6.1,SAM_28079017_14_6,O3,http://dd.eionet.europa.eu/vocabulary/aq/pollutant/7,hour,6.7999999900,µg/m3,2017-05-24 21:00:00 +01:00,2017-05-24 22:00:00 +01:00,1,1
ES,ES.BDCA.AQD,NET_ES131A,STA_ES0125A,,SP_28079017_14_6,SPP_28079017_14_6.1,SAM_28079017_14_6,O3,http://dd.eionet.europa.eu/vocabulary/aq/pollutant/7,hour,24.2100000000,µg/m3,2017-05-24 22:00:00 +01:00,2017-05-24 23:00:00 +01:00,1,1
ES,ES.BDCA.AQD,NET_ES131A,STA_ES0125A,,SP_28079017_14_6,SPP_28079017_14_6.1,SAM_28079017_14_6,O3,http://dd.eionet.europa.eu/vocabulary/aq/pollutant/7,hour,47.8100000000,µg/m3,2017-05-24 23:00:00 +01:00,2017-05-25 00:00:00 +01:00,1,1
ES,ES.BDCA.AQD,NET_ES131A,STA_ES0125A,,SP_28079017_14_6,SPP_28079017_14_6.1,SAM_28079017_14_6,O3,http://dd.eionet.europa.eu/vocabulary/aq/pollutant/7,hour,71.8100000000,µg/m3,2017-05-25 00:00:00 +01:00,2017-05-25 01:00:00 +01:00,1,1
ES,ES.BDCA.AQD,NET_ES131A,STA_ES0125A,,SP_28079017_14_6,SPP_28079017_14_6.1,SAM_28079017_14_6,O3,http://dd.eionet.europa.eu/vocabulary/aq/pollutant/7,hour,79.0699999900,µg/m3,2017-05-25 01:00:00 +01:00,2017-05-25 02:00:00 +01:00,1,1
ES,ES.BDCA.AQD,NET_ES131A,STA_ES0125A,,SP_28079017_14_6,SPP_28079017_14_6.1,SAM_28079017_14_6,O3,http://dd.eionet.europa.eu/vocabulary/aq/pollutant/7,hour,68.7900000000,µg/m3,2017-05-25 02:00:00 +01:00,2017-05-25 03:00:00 +01:00,1,1
ES,ES.BDCA.AQD,NET_ES131A,STA_ES0125A,,SP_28079017_14_6,SPP_28079017_14_6.1,SAM_28079017_14_6,O3,http://dd.eionet.europa.eu/vocabulary/aq/pollutant/7,hour,66.7300000000,µg/m3,2017-05-25 03:00:00 +01:00,2017-05-25 04:00:00 +01:00,1,1
ES,ES.BDCA.AQD,NET_ES131A,STA_ES0125A,,SP_28079017_14_6,SPP_28079017_14_6.1,SAM_28079017_14_6,O3,http://dd.eionet.europa.eu/vocabulary/aq/pollutant/7,hour,65.7500000000,µg/m3,2017-05-25 04:00:00 +01:00,2017-05-25 05:00:00 +01:00,1,1
ES,ES.BDCA.AQD,NET_ES131A,STA_ES0125A,,SP_28079017_14_6,SPP_28079017_14_6.1,SAM_28079017_14_6,O3,http://dd.eionet.europa.eu/vocabulary/aq/pollutant/7,hour,52.3500000000,µg/m3,2017-05-25 05:00:00 +01:00,2017-05-25 06:00:00 +01:00,1,1
ES,ES.BDCA.AQD,NET_ES131A,STA_ES0125A,,SP_28079017_14_6,SPP_28079017_14_6.1,SAM_28079017_14_6,O3,http://dd.eionet.europa.eu/vocabulary/aq/pollutant/7,hour,13.9300000000,µg/m3,2017-05-25 06:00:00 +01:00,2017-05-25 07:00:00 +01:00,1,1
ES,ES.BDCA.AQD,NET_ES131A,STA_ES0125A,,SP_28079017_14_6,SPP_28079017_14_6.1,SAM_28079017_14_6,O3,http://dd.eionet.europa.eu/vocabulary/aq/pollutant/7,hour,10.6500000000,µg/m3,2017-05-25 07:00:00 +01:00,2017-05-25 08:00:00 +01:00,1,1
ES,ES.BDCA.AQD,NET_ES131A,STA_ES0125A,,SP_28079017_14_6,SPP_28079017_14_6.1,SAM_28079017_14_6,O3,http://dd.eionet.europa.eu/vocabulary/aq/pollutant/7,hour,29.5599999900,µg/m3,2017-05-25 08:00:00 +01:00,2017-05-25 09:00:00 +01:00,1,1
ES,ES.BDCA.AQD,NET_ES131A,STA_ES0125A,,SP_28079017_14_6,SPP_28079017_14_6.1,SAM_28079017_14_6,O3,http://dd.eionet.europa.eu/vocabulary/aq/pollutant/7,hour,68.0300000000,µg/m3,2017-05-25 09:00:00 +01:00,2017-05-25 10:00:00 +01:00,1,1
ES,ES.BDCA.AQD,NET_ES131A,STA_ES0125A,,SP_28079017_14_6,SPP_28079017_14_6.1,SAM_28079017_14_6,O3,http://dd.eionet.europa.eu/vocabulary/aq/pollutant/7,hour,79.8199999900,µg/m3,2017-05-25 10:00:00 +01:00,2017-05-25 11:00:00 +01:00,1,1
ES,ES.BDCA.AQD,NET_ES131A,STA_ES0125A,,SP_28079017_14_6,SPP_28079017_14_6.1,SAM_28079017_14_6,O3,http://dd.eionet.europa.eu/vocabulary/aq/pollutant/7,hour,88.4200000000,µg/m3,2017-05-25 11:00:00 +01:00,2017-05-25 12:00:00 +01:00,1,1
ES,ES.BDCA.AQD,NET_ES131A,STA_ES0125A,,SP_28079017_14_6,SPP_28079017_14_6.1,SAM_28079017_14_6,O3,http://dd.eionet.europa.eu/vocabulary/aq/pollutant/7,hour,104.4000000000,µg/m3,2017-05-25 12:00:00 +01:00,2017-05-25 13:00:00 +01:00,1,1
ES,ES.BDCA.AQD,NET_ES131A,STA_ES0125A,,SP_28079017_14_6,SPP_28079017_14_6.1,SAM_28079017_14_6,O3,http://dd.eionet.europa.eu/vocabulary/aq/pollutant/7,hour,110.4000000000,µg/m3,2017-05-25 13:00:00 +01:00,2017-05-25 14:00:00 +01:00,1,1
ES,ES.BDCA.AQD,NET_ES131A,STA_ES0125A,,SP_28079017_14_6,SPP_28079017_14_6.1,SAM_28079017_14_6,O3,http://dd.eionet.europa.eu/vocabulary/aq/pollutant/7,hour,105.8000000000,µg/m3,2017-05-25 14:00:00 +01:00,2017-05-25 15:00:00 +01:00,1,1
ES,ES.BDCA.AQD,NET_ES131A,STA_ES0125A,,SP_28079017_14_6,SPP_28079017_14_6.1,SAM_28079017_14_6,O3,http://dd.eionet.europa.eu/vocabulary/aq/pollutant/7,hour,107.0999999900,µg/m3,2017-05-25 15:00:00 +01:00,2017-05-25 16:00:00 +01:00,1,1
ES,ES.BDCA.AQD,NET_ES131A,STA_ES0125A,,SP_28079017_14_6,SPP_28079017_14_6.1,SAM_28079017_14_6,O3,http://dd.eionet.europa.eu/vocabulary/aq/pollutant/7,hour,106.8000000000,µg/m3,2017-05-25 16:00:00 +01:00,2017-05-25 17:00:00 +01:00,1,1
ES,ES.BDCA.AQD,NET_ES131A,STA_ES0125A,,SP_28079017_14_6,SPP_28079017_14_6.1,SAM_28079017_14_6,O3,http://dd.eionet.europa.eu/vocabulary/aq/pollutant/7,hour,103.3000000000,µg/m3,2017-05-25 17:00:00 +01:00,2017-05-25 18:00:00 +01:00,1,1
ES,ES.BDCA.AQD,NET_ES131A,STA_ES0125A,,SP_28079017_14_6,SPP_28079017_14_6.1,SAM_28079017_14_6,O3,http://dd.eionet.europa.eu/vocabulary/aq/pollutant/7,hour,99.7999999900,µg/m3,2017-05-25 18:00:00 +01:00,2017-05-25 19:00:00 +01:00,1,1
ES,ES.BDCA.AQD,NET_ES131A,STA_ES0125A,,SP_28079017_14_6,SPP_28079017_14_6.1,SAM_28079017_14_6,O3,http://dd.eionet.europa.eu/vocabulary/aq/pollutant/7,hour,85.3400000000,µg/m3,2017-05-25 19:00:00 +01:00,2017-05-25 20:00:00 +01:00,1,1
ES,ES.BDCA.AQD,NET_ES131A,STA_ES0125A,,SP_28079017_14_6,SPP_28079017_14_6.1,SAM_28079017_14_6,O3,http://dd.eionet.europa.eu/vocabulary/aq/pollutant/7,hour,39.3999999900,µg/m3,2017-05-25 20:00:00 +01:00,2017-05-25 21:00:00 +01:00,1,1
ES,ES.BDCA.AQD,NET_ES131A,STA_ES0125A,,SP_28079017_14_6,SPP_28079017_14_6.1,SAM_28079017_14_6,O3,http://dd.eionet.europa.eu/vocabulary/aq/pollutant/7,hour,25.5599999900,µg/m3,2017-05-25 21:00:00 +01:00,2017-05-25 22:00:00 +01:00,1,1
ES,ES.BDCA.AQD,NET_ES131A,STA_ES0125A,,SP_28079017_14_6,SPP_28079017_14_6.1,SAM_28079017_14_6,O3,http://dd.eionet.europa.eu/vocabulary/aq/pollutant/7,hour,65.7900000000,µg/m3,2017-05-25 22:00:00 +01:00,2017-05-25 23:00:00 +01:00,1,1
ES,ES.BDCA.AQD,NET_ES131A,STA_ES0125A,,SP_28079017_14_6,SPP_28079017_14_6.1,SAM_28079017_14_6,O3,http://dd.eionet.europa.eu/vocabulary/aq/pollutant/7,hour,71.1099999900,µg/m3,2017-05-25 23:00:00 +01:00,2017-05-26 00:00:00 +01:00,1,1
ES,ES.BDCA.AQD,NET_ES131A,STA_ES0125A,,SP_28079017_14_6,SPP_28079017_14_6.1,SAM_28079017_14_6,O3,http://dd.eionet.europa.eu/vocabulary/aq/pollutant/7,hour,68.7999999900,µg/m3,2017-05-26 00:00:00 +01:00,2017-05-26 01:00:00 +01:00,1,1
ES,ES.BDCA.AQD,NET_ES131A,STA_ES0125A,,SP_28079017_14_6,SPP_28079017_14_6.1,SAM_28079017_14_6,O3,http://dd.eionet.europa.eu/vocabulary/aq/pollutant/7,hour,40.8500000000,µg/m3,2017-05-26 01:00:00 +01:00,2017-05-26 02:00:00 +01:00,1,1
ES,ES.BDCA.AQD,NET_ES131A,STA_ES0125A,,SP_28079017_14_6,SPP_28079017_14_6.1,SAM_28079017_14_6,O3,http://dd.eionet.europa.eu/vocabulary/aq/pollutant/7,hour,39.8599999900,µg/m3,2017-05-26 02:00:00 +01:00,2017-05-26 03:00:00 +01:00,1,1
ES,ES.BDCA.AQD,NET_ES131A,STA_ES0125A,,SP_28079017_14_6,SPP_28079017_14_6.1,SAM_28079017_14_6,O3,http://dd.eionet.europa.eu/vocabulary/aq/pollutant/7,hour,44.2199999900,µg/m3,2017-05-26 03:00:00 +01:00,2017-05-26 04:00:00 +01:00,1,1
ES,ES.BDCA.AQD,NET_ES131A,STA_ES0125A,,SP_28079017_14_6,SPP_28079017_14_6.1,SAM_28079017_14_6,O3,http://dd.eionet.europa.eu/vocabulary/aq/pollutant/7,hour,33.7299999900,µg/m3,2017-05-26 04:00:00 +01:00,2017-05-26 05:00:00 +01:00,1,1
ES,ES.BDCA.AQD,NET_ES131A,STA_ES0125A,,SP_28079017_14_6,SPP_28079017_14_6.1,SAM_28079017_14_6,O3,http://dd.eionet.europa.eu/vocabulary/aq/pollutant/7,hour,25.0000000000,µg/m3,2017-05-26 05:00:00 +01:00,2017-05-26 06:00:00 +01:00,1,1
ES,ES.BDCA.AQD,NET_ES131A,STA_ES0125A,,SP_28079017_14_6,SPP_28079017_14_6.1,SAM_28079017_14_6,O3,http://dd.eionet.europa.eu/vocabulary/aq/pollutant/7,hour,2.8199999900,µg/m3,2017-05-26 06:00:00 +01:00,2017-05-26 07:00:00 +01:00,1,1
ES,ES.BDCA.AQD,NET_ES131A,STA_ES0125A,,SP_28079017_14_6,SPP_28079017_14_6.1,SAM_28079017_14_6,O3,http://dd.eionet.europa.eu/vocabulary/aq/pollutant/7,hour,4.7800000000,µg/m3,2017-05-26 07:00:00 +01:00,2017-05-26 08:00:00 +01:00,1,1
ES,ES.BDCA.AQD,NET_ES131A,STA_ES0125A,,SP_28079017_14_6,SPP_28079017_14_6.1,SAM_28079017_14_6,O3,http://dd.eionet.europa.eu/vocabulary/aq/pollutant/7,hour,27.1299999900,µg/m3,2017-05-26 08:00:00 +01:00,2017-05-26 09:00:00 +01:00,1,1
ES,ES.BDCA.AQD,NET_ES131A,STA_ES0125A,,SP_28079017_14_6,SPP_28079017_14_6.1,SAM_28079017_14_6,O3,http://dd.eionet.europa.eu/vocabulary/aq/pollutant/7,hour,42.3800000000,µg/m3,2017-05-26 09:00:00 +01:00,2017-05-26 10:00:00 +01:00,1,1
ES,ES.BDCA.AQD,NET_ES131A,STA_ES0125A,,SP_28079017_14_6,SPP_28079017_14_6.1,SAM_28079017_14_6,O3,http://dd.eionet.europa.eu/vocabulary/aq/pollutant/7,hour,51.6099999900,µg/m3,2017-05-26 10:00:00 +01:00,2017-05-26 11:00:00 +01:00,1,1
ES,ES.BDCA.AQD,NET_ES131A,STA_ES0125A,,SP_28079017_14_6,SPP_28079017_14_6.1,SAM_28079017_14_6,O3,http://dd.eionet.europa.eu/vocabulary/aq/pollutant/7,hour,83.3499999900,µg/m3,2017-05-26 11:00:00 +01:00,2017-05-26 12:00:00 +01:00,1,1
ES,ES.BDCA.AQD,NET_ES131A,STA_ES0125A,,SP_28079017_14_6,SPP_28079017_14_6.1,SAM_28079017_14_6,O3,http://dd.eionet.europa.eu/vocabulary/aq/pollutant/7,hour,100.4000000000,µg/m3,2017-05-26 12:00:00 +01:00,2017-05-26 13:00:00 +01:00,1,1
ES,ES.BDCA.AQD,NET_ES131A,STA_ES0125A,,SP_28079017_14_6,SPP_28079017_14_6.1,SAM_28079017_14_6,O3,http://dd.eionet.europa.eu/vocabulary/aq/pollutant/7,hour,104.0999999900,µg/m3,2017-05-26 13:00:00 +01:00,2017-05-26 14:00:00 +01:00,1,1
ES,ES.BDCA.AQD,NET_ES131A,STA_ES0125A,,SP_28079017_14_6,SPP_28079017_14_6.1,SAM_28079017_14_6,O3,http://dd.eionet.europa.eu/vocabulary/aq/pollutant/7,hour,102.5000000000,µg/m3,2017-05-26 14:00:00 +01:00,2017-05-26 15:00:00 +01:00,1,1
ES,ES.BDCA.AQD,NET_ES131A,STA_ES0125A,,SP_28079017_14_6,SPP_28079017_14_6.1,SAM_28079017_14_6,O3,http://dd.eionet.europa.eu/vocabulary/aq/pollutant/7,hour,96.7699999900,µg/m3,2017-05-26 15:00:00 +01:00,2017-05-26 16:00:00 +01:00,1,1
ES,ES.BDCA.AQD,NET_ES131A,STA_ES0125A,,SP_28079017_14_6,SPP_28079017_14_6.1,SAM_28079017_14_6,O3,http://dd.eionet.europa.eu/vocabulary/aq/pollutant/7,hour,90.9000000000,µg/m3,2017-05-26 16:00:00 +01:00,2017-05-26 17:00:00 +01:00,1,1
ES,ES.BDCA.AQD,NET_ES131A,STA_ES0125A,,SP_28079017_14_6,SPP_28079017_14_6.1,SAM_28079017_14_6,O3,http://dd.eionet.europa.eu/vocabulary/aq/pollutant/7,hour,81.9300000000,µg/m3,2017-05-26 17:00:00 +01:00,2017-05-26 18:00:00 +01:00,1,1
ES,ES.BDCA.AQD,NET_ES131A,STA_ES0125A,,SP_28079017_14_6,SPP_28079017_14_6.1,SAM_28079017_14_6,O3,http://dd.eionet.europa.eu/vocabulary/aq/pollutant/7,hour,78.4699999900,µg/m3,2017-05-26 18:00:00 +01:00,2017-05-26 19:00:00 +01:00,1,1
ES,ES.BDCA.AQD,NET_ES131A,STA_ES0125A,,SP_28079017_14_6,SPP_28079017_14_6.1,SAM_28079017_14_6,O3,http://dd.eionet.europa.eu/vocabulary/aq/pollutant/7,hour,75.7699999900,µg/m3,2017-05-26 19:00:00 +01:00,2017-05-26 20:00:00 +01:00,1,1
ES,ES.BDCA.AQD,NET_ES131A,STA_ES0125A,,SP_28079017_14_6,SPP_28079017_14_6.1,SAM_28079017_14_6,O3,http://dd.eionet.europa.eu/vocabulary/aq/pollutant/7,hour,52.5700000000,µg/m3,2017-05-26 20:00:00 +01:00,2017-05-26 21:00:00 +01:00,1,1
ES,ES.BDCA.AQD,NET_ES131A,STA_ES0125A,,SP_28079017_14_6,SPP_28079017_14_6.1,SAM_28079017_14_6,O3,http://dd.eionet.europa.eu/vocabulary/aq/pollutant/7,hour,16.3299999900,µg/m3,2017-05-26 21:00:00 +01:00,2017-05-26 22:00:00 +01:00,1,1
ES,ES.BDCA.AQD,NET_ES131A,STA_ES0125A,,SP_28079017_14_6,SPP_28079017_14_6.1,SAM_28079017_14_6,O3,http://dd.eionet.europa.eu/vocabulary/aq/pollutant/7,hour,3.4500000000,µg/m3,2017-05-26 22:00:00 +01:00,2017-05-26 23:00:00 +01:00,1,1
ES,ES.BDCA.AQD,NET_ES131A,STA_ES0125A,,SP_28079017_14_6,SPP_28079017_14_6.1,SAM_28079017_14_6,O3,http://dd.eionet.europa.eu/vocabulary/aq/pollutant/7,hour,9.4600000000,µg/m3,2017-05-26 23:00:00 +01:00,2017-05-27 00:00:00 +01:00,1,1
ES,ES.BDCA.AQD,NET_ES131A,STA_ES0125A,,SP_28079017_14_6,SPP_28079017_14_6.1,SAM_28079017_14_6,O3,http://dd.eionet.europa.eu/vocabulary/aq/pollutant/7,hour,45.0000000000,µg/m3,2017-05-27 00:00:00 +01:00,2017-05-27 01:00:00 +01:00,1,1
ES,ES.BDCA.AQD,NET_ES131A,STA_ES0125A,,SP_28079017_14_6,SPP_28079017_14_6.1,SAM_28079017_14_6,O3,http://dd.eionet.europa.eu/vocabulary/aq/pollutant/7,hour,62.1499999900,µg/m3,2017-05-27 01:00:00 +01:00,2017-05-27 02:00:00 +01:00,1,1
ES,ES.BDCA.AQD,NET_ES131A,STA_ES0125A,,SP_28079017_14_6,SPP_28079017_14_6.1,SAM_28079017_14_6,O3,http://dd.eionet.europa.eu/vocabulary/aq/pollutant/7,hour,63.4900000000,µg/m3,2017-05-27 02:00:00 +01:00,2017-05-27 03:00:00 +01:00,1,1
ES,ES.BDCA.AQD,NET_ES131A,STA_ES0125A,,SP_28079017_14_6,SPP_28079017_14_6.1,SAM_28079017_14_6,O3,http://dd.eionet.europa.eu/vocabulary/aq/pollutant/7,hour,68.6700000000,µg/m3,2017-05-27 03:00:00 +01:00,2017-05-27 04:00:00 +01:00,1,1
ES,ES.BDCA.AQD,NET_ES131A,STA_ES0125A,,SP_28079017_14_6,SPP_28079017_14_6.1,SAM_28079017_14_6,O3,http://dd.eionet.europa.eu/vocabulary/aq/pollutant/7,hour,62.7999999900,µg/m3,2017-05-27 04:00:00 +01:00,2017-05-27 05:00:00 +01:00,1,1
ES,ES.BDCA.AQD,NET_ES131A,STA_ES0125A,,SP_28079017_14_6,SPP_28079017_14_6.1,SAM_28079017_14_6,O3,http://dd.eionet.europa.eu/vocabulary/aq/pollutant/7,hour,55.1400000000,µg/m3,2017-05-27 05:00:00 +01:00,2017-05-27 06:00:00 +01:00,1,1
ES,ES.BDCA.AQD,NET_ES131A,STA_ES0125A,,SP_28079017_14_6,SPP_28079017_14_6.1,SAM_28079017_14_6,O3,http://dd.eionet.europa.eu/vocabulary/aq/pollutant/7,hour,49.8800000000,µg/m3,2017-05-27 06:00:00 +01:00,2017-05-27 07:00:00 +01:00,1,1
ES,ES.BDCA.AQD,NET_ES131A,STA_ES0125A,,SP_28079017_14_6,SPP_28079017_14_6.1,SAM_28079017_14_6,O3,http://dd.eionet.europa.eu/vocabulary/aq/pollutant/7,hour,55.5900000000,µg/m3,2017-05-27 07:00:00 +01:00,2017-05-27 08:00:00 +01:00,1,1
ES,ES.BDCA.AQD,NET_ES131A,STA_ES0125A,,SP_28079017_14_6,SPP_28079017_14_6.1,SAM_28079017_14_6,O3,http://dd.eionet.europa.eu/vocabulary/aq/pollutant/7,hour,66.2699999900,µg/m3,2017-05-27 08:00:00 +01:00,2017-05-27 09:00:00 +01:00,1,1
ES,ES.BDCA.AQD,NET_ES131A,STA_ES0125A,,SP_28079017_14_6,SPP_28079017_14_6.1,SAM_28079017_14_6,O3,http://dd.eionet.europa.eu/vocabulary/aq/pollutant/7,hour,70.5400000000,µg/m3,2017-05-27 09:00:00 +01:00,2017-05-27 10:00:00 +01:00,1,1
ES,ES.BDCA.AQD,NET_ES131A,STA_ES0125A,,SP_28079017_14_6,SPP_28079017_14_6.1,SAM_28079017_14_6,O3,http://dd.eionet.europa.eu/vocabulary/aq/pollutant/7,hour,80.0499999900,µg/m3,2017-05-27 10:00:00 +01:00,2017-05-27 11:00:00 +01:00,1,1
ES,ES.BDCA.AQD,NET_ES131A,STA_ES0125A,,SP_28079017_14_6,SPP_28079017_14_6.1,SAM_28079017_14_6,O3,http://dd.eionet.europa.eu/vocabulary/aq/pollutant/7,hour,88.5999999900,µg/m3,2017-05-27 11:00:00 +01:00,2017-05-27 12:00:00 +01:00,1,1
ES,ES.BDCA.AQD,NET_ES131A,STA_ES0125A,,SP_28079017_14_6,SPP_28079017_14_6.1,SAM_28079017_14_6,O3,http://dd.eionet.europa.eu/vocabulary/aq/pollutant/7,hour,95.0000000000,µg/m3,2017-05-27 12:00:00 +01:00,2017-05-27 13:00:00 +01:00,1,1
ES,ES.BDCA.AQD,NET_ES131A,STA_ES0125A,,SP_28079017_14_6,SPP_28079017_14_6.1,SAM_28079017_14_6,O3,http://dd.eionet.europa.eu/vocabulary/aq/pollutant/7,hour,93.1700000000,µg/m3,2017-05-27 13:00:00 +01:00,2017-05-27 14:00:00 +01:00,1,1
ES,ES.BDCA.AQD,NET_ES131A,STA_ES0125A,,SP_28079017_14_6,SPP_28079017_14_6.1,SAM_28079017_14_6,O3,http://dd.eionet.europa.eu/vocabulary/aq/pollutant/7,hour,91.4699999900,µg/m3,2017-05-27 14:00:00 +01:00,2017-05-27 15:00:00 +01:00,1,1
ES,ES.BDCA.AQD,NET_ES131A,STA_ES0125A,,SP_28079017_14_6,SPP_28079017_14_6.1,SAM_28079017_14_6,O3,http://dd.eionet.europa.eu/vocabulary/aq/pollutant/7,hour,90.4399999900,µg/m3,2017-05-27 15:00:00 +01:00,2017-05-27 16:00:00 +01:00,1,1
ES,ES.BDCA.AQD,NET_ES131A,STA_ES0125A,,SP_28079017_14_6,SPP_28079017_14_6.1,SAM_28079017_14_6,O3,http://dd.eionet.europa.eu/vocabulary/aq/pollutant/7,hour,92.7699999900,µg/m3,2017-05-27 16:00:00 +01:00,2017-05-27 17:00:00 +01:00,1,1
ES,ES.BDCA.AQD,NET_ES131A,STA_ES0125A,,SP_28079017_14_6,SPP_28079017_14_6.1,SAM_28079017_14_6,O3,http://dd.eionet.europa.eu/vocabulary/aq/pollutant/7,hour,94.0999999900,µg/m3,2017-05-27 17:00:00 +01:00,2017-05-27 18:00:00 +01:00,1,1
ES,ES.BDCA.AQD,NET_ES131A,STA_ES0125A,,SP_28079017_14_6,SPP_28079017_14_6.1,SAM_28079017_14_6,O3,http://dd.eionet.europa.eu/vocabulary/aq/pollutant/7,hour,89.7500000000,µg/m3,2017-05-27 18:00:00 +01:00,2017-05-27 19:00:00 +01:00,1,1
ES,ES.BDCA.AQD,NET_ES131A,STA_ES0125A,,SP_28079017_14_6,SPP_28079017_14_6.1,SAM_28079017_14_6,O3,http://dd.eionet.europa.eu/vocabulary/aq/pollutant/7,hour,84.8700000000,µg/m3,2017-05-27 19:00:00 +01:00,2017-05-27 20:00:00 +01:00,1,1
ES,ES.BDCA.AQD,NET_ES131A,STA_ES0125A,,SP_28079017_14_6,SPP_28079017_14_6.1,SAM_28079017_14_6,O3,http://dd.eionet.europa.eu/vocabulary/aq/pollutant/7,hour,88.6099999900,µg/m3,2017-05-27 20:00:00 +01:00,2017-05-27 21:00:00 +01:00,1,1
ES,ES.BDCA.AQD,NET_ES131A,STA_ES0125A,,SP_28079017_14_6,SPP_28079017_14_6.1,SAM_28079017_14_6,O3,http://dd.eionet.europa.eu/vocabulary/aq/pollutant/7,hour,89.7300000000,µg/m3,2017-05-27 21:00:00 +01:00,2017-05-27 22:00:00 +01:00,1,1
ES,ES.BDCA.AQD,NET_ES131A,STA_ES0125A,,SP_28079017_14_6,SPP_28079017_14_6.1,SAM_28079017_14_6,O3,http://dd.eionet.europa.eu/vocabulary/aq/pollutant/7,hour,89.3900000000,µg/m3,2017-05-27 22:00:00 +01:00,2017-05-27 23:00:00 +01:00,1,1
ES,ES.BDCA.AQD,NET_ES131A,STA_ES0125A,,SP_28079017_14_6,SPP_28079017_14_6.1,SAM_28079017_14_6,O3,http://dd.eionet.europa.eu/vocabulary/aq/pollutant/7,hour,87.4699999900,µg/m3,2017-05-27 23:00:00 +01:00,2017-05-28 00:00:00 +01:00,1,1
ES,ES.BDCA.AQD,NET_ES131A,STA_ES0125A,,SP_28079017_14_6,SPP_28079017_14_6.1,SAM_28079017_14_6,O3,http://dd.eionet.europa.eu/vocabulary/aq/pollutant/7,hour,87.1200000000,µg/m3,2017-05-28 00:00:00 +01:00,2017-05-28 01:00:00 +01:00,1,1
ES,ES.BDCA.AQD,NET_ES131A,STA_ES0125A,,SP_28079017_14_6,SPP_28079017_14_6.1,SAM_28079017_14_6,O3,http://dd.eionet.europa.eu/vocabulary/aq/pollutant/7,hour,87.7000000000,µg/m3,2017-05-28 01:00:00 +01:00,2017-05-28 02:00:00 +01:00,1,1
ES,ES.BDCA.AQD,NET_ES131A,STA_ES0125A,,SP_28079017_14_6,SPP_28079017_14_6.1,SAM_28079017_14_6,O3,http://dd.eionet.europa.eu/vocabulary/aq/pollutant/7,hour,87.8400000000,µg/m3,2017-05-28 02:00:00 +01:00,2017-05-28 03:00:00 +01:00,1,1
ES,ES.BDCA.AQD,NET_ES131A,STA_ES0125A,,SP_28079017_14_6,SPP_28079017_14_6.1,SAM_28079017_14_6,O3,http://dd.eionet.europa.eu/vocabulary/aq/pollutant/7,hour,83.4899999900,µg/m3,2017-05-28 03:00:00 +01:00,2017-05-28 04:00:00 +01:00,1,1
ES,ES.BDCA.AQD,NET_ES131A,STA_ES0125A,,SP_28079017_14_6,SPP_28079017_14_6.1,SAM_28079017_14_6,O3,http://dd.eionet.europa.eu/vocabulary/aq/pollutant/7,hour,83.0799999900,µg/m3,2017-05-28 04:00:00 +01:00,2017-05-28 05:00:00 +01:00,1,1
ES,ES.BDCA.AQD,NET_ES131A,STA_ES0125A,,SP_28079017_14_6,SPP_28079017_14_6.1,SAM_28079017_14_6,O3,http://dd.eionet.europa.eu/vocabulary/aq/pollutant/7,hour,78.1200000000,µg/m3,2017-05-28 05:00:00 +01:00,2017-05-28 06:00:00 +01:00,1,1
ES,ES.BDCA.AQD,NET_ES131A,STA_ES0125A,,SP_28079017_14_6,SPP_28079017_14_6.1,SAM_28079017_14_6,O3,http://dd.eionet.europa.eu/vocabulary/aq/pollutant/7,hour,74.7600000000,µg/m3,2017-05-28 06:00:00 +01:00,2017-05-28 07:00:00 +01:00,1,1
ES,ES.BDCA.AQD,NET_ES131A,STA_ES0125A,,SP_28079017_14_6,SPP_28079017_14_6.1,SAM_28079017_14_6,O3,http://dd.eionet.europa.eu/vocabulary/aq/pollutant/7,hour,83.1800000000,µg/m3,2017-05-28 07:00:00 +01:00,2017-05-28 08:00:00 +01:00,1,1
ES,ES.BDCA.AQD,NET_ES131A,STA_ES0125A,,SP_28079017_14_6,SPP_28079017_14_6.1,SAM_28079017_14_6,O3,http://dd.eionet.europa.eu/vocabulary/aq/pollutant/7,hour,91.2099999900,µg/m3,2017-05-28 08:00:00 +01:00,2017-05-28 09:00:00 +01:00,1,1
ES,ES.BDCA.AQD,NET_ES131A,STA_ES0125A,,SP_28079017_14_6,SPP_28079017_14_6.1,SAM_28079017_14_6,O3,http://dd.eionet.europa.eu/vocabulary/aq/pollutant/7,hour,89.5999999900,µg/m3,2017-05-28 09:00:00 +01:00,2017-05-28 10:00:00 +01:00,1,1
ES,ES.BDCA.AQD,NET_ES131A,STA_ES0125A,,SP_28079017_14_6,SPP_28079017_14_6.1,SAM_28079017_14_6,O3,http://dd.eionet.europa.eu/vocabulary/aq/pollutant/7,hour,91.9300000000,µg/m3,2017-05-28 10:00:00 +01:00,2017-05-28 11:00:00 +01:00,1,1
ES,ES.BDCA.AQD,NET_ES131A,STA_ES0125A,,SP_28079017_14_6,SPP_28079017_14_6.1,SAM_28079017_14_6,O3,http://dd.eionet.europa.eu/vocabulary/aq/pollutant/7,hour,90.1299999900,µg/m3,2017-05-28 11:00:00 +01:00,2017-05-28 12:00:00 +01:00,1,1
ES,ES.BDCA.AQD,NET_ES131A,STA_ES0125A,,SP_28079017_14_6,SPP_28079017_14_6.1,SAM_28079017_14_6,O3,http://dd.eionet.europa.eu/vocabulary/aq/pollutant/7,hour,83.9500000000,µg/m3,2017-05-28 12:00:00 +01:00,2017-05-28 13:00:00 +01:00,1,1
ES,ES.BDCA.AQD,NET_ES131A,STA_ES0125A,,SP_28079017_14_6,SPP_28079017_14_6.1,SAM_28079017_14_6,O3,http://dd.eionet.europa.eu/vocabulary/aq/pollutant/7,hour,86.6700000000,µg/m3,2017-05-28 13:00:00 +01:00,2017-05-28 14:00:00 +01:00,1,1
ES,ES.BDCA.AQD,NET_ES131A,STA_ES0125A,,SP_28079017_14_6,SPP_28079017_14_6.1,SAM_28079017_14_6,O3,http://dd.eionet.europa.eu/vocabulary/aq/pollutant/7,hour,91.4599999900,µg/m3,2017-05-28 14:00:00 +01:00,2017-05-28 15:00:00 +01:00,1,1
ES,ES.BDCA.AQD,NET_ES131A,STA_ES0125A,,SP_28079017_14_6,SPP_28079017_14_6.1,SAM_28079017_14_6,O3,http://dd.eionet.europa.eu/vocabulary/aq/pollutant/7,hour,89.4200000000,µg/m3,2017-05-28 15:00:00 +01:00,2017-05-28 16:00:00 +01:00,1,1
ES,ES.BDCA.AQD,NET_ES131A,STA_ES0125A,,SP_28079017_14_6,SPP_28079017_14_6.1,SAM_28079017_14_6,O3,http://dd.eionet.europa.eu/vocabulary/aq/pollutant/7,hour,90.6500000000,µg/m3,2017-05-28 16:00:00 +01:00,2017-05-28 17:00:00 +01:00,1,1
ES,ES.BDCA.AQD,NET_ES131A,STA_ES0125A,,SP_28079017_14_6,SPP_28079017_14_6.1,SAM_28079017_14_6,O3,http://dd.eionet.europa.eu/vocabulary/aq/pollutant/7,hour,96.2000000000,µg/m3,2017-05-28 17:00:00 +01:00,2017-05-28 18:00:00 +01:00,1,1
ES,ES.BDCA.AQD,NET_ES131A,STA_ES0125A,,SP_28079017_14_6,SPP_28079017_14_6.1,SAM_28079017_14_6,O3,http://dd.eionet.europa.eu/vocabulary/aq/pollutant/7,hour,87.5400000000,µg/m3,2017-05-28 18:00:00 +01:00,2017-05-28 19:00:00 +01:00,1,1
ES,ES.BDCA.AQD,NET_ES131A,STA_ES0125A,,SP_28079017_14_6,SPP_28079017_14_6.1,SAM_28079017_14_6,O3,http://dd.eionet.europa.eu/vocabulary/aq/pollutant/7,hour,71.5199999900,µg/m3,2017-05-28 19:00:00 +01:00,2017-05-28 20:00:00 +01:00,1,1
ES,ES.BDCA.AQD,NET_ES131A,STA_ES0125A,,SP_28079017_14_6,SPP_28079017_14_6.1,SAM_28079017_14_6,O3,http://dd.eionet.europa.eu/vocabulary/aq/pollutant/7,hour,58.8599999900,µg/m3,2017-05-28 20:00:00 +01:00,2017-05-28 21:00:00 +01:00,1,1
ES,ES.BDCA.AQD,NET_ES131A,STA_ES0125A,,SP_28079017_14_6,SPP_28079017_14_6.1,SAM_28079017_14_6,O3,http://dd.eionet.europa.eu/vocabulary/aq/pollutant/7,hour,58.1000000000,µg/m3,2017-05-28 21:00:00 +01:00,2017-05-28 22:00:00 +01:00,1,1
ES,ES.BDCA.AQD,NET_ES131A,STA_ES0125A,,SP_28079017_14_6,SPP_28079017_14_6.1,SAM_28079017_14_6,O3,http://dd.eionet.europa.eu/vocabulary/aq/pollutant/7,hour,59.7199999900,µg/m3,2017-05-28 22:00:00 +01:00,2017-05-28 23:00:00 +01:00,1,1
ES,ES.BDCA.AQD,NET_ES131A,STA_ES0125A,,SP_28079017_14_6,SPP_28079017_14_6.1,SAM_28079017_14_6,O3,http://dd.eionet.europa.eu/vocabulary/aq/pollutant/7,hour,57.8299999900,µg/m3,2017-05-28 23:00:00 +01:00,2017-05-29 00:00:00 +01:00,1,1
ES,ES.BDCA.AQD,NET_ES131A,STA_ES0125A,,SP_28079017_14_6,SPP_28079017_14_6.1,SAM_28079017_14_6,O3,http://dd.eionet.europa.eu/vocabulary/aq/pollutant/7,hour,60.7000000000,µg/m3,2017-05-29 00:00:00 +01:00,2017-05-29 01:00:00 +01:00,1,1
ES,ES.BDCA.AQD,NET_ES131A,STA_ES0125A,,SP_28079017_14_6,SPP_28079017_14_6.1,SAM_28079017_14_6,O3,http://dd.eionet.europa.eu/vocabulary/aq/pollutant/7,hour,56.7899999900,µg/m3,2017-05-29 01:00:00 +01:00,2017-05-29 02:00:00 +01:00,1,1
ES,ES.BDCA.AQD,NET_ES131A,STA_ES0125A,,SP_28079017_14_6,SPP_28079017_14_6.1,SAM_28079017_14_6,O3,http://dd.eionet.europa.eu/vocabulary/aq/pollutant/7,hour,61.9799999900,µg/m3,2017-05-29 02:00:00 +01:00,2017-05-29 03:00:00 +01:00,1,1
ES,ES.BDCA.AQD,NET_ES131A,STA_ES0125A,,SP_28079017_14_6,SPP_28079017_14_6.1,SAM_28079017_14_6,O3,http://dd.eionet.europa.eu/vocabulary/aq/pollutant/7,hour,66.1899999900,µg/m3,2017-05-29 03:00:00 +01:00,2017-05-29 04:00:00 +01:00,1,1
ES,ES.BDCA.AQD,NET_ES131A,STA_ES0125A,,SP_28079017_14_6,SPP_28079017_14_6.1,SAM_28079017_14_6,O3,http://dd.eionet.europa.eu/vocabulary/aq/pollutant/7,hour,60.0099999900,µg/m3,2017-05-29 04:00:00 +01:00,2017-05-29 05:00:00 +01:00,1,1
ES,ES.BDCA.AQD,NET_ES131A,STA_ES0125A,,SP_28079017_14_6,SPP_28079017_14_6.1,SAM_28079017_14_6,O3,http://dd.eionet.europa.eu/vocabulary/aq/pollutant/7,hour,50.0000000000,µg/m3,2017-05-29 05:00:00 +01:00,2017-05-29 06:00:00 +01:00,1,1
ES,ES.BDCA.AQD,NET_ES131A,STA_ES0125A,,SP_28079017_14_6,SPP_28079017_14_6.1,SAM_28079017_14_6,O3,http://dd.eionet.europa.eu/vocabulary/aq/pollutant/7,hour,37.7999999900,µg/m3,2017-05-29 06:00:00 +01:00,2017-05-29 07:00:00 +01:00,1,1
ES,ES.BDCA.AQD,NET_ES131A,STA_ES0125A,,SP_28079017_14_6,SPP_28079017_14_6.1,SAM_28079017_14_6,O3,http://dd.eionet.europa.eu/vocabulary/aq/pollutant/7,hour,27.3799999900,µg/m3,2017-05-29 07:00:00 +01:00,2017-05-29 08:00:00 +01:00,1,1
ES,ES.BDCA.AQD,NET_ES131A,STA_ES0125A,,SP_28079017_14_6,SPP_28079017_14_6.1,SAM_28079017_14_6,O3,http://dd.eionet.europa.eu/vocabulary/aq/pollutant/7,hour,25.1499999900,µg/m3,2017-05-29 08:00:00 +01:00,2017-05-29 09:00:00 +01:00,1,1
ES,ES.BDCA.AQD,NET_ES131A,STA_ES0125A,,SP_28079017_14_6,SPP_28079017_14_6.1,SAM_28079017_14_6,O3,http://dd.eionet.europa.eu/vocabulary/aq/pollutant/7,hour,30.9699999900,µg/m3,2017-05-29 09:00:00 +01:00,2017-05-29 10:00:00 +01:00,1,1
ES,ES.BDCA.AQD,NET_ES131A,STA_ES0125A,,SP_28079017_14_6,SPP_28079017_14_6.1,SAM_28079017_14_6,O3,http://dd.eionet.europa.eu/vocabulary/aq/pollutant/7,hour,49.6599999900,µg/m3,2017-05-29 10:00:00 +01:00,2017-05-29 11:00:00 +01:00,1,1
ES,ES.BDCA.AQD,NET_ES131A,STA_ES0125A,,SP_28079017_14_6,SPP_28079017_14_6.1,SAM_28079017_14_6,O3,http://dd.eionet.europa.eu/vocabulary/aq/pollutant/7,hour,63.0099999900,µg/m3,2017-05-29 11:00:00 +01:00,2017-05-29 12:00:00 +01:00,1,1
ES,ES.BDCA.AQD,NET_ES131A,STA_ES0125A,,SP_28079017_14_6,SPP_28079017_14_6.1,SAM_28079017_14_6,O3,http://dd.eionet.europa.eu/vocabulary/aq/pollutant/7,hour,65.2600000000,µg/m3,2017-05-29 12:00:00 +01:00,2017-05-29 13:00:00 +01:00,1,1
ES,ES.BDCA.AQD,NET_ES131A,STA_ES0125A,,SP_28079017_14_6,SPP_28079017_14_6.1,SAM_28079017_14_6,O3,http://dd.eionet.europa.eu/vocabulary/aq/pollutant/7,hour,70.4800000000,µg/m3,2017-05-29 13:00:00 +01:00,2017-05-29 14:00:00 +01:00,1,1
ES,ES.BDCA.AQD,NET_ES131A,STA_ES0125A,,SP_28079017_14_6,SPP_28079017_14_6.1,SAM_28079017_14_6,O3,http://dd.eionet.europa.eu/vocabulary/aq/pollutant/7,hour,72.6800000000,µg/m3,2017-05-29 14:00:00 +01:00,2017-05-29 15:00:00 +01:00,1,1
ES,ES.BDCA.AQD,NET_ES131A,STA_ES0125A,,SP_28079017_14_6,SPP_28079017_14_6.1,SAM_28079017_14_6,O3,http://dd.eionet.europa.eu/vocabulary/aq/pollutant/7,hour,74.0799999900,µg/m3,2017-05-29 15:00:00 +01:00,2017-05-29 16:00:00 +01:00,1,1
ES,ES.BDCA.AQD,NET_ES131A,STA_ES0125A,,SP_28079017_14_6,SPP_28079017_14_6.1,SAM_28079017_14_6,O3,http://dd.eionet.europa.eu/vocabulary/aq/pollutant/7,hour,74.4000000000,µg/m3,2017-05-29 16:00:00 +01:00,2017-05-29 17:00:00 +01:00,1,1
ES,ES.BDCA.AQD,NET_ES131A,STA_ES0125A,,SP_28079017_14_6,SPP_28079017_14_6.1,SAM_28079017_14_6,O3,http://dd.eionet.europa.eu/vocabulary/aq/pollutant/7,hour,70.7099999900,µg/m3,2017-05-29 17:00:00 +01:00,2017-05-29 18:00:00 +01:00,1,1
ES,ES.BDCA.AQD,NET_ES131A,STA_ES0125A,,SP_28079017_14_6,SPP_28079017_14_6.1,SAM_28079017_14_6,O3,http://dd.eionet.europa.eu/vocabulary/aq/pollutant/7,hour,72.0799999900,µg/m3,2017-05-29 18:00:00 +01:00,2017-05-29 19:00:00 +01:00,1,1
ES,ES.BDCA.AQD,NET_ES131A,STA_ES0125A,,SP_28079017_14_6,SPP_28079017_14_6.1,SAM_28079017_14_6,O3,http://dd.eionet.europa.eu/vocabulary/aq/pollutant/7,hour,67.2800000000,µg/m3,2017-05-29 19:00:00 +01:00,2017-05-29 20:00:00 +01:00,1,1
ES,ES.BDCA.AQD,NET_ES131A,STA_ES0125A,,SP_28079017_14_6,SPP_28079017_14_6.1,SAM_28079017_14_6,O3,http://dd.eionet.europa.eu/vocabulary/aq/pollutant/7,hour,59.1700000000,µg/m3,2017-05-29 20:00:00 +01:00,2017-05-29 21:00:00 +01:00,1,1
ES,ES.BDCA.AQD,NET_ES131A,STA_ES0125A,,SP_28079017_14_6,SPP_28079017_14_6.1,SAM_28079017_14_6,O3,http://dd.eionet.europa.eu/vocabulary/aq/pollutant/7,hour,48.6599999900,µg/m3,2017-05-29 21:00:00 +01:00,2017-05-29 22:00:00 +01:00,1,1
ES,ES.BDCA.AQD,NET_ES131A,STA_ES0125A,,SP_28079017_14_6,SPP_28079017_14_6.1,SAM_28079017_14_6,O3,http://dd.eionet.europa.eu/vocabulary/aq/pollutant/7,hour,33.2400000000,µg/m3,2017-05-29 22:00:00 +01:00,2017-05-29 23:00:00 +01:00,1,1
ES,ES.BDCA.AQD,NET_ES131A,STA_ES0125A,,SP_28079017_14_6,SPP_28079017_14_6.1,SAM_28079017_14_6,O3,http://dd.eionet.europa.eu/vocabulary/aq/pollutant/7,hour,44.2700000000,µg/m3,2017-05-29 23:00:00 +01:00,2017-05-30 00:00:00 +01:00,1,1
ES,ES.BDCA.AQD,NET_ES131A,STA_ES0125A,,SP_28079017_14_6,SPP_28079017_14_6.1,SAM_28079017_14_6,O3,http://dd.eionet.europa.eu/vocabulary/aq/pollutant/7,hour,43.3299999900,µg/m3,2017-05-30 00:00:00 +01:00,2017-05-30 01:00:00 +01:00,1,1
ES,ES.BDCA.AQD,NET_ES131A,STA_ES0125A,,SP_28079017_14_6,SPP_28079017_14_6.1,SAM_28079017_14_6,O3,http://dd.eionet.europa.eu/vocabulary/aq/pollutant/7,hour,69.7099999900,µg/m3,2017-05-30 01:00:00 +01:00,2017-05-30 02:00:00 +01:00,1,1
ES,ES.BDCA.AQD,NET_ES131A,STA_ES0125A,,SP_28079017_14_6,SPP_28079017_14_6.1,SAM_28079017_14_6,O3,http://dd.eionet.europa.eu/vocabulary/aq/pollutant/7,hour,75.3299999900,µg/m3,2017-05-30 02:00:00 +01:00,2017-05-30 03:00:00 +01:00,1,1
ES,ES.BDCA.AQD,NET_ES131A,STA_ES0125A,,SP_28079017_14_6,SPP_28079017_14_6.1,SAM_28079017_14_6,O3,http://dd.eionet.europa.eu/vocabulary/aq/pollutant/7,hour,78.3299999900,µg/m3,2017-05-30 03:00:00 +01:00,2017-05-30 04:00:00 +01:00,1,1
ES,ES.BDCA.AQD,NET_ES131A,STA_ES0125A,,SP_28079017_14_6,SPP_28079017_14_6.1,SAM_28079017_14_6,O3,http://dd.eionet.europa.eu/vocabulary/aq/pollutant/7,hour,67.3799999900,µg/m3,2017-05-30 04:00:00 +01:00,2017-05-30 05:00:00 +01:00,1,1
ES,ES.BDCA.AQD,NET_ES131A,STA_ES0125A,,SP_28079017_14_6,SPP_28079017_14_6.1,SAM_28079017_14_6,O3,http://dd.eionet.europa.eu/vocabulary/aq/pollutant/7,hour,31.5300000000,µg/m3,2017-05-30 05:00:00 +01:00,2017-05-30 06:00:00 +01:00,1,1
ES,ES.BDCA.AQD,NET_ES131A,STA_ES0125A,,SP_28079017_14_6,SPP_28079017_14_6.1,SAM_28079017_14_6,O3,http://dd.eionet.europa.eu/vocabulary/aq/pollutant/7,hour,12.5000000000,µg/m3,2017-05-30 06:00:00 +01:00,2017-05-30 07:00:00 +01:00,1,1
ES,ES.BDCA.AQD,NET_ES131A,STA_ES0125A,,SP_28079017_14_6,SPP_28079017_14_6.1,SAM_28079017_14_6,O3,http://dd.eionet.europa.eu/vocabulary/aq/pollutant/7,hour,38.9200000000,µg/m3,2017-05-30 07:00:00 +01:00,2017-05-30 08:00:00 +01:00,1,1
ES,ES.BDCA.AQD,NET_ES131A,STA_ES0125A,,SP_28079017_14_6,SPP_28079017_14_6.1,SAM_28079017_14_6,O3,http://dd.eionet.europa.eu/vocabulary/aq/pollutant/7,hour,39.0799999900,µg/m3,2017-05-30 08:00:00 +01:00,2017-05-30 09:00:00 +01:00,1,1
ES,ES.BDCA.AQD,NET_ES131A,STA_ES0125A,,SP_28079017_14_6,SPP_28079017_14_6.1,SAM_28079017_14_6,O3,http://dd.eionet.europa.eu/vocabulary/aq/pollutant/7,hour,52.6400000000,µg/m3,2017-05-30 09:00:00 +01:00,2017-05-30 10:00:00 +01:00,1,1
ES,ES.BDCA.AQD,NET_ES131A,STA_ES0125A,,SP_28079017_14_6,SPP_28079017_14_6.1,SAM_28079017_14_6,O3,http://dd.eionet.europa.eu/vocabulary/aq/pollutant/7,hour,73.0600000000,µg/m3,2017-05-30 10:00:00 +01:00,2017-05-30 11:00:00 +01:00,1,1
ES,ES.BDCA.AQD,NET_ES131A,STA_ES0125A,,SP_28079017_14_6,SPP_28079017_14_6.1,SAM_28079017_14_6,O3,http://dd.eionet.europa.eu/vocabulary/aq/pollutant/7,hour,81.5499999900,µg/m3,2017-05-30 11:00:00 +01:00,2017-05-30 12:00:00 +01:00,1,1
ES,ES.BDCA.AQD,NET_ES131A,STA_ES0125A,,SP_28079017_14_6,SPP_28079017_14_6.1,SAM_28079017_14_6,O3,http://dd.eionet.europa.eu/vocabulary/aq/pollutant/7,hour,87.5600000000,µg/m3,2017-05-30 12:00:00 +01:00,2017-05-30 13:00:00 +01:00,1,1
ES,ES.BDCA.AQD,NET_ES131A,STA_ES0125A,,SP_28079017_14_6,SPP_28079017_14_6.1,SAM_28079017_14_6,O3,http://dd.eionet.europa.eu/vocabulary/aq/pollutant/7,hour,93.7699999900,µg/m3,2017-05-30 13:00:00 +01:00,2017-05-30 14:00:00 +01:00,1,1
ES,ES.BDCA.AQD,NET_ES131A,STA_ES0125A,,SP_28079017_14_6,SPP_28079017_14_6.1,SAM_28079017_14_6,O3,http://dd.eionet.europa.eu/vocabulary/aq/pollutant/7,hour,92.9200000000,µg/m3,2017-05-30 14:00:00 +01:00,2017-05-30 15:00:00 +01:00,1,1
ES,ES.BDCA.AQD,NET_ES131A,STA_ES0125A,,SP_28079017_14_6,SPP_28079017_14_6.1,SAM_28079017_14_6,O3,http://dd.eionet.europa.eu/vocabulary/aq/pollutant/7,hour,88.3700000000,µg/m3,2017-05-30 15:00:00 +01:00,2017-05-30 16:00:00 +01:00,1,1
ES,ES.BDCA.AQD,NET_ES131A,STA_ES0125A,,SP_28079017_14_6,SPP_28079017_14_6.1,SAM_28079017_14_6,O3,http://dd.eionet.europa.eu/vocabulary/aq/pollutant/7,hour,86.5199999900,µg/m3,2017-05-30 16:00:00 +01:00,2017-05-30 17:00:00 +01:00,1,1
ES,ES.BDCA.AQD,NET_ES131A,STA_ES0125A,,SP_28079017_14_6,SPP_28079017_14_6.1,SAM_28079017_14_6,O3,http://dd.eionet.europa.eu/vocabulary/aq/pollutant/7,hour,87.6700000000,µg/m3,2017-05-30 17:00:00 +01:00,2017-05-30 18:00:00 +01:00,1,1
ES,ES.BDCA.AQD,NET_ES131A,STA_ES0125A,,SP_28079017_14_6,SPP_28079017_14_6.1,SAM_28079017_14_6,O3,http://dd.eionet.europa.eu/vocabulary/aq/pollutant/7,hour,80.0600000000,µg/m3,2017-05-30 18:00:00 +01:00,2017-05-30 19:00:00 +01:00,1,1
ES,ES.BDCA.AQD,NET_ES131A,STA_ES0125A,,SP_28079017_14_6,SPP_28079017_14_6.1,SAM_28079017_14_6,O3,http://dd.eionet.europa.eu/vocabulary/aq/pollutant/7,hour,74.2300000000,µg/m3,2017-05-30 19:00:00 +01:00,2017-05-30 20:00:00 +01:00,1,1
ES,ES.BDCA.AQD,NET_ES131A,STA_ES0125A,,SP_28079017_14_6,SPP_28079017_14_6.1,SAM_28079017_14_6,O3,http://dd.eionet.europa.eu/vocabulary/aq/pollutant/7,hour,71.0400000000,µg/m3,2017-05-30 20:00:00 +01:00,2017-05-30 21:00:00 +01:00,1,1
ES,ES.BDCA.AQD,NET_ES131A,STA_ES0125A,,SP_28079017_14_6,SPP_28079017_14_6.1,SAM_28079017_14_6,O3,http://dd.eionet.europa.eu/vocabulary/aq/pollutant/7,hour,68.2699999900,µg/m3,2017-05-30 21:00:00 +01:00,2017-05-30 22:00:00 +01:00,1,1
ES,ES.BDCA.AQD,NET_ES131A,STA_ES0125A,,SP_28079017_14_6,SPP_28079017_14_6.1,SAM_28079017_14_6,O3,http://dd.eionet.europa.eu/vocabulary/aq/pollutant/7,hour,71.0499999900,µg/m3,2017-05-30 22:00:00 +01:00,2017-05-30 23:00:00 +01:00,1,1
ES,ES.BDCA.AQD,NET_ES131A,STA_ES0125A,,SP_28079017_14_6,SPP_28079017_14_6.1,SAM_28079017_14_6,O3,http://dd.eionet.europa.eu/vocabulary/aq/pollutant/7,hour,82.5900000000,µg/m3,2017-05-30 23:00:00 +01:00,2017-05-31 00:00:00 +01:00,1,1
ES,ES.BDCA.AQD,NET_ES131A,STA_ES0125A,,SP_28079017_14_6,SPP_28079017_14_6.1,SAM_28079017_14_6,O3,http://dd.eionet.europa.eu/vocabulary/aq/pollutant/7,hour,79.4899999900,µg/m3,2017-05-31 00:00:00 +01:00,2017-05-31 01:00:00 +01:00,1,1
ES,ES.BDCA.AQD,NET_ES131A,STA_ES0125A,,SP_28079017_14_6,SPP_28079017_14_6.1,SAM_28079017_14_6,O3,http://dd.eionet.europa.eu/vocabulary/aq/pollutant/7,hour,76.6200000000,µg/m3,2017-05-31 01:00:00 +01:00,2017-05-31 02:00:00 +01:00,1,1
ES,ES.BDCA.AQD,NET_ES131A,STA_ES0125A,,SP_28079017_14_6,SPP_28079017_14_6.1,SAM_28079017_14_6,O3,http://dd.eionet.europa.eu/vocabulary/aq/pollutant/7,hour,59.7999999900,µg/m3,2017-05-31 02:00:00 +01:00,2017-05-31 03:00:00 +01:00,1,1
ES,ES.BDCA.AQD,NET_ES131A,STA_ES0125A,,SP_28079017_14_6,SPP_28079017_14_6.1,SAM_28079017_14_6,O3,http://dd.eionet.europa.eu/vocabulary/aq/pollutant/7,hour,59.3699999900,µg/m3,2017-05-31 03:00:00 +01:00,2017-05-31 04:00:00 +01:00,1,1
ES,ES.BDCA.AQD,NET_ES131A,STA_ES0125A,,SP_28079017_14_6,SPP_28079017_14_6.1,SAM_28079017_14_6,O3,http://dd.eionet.europa.eu/vocabulary/aq/pollutant/7,hour,59.4500000000,µg/m3,2017-05-31 04:00:00 +01:00,2017-05-31 05:00:00 +01:00,1,1
ES,ES.BDCA.AQD,NET_ES131A,STA_ES0125A,,SP_28079017_14_6,SPP_28079017_14_6.1,SAM_28079017_14_6,O3,http://dd.eionet.europa.eu/vocabulary/aq/pollutant/7,hour,35.1899999900,µg/m3,2017-05-31 05:00:00 +01:00,2017-05-31 06:00:00 +01:00,1,1
ES,ES.BDCA.AQD,NET_ES131A,STA_ES0125A,,SP_28079017_14_6,SPP_28079017_14_6.1,SAM_28079017_14_6,O3,http://dd.eionet.europa.eu/vocabulary/aq/pollutant/7,hour,24.4699999900,µg/m3,2017-05-31 06:00:00 +01:00,2017-05-31 07:00:00 +01:00,1,1
ES,ES.BDCA.AQD,NET_ES131A,STA_ES0125A,,SP_28079017_14_6,SPP_28079017_14_6.1,SAM_28079017_14_6,O3,http://dd.eionet.europa.eu/vocabulary/aq/pollutant/7,hour,22.4699999900,µg/m3,2017-05-31 07:00:00 +01:00,2017-05-31 08:00:00 +01:00,1,1
ES,ES.BDCA.AQD,NET_ES131A,STA_ES0125A,,SP_28079017_14_6,SPP_28079017_14_6.1,SAM_28079017_14_6,O3,http://dd.eionet.europa.eu/vocabulary/aq/pollutant/7,hour,38.2700000000,µg/m3,2017-05-31 08:00:00 +01:00,2017-05-31 09:00:00 +01:00,1,1
ES,ES.BDCA.AQD,NET_ES131A,STA_ES0125A,,SP_28079017_14_6,SPP_28079017_14_6.1,SAM_28079017_14_6,O3,http://dd.eionet.europa.eu/vocabulary/aq/pollutant/7,hour,76.1599999900,µg/m3,2017-05-31 09:00:00 +01:00,2017-05-31 10:00:00 +01:00,1,1
ES,ES.BDCA.AQD,NET_ES131A,STA_ES0125A,,SP_28079017_14_6,SPP_28079017_14_6.1,SAM_28079017_14_6,O3,http://dd.eionet.europa.eu/vocabulary/aq/pollutant/7,hour,89.9200000000,µg/m3,2017-05-31 10:00:00 +01:00,2017-05-31 11:00:00 +01:00,1,1
ES,ES.BDCA.AQD,NET_ES131A,STA_ES0125A,,SP_28079017_14_6,SPP_28079017_14_6.1,SAM_28079017_14_6,O3,http://dd.eionet.europa.eu/vocabulary/aq/pollutant/7,hour,97.7600000000,µg/m3,2017-05-31 11:00:00 +01:00,2017-05-31 12:00:00 +01:00,1,1
ES,ES.BDCA.AQD,NET_ES131A,STA_ES0125A,,SP_28079017_14_6,SPP_28079017_14_6.1,SAM_28079017_14_6,O3,http://dd.eionet.europa.eu/vocabulary/aq/pollutant/7,hour,104.0000000000,µg/m3,2017-05-31 12:00:00 +01:00,2017-05-31 13:00:00 +01:00,1,1
ES,ES.BDCA.AQD,NET_ES131A,STA_ES0125A,,SP_28079017_14_6,SPP_28079017_14_6.1,SAM_28079017_14_6,O3,http://dd.eionet.europa.eu/vocabulary/aq/pollutant/7,hour,108.0999999900,µg/m3,2017-05-31 13:00:00 +01:00,2017-05-31 14:00:00 +01:00,1,1
ES,ES.BDCA.AQD,NET_ES131A,STA_ES0125A,,SP_28079017_14_6,SPP_28079017_14_6.1,SAM_28079017_14_6,O3,http://dd.eionet.europa.eu/vocabulary/aq/pollutant/7,hour,103.0999999900,µg/m3,2017-05-31 14:00:00 +01:00,2017-05-31 15:00:00 +01:00,1,1
ES,ES.BDCA.AQD,NET_ES131A,STA_ES0125A,,SP_28079017_14_6,SPP_28079017_14_6.1,SAM_28079017_14_6,O3,http://dd.eionet.europa.eu/vocabulary/aq/pollutant/7,hour,100.7000000000,µg/m3,2017-05-31 15:00:00 +01:00,2017-05-31 16:00:00 +01:00,1,1
ES,ES.BDCA.AQD,NET_ES131A,STA_ES0125A,,SP_28079017_14_6,SPP_28079017_14_6.1,SAM_28079017_14_6,O3,http://dd.eionet.europa.eu/vocabulary/aq/pollutant/7,hour,94.5499999900,µg/m3,2017-05-31 16:00:00 +01:00,2017-05-31 17:00:00 +01:00,1,1
ES,ES.BDCA.AQD,NET_ES131A,STA_ES0125A,,SP_28079017_14_6,SPP_28079017_14_6.1,SAM_28079017_14_6,O3,http://dd.eionet.europa.eu/vocabulary/aq/pollutant/7,hour,100.7000000000,µg/m3,2017-05-31 17:00:00 +01:00,2017-05-31 18:00:00 +01:00,1,1
ES,ES.BDCA.AQD,NET_ES131A,STA_ES0125A,,SP_28079017_14_6,SPP_28079017_14_6.1,SAM_28079017_14_6,O3,http://dd.eionet.europa.eu/vocabulary/aq/pollutant/7,hour,91.8599999900,µg/m3,2017-05-31 18:00:00 +01:00,2017-05-31 19:00:00 +01:00,1,1
ES,ES.BDCA.AQD,NET_ES131A,STA_ES0125A,,SP_28079017_14_6,SPP_28079017_14_6.1,SAM_28079017_14_6,O3,http://dd.eionet.europa.eu/vocabulary/aq/pollutant/7,hour,82.9699999900,µg/m3,2017-05-31 19:00:00 +01:00,2017-05-31 20:00:00 +01:00,1,1
ES,ES.BDCA.AQD,NET_ES131A,STA_ES0125A,,SP_28079017_14_6,SPP_28079017_14_6.1,SAM_28079017_14_6,O3,http://dd.eionet.europa.eu/vocabulary/aq/pollutant/7,hour,62.5300000000,µg/m3,2017-05-31 20:00:00 +01:00,2017-05-31 21:00:00 +01:00,1,1
ES,ES.BDCA.AQD,NET_ES131A,STA_ES0125A,,SP_28079017_14_6,SPP_28079017_14_6.1,SAM_28079017_14_6,O3,http://dd.eionet.europa.eu/vocabulary/aq/pollutant/7,hour,26.1499999900,µg/m3,2017-05-31 21:00:00 +01:00,2017-05-31 22:00:00 +01:00,1,1
ES,ES.BDCA.AQD,NET_ES131A,STA_ES0125A,,SP_28079017_14_6,SPP_28079017_14_6.1,SAM_28079017_14_6,O3,http://dd.eionet.europa.eu/vocabulary/aq/pollutant/7,hour,55.8200000000,µg/m3,2017-05-31 22:00:00 +01:00,2017-05-31 23:00:00 +01:00,1,1
ES,ES.BDCA.AQD,NET_ES131A,STA_ES0125A,,SP_28079017_14_6,SPP_28079017_14_6.1,SAM_28079017_14_6,O3,http://dd.eionet.europa.eu/vocabulary/aq/pollutant/7,hour,69.0000000000,µg/m3,2017-05-31 23:00:00 +01:00,2017-06-01 00:00:00 +01:00,1,1
ES,ES.BDCA.AQD,NET_ES131A,STA_ES0125A,,SP_28079017_14_6,SPP_28079017_14_6.1,SAM_28079017_14_6,O3,http://dd.eionet.europa.eu/vocabulary/aq/pollutant/7,hour,77.3499999900,µg/m3,2017-06-01 00:00:00 +01:00,2017-06-01 01:00:00 +01:00,1,1
ES,ES.BDCA.AQD,NET_ES131A,STA_ES0125A,,SP_28079017_14_6,SPP_28079017_14_6.1,SAM_28079017_14_6,O3,http://dd.eionet.europa.eu/vocabulary/aq/pollutant/7,hour,72.1899999900,µg/m3,2017-06-01 01:00:00 +01:00,2017-06-01 02:00:00 +01:00,1,1
ES,ES.BDCA.AQD,NET_ES131A,STA_ES0125A,,SP_28079017_14_6,SPP_28079017_14_6.1,SAM_28079017_14_6,O3,http://dd.eionet.europa.eu/vocabulary/aq/pollutant/7,hour,67.7199999900,µg/m3,2017-06-01 02:00:00 +01:00,2017-06-01 03:00:00 +01:00,1,1
ES,ES.BDCA.AQD,NET_ES131A,STA_ES0125A,,SP_28079017_14_6,SPP_28079017_14_6.1,SAM_28079017_14_6,O3,http://dd.eionet.europa.eu/vocabulary/aq/pollutant/7,hour,68.8599999900,µg/m3,2017-06-01 03:00:00 +01:00,2017-06-01 04:00:00 +01:00,1,1
ES,ES.BDCA.AQD,NET_ES131A,STA_ES0125A,,SP_28079017_14_6,SPP_28079017_14_6.1,SAM_28079017_14_6,O3,http://dd.eionet.europa.eu/vocabulary/aq/pollutant/7,hour,53.2400000000,µg/m3,2017-06-01 04:00:00 +01:00,2017-06-01 05:00:00 +01:00,1,1
ES,ES.BDCA.AQD,NET_ES131A,STA_ES0125A,,SP_28079017_14_6,SPP_28079017_14_6.1,SAM_28079017_14_6,O3,http://dd.eionet.europa.eu/vocabulary/aq/pollutant/7,hour,18.1999999900,µg/m3,2017-06-01 05:00:00 +01:00,2017-06-01 06:00:00 +01:00,1,1
ES,ES.BDCA.AQD,NET_ES131A,STA_ES0125A,,SP_28079017_14_6,SPP_28079017_14_6.1,SAM_28079017_14_6,O3,http://dd.eionet.europa.eu/vocabulary/aq/pollutant/7,hour,11.0600000000,µg/m3,2017-06-01 06:00:00 +01:00,2017-06-01 07:00:00 +01:00,1,1
ES,ES.BDCA.AQD,NET_ES131A,STA_ES0125A,,SP_28079017_14_6,SPP_28079017_14_6.1,SAM_28079017_14_6,O3,http://dd.eionet.europa.eu/vocabulary/aq/pollutant/7,hour,17.2700000000,µg/m3,2017-06-01 07:00:00 +01:00,2017-06-01 08:00:00 +01:00,1,1
ES,ES.BDCA.AQD,NET_ES131A,STA_ES0125A,,SP_28079017_14_6,SPP_28079017_14_6.1,SAM_28079017_14_6,O3,http://dd.eionet.europa.eu/vocabulary/aq/pollutant/7,hour,32.0300000000,µg/m3,2017-06-01 08:00:00 +01:00,2017-06-01 09:00:00 +01:00,1,1
ES,ES.BDCA.AQD,NET_ES131A,STA_ES0125A,,SP_28079017_14_6,SPP_28079017_14_6.1,SAM_28079017_14_6,O3,http://dd.eionet.europa.eu/vocabulary/aq/pollutant/7,hour,59.3400000000,µg/m3,2017-06-01 09:00:00 +01:00,2017-06-01 10:00:00 +01:00,1,1
ES,ES.BDCA.AQD,NET_ES131A,STA_ES0125A,,SP_28079017_14_6,SPP_28079017_14_6.1,SAM_28079017_14_6,O3,http://dd.eionet.europa.eu/vocabulary/aq/pollutant/7,hour,84.2999999900,µg/m3,2017-06-01 10:00:00 +01:00,2017-06-01 11:00:00 +01:00,1,1
ES,ES.BDCA.AQD,NET_ES131A,STA_ES0125A,,SP_28079017_14_6,SPP_28079017_14_6.1,SAM_28079017_14_6,O3,http://dd.eionet.europa.eu/vocabulary/aq/pollutant/7,hour,98.0699999900,µg/m3,2017-06-01 11:00:00 +01:00,2017-06-01 12:00:00 +01:00,1,1
ES,ES.BDCA.AQD,NET_ES131A,STA_ES0125A,,SP_28079017_14_6,SPP_28079017_14_6.1,SAM_28079017_14_6,O3,http://dd.eionet.europa.eu/vocabulary/aq/pollutant/7,hour,104.2000000000,µg/m3,2017-06-01 12:00:00 +01:00,2017-06-01 13:00:00 +01:00,1,1
ES,ES.BDCA.AQD,NET_ES131A,STA_ES0125A,,SP_28079017_14_6,SPP_28079017_14_6.1,SAM_28079017_14_6,O3,http://dd.eionet.europa.eu/vocabulary/aq/pollutant/7,hour,104.8000000000,µg/m3,2017-06-01 13:00:00 +01:00,2017-06-01 14:00:00 +01:00,1,1
ES,ES.BDCA.AQD,NET_ES131A,STA_ES0125A,,SP_28079017_14_6,SPP_28079017_14_6.1,SAM_28079017_14_6,O3,http://dd.eionet.europa.eu/vocabulary/aq/pollutant/7,hour,110.0000000000,µg/m3,2017-06-01 14:00:00 +01:00,2017-06-01 15:00:00 +01:00,1,1
ES,ES.BDCA.AQD,NET_ES131A,STA_ES0125A,,SP_28079017_14_6,SPP_28079017_14_6.1,SAM_28079017_14_6,O3,http://dd.eionet.europa.eu/vocabulary/aq/pollutant/7,hour,109.4000000000,µg/m3,2017-06-01 15:00:00 +01:00,2017-06-01 16:00:00 +01:00,1,1
ES,ES.BDCA.AQD,NET_ES131A,STA_ES0125A,,SP_28079017_14_6,SPP_28079017_14_6.1,SAM_28079017_14_6,O3,http://dd.eionet.europa.eu/vocabulary/aq/pollutant/7,hour,107.9000000000,µg/m3,2017-06-01 16:00:00 +01:00,2017-06-01 17:00:00 +01:00,1,1
ES,ES.BDCA.AQD,NET_ES131A,STA_ES0125A,,SP_28079017_14_6,SPP_28079017_14_6.1,SAM_28079017_14_6,O3,http://dd.eionet.europa.eu/vocabulary/aq/pollutant/7,hour,108.0999999900,µg/m3,2017-06-01 17:00:00 +01:00,2017-06-01 18:00:00 +01:00,1,1
ES,ES.BDCA.AQD,NET_ES131A,STA_ES0125A,,SP_28079017_14_6,SPP_28079017_14_6.1,SAM_28079017_14_6,O3,http://dd.eionet.europa.eu/vocabulary/aq/pollutant/7,hour,110.2000000000,µg/m3,2017-06-01 18:00:00 +01:00,2017-06-01 19:00:00 +01:00,1,1
ES,ES.BDCA.AQD,NET_ES131A,STA_ES0125A,,SP_28079017_14_6,SPP_28079017_14_6.1,SAM_28079017_14_6,O3,http://dd.eionet.europa.eu/vocabulary/aq/pollutant/7,hour,99.7500000000,µg/m3,2017-06-01 19:00:00 +01:00,2017-06-01 20:00:00 +01:00,1,1
ES,ES.BDCA.AQD,NET_ES131A,STA_ES0125A,,SP_28079017_14_6,SPP_28079017_14_6.1,SAM_28079017_14_6,O3,http://dd.eionet.europa.eu/vocabulary/aq/pollutant/7,hour,98.8499999900,µg/m3,2017-06-01 20:00:00 +01:00,2017-06-01 21:00:00 +01:00,1,1
ES,ES.BDCA.AQD,NET_ES131A,STA_ES0125A,,SP_28079017_14_6,SPP_28079017_14_6.1,SAM_28079017_14_6,O3,http://dd.eionet.europa.eu/vocabulary/aq/pollutant/7,hour,70.5600000000,µg/m3,2017-06-01 21:00:00 +01:00,2017-06-01 22:00:00 +01:00,1,1
ES,ES.BDCA.AQD,NET_ES131A,STA_ES0125A,,SP_28079017_14_6,SPP_28079017_14_6.1,SAM_28079017_14_6,O3,http://dd.eionet.europa.eu/vocabulary/aq/pollutant/7,hour,38.9099999900,µg/m3,2017-06-01 22:00:00 +01:00,2017-06-01 23:00:00 +01:00,1,1
ES,ES.BDCA.AQD,NET_ES131A,STA_ES0125A,,SP_28079017_14_6,SPP_28079017_14_6.1,SAM_28079017_14_6,O3,http://dd.eionet.europa.eu/vocabulary/aq/pollutant/7,hour,6.5499999900,µg/m3,2017-06-01 23:00:00 +01:00,2017-06-02 00:00:00 +01:00,1,1
ES,ES.BDCA.AQD,NET_ES131A,STA_ES0125A,,SP_28079017_14_6,SPP_28079017_14_6.1,SAM_28079017_14_6,O3,http://dd.eionet.europa.eu/vocabulary/aq/pollutant/7,hour,38.1899999900,µg/m3,2017-06-02 00:00:00 +01:00,2017-06-02 01:00:00 +01:00,1,1
ES,ES.BDCA.AQD,NET_ES131A,STA_ES0125A,,SP_28079017_14_6,SPP_28079017_14_6.1,SAM_28079017_14_6,O3,http://dd.eionet.europa.eu/vocabulary/aq/pollutant/7,hour,55.0399999900,µg/m3,2017-06-02 01:00:00 +01:00,2017-06-02 02:00:00 +01:00,1,1
ES,ES.BDCA.AQD,NET_ES131A,STA_ES0125A,,SP_28079017_14_6,SPP_28079017_14_6.1,SAM_28079017_14_6,O3,http://dd.eionet.europa.eu/vocabulary/aq/pollutant/7,hour,65.8299999900,µg/m3,2017-06-02 02:00:00 +01:00,2017-06-02 03:00:00 +01:00,1,1
ES,ES.BDCA.AQD,NET_ES131A,STA_ES0125A,,SP_28079017_14_6,SPP_28079017_14_6.1,SAM_28079017_14_6,O3,http://dd.eionet.europa.eu/vocabulary/aq/pollutant/7,hour,55.4600000000,µg/m3,2017-06-02 03:00:00 +01:00,2017-06-02 04:00:00 +01:00,1,1
ES,ES.BDCA.AQD,NET_ES131A,STA_ES0125A,,SP_28079017_14_6,SPP_28079017_14_6.1,SAM_28079017_14_6,O3,http://dd.eionet.europa.eu/vocabulary/aq/pollutant/7,hour,38.1599999900,µg/m3,2017-06-02 04:00:00 +01:00,2017-06-02 05:00:00 +01:00,1,1
ES,ES.BDCA.AQD,NET_ES131A,STA_ES0125A,,SP_28079017_14_6,SPP_28079017_14_6.1,SAM_28079017_14_6,O3,http://dd.eionet.europa.eu/vocabulary/aq/pollutant/7,hour,28.5100000000,µg/m3,2017-06-02 05:00:00 +01:00,2017-06-02 06:00:00 +01:00,1,1
ES,ES.BDCA.AQD,NET_ES131A,STA_ES0125A,,SP_28079017_14_6,SPP_28079017_14_6.1,SAM_28079017_14_6,O3,http://dd.eionet.europa.eu/vocabulary/aq/pollutant/7,hour,19.1299999900,µg/m3,2017-06-02 06:00:00 +01:00,2017-06-02 07:00:00 +01:00,1,1
ES,ES.BDCA.AQD,NET_ES131A,STA_ES0125A,,SP_28079017_14_6,SPP_28079017_14_6.1,SAM_28079017_14_6,O3,http://dd.eionet.europa.eu/vocabulary/aq/pollutant/7,hour,29.0700000000,µg/m3,2017-06-02 07:00:00 +01:00,2017-06-02 08:00:00 +01:00,1,1
ES,ES.BDCA.AQD,NET_ES131A,STA_ES0125A,,SP_28079017_14_6,SPP_28079017_14_6.1,SAM_28079017_14_6,O3,http://dd.eionet.europa.eu/vocabulary/aq/pollutant/7,hour,58.8599999900,µg/m3,2017-06-02 08:00:00 +01:00,2017-06-02 09:00:00 +01:00,1,1
ES,ES.BDCA.AQD,NET_ES131A,STA_ES0125A,,SP_28079017_14_6,SPP_28079017_14_6.1,SAM_28079017_14_6,O3,http://dd.eionet.europa.eu/vocabulary/aq/pollutant/7,hour,72.9399999900,µg/m3,2017-06-02 09:00:00 +01:00,2017-06-02 10:00:00 +01:00,1,1
ES,ES.BDCA.AQD,NET_ES131A,STA_ES0125A,,SP_28079017_14_6,SPP_28079017_14_6.1,SAM_28079017_14_6,O3,http://dd.eionet.europa.eu/vocabulary/aq/pollutant/7,hour,75.2199999900,µg/m3,2017-06-02 10:00:00 +01:00,2017-06-02 11:00:00 +01:00,1,1
ES,ES.BDCA.AQD,NET_ES131A,STA_ES0125A,,SP_28079017_14_6,SPP_28079017_14_6.1,SAM_28079017_14_6,O3,http://dd.eionet.europa.eu/vocabulary/aq/pollutant/7,hour,89.9500000000,µg/m3,2017-06-02 11:00:00 +01:00,2017-06-02 12:00:00 +01:00,1,1
ES,ES.BDCA.AQD,NET_ES131A,STA_ES0125A,,SP_28079017_14_6,SPP_28079017_14_6.1,SAM_28079017_14_6,O3,http://dd.eionet.europa.eu/vocabulary/aq/pollutant/7,hour,101.2000000000,µg/m3,2017-06-02 12:00:00 +01:00,2017-06-02 13:00:00 +01:00,1,1
ES,ES.BDCA.AQD,NET_ES131A,STA_ES0125A,,SP_28079017_14_6,SPP_28079017_14_6.1,SAM_28079017_14_6,O3,http://dd.eionet.europa.eu/vocabulary/aq/pollutant/7,hour,102.0000000000,µg/m3,2017-06-02 13:00:00 +01:00,2017-06-02 14:00:00 +01:00,1,1
ES,ES.BDCA.AQD,NET_ES131A,STA_ES0125A,,SP_28079017_14_6,SPP_28079017_14_6.1,SAM_28079017_14_6,O3,http://dd.eionet.europa.eu/vocabulary/aq/pollutant/7,hour,101.2000000000,µg/m3,2017-06-02 14:00:00 +01:00,2017-06-02 15:00:00 +01:00,1,1
ES,ES.BDCA.AQD,NET_ES131A,STA_ES0125A,,SP_28079017_14_6,SPP_28079017_14_6.1,SAM_28079017_14_6,O3,http://dd.eionet.europa.eu/vocabulary/aq/pollutant/7,hour,93.5900000000,µg/m3,2017-06-02 15:00:00 +01:00,2017-06-02 16:00:00 +01:00,1,1
ES,ES.BDCA.AQD,NET_ES131A,STA_ES0125A,,SP_28079017_14_6,SPP_28079017_14_6.1,SAM_28079017_14_6,O3,http://dd.eionet.europa.eu/vocabulary/aq/pollutant/7,hour,96.3599999900,µg/m3,2017-06-02 16:00:00 +01:00,2017-06-02 17:00:00 +01:00,1,1
ES,ES.BDCA.AQD,NET_ES131A,STA_ES0125A,,SP_28079017_14_6,SPP_28079017_14_6.1,SAM_28079017_14_6,O3,http://dd.eionet.europa.eu/vocabulary/aq/pollutant/7,hour,84.8599999900,µg/m3,2017-06-02 17:00:00 +01:00,2017-06-02 18:00:00 +01:00,1,1
ES,ES.BDCA.AQD,NET_ES131A,STA_ES0125A,,SP_28079017_14_6,SPP_28079017_14_6.1,SAM_28079017_14_6,O3,http://dd.eionet.europa.eu/vocabulary/aq/pollutant/7,hour,84.3400000000,µg/m3,2017-06-02 18:00:00 +01:00,2017-06-02 19:00:00 +01:00,1,1
ES,ES.BDCA.AQD,NET_ES131A,STA_ES0125A,,SP_28079017_14_6,SPP_28079017_14_6.1,SAM_28079017_14_6,O3,http://dd.eionet.europa.eu/vocabulary/aq/pollutant/7,hour,79.2999999900,µg/m3,2017-06-02 19:00:00 +01:00,2017-06-02 20:00:00 +01:00,1,1
ES,ES.BDCA.AQD,NET_ES131A,STA_ES0125A,,SP_28079017_14_6,SPP_28079017_14_6.1,SAM_28079017_14_6,O3,http://dd.eionet.europa.eu/vocabulary/aq/pollutant/7,hour,77.7300000000,µg/m3,2017-06-02 20:00:00 +01:00,2017-06-02 21:00:00 +01:00,1,1
ES,ES.BDCA.AQD,NET_ES131A,STA_ES0125A,,SP_28079017_14_6,SPP_28079017_14_6.1,SAM_28079017_14_6,O3,http://dd.eionet.europa.eu/vocabulary/aq/pollutant/7,hour,75.2399999900,µg/m3,2017-06-02 21:00:00 +01:00,2017-06-02 22:00:00 +01:00,1,1
ES,ES.BDCA.AQD,NET_ES131A,STA_ES0125A,,SP_28079017_14_6,SPP_28079017_14_6.1,SAM_28079017_14_6,O3,http://dd.eionet.europa.eu/vocabulary/aq/pollutant/7,hour,67.6800000000,µg/m3,2017-06-02 22:00:00 +01:00,2017-06-02 23:00:00 +01:00,1,1
ES,ES.BDCA.AQD,NET_ES131A,STA_ES0125A,,SP_28079017_14_6,SPP_28079017_14_6.1,SAM_28079017_14_6,O3,http://dd.eionet.europa.eu/vocabulary/aq/pollutant/7,hour,64.6700000000,µg/m3,2017-06-02 23:00:00 +01:00,2017-06-03 00:00:00 +01:00,1,1
ES,ES.BDCA.AQD,NET_ES131A,STA_ES0125A,,SP_28079017_14_6,SPP_28079017_14_6.1,SAM_28079017_14_6,O3,http://dd.eionet.europa.eu/vocabulary/aq/pollutant/7,hour,58.6899999900,µg/m3,2017-06-03 00:00:00 +01:00,2017-06-03 01:00:00 +01:00,1,1
ES,ES.BDCA.AQD,NET_ES131A,STA_ES0125A,,SP_28079017_14_6,SPP_28079017_14_6.1,SAM_28079017_14_6,O3,http://dd.eionet.europa.eu/vocabulary/aq/pollutant/7,hour,58.8200000000,µg/m3,2017-06-03 01:00:00 +01:00,2017-06-03 02:00:00 +01:00,1,1
ES,ES.BDCA.AQD,NET_ES131A,STA_ES0125A,,SP_28079017_14_6,SPP_28079017_14_6.1,SAM_28079017_14_6,O3,http://dd.eionet.europa.eu/vocabulary/aq/pollutant/7,hour,55.9900000000,µg/m3,2017-06-03 02:00:00 +01:00,2017-06-03 03:00:00 +01:00,1,1
ES,ES.BDCA.AQD,NET_ES131A,STA_ES0125A,,SP_28079017_14_6,SPP_28079017_14_6.1,SAM_28079017_14_6,O3,http://dd.eionet.europa.eu/vocabulary/aq/pollutant/7,hour,56.8599999900,µg/m3,2017-06-03 03:00:00 +01:00,2017-06-03 04:00:00 +01:00,1,1
ES,ES.BDCA.AQD,NET_ES131A,STA_ES0125A,,SP_28079017_14_6,SPP_28079017_14_6.1,SAM_28079017_14_6,O3,http://dd.eionet.europa.eu/vocabulary/aq/pollutant/7,hour,58.8599999900,µg/m3,2017-06-03 04:00:00 +01:00,2017-06-03 05:00:00 +01:00,1,1
ES,ES.BDCA.AQD,NET_ES131A,STA_ES0125A,,SP_28079017_14_6,SPP_28079017_14_6.1,SAM_28079017_14_6,O3,http://dd.eionet.europa.eu/vocabulary/aq/pollutant/7,hour,54.3299999900,µg/m3,2017-06-03 05:00:00 +01:00,2017-06-03 06:00:00 +01:00,1,1
ES,ES.BDCA.AQD,NET_ES131A,STA_ES0125A,,SP_28079017_14_6,SPP_28079017_14_6.1,SAM_28079017_14_6,O3,http://dd.eionet.europa.eu/vocabulary/aq/pollutant/7,hour,42.8500000000,µg/m3,2017-06-03 06:00:00 +01:00,2017-06-03 07:00:00 +01:00,1,1
ES,ES.BDCA.AQD,NET_ES131A,STA_ES0125A,,SP_28079017_14_6,SPP_28079017_14_6.1,SAM_28079017_14_6,O3,http://dd.eionet.europa.eu/vocabulary/aq/pollutant/7,hour,42.1700000000,µg/m3,2017-06-03 07:00:00 +01:00,2017-06-03 08:00:00 +01:00,1,1
ES,ES.BDCA.AQD,NET_ES131A,STA_ES0125A,,SP_28079017_14_6,SPP_28079017_14_6.1,SAM_28079017_14_6,O3,http://dd.eionet.europa.eu/vocabulary/aq/pollutant/7,hour,48.3999999900,µg/m3,2017-06-03 08:00:00 +01:00,2017-06-03 09:00:00 +01:00,1,1
ES,ES.BDCA.AQD,NET_ES131A,STA_ES0125A,,SP_28079017_14_6,SPP_28079017_14_6.1,SAM_28079017_14_6,O3,http://dd.eionet.europa.eu/vocabulary/aq/pollutant/7,hour,56.7199999900,µg/m3,2017-06-03 09:00:00 +01:00,2017-06-03 10:00:00 +01:00,1,1
ES,ES.BDCA.AQD,NET_ES131A,STA_ES0125A,,SP_28079017_14_6,SPP_28079017_14_6.1,SAM_28079017_14_6,O3,http://dd.eionet.europa.eu/vocabulary/aq/pollutant/7,hour,64.5699999900,µg/m3,2017-06-03 10:00:00 +01:00,2017-06-03 11:00:00 +01:00,1,1
ES,ES.BDCA.AQD,NET_ES131A,STA_ES0125A,,SP_28079017_14_6,SPP_28079017_14_6.1,SAM_28079017_14_6,O3,http://dd.eionet.europa.eu/vocabulary/aq/pollutant/7,hour,78.6400000000,µg/m3,2017-06-03 11:00:00 +01:00,2017-06-03 12:00:00 +01:00,1,1
ES,ES.BDCA.AQD,NET_ES131A,STA_ES0125A,,SP_28079017_14_6,SPP_28079017_14_6.1,SAM_28079017_14_6,O3,http://dd.eionet.europa.eu/vocabulary/aq/pollutant/7,hour,87.2800000000,µg/m3,2017-06-03 12:00:00 +01:00,2017-06-03 13:00:00 +01:00,1,1
ES,ES.BDCA.AQD,NET_ES131A,STA_ES0125A,,SP_28079017_14_6,SPP_28079017_14_6.1,SAM_28079017_14_6,O3,http://dd.eionet.europa.eu/vocabulary/aq/pollutant/7,hour,86.2000000000,µg/m3,2017-06-03 13:00:00 +01:00,2017-06-03 14:00:00 +01:00,1,1
ES,ES.BDCA.AQD,NET_ES131A,STA_ES0125A,,SP_28079017_14_6,SPP_28079017_14_6.1,SAM_28079017_14_6,O3,http://dd.eionet.europa.eu/vocabulary/aq/pollutant/7,hour,80.8499999900,µg/m3,2017-06-03 14:00:00 +01:00,2017-06-03 15:00:00 +01:00,1,1
ES,ES.BDCA.AQD,NET_ES131A,STA_ES0125A,,SP_28079017_14_6,SPP_28079017_14_6.1,SAM_28079017_14_6,O3,http://dd.eionet.europa.eu/vocabulary/aq/pollutant/7,hour,84.6200000000,µg/m3,2017-06-03 15:00:00 +01:00,2017-06-03 16:00:00 +01:00,1,1
ES,ES.BDCA.AQD,NET_ES131A,STA_ES0125A,,SP_28079017_14_6,SPP_28079017_14_6.1,SAM_28079017_14_6,O3,http://dd.eionet.europa.eu/vocabulary/aq/pollutant/7,hour,86.7199999900,µg/m3,2017-06-03 16:00:00 +01:00,2017-06-03 17:00:00 +01:00,1,1
ES,ES.BDCA.AQD,NET_ES131A,STA_ES0125A,,SP_28079017_14_6,SPP_28079017_14_6.1,SAM_28079017_14_6,O3,http://dd.eionet.europa.eu/vocabulary/aq/pollutant/7,hour,84.1200000000,µg/m3,2017-06-03 17:00:00 +01:00,2017-06-03 18:00:00 +01:00,1,1
ES,ES.BDCA.AQD,NET_ES131A,STA_ES0125A,,SP_28079017_14_6,SPP_28079017_14_6.1,SAM_28079017_14_6,O3,http://dd.eionet.europa.eu/vocabulary/aq/pollutant/7,hour,81.5600000000,µg/m3,2017-06-03 18:00:00 +01:00,2017-06-03 19:00:00 +01:00,1,1
ES,ES.BDCA.AQD,NET_ES131A,STA_ES0125A,,SP_28079017_14_6,SPP_28079017_14_6.1,SAM_28079017_14_6,O3,http://dd.eionet.europa.eu/vocabulary/aq/pollutant/7,hour,72.2399999900,µg/m3,2017-06-03 19:00:00 +01:00,2017-06-03 20:00:00 +01:00,1,1
ES,ES.BDCA.AQD,NET_ES131A,STA_ES0125A,,SP_28079017_14_6,SPP_28079017_14_6.1,SAM_28079017_14_6,O3,http://dd.eionet.europa.eu/vocabulary/aq/pollutant/7,hour,50.9699999900,µg/m3,2017-06-03 20:00:00 +01:00,2017-06-03 21:00:00 +01:00,1,1
ES,ES.BDCA.AQD,NET_ES131A,STA_ES0125A,,SP_28079017_14_6,SPP_28079017_14_6.1,SAM_28079017_14_6,O3,http://dd.eionet.europa.eu/vocabulary/aq/pollutant/7,hour,65.9699999900,µg/m3,2017-06-03 21:00:00 +01:00,2017-06-03 22:00:00 +01:00,1,1
ES,ES.BDCA.AQD,NET_ES131A,STA_ES0125A,,SP_28079017_14_6,SPP_28079017_14_6.1,SAM_28079017_14_6,O3,http://dd.eionet.europa.eu/vocabulary/aq/pollutant/7,hour,69.5799999900,µg/m3,2017-06-03 22:00:00 +01:00,2017-06-03 23:00:00 +01:00,1,1
ES,ES.BDCA.AQD,NET_ES131A,STA_ES0125A,,SP_28079017_14_6,SPP_28079017_14_6.1,SAM_28079017_14_6,O3,http://dd.eionet.europa.eu/vocabulary/aq/pollutant/7,hour,65.4500000000,µg/m3,2017-06-03 23:00:00 +01:00,2017-06-04 00:00:00 +01:00,1,1
ES,ES.BDCA.AQD,NET_ES131A,STA_ES0125A,,SP_28079017_14_6,SPP_28079017_14_6.1,SAM_28079017_14_6,O3,http://dd.eionet.europa.eu/vocabulary/aq/pollutant/7,hour,60.3999999900,µg/m3,2017-06-04 00:00:00 +01:00,2017-06-04 01:00:00 +01:00,1,1
ES,ES.BDCA.AQD,NET_ES131A,STA_ES0125A,,SP_28079017_14_6,SPP_28079017_14_6.1,SAM_28079017_14_6,O3,http://dd.eionet.europa.eu/vocabulary/aq/pollutant/7,hour,57.1199999900,µg/m3,2017-06-04 01:00:00 +01:00,2017-06-04 02:00:00 +01:00,1,1
ES,ES.BDCA.AQD,NET_ES131A,STA_ES0125A,,SP_28079017_14_6,SPP_28079017_14_6.1,SAM_28079017_14_6,O3,http://dd.eionet.europa.eu/vocabulary/aq/pollutant/7,hour,57.2800000000,µg/m3,2017-06-04 02:00:00 +01:00,2017-06-04 03:00:00 +01:00,1,1
ES,ES.BDCA.AQD,NET_ES131A,STA_ES0125A,,SP_28079017_14_6,SPP_28079017_14_6.1,SAM_28079017_14_6,O3,http://dd.eionet.europa.eu/vocabulary/aq/pollutant/7,hour,56.3400000000,µg/m3,2017-06-04 03:00:00 +01:00,2017-06-04 04:00:00 +01:00,1,1
ES,ES.BDCA.AQD,NET_ES131A,STA_ES0125A,,SP_28079017_14_6,SPP_28079017_14_6.1,SAM_28079017_14_6,O3,http://dd.eionet.europa.eu/vocabulary/aq/pollutant/7,hour,56.5700000000,µg/m3,2017-06-04 04:00:00 +01:00,2017-06-04 05:00:00 +01:00,1,1
ES,ES.BDCA.AQD,NET_ES131A,STA_ES0125A,,SP_28079017_14_6,SPP_28079017_14_6.1,SAM_28079017_14_6,O3,http://dd.eionet.europa.eu/vocabulary/aq/pollutant/7,hour,53.6199999900,µg/m3,2017-06-04 05:00:00 +01:00,2017-06-04 06:00:00 +01:00,1,1
ES,ES.BDCA.AQD,NET_ES131A,STA_ES0125A,,SP_28079017_14_6,SPP_28079017_14_6.1,SAM_28079017_14_6,O3,http://dd.eionet.europa.eu/vocabulary/aq/pollutant/7,hour,46.8400000000,µg/m3,2017-06-04 06:00:00 +01:00,2017-06-04 07:00:00 +01:00,1,1
ES,ES.BDCA.AQD,NET_ES131A,STA_ES0125A,,SP_28079017_14_6,SPP_28079017_14_6.1,SAM_28079017_14_6,O3,http://dd.eionet.europa.eu/vocabulary/aq/pollutant/7,hour,48.4799999900,µg/m3,2017-06-04 07:00:00 +01:00,2017-06-04 08:00:00 +01:00,1,1
ES,ES.BDCA.AQD,NET_ES131A,STA_ES0125A,,SP_28079017_14_6,SPP_28079017_14_6.1,SAM_28079017_14_6,O3,http://dd.eionet.europa.eu/vocabulary/aq/pollutant/7,hour,53.6000000000,µg/m3,2017-06-04 08:00:00 +01:00,2017-06-04 09:00:00 +01:00,1,1
ES,ES.BDCA.AQD,NET_ES131A,STA_ES0125A,,SP_28079017_14_6,SPP_28079017_14_6.1,SAM_28079017_14_6,O3,http://dd.eionet.europa.eu/vocabulary/aq/pollutant/7,hour,66.8799999900,µg/m3,2017-06-04 09:00:00 +01:00,2017-06-04 10:00:00 +01:00,1,1
ES,ES.BDCA.AQD,NET_ES131A,STA_ES0125A,,SP_28079017_14_6,SPP_28079017_14_6.1,SAM_28079017_14_6,O3,http://dd.eionet.europa.eu/vocabulary/aq/pollutant/7,hour,72.9399999900,µg/m3,2017-06-04 10:00:00 +01:00,2017-06-04 11:00:00 +01:00,1,1
ES,ES.BDCA.AQD,NET_ES131A,STA_ES0125A,,SP_28079017_14_6,SPP_28079017_14_6.1,SAM_28079017_14_6,O3,http://dd.eionet.europa.eu/vocabulary/aq/pollutant/7,hour,82.1599999900,µg/m3,2017-06-04 11:00:00 +01:00,2017-06-04 12:00:00 +01:00,1,1
ES,ES.BDCA.AQD,NET_ES131A,STA_ES0125A,,SP_28079017_14_6,SPP_28079017_14_6.1,SAM_28079017_14_6,O3,http://dd.eionet.europa.eu/vocabulary/aq/pollutant/7,hour,87.3799999900,µg/m3,2017-06-04 12:00:00 +01:00,2017-06-04 13:00:00 +01:00,1,1
ES,ES.BDCA.AQD,NET_ES131A,STA_ES0125A,,SP_28079017_14_6,SPP_28079017_14_6.1,SAM_28079017_14_6,O3,http://dd.eionet.europa.eu/vocabulary/aq/pollutant/7,hour,78.0699999900,µg/m3,2017-06-04 13:00:00 +01:00,2017-06-04 14:00:00 +01:00,1,1
ES,ES.BDCA.AQD,NET_ES131A,STA_ES0125A,,SP_28079017_14_6,SPP_28079017_14_6.1,SAM_28079017_14_6,O3,http://dd.eionet.europa.eu/vocabulary/aq/pollutant/7,hour,64.0699999900,µg/m3,2017-06-04 14:00:00 +01:00,2017-06-04 15:00:00 +01:00,1,1
ES,ES.BDCA.AQD,NET_ES131A,STA_ES0125A,,SP_28079017_14_6,SPP_28079017_14_6.1,SAM_28079017_14_6,O3,http://dd.eionet.europa.eu/vocabulary/aq/pollutant/7,hour,66.1800000000,µg/m3,2017-06-04 15:00:00 +01:00,2017-06-04 16:00:00 +01:00,1,1
ES,ES.BDCA.AQD,NET_ES131A,STA_ES0125A,,SP_28079017_14_6,SPP_28079017_14_6.1,SAM_28079017_14_6,O3,http://dd.eionet.europa.eu/vocabulary/aq/pollutant/7,hour,67.8100000000,µg/m3,2017-06-04 16:00:00 +01:00,2017-06-04 17:00:00 +01:00,1,1
ES,ES.BDCA.AQD,NET_ES131A,STA_ES0125A,,SP_28079017_14_6,SPP_28079017_14_6.1,SAM_28079017_14_6,O3,http://dd.eionet.europa.eu/vocabulary/aq/pollutant/7,hour,74.8700000000,µg/m3,2017-06-04 17:00:00 +01:00,2017-06-04 18:00:00 +01:00,1,1
ES,ES.BDCA.AQD,NET_ES131A,STA_ES0125A,,SP_28079017_14_6,SPP_28079017_14_6.1,SAM_28079017_14_6,O3,http://dd.eionet.europa.eu/vocabulary/aq/pollutant/7,hour,74.1700000000,µg/m3,2017-06-04 18:00:00 +01:00,2017-06-04 19:00:00 +01:00,1,1
ES,ES.BDCA.AQD,NET_ES131A,STA_ES0125A,,SP_28079017_14_6,SPP_28079017_14_6.1,SAM_28079017_14_6,O3,http://dd.eionet.europa.eu/vocabulary/aq/pollutant/7,hour,66.3499999900,µg/m3,2017-06-04 19:00:00 +01:00,2017-06-04 20:00:00 +01:00,1,1
ES,ES.BDCA.AQD,NET_ES131A,STA_ES0125A,,SP_28079017_14_6,SPP_28079017_14_6.1,SAM_28079017_14_6,O3,http://dd.eionet.europa.eu/vocabulary/aq/pollutant/7,hour,59.3200000000,µg/m3,2017-06-04 20:00:00 +01:00,2017-06-04 21:00:00 +01:00,1,1
ES,ES.BDCA.AQD,NET_ES131A,STA_ES0125A,,SP_28079017_14_6,SPP_28079017_14_6.1,SAM_28079017_14_6,O3,http://dd.eionet.europa.eu/vocabulary/aq/pollutant/7,hour,61.9099999900,µg/m3,2017-06-04 21:00:00 +01:00,2017-06-04 22:00:00 +01:00,1,1
ES,ES.BDCA.AQD,NET_ES131A,STA_ES0125A,,SP_28079017_14_6,SPP_28079017_14_6.1,SAM_28079017_14_6,O3,http://dd.eionet.europa.eu/vocabulary/aq/pollutant/7,hour,66.4500000000,µg/m3,2017-06-04 22:00:00 +01:00,2017-06-04 23:00:00 +01:00,1,1
ES,ES.BDCA.AQD,NET_ES131A,STA_ES0125A,,SP_28079017_14_6,SPP_28079017_14_6.1,SAM_28079017_14_6,O3,http://dd.eionet.europa.eu/vocabulary/aq/pollutant/7,hour,59.0900000000,µg/m3,2017-06-04 23:00:00 +01:00,2017-06-05 00:00:00 +01:00,1,1
ES,ES.BDCA.AQD,NET_ES131A,STA_ES0125A,,SP_28079017_14_6,SPP_28079017_14_6.1,SAM_28079017_14_6,O3,http://dd.eionet.europa.eu/vocabulary/aq/pollutant/7,hour,51.9500000000,µg/m3,2017-06-05 00:00:00 +01:00,2017-06-05 01:00:00 +01:00,1,1
ES,ES.BDCA.AQD,NET_ES131A,STA_ES0125A,,SP_28079017_14_6,SPP_28079017_14_6.1,SAM_28079017_14_6,O3,http://dd.eionet.europa.eu/vocabulary/aq/pollutant/7,hour,50.7400000000,µg/m3,2017-06-05 01:00:00 +01:00,2017-06-05 02:00:00 +01:00,1,1
ES,ES.BDCA.AQD,NET_ES131A,STA_ES0125A,,SP_28079017_14_6,SPP_28079017_14_6.1,SAM_28079017_14_6,O3,http://dd.eionet.europa.eu/vocabulary/aq/pollutant/7,hour,51.1400000000,µg/m3,2017-06-05 02:00:00 +01:00,2017-06-05 03:00:00 +01:00,1,1
ES,ES.BDCA.AQD,NET_ES131A,STA_ES0125A,,SP_28079017_14_6,SPP_28079017_14_6.1,SAM_28079017_14_6,O3,http://dd.eionet.europa.eu/vocabulary/aq/pollutant/7,hour,51.1800000000,µg/m3,2017-06-05 03:00:00 +01:00,2017-06-05 04:00:00 +01:00,1,1
ES,ES.BDCA.AQD,NET_ES131A,STA_ES0125A,,SP_28079017_14_6,SPP_28079017_14_6.1,SAM_28079017_14_6,O3,http://dd.eionet.europa.eu/vocabulary/aq/pollutant/7,hour,43.4600000000,µg/m3,2017-06-05 04:00:00 +01:00,2017-06-05 05:00:00 +01:00,1,1
ES,ES.BDCA.AQD,NET_ES131A,STA_ES0125A,,SP_28079017_14_6,SPP_28079017_14_6.1,SAM_28079017_14_6,O3,http://dd.eionet.europa.eu/vocabulary/aq/pollutant/7,hour,31.5799999900,µg/m3,2017-06-05 05:00:00 +01:00,2017-06-05 06:00:00 +01:00,1,1
ES,ES.BDCA.AQD,NET_ES131A,STA_ES0125A,,SP_28079017_14_6,SPP_28079017_14_6.1,SAM_28079017_14_6,O3,http://dd.eionet.europa.eu/vocabulary/aq/pollutant/7,hour,14.6099999900,µg/m3,2017-06-05 06:00:00 +01:00,2017-06-05 07:00:00 +01:00,1,1
ES,ES.BDCA.AQD,NET_ES131A,STA_ES0125A,,SP_28079017_14_6,SPP_28079017_14_6.1,SAM_28079017_14_6,O3,http://dd.eionet.europa.eu/vocabulary/aq/pollutant/7,hour,18.3900000000,µg/m3,2017-06-05 07:00:00 +01:00,2017-06-05 08:00:00 +01:00,1,1
ES,ES.BDCA.AQD,NET_ES131A,STA_ES0125A,,SP_28079017_14_6,SPP_28079017_14_6.1,SAM_28079017_14_6,O3,http://dd.eionet.europa.eu/vocabulary/aq/pollutant/7,hour,21.4400000000,µg/m3,2017-06-05 08:00:00 +01:00,2017-06-05 09:00:00 +01:00,1,1
ES,ES.BDCA.AQD,NET_ES131A,STA_ES0125A,,SP_28079017_14_6,SPP_28079017_14_6.1,SAM_28079017_14_6,O3,http://dd.eionet.europa.eu/vocabulary/aq/pollutant/7,hour,27.3299999900,µg/m3,2017-06-05 09:00:00 +01:00,2017-06-05 10:00:00 +01:00,1,1
ES,ES.BDCA.AQD,NET_ES131A,STA_ES0125A,,SP_28079017_14_6,SPP_28079017_14_6.1,SAM_28079017_14_6,O3,http://dd.eionet.europa.eu/vocabulary/aq/pollutant/7,hour,35.6700000000,µg/m3,2017-06-05 10:00:00 +01:00,2017-06-05 11:00:00 +01:00,1,1
ES,ES.BDCA.AQD,NET_ES131A,STA_ES0125A,,SP_28079017_14_6,SPP_28079017_14_6.1,SAM_28079017_14_6,O3,http://dd.eionet.europa.eu/vocabulary/aq/pollutant/7,hour,44.9500000000,µg/m3,2017-06-05 11:00:00 +01:00,2017-06-05 12:00:00 +01:00,1,1
ES,ES.BDCA.AQD,NET_ES131A,STA_ES0125A,,SP_28079017_14_6,SPP_28079017_14_6.1,SAM_28079017_14_6,O3,http://dd.eionet.europa.eu/vocabulary/aq/pollutant/7,hour,56.2599999900,µg/m3,2017-06-05 12:00:00 +01:00,2017-06-05 13:00:00 +01:00,1,1
ES,ES.BDCA.AQD,NET_ES131A,STA_ES0125A,,SP_28079017_14_6,SPP_28079017_14_6.1,SAM_28079017_14_6,O3,http://dd.eionet.europa.eu/vocabulary/aq/pollutant/7,hour,79.5100000000,µg/m3,2017-06-05 13:00:00 +01:00,2017-06-05 14:00:00 +01:00,1,1
ES,ES.BDCA.AQD,NET_ES131A,STA_ES0125A,,SP_28079017_14_6,SPP_28079017_14_6.1,SAM_28079017_14_6,O3,http://dd.eionet.europa.eu/vocabulary/aq/pollutant/7,hour,86.2300000000,µg/m3,2017-06-05 14:00:00 +01:00,2017-06-05 15:00:00 +01:00,1,1
ES,ES.BDCA.AQD,NET_ES131A,STA_ES0125A,,SP_28079017_14_6,SPP_28079017_14_6.1,SAM_28079017_14_6,O3,http://dd.eionet.europa.eu/vocabulary/aq/pollutant/7,hour,82.9399999900,µg/m3,2017-06-05 15:00:00 +01:00,2017-06-05 16:00:00 +01:00,1,1
ES,ES.BDCA.AQD,NET_ES131A,STA_ES0125A,,SP_28079017_14_6,SPP_28079017_14_6.1,SAM_28079017_14_6,O3,http://dd.eionet.europa.eu/vocabulary/aq/pollutant/7,hour,81.5000000000,µg/m3,2017-06-05 16:00:00 +01:00,2017-06-05 17:00:00 +01:00,1,1
ES,ES.BDCA.AQD,NET_ES131A,STA_ES0125A,,SP_28079017_14_6,SPP_28079017_14_6.1,SAM_28079017_14_6,O3,http://dd.eionet.europa.eu/vocabulary/aq/pollutant/7,hour,80.0300000000,µg/m3,2017-06-05 17:00:00 +01:00,2017-06-05 18:00:00 +01:00,1,1
ES,ES.BDCA.AQD,NET_ES131A,STA_ES0125A,,SP_28079017_14_6,SPP_28079017_14_6.1,SAM_28079017_14_6,O3,http://dd.eionet.europa.eu/vocabulary/aq/pollutant/7,hour,75.6299999900,µg/m3,2017-06-05 18:00:00 +01:00,2017-06-05 19:00:00 +01:00,1,1
ES,ES.BDCA.AQD,NET_ES131A,STA_ES0125A,,SP_28079017_14_6,SPP_28079017_14_6.1,SAM_28079017_14_6,O3,http://dd.eionet.europa.eu/vocabulary/aq/pollutant/7,hour,65.5799999900,µg/m3,2017-06-05 19:00:00 +01:00,2017-06-05 20:00:00 +01:00,1,1
ES,ES.BDCA.AQD,NET_ES131A,STA_ES0125A,,SP_28079017_14_6,SPP_28079017_14_6.1,SAM_28079017_14_6,O3,http://dd.eionet.europa.eu/vocabulary/aq/pollutant/7,hour,59.3299999900,µg/m3,2017-06-05 20:00:00 +01:00,2017-06-05 21:00:00 +01:00,1,1
ES,ES.BDCA.AQD,NET_ES131A,STA_ES0125A,,SP_28079017_14_6,SPP_28079017_14_6.1,SAM_28079017_14_6,O3,http://dd.eionet.europa.eu/vocabulary/aq/pollutant/7,hour,58.1700000000,µg/m3,2017-06-05 21:00:00 +01:00,2017-06-05 22:00:00 +01:00,1,1
ES,ES.BDCA.AQD,NET_ES131A,STA_ES0125A,,SP_28079017_14_6,SPP_28079017_14_6.1,SAM_28079017_14_6,O3,http://dd.eionet.europa.eu/vocabulary/aq/pollutant/7,hour,63.4300000000,µg/m3,2017-06-05 22:00:00 +01:00,2017-06-05 23:00:00 +01:00,1,1
ES,ES.BDCA.AQD,NET_ES131A,STA_ES0125A,,SP_28079017_14_6,SPP_28079017_14_6.1,SAM_28079017_14_6,O3,http://dd.eionet.europa.eu/vocabulary/aq/pollutant/7,hour,54.5200000000,µg/m3,2017-06-05 23:00:00 +01:00,2017-06-06 00:00:00 +01:00,1,1
ES,ES.BDCA.AQD,NET_ES131A,STA_ES0125A,,SP_28079017_14_6,SPP_28079017_14_6.1,SAM_28079017_14_6,O3,http://dd.eionet.europa.eu/vocabulary/aq/pollutant/7,hour,60.5700000000,µg/m3,2017-06-06 00:00:00 +01:00,2017-06-06 01:00:00 +01:00,1,1
ES,ES.BDCA.AQD,NET_ES131A,STA_ES0125A,,SP_28079017_14_6,SPP_28079017_14_6.1,SAM_28079017_14_6,O3,http://dd.eionet.europa.eu/vocabulary/aq/pollutant/7,hour,70.7900000000,µg/m3,2017-06-06 01:00:00 +01:00,2017-06-06 02:00:00 +01:00,1,1
ES,ES.BDCA.AQD,NET_ES131A,STA_ES0125A,,SP_28079017_14_6,SPP_28079017_14_6.1,SAM_28079017_14_6,O3,http://dd.eionet.europa.eu/vocabulary/aq/pollutant/7,hour,58.9900000000,µg/m3,2017-06-06 02:00:00 +01:00,2017-06-06 03:00:00 +01:00,1,1
ES,ES.BDCA.AQD,NET_ES131A,STA_ES0125A,,SP_28079017_14_6,SPP_28079017_14_6.1,SAM_28079017_14_6,O3,http://dd.eionet.europa.eu/vocabulary/aq/pollutant/7,hour,44.6499999900,µg/m3,2017-06-06 03:00:00 +01:00,2017-06-06 04:00:00 +01:00,1,1
ES,ES.BDCA.AQD,NET_ES131A,STA_ES0125A,,SP_28079017_14_6,SPP_28079017_14_6.1,SAM_28079017_14_6,O3,http://dd.eionet.europa.eu/vocabulary/aq/pollutant/7,hour,41.2899999900,µg/m3,2017-06-06 04:00:00 +01:00,2017-06-06 05:00:00 +01:00,1,1
ES,ES.BDCA.AQD,NET_ES131A,STA_ES0125A,,SP_28079017_14_6,SPP_28079017_14_6.1,SAM_28079017_14_6,O3,http://dd.eionet.europa.eu/vocabulary/aq/pollutant/7,hour,29.4699999900,µg/m3,2017-06-06 05:00:00 +01:00,2017-06-06 06:00:00 +01:00,1,1
ES,ES.BDCA.AQD,NET_ES131A,STA_ES0125A,,SP_28079017_14_6,SPP_28079017_14_6.1,SAM_28079017_14_6,O3,http://dd.eionet.europa.eu/vocabulary/aq/pollutant/7,hour,6.0899999900,µg/m3,2017-06-06 06:00:00 +01:00,2017-06-06 07:00:00 +01:00,1,1
ES,ES.BDCA.AQD,NET_ES131A,STA_ES0125A,,SP_28079017_14_6,SPP_28079017_14_6.1,SAM_28079017_14_6,O3,http://dd.eionet.europa.eu/vocabulary/aq/pollutant/7,hour,16.9699999900,µg/m3,2017-06-06 07:00:00 +01:00,2017-06-06 08:00:00 +01:00,1,1
ES,ES.BDCA.AQD,NET_ES131A,STA_ES0125A,,SP_28079017_14_6,SPP_28079017_14_6.1,SAM_28079017_14_6,O3,http://dd.eionet.europa.eu/vocabulary/aq/pollutant/7,hour,28.0599999900,µg/m3,2017-06-06 08:00:00 +01:00,2017-06-06 09:00:00 +01:00,1,1
ES,ES.BDCA.AQD,NET_ES131A,STA_ES0125A,,SP_28079017_14_6,SPP_28079017_14_6.1,SAM_28079017_14_6,O3,http://dd.eionet.europa.eu/vocabulary/aq/pollutant/7,hour,30.1400000000,µg/m3,2017-06-06 09:00:00 +01:00,2017-06-06 10:00:00 +01:00,1,1
ES,ES.BDCA.AQD,NET_ES131A,STA_ES0125A,,SP_28079017_14_6,SPP_28079017_14_6.1,SAM_28079017_14_6,O3,http://dd.eionet.europa.eu/vocabulary/aq/pollutant/7,hour,47.5499999900,µg/m3,2017-06-06 10:00:00 +01:00,2017-06-06 11:00:00 +01:00,1,1
ES,ES.BDCA.AQD,NET_ES131A,STA_ES0125A,,SP_28079017_14_6,SPP_28079017_14_6.1,SAM_28079017_14_6,O3,http://dd.eionet.europa.eu/vocabulary/aq/pollutant/7,hour,52.0399999900,µg/m3,2017-06-06 11:00:00 +01:00,2017-06-06 12:00:00 +01:00,1,1
ES,ES.BDCA.AQD,NET_ES131A,STA_ES0125A,,SP_28079017_14_6,SPP_28079017_14_6.1,SAM_28079017_14_6,O3,http://dd.eionet.europa.eu/vocabulary/aq/pollutant/7,hour,57.8900000000,µg/m3,2017-06-06 12:00:00 +01:00,2017-06-06 13:00:00 +01:00,1,1
ES,ES.BDCA.AQD,NET_ES131A,STA_ES0125A,,SP_28079017_14_6,SPP_28079017_14_6.1,SAM_28079017_14_6,O3,http://dd.eionet.europa.eu/vocabulary/aq/pollutant/7,hour,70.5100000000,µg/m3,2017-06-06 13:00:00 +01:00,2017-06-06 14:00:00 +01:00,1,1
ES,ES.BDCA.AQD,NET_ES131A,STA_ES0125A,,SP_28079017_14_6,SPP_28079017_14_6.1,SAM_28079017_14_6,O3,http://dd.eionet.europa.eu/vocabulary/aq/pollutant/7,hour,74.4599999900,µg/m3,2017-06-06 14:00:00 +01:00,2017-06-06 15:00:00 +01:00,1,1
ES,ES.BDCA.AQD,NET_ES131A,STA_ES0125A,,SP_28079017_14_6,SPP_28079017_14_6.1,SAM_28079017_14_6,O3,http://dd.eionet.europa.eu/vocabulary/aq/pollutant/7,hour,79.7099999900,µg/m3,2017-06-06 15:00:00 +01:00,2017-06-06 16:00:00 +01:00,1,1
ES,ES.BDCA.AQD,NET_ES131A,STA_ES0125A,,SP_28079017_14_6,SPP_28079017_14_6.1,SAM_28079017_14_6,O3,http://dd.eionet.europa.eu/vocabulary/aq/pollutant/7,hour,87.9099999900,µg/m3,2017-06-06 16:00:00 +01:00,2017-06-06 17:00:00 +01:00,1,1
ES,ES.BDCA.AQD,NET_ES131A,STA_ES0125A,,SP_28079017_14_6,SPP_28079017_14_6.1,SAM_28079017_14_6,O3,http://dd.eionet.europa.eu/vocabulary/aq/pollutant/7,hour,89.4599999900,µg/m3,2017-06-06 17:00:00 +01:00,2017-06-06 18:00:00 +01:00,1,1
ES,ES.BDCA.AQD,NET_ES131A,STA_ES0125A,,SP_28079017_14_6,SPP_28079017_14_6.1,SAM_28079017_14_6,O3,http://dd.eionet.europa.eu/vocabulary/aq/pollutant/7,hour,83.5199999900,µg/m3,2017-06-06 18:00:00 +01:00,2017-06-06 19:00:00 +01:00,1,1
ES,ES.BDCA.AQD,NET_ES131A,STA_ES0125A,,SP_28079017_14_6,SPP_28079017_14_6.1,SAM_28079017_14_6,O3,http://dd.eionet.europa.eu/vocabulary/aq/pollutant/7,hour,78.8400000000,µg/m3,2017-06-06 19:00:00 +01:00,2017-06-06 20:00:00 +01:00,1,1
ES,ES.BDCA.AQD,NET_ES131A,STA_ES0125A,,SP_28079017_14_6,SPP_28079017_14_6.1,SAM_28079017_14_6,O3,http://dd.eionet.europa.eu/vocabulary/aq/pollutant/7,hour,68.0699999900,µg/m3,2017-06-06 20:00:00 +01:00,2017-06-06 21:00:00 +01:00,1,1
ES,ES.BDCA.AQD,NET_ES131A,STA_ES0125A,,SP_28079017_14_6,SPP_28079017_14_6.1,SAM_28079017_14_6,O3,http://dd.eionet.europa.eu/vocabulary/aq/pollutant/7,hour,55.2199999900,µg/m3,2017-06-06 21:00:00 +01:00,2017-06-06 22:00:00 +01:00,1,1
ES,ES.BDCA.AQD,NET_ES131A,STA_ES0125A,,SP_28079017_14_6,SPP_28079017_14_6.1,SAM_28079017_14_6,O3,http://dd.eionet.europa.eu/vocabulary/aq/pollutant/7,hour,46.2199999900,µg/m3,2017-06-06 22:00:00 +01:00,2017-06-06 23:00:00 +01:00,1,1
ES,ES.BDCA.AQD,NET_ES131A,STA_ES0125A,,SP_28079017_14_6,SPP_28079017_14_6.1,SAM_28079017_14_6,O3,http://dd.eionet.europa.eu/vocabulary/aq/pollutant/7,hour,45.3599999900,µg/m3,2017-06-06 23:00:00 +01:00,2017-06-07 00:00:00 +01:00,1,1
ES,ES.BDCA.AQD,NET_ES131A,STA_ES0125A,,SP_28079017_14_6,SPP_28079017_14_6.1,SAM_28079017_14_6,O3,http://dd.eionet.europa.eu/vocabulary/aq/pollutant/7,hour,72.0900000000,µg/m3,2017-06-07 00:00:00 +01:00,2017-06-07 01:00:00 +01:00,1,1
ES,ES.BDCA.AQD,NET_ES131A,STA_ES0125A,,SP_28079017_14_6,SPP_28079017_14_6.1,SAM_28079017_14_6,O3,http://dd.eionet.europa.eu/vocabulary/aq/pollutant/7,hour,56.0399999900,µg/m3,2017-06-07 01:00:00 +01:00,2017-06-07 02:00:00 +01:00,1,1
ES,ES.BDCA.AQD,NET_ES131A,STA_ES0125A,,SP_28079017_14_6,SPP_28079017_14_6.1,SAM_28079017_14_6,O3,http://dd.eionet.europa.eu/vocabulary/aq/pollutant/7,hour,47.0000000000,µg/m3,2017-06-07 02:00:00 +01:00,2017-06-07 03:00:00 +01:00,1,1
ES,ES.BDCA.AQD,NET_ES131A,STA_ES0125A,,SP_28079017_14_6,SPP_28079017_14_6.1,SAM_28079017_14_6,O3,http://dd.eionet.europa.eu/vocabulary/aq/pollutant/7,hour,35.9500000000,µg/m3,2017-06-07 03:00:00 +01:00,2017-06-07 04:00:00 +01:00,1,1
ES,ES.BDCA.AQD,NET_ES131A,STA_ES0125A,,SP_28079017_14_6,SPP_28079017_14_6.1,SAM_28079017_14_6,O3,http://dd.eionet.europa.eu/vocabulary/aq/pollutant/7,hour,22.1000000000,µg/m3,2017-06-07 04:00:00 +01:00,2017-06-07 05:00:00 +01:00,1,1
ES,ES.BDCA.AQD,NET_ES131A,STA_ES0125A,,SP_28079017_14_6,SPP_28079017_14_6.1,SAM_28079017_14_6,O3,http://dd.eionet.europa.eu/vocabulary/aq/pollutant/7,hour,4.5000000000,µg/m3,2017-06-07 05:00:00 +01:00,2017-06-07 06:00:00 +01:00,1,1
ES,ES.BDCA.AQD,NET_ES131A,STA_ES0125A,,SP_28079017_14_6,SPP_28079017_14_6.1,SAM_28079017_14_6,O3,http://dd.eionet.europa.eu/vocabulary/aq/pollutant/7,hour,2.7799999900,µg/m3,2017-06-07 06:00:00 +01:00,2017-06-07 07:00:00 +01:00,1,1
ES,ES.BDCA.AQD,NET_ES131A,STA_ES0125A,,SP_28079017_14_6,SPP_28079017_14_6.1,SAM_28079017_14_6,O3,http://dd.eionet.europa.eu/vocabulary/aq/pollutant/7,hour,13.9600000000,µg/m3,2017-06-07 07:00:00 +01:00,2017-06-07 08:00:00 +01:00,1,1
ES,ES.BDCA.AQD,NET_ES131A,STA_ES0125A,,SP_28079017_14_6,SPP_28079017_14_6.1,SAM_28079017_14_6,O3,http://dd.eionet.europa.eu/vocabulary/aq/pollutant/7,hour,26.8700000000,µg/m3,2017-06-07 08:00:00 +01:00,2017-06-07 09:00:00 +01:00,1,1
ES,ES.BDCA.AQD,NET_ES131A,STA_ES0125A,,SP_28079017_14_6,SPP_28079017_14_6.1,SAM_28079017_14_6,O3,http://dd.eionet.europa.eu/vocabulary/aq/pollutant/7,hour,43.3200000000,µg/m3,2017-06-07 09:00:00 +01:00,2017-06-07 10:00:00 +01:00,1,1
ES,ES.BDCA.AQD,NET_ES131A,STA_ES0125A,,SP_28079017_14_6,SPP_28079017_14_6.1,SAM_28079017_14_6,O3,http://dd.eionet.europa.eu/vocabulary/aq/pollutant/7,hour,58.4799999900,µg/m3,2017-06-07 10:00:00 +01:00,2017-06-07 11:00:00 +01:00,1,1
ES,ES.BDCA.AQD,NET_ES131A,STA_ES0125A,,SP_28079017_14_6,SPP_28079017_14_6.1,SAM_28079017_14_6,O3,http://dd.eionet.europa.eu/vocabulary/aq/pollutant/7,hour,76.1899999900,µg/m3,2017-06-07 11:00:00 +01:00,2017-06-07 12:00:00 +01:00,1,1
ES,ES.BDCA.AQD,NET_ES131A,STA_ES0125A,,SP_28079017_14_6,SPP_28079017_14_6.1,SAM_28079017_14_6,O3,http://dd.eionet.europa.eu/vocabulary/aq/pollutant/7,hour,,µg/m3,2017-06-07 12:00:00 +01:00,2017-06-07 13:00:00 +01:00,-1,1
ES,ES.BDCA.AQD,NET_ES131A,STA_ES0125A,,SP_28079017_14_6,SPP_28079017_14_6.1,SAM_28079017_14_6,O3,http://dd.eionet.europa.eu/vocabulary/aq/pollutant/7,hour,106.0999999900,µg/m3,2017-06-07 13:00:00 +01:00,2017-06-07 14:00:00 +01:00,1,1
ES,ES.BDCA.AQD,NET_ES131A,STA_ES0125A,,SP_28079017_14_6,SPP_28079017_14_6.1,SAM_28079017_14_6,O3,http://dd.eionet.europa.eu/vocabulary/aq/pollutant/7,hour,115.0999999900,µg/m3,2017-06-07 14:00:00 +01:00,2017-06-07 15:00:00 +01:00,1,1
ES,ES.BDCA.AQD,NET_ES131A,STA_ES0125A,,SP_28079017_14_6,SPP_28079017_14_6.1,SAM_28079017_14_6,O3,http://dd.eionet.europa.eu/vocabulary/aq/pollutant/7,hour,114.2000000000,µg/m3,2017-06-07 15:00:00 +01:00,2017-06-07 16:00:00 +01:00,1,1
ES,ES.BDCA.AQD,NET_ES131A,STA_ES0125A,,SP_28079017_14_6,SPP_28079017_14_6.1,SAM_28079017_14_6,O3,http://dd.eionet.europa.eu/vocabulary/aq/pollutant/7,hour,109.0999999900,µg/m3,2017-06-07 16:00:00 +01:00,2017-06-07 17:00:00 +01:00,1,1
ES,ES.BDCA.AQD,NET_ES131A,STA_ES0125A,,SP_28079017_14_6,SPP_28079017_14_6.1,SAM_28079017_14_6,O3,http://dd.eionet.europa.eu/vocabulary/aq/pollutant/7,hour,107.9000000000,µg/m3,2017-06-07 17:00:00 +01:00,2017-06-07 18:00:00 +01:00,1,1
ES,ES.BDCA.AQD,NET_ES131A,STA_ES0125A,,SP_28079017_14_6,SPP_28079017_14_6.1,SAM_28079017_14_6,O3,http://dd.eionet.europa.eu/vocabulary/aq/pollutant/7,hour,107.5999999900,µg/m3,2017-06-07 18:00:00 +01:00,2017-06-07 19:00:00 +01:00,1,1
ES,ES.BDCA.AQD,NET_ES131A,STA_ES0125A,,SP_28079017_14_6,SPP_28079017_14_6.1,SAM_28079017_14_6,O3,http://dd.eionet.europa.eu/vocabulary/aq/pollutant/7,hour,111.3000000000,µg/m3,2017-06-07 19:00:00 +01:00,2017-06-07 20:00:00 +01:00,1,1
ES,ES.BDCA.AQD,NET_ES131A,STA_ES0125A,,SP_28079017_14_6,SPP_28079017_14_6.1,SAM_28079017_14_6,O3,http://dd.eionet.europa.eu/vocabulary/aq/pollutant/7,hour,97.8400000000,µg/m3,2017-06-07 20:00:00 +01:00,2017-06-07 21:00:00 +01:00,1,1
ES,ES.BDCA.AQD,NET_ES131A,STA_ES0125A,,SP_28079017_14_6,SPP_28079017_14_6.1,SAM_28079017_14_6,O3,http://dd.eionet.europa.eu/vocabulary/aq/pollutant/7,hour,10.1099999900,µg/m3,2017-06-07 21:00:00 +01:00,2017-06-07 22:00:00 +01:00,1,1
ES,ES.BDCA.AQD,NET_ES131A,STA_ES0125A,,SP_28079017_14_6,SPP_28079017_14_6.1,SAM_28079017_14_6,O3,http://dd.eionet.europa.eu/vocabulary/aq/pollutant/7,hour,5.8799999900,µg/m3,2017-06-07 22:00:00 +01:00,2017-06-07 23:00:00 +01:00,1,1
ES,ES.BDCA.AQD,NET_ES131A,STA_ES0125A,,SP_28079017_14_6,SPP_28079017_14_6.1,SAM_28079017_14_6,O3,http://dd.eionet.europa.eu/vocabulary/aq/pollutant/7,hour,59.9500000000,µg/m3,2017-06-07 23:00:00 +01:00,2017-06-08 00:00:00 +01:00,1,1
ES,ES.BDCA.AQD,NET_ES131A,STA_ES0125A,,SP_28079017_14_6,SPP_28079017_14_6.1,SAM_28079017_14_6,O3,http://dd.eionet.europa.eu/vocabulary/aq/pollutant/7,hour,64.6099999900,µg/m3,2017-06-08 00:00:00 +01:00,2017-06-08 01:00:00 +01:00,1,1
ES,ES.BDCA.AQD,NET_ES131A,STA_ES0125A,,SP_28079017_14_6,SPP_28079017_14_6.1,SAM_28079017_14_6,O3,http://dd.eionet.europa.eu/vocabulary/aq/pollutant/7,hour,68.8900000000,µg/m3,2017-06-08 01:00:00 +01:00,2017-06-08 02:00:00 +01:00,1,1
ES,ES.BDCA.AQD,NET_ES131A,STA_ES0125A,,SP_28079017_14_6,SPP_28079017_14_6.1,SAM_28079017_14_6,O3,http://dd.eionet.europa.eu/vocabulary/aq/pollutant/7,hour,65.9800000000,µg/m3,2017-06-08 02:00:00 +01:00,2017-06-08 03:00:00 +01:00,1,1
ES,ES.BDCA.AQD,NET_ES131A,STA_ES0125A,,SP_28079017_14_6,SPP_28079017_14_6.1,SAM_28079017_14_6,O3,http://dd.eionet.europa.eu/vocabulary/aq/pollutant/7,hour,56.8699999900,µg/m3,2017-06-08 03:00:00 +01:00,2017-06-08 04:00:00 +01:00,1,1
ES,ES.BDCA.AQD,NET_ES131A,STA_ES0125A,,SP_28079017_14_6,SPP_28079017_14_6.1,SAM_28079017_14_6,O3,http://dd.eionet.europa.eu/vocabulary/aq/pollutant/7,hour,62.8699999900,µg/m3,2017-06-08 04:00:00 +01:00,2017-06-08 05:00:00 +01:00,1,1
ES,ES.BDCA.AQD,NET_ES131A,STA_ES0125A,,SP_28079017_14_6,SPP_28079017_14_6.1,SAM_28079017_14_6,O3,http://dd.eionet.europa.eu/vocabulary/aq/pollutant/7,hour,51.0200000000,µg/m3,2017-06-08 05:00:00 +01:00,2017-06-08 06:00:00 +01:00,1,1
ES,ES.BDCA.AQD,NET_ES131A,STA_ES0125A,,SP_28079017_14_6,SPP_28079017_14_6.1,SAM_28079017_14_6,O3,http://dd.eionet.europa.eu/vocabulary/aq/pollutant/7,hour,27.2500000000,µg/m3,2017-06-08 06:00:00 +01:00,2017-06-08 07:00:00 +01:00,1,1
ES,ES.BDCA.AQD,NET_ES131A,STA_ES0125A,,SP_28079017_14_6,SPP_28079017_14_6.1,SAM_28079017_14_6,O3,http://dd.eionet.europa.eu/vocabulary/aq/pollutant/7,hour,30.1000000000,µg/m3,2017-06-08 07:00:00 +01:00,2017-06-08 08:00:00 +01:00,1,1
ES,ES.BDCA.AQD,NET_ES131A,STA_ES0125A,,SP_28079017_14_6,SPP_28079017_14_6.1,SAM_28079017_14_6,O3,http://dd.eionet.europa.eu/vocabulary/aq/pollutant/7,hour,48.8299999900,µg/m3,2017-06-08 08:00:00 +01:00,2017-06-08 09:00:00 +01:00,1,1
ES,ES.BDCA.AQD,NET_ES131A,STA_ES0125A,,SP_28079017_14_6,SPP_28079017_14_6.1,SAM_28079017_14_6,O3,http://dd.eionet.europa.eu/vocabulary/aq/pollutant/7,hour,73.6099999900,µg/m3,2017-06-08 09:00:00 +01:00,2017-06-08 10:00:00 +01:00,1,1
ES,ES.BDCA.AQD,NET_ES131A,STA_ES0125A,,SP_28079017_14_6,SPP_28079017_14_6.1,SAM_28079017_14_6,O3,http://dd.eionet.europa.eu/vocabulary/aq/pollutant/7,hour,81.0100000000,µg/m3,2017-06-08 10:00:00 +01:00,2017-06-08 11:00:00 +01:00,1,1
ES,ES.BDCA.AQD,NET_ES131A,STA_ES0125A,,SP_28079017_14_6,SPP_28079017_14_6.1,SAM_28079017_14_6,O3,http://dd.eionet.europa.eu/vocabulary/aq/pollutant/7,hour,90.3400000000,µg/m3,2017-06-08 11:00:00 +01:00,2017-06-08 12:00:00 +01:00,1,1
ES,ES.BDCA.AQD,NET_ES131A,STA_ES0125A,,SP_28079017_14_6,SPP_28079017_14_6.1,SAM_28079017_14_6,O3,http://dd.eionet.europa.eu/vocabulary/aq/pollutant/7,hour,99.2699999900,µg/m3,2017-06-08 12:00:00 +01:00,2017-06-08 13:00:00 +01:00,1,1
ES,ES.BDCA.AQD,NET_ES131A,STA_ES0125A,,SP_28079017_14_6,SPP_28079017_14_6.1,SAM_28079017_14_6,O3,http://dd.eionet.europa.eu/vocabulary/aq/pollutant/7,hour,99.8400000000,µg/m3,2017-06-08 13:00:00 +01:00,2017-06-08 14:00:00 +01:00,1,1
ES,ES.BDCA.AQD,NET_ES131A,STA_ES0125A,,SP_28079017_14_6,SPP_28079017_14_6.1,SAM_28079017_14_6,O3,http://dd.eionet.europa.eu/vocabulary/aq/pollutant/7,hour,108.0999999900,µg/m3,2017-06-08 14:00:00 +01:00,2017-06-08 15:00:00 +01:00,1,1
ES,ES.BDCA.AQD,NET_ES131A,STA_ES0125A,,SP_28079017_14_6,SPP_28079017_14_6.1,SAM_28079017_14_6,O3,http://dd.eionet.europa.eu/vocabulary/aq/pollutant/7,hour,105.0000000000,µg/m3,2017-06-08 15:00:00 +01:00,2017-06-08 16:00:00 +01:00,1,1
ES,ES.BDCA.AQD,NET_ES131A,STA_ES0125A,,SP_28079017_14_6,SPP_28079017_14_6.1,SAM_28079017_14_6,O3,http://dd.eionet.europa.eu/vocabulary/aq/pollutant/7,hour,103.9000000000,µg/m3,2017-06-08 16:00:00 +01:00,2017-06-08 17:00:00 +01:00,1,1
ES,ES.BDCA.AQD,NET_ES131A,STA_ES0125A,,SP_28079017_14_6,SPP_28079017_14_6.1,SAM_28079017_14_6,O3,http://dd.eionet.europa.eu/vocabulary/aq/pollutant/7,hour,99.1200000000,µg/m3,2017-06-08 17:00:00 +01:00,2017-06-08 18:00:00 +01:00,1,1
ES,ES.BDCA.AQD,NET_ES131A,STA_ES0125A,,SP_28079017_14_6,SPP_28079017_14_6.1,SAM_28079017_14_6,O3,http://dd.eionet.europa.eu/vocabulary/aq/pollutant/7,hour,92.8499999900,µg/m3,2017-06-08 18:00:00 +01:00,2017-06-08 19:00:00 +01:00,1,1
ES,ES.BDCA.AQD,NET_ES131A,STA_ES0125A,,SP_28079017_14_6,SPP_28079017_14_6.1,SAM_28079017_14_6,O3,http://dd.eionet.europa.eu/vocabulary/aq/pollutant/7,hour,81.2999999900,µg/m3,2017-06-08 19:00:00 +01:00,2017-06-08 20:00:00 +01:00,1,1
ES,ES.BDCA.AQD,NET_ES131A,STA_ES0125A,,SP_28079017_14_6,SPP_28079017_14_6.1,SAM_28079017_14_6,O3,http://dd.eionet.europa.eu/vocabulary/aq/pollutant/7,hour,62.0000000000,µg/m3,2017-06-08 20:00:00 +01:00,2017-06-08 21:00:00 +01:00,1,1
ES,ES.BDCA.AQD,NET_ES131A,STA_ES0125A,,SP_28079017_14_6,SPP_28079017_14_6.1,SAM_28079017_14_6,O3,http://dd.eionet.europa.eu/vocabulary/aq/pollutant/7,hour,63.3800000000,µg/m3,2017-06-08 21:00:00 +01:00,2017-06-08 22:00:00 +01:00,1,1
ES,ES.BDCA.AQD,NET_ES131A,STA_ES0125A,,SP_28079017_14_6,SPP_28079017_14_6.1,SAM_28079017_14_6,O3,http://dd.eionet.europa.eu/vocabulary/aq/pollutant/7,hour,49.8400000000,µg/m3,2017-06-08 22:00:00 +01:00,2017-06-08 23:00:00 +01:00,1,1
ES,ES.BDCA.AQD,NET_ES131A,STA_ES0125A,,SP_28079017_14_6,SPP_28079017_14_6.1,SAM_28079017_14_6,O3,http://dd.eionet.europa.eu/vocabulary/aq/pollutant/7,hour,34.4200000000,µg/m3,2017-06-08 23:00:00 +01:00,2017-06-09 00:00:00 +01:00,1,1
ES,ES.BDCA.AQD,NET_ES131A,STA_ES0125A,,SP_28079017_14_6,SPP_28079017_14_6.1,SAM_28079017_14_6,O3,http://dd.eionet.europa.eu/vocabulary/aq/pollutant/7,hour,60.9200000000,µg/m3,2017-06-09 00:00:00 +01:00,2017-06-09 01:00:00 +01:00,1,1
ES,ES.BDCA.AQD,NET_ES131A,STA_ES0125A,,SP_28079017_14_6,SPP_28079017_14_6.1,SAM_28079017_14_6,O3,http://dd.eionet.europa.eu/vocabulary/aq/pollutant/7,hour,67.6500000000,µg/m3,2017-06-09 01:00:00 +01:00,2017-06-09 02:00:00 +01:00,1,1
ES,ES.BDCA.AQD,NET_ES131A,STA_ES0125A,,SP_28079017_14_6,SPP_28079017_14_6.1,SAM_28079017_14_6,O3,http://dd.eionet.europa.eu/vocabulary/aq/pollutant/7,hour,62.6599999900,µg/m3,2017-06-09 02:00:00 +01:00,2017-06-09 03:00:00 +01:00,1,1
ES,ES.BDCA.AQD,NET_ES131A,STA_ES0125A,,SP_28079017_14_6,SPP_28079017_14_6.1,SAM_28079017_14_6,O3,http://dd.eionet.europa.eu/vocabulary/aq/pollutant/7,hour,57.1400000000,µg/m3,2017-06-09 03:00:00 +01:00,2017-06-09 04:00:00 +01:00,1,1
ES,ES.BDCA.AQD,NET_ES131A,STA_ES0125A,,SP_28079017_14_6,SPP_28079017_14_6.1,SAM_28079017_14_6,O3,http://dd.eionet.europa.eu/vocabulary/aq/pollutant/7,hour,54.1800000000,µg/m3,2017-06-09 04:00:00 +01:00,2017-06-09 05:00:00 +01:00,1,1
ES,ES.BDCA.AQD,NET_ES131A,STA_ES0125A,,SP_28079017_14_6,SPP_28079017_14_6.1,SAM_28079017_14_6,O3,http://dd.eionet.europa.eu/vocabulary/aq/pollutant/7,hour,33.4300000000,µg/m3,2017-06-09 05:00:00 +01:00,2017-06-09 06:00:00 +01:00,1,1
ES,ES.BDCA.AQD,NET_ES131A,STA_ES0125A,,SP_28079017_14_6,SPP_28079017_14_6.1,SAM_28079017_14_6,O3,http://dd.eionet.europa.eu/vocabulary/aq/pollutant/7,hour,19.9499999900,µg/m3,2017-06-09 06:00:00 +01:00,2017-06-09 07:00:00 +01:00,1,1
ES,ES.BDCA.AQD,NET_ES131A,STA_ES0125A,,SP_28079017_14_6,SPP_28079017_14_6.1,SAM_28079017_14_6,O3,http://dd.eionet.europa.eu/vocabulary/aq/pollutant/7,hour,25.9800000000,µg/m3,2017-06-09 07:00:00 +01:00,2017-06-09 08:00:00 +01:00,1,1
ES,ES.BDCA.AQD,NET_ES131A,STA_ES0125A,,SP_28079017_14_6,SPP_28079017_14_6.1,SAM_28079017_14_6,O3,http://dd.eionet.europa.eu/vocabulary/aq/pollutant/7,hour,39.3400000000,µg/m3,2017-06-09 08:00:00 +01:00,2017-06-09 09:00:00 +01:00,1,1
ES,ES.BDCA.AQD,NET_ES131A,STA_ES0125A,,SP_28079017_14_6,SPP_28079017_14_6.1,SAM_28079017_14_6,O3,http://dd.eionet.europa.eu/vocabulary/aq/pollutant/7,hour,51.8699999900,µg/m3,2017-06-09 09:00:00 +01:00,2017-06-09 10:00:00 +01:00,1,1
ES,ES.BDCA.AQD,NET_ES131A,STA_ES0125A,,SP_28079017_14_6,SPP_28079017_14_6.1,SAM_28079017_14_6,O3,http://dd.eionet.europa.eu/vocabulary/aq/pollutant/7,hour,68.0499999900,µg/m3,2017-06-09 10:00:00 +01:00,2017-06-09 11:00:00 +01:00,1,1
ES,ES.BDCA.AQD,NET_ES131A,STA_ES0125A,,SP_28079017_14_6,SPP_28079017_14_6.1,SAM_28079017_14_6,O3,http://dd.eionet.europa.eu/vocabulary/aq/pollutant/7,hour,80.3299999900,µg/m3,2017-06-09 11:00:00 +01:00,2017-06-09 12:00:00 +01:00,1,1
ES,ES.BDCA.AQD,NET_ES131A,STA_ES0125A,,SP_28079017_14_6,SPP_28079017_14_6.1,SAM_28079017_14_6,O3,http://dd.eionet.europa.eu/vocabulary/aq/pollutant/7,hour,100.8000000000,µg/m3,2017-06-09 12:00:00 +01:00,2017-06-09 13:00:00 +01:00,1,1
ES,ES.BDCA.AQD,NET_ES131A,STA_ES0125A,,SP_28079017_14_6,SPP_28079017_14_6.1,SAM_28079017_14_6,O3,http://dd.eionet.europa.eu/vocabulary/aq/pollutant/7,hour,107.2000000000,µg/m3,2017-06-09 13:00:00 +01:00,2017-06-09 14:00:00 +01:00,1,1
ES,ES.BDCA.AQD,NET_ES131A,STA_ES0125A,,SP_28079017_14_6,SPP_28079017_14_6.1,SAM_28079017_14_6,O3,http://dd.eionet.europa.eu/vocabulary/aq/pollutant/7,hour,102.2000000000,µg/m3,2017-06-09 14:00:00 +01:00,2017-06-09 15:00:00 +01:00,1,1
ES,ES.BDCA.AQD,NET_ES131A,STA_ES0125A,,SP_28079017_14_6,SPP_28079017_14_6.1,SAM_28079017_14_6,O3,http://dd.eionet.europa.eu/vocabulary/aq/pollutant/7,hour,93.1700000000,µg/m3,2017-06-09 15:00:00 +01:00,2017-06-09 16:00:00 +01:00,1,1
ES,ES.BDCA.AQD,NET_ES131A,STA_ES0125A,,SP_28079017_14_6,SPP_28079017_14_6.1,SAM_28079017_14_6,O3,http://dd.eionet.europa.eu/vocabulary/aq/pollutant/7,hour,81.2600000000,µg/m3,2017-06-09 16:00:00 +01:00,2017-06-09 17:00:00 +01:00,1,1
ES,ES.BDCA.AQD,NET_ES131A,STA_ES0125A,,SP_28079017_14_6,SPP_28079017_14_6.1,SAM_28079017_14_6,O3,http://dd.eionet.europa.eu/vocabulary/aq/pollutant/7,hour,70.7699999900,µg/m3,2017-06-09 17:00:00 +01:00,2017-06-09 18:00:00 +01:00,1,1
ES,ES.BDCA.AQD,NET_ES131A,STA_ES0125A,,SP_28079017_14_6,SPP_28079017_14_6.1,SAM_28079017_14_6,O3,http://dd.eionet.europa.eu/vocabulary/aq/pollutant/7,hour,62.2500000000,µg/m3,2017-06-09 18:00:00 +01:00,2017-06-09 19:00:00 +01:00,1,1
ES,ES.BDCA.AQD,NET_ES131A,STA_ES0125A,,SP_28079017_14_6,SPP_28079017_14_6.1,SAM_28079017_14_6,O3,http://dd.eionet.europa.eu/vocabulary/aq/pollutant/7,hour,55.2500000000,µg/m3,2017-06-09 19:00:00 +01:00,2017-06-09 20:00:00 +01:00,1,1
ES,ES.BDCA.AQD,NET_ES131A,STA_ES0125A,,SP_28079017_14_6,SPP_28079017_14_6.1,SAM_28079017_14_6,O3,http://dd.eionet.europa.eu/vocabulary/aq/pollutant/7,hour,45.3699999900,µg/m3,2017-06-09 20:00:00 +01:00,2017-06-09 21:00:00 +01:00,1,1
ES,ES.BDCA.AQD,NET_ES131A,STA_ES0125A,,SP_28079017_14_6,SPP_28079017_14_6.1,SAM_28079017_14_6,O3,http://dd.eionet.europa.eu/vocabulary/aq/pollutant/7,hour,19.2700000000,µg/m3,2017-06-09 21:00:00 +01:00,2017-06-09 22:00:00 +01:00,1,1
ES,ES.BDCA.AQD,NET_ES131A,STA_ES0125A,,SP_28079017_14_6,SPP_28079017_14_6.1,SAM_28079017_14_6,O3,http://dd.eionet.europa.eu/vocabulary/aq/pollutant/7,hour,29.8700000000,µg/m3,2017-06-09 22:00:00 +01:00,2017-06-09 23:00:00 +01:00,1,1
ES,ES.BDCA.AQD,NET_ES131A,STA_ES0125A,,SP_28079017_14_6,SPP_28079017_14_6.1,SAM_28079017_14_6,O3,http://dd.eionet.europa.eu/vocabulary/aq/pollutant/7,hour,28.7700000000,µg/m3,2017-06-09 23:00:00 +01:00,2017-06-10 00:00:00 +01:00,1,1
ES,ES.BDCA.AQD,NET_ES131A,STA_ES0125A,,SP_28079017_14_6,SPP_28079017_14_6.1,SAM_28079017_14_6,O3,http://dd.eionet.europa.eu/vocabulary/aq/pollutant/7,hour,7.0599999900,µg/m3,2017-06-10 00:00:00 +01:00,2017-06-10 01:00:00 +01:00,1,1
ES,ES.BDCA.AQD,NET_ES131A,STA_ES0125A,,SP_28079017_14_6,SPP_28079017_14_6.1,SAM_28079017_14_6,O3,http://dd.eionet.europa.eu/vocabulary/aq/pollutant/7,hour,1.0300000000,µg/m3,2017-06-10 01:00:00 +01:00,2017-06-10 02:00:00 +01:00,1,1
ES,ES.BDCA.AQD,NET_ES131A,STA_ES0125A,,SP_28079017_14_6,SPP_28079017_14_6.1,SAM_28079017_14_6,O3,http://dd.eionet.europa.eu/vocabulary/aq/pollutant/7,hour,1.0300000000,µg/m3,2017-06-10 02:00:00 +01:00,2017-06-10 03:00:00 +01:00,1,1
ES,ES.BDCA.AQD,NET_ES131A,STA_ES0125A,,SP_28079017_14_6,SPP_28079017_14_6.1,SAM_28079017_14_6,O3,http://dd.eionet.europa.eu/vocabulary/aq/pollutant/7,hour,1.1000000000,µg/m3,2017-06-10 03:00:00 +01:00,2017-06-10 04:00:00 +01:00,1,1
ES,ES.BDCA.AQD,NET_ES131A,STA_ES0125A,,SP_28079017_14_6,SPP_28079017_14_6.1,SAM_28079017_14_6,O3,http://dd.eionet.europa.eu/vocabulary/aq/pollutant/7,hour,1.3300000000,µg/m3,2017-06-10 04:00:00 +01:00,2017-06-10 05:00:00 +01:00,1,1
ES,ES.BDCA.AQD,NET_ES131A,STA_ES0125A,,SP_28079017_14_6,SPP_28079017_14_6.1,SAM_28079017_14_6,O3,http://dd.eionet.europa.eu/vocabulary/aq/pollutant/7,hour,1.7000000000,µg/m3,2017-06-10 05:00:00 +01:00,2017-06-10 06:00:00 +01:00,1,1
ES,ES.BDCA.AQD,NET_ES131A,STA_ES0125A,,SP_28079017_14_6,SPP_28079017_14_6.1,SAM_28079017_14_6,O3,http://dd.eionet.europa.eu/vocabulary/aq/pollutant/7,hour,4.9299999900,µg/m3,2017-06-10 06:00:00 +01:00,2017-06-10 07:00:00 +01:00,1,1
ES,ES.BDCA.AQD,NET_ES131A,STA_ES0125A,,SP_28079017_14_6,SPP_28079017_14_6.1,SAM_28079017_14_6,O3,http://dd.eionet.europa.eu/vocabulary/aq/pollutant/7,hour,26.7500000000,µg/m3,2017-06-10 07:00:00 +01:00,2017-06-10 08:00:00 +01:00,1,1
ES,ES.BDCA.AQD,NET_ES131A,STA_ES0125A,,SP_28079017_14_6,SPP_28079017_14_6.1,SAM_28079017_14_6,O3,http://dd.eionet.europa.eu/vocabulary/aq/pollutant/7,hour,54.9799999900,µg/m3,2017-06-10 08:00:00 +01:00,2017-06-10 09:00:00 +01:00,1,1
ES,ES.BDCA.AQD,NET_ES131A,STA_ES0125A,,SP_28079017_14_6,SPP_28079017_14_6.1,SAM_28079017_14_6,O3,http://dd.eionet.europa.eu/vocabulary/aq/pollutant/7,hour,68.0499999900,µg/m3,2017-06-10 09:00:00 +01:00,2017-06-10 10:00:00 +01:00,1,1
ES,ES.BDCA.AQD,NET_ES131A,STA_ES0125A,,SP_28079017_14_6,SPP_28079017_14_6.1,SAM_28079017_14_6,O3,http://dd.eionet.europa.eu/vocabulary/aq/pollutant/7,hour,78.7300000000,µg/m3,2017-06-10 10:00:00 +01:00,2017-06-10 11:00:00 +01:00,1,1
ES,ES.BDCA.AQD,NET_ES131A,STA_ES0125A,,SP_28079017_14_6,SPP_28079017_14_6.1,SAM_28079017_14_6,O3,http://dd.eionet.europa.eu/vocabulary/aq/pollutant/7,hour,92.2699999900,µg/m3,2017-06-10 11:00:00 +01:00,2017-06-10 12:00:00 +01:00,1,1
ES,ES.BDCA.AQD,NET_ES131A,STA_ES0125A,,SP_28079017_14_6,SPP_28079017_14_6.1,SAM_28079017_14_6,O3,http://dd.eionet.europa.eu/vocabulary/aq/pollutant/7,hour,100.5999999900,µg/m3,2017-06-10 12:00:00 +01:00,2017-06-10 13:00:00 +01:00,1,1
ES,ES.BDCA.AQD,NET_ES131A,STA_ES0125A,,SP_28079017_14_6,SPP_28079017_14_6.1,SAM_28079017_14_6,O3,http://dd.eionet.europa.eu/vocabulary/aq/pollutant/7,hour,91.5699999900,µg/m3,2017-06-10 13:00:00 +01:00,2017-06-10 14:00:00 +01:00,1,1
ES,ES.BDCA.AQD,NET_ES131A,STA_ES0125A,,SP_28079017_14_6,SPP_28079017_14_6.1,SAM_28079017_14_6,O3,http://dd.eionet.europa.eu/vocabulary/aq/pollutant/7,hour,94.1800000000,µg/m3,2017-06-10 14:00:00 +01:00,2017-06-10 15:00:00 +01:00,1,1
ES,ES.BDCA.AQD,NET_ES131A,STA_ES0125A,,SP_28079017_14_6,SPP_28079017_14_6.1,SAM_28079017_14_6,O3,http://dd.eionet.europa.eu/vocabulary/aq/pollutant/7,hour,98.5999999900,µg/m3,2017-06-10 15:00:00 +01:00,2017-06-10 16:00:00 +01:00,1,1
ES,ES.BDCA.AQD,NET_ES131A,STA_ES0125A,,SP_28079017_14_6,SPP_28079017_14_6.1,SAM_28079017_14_6,O3,http://dd.eionet.europa.eu/vocabulary/aq/pollutant/7,hour,98.7999999900,µg/m3,2017-06-10 16:00:00 +01:00,2017-06-10 17:00:00 +01:00,1,1
ES,ES.BDCA.AQD,NET_ES131A,STA_ES0125A,,SP_28079017_14_6,SPP_28079017_14_6.1,SAM_28079017_14_6,O3,http://dd.eionet.europa.eu/vocabulary/aq/pollutant/7,hour,95.4800000000,µg/m3,2017-06-10 17:00:00 +01:00,2017-06-10 18:00:00 +01:00,1,1
ES,ES.BDCA.AQD,NET_ES131A,STA_ES0125A,,SP_28079017_14_6,SPP_28079017_14_6.1,SAM_28079017_14_6,O3,http://dd.eionet.europa.eu/vocabulary/aq/pollutant/7,hour,80.2900000000,µg/m3,2017-06-10 18:00:00 +01:00,2017-06-10 19:00:00 +01:00,1,1
ES,ES.BDCA.AQD,NET_ES131A,STA_ES0125A,,SP_28079017_14_6,SPP_28079017_14_6.1,SAM_28079017_14_6,O3,http://dd.eionet.europa.eu/vocabulary/aq/pollutant/7,hour,83.8499999900,µg/m3,2017-06-10 19:00:00 +01:00,2017-06-10 20:00:00 +01:00,1,1
ES,ES.BDCA.AQD,NET_ES131A,STA_ES0125A,,SP_28079017_14_6,SPP_28079017_14_6.1,SAM_28079017_14_6,O3,http://dd.eionet.europa.eu/vocabulary/aq/pollutant/7,hour,64.0100000000,µg/m3,2017-06-10 20:00:00 +01:00,2017-06-10 21:00:00 +01:00,1,1
ES,ES.BDCA.AQD,NET_ES131A,STA_ES0125A,,SP_28079017_14_6,SPP_28079017_14_6.1,SAM_28079017_14_6,O3,http://dd.eionet.europa.eu/vocabulary/aq/pollutant/7,hour,8.2899999900,µg/m3,2017-06-10 21:00:00 +01:00,2017-06-10 22:00:00 +01:00,1,1
ES,ES.BDCA.AQD,NET_ES131A,STA_ES0125A,,SP_28079017_14_6,SPP_28079017_14_6.1,SAM_28079017_14_6,O3,http://dd.eionet.europa.eu/vocabulary/aq/pollutant/7,hour,1.5200000000,µg/m3,2017-06-10 22:00:00 +01:00,2017-06-10 23:00:00 +01:00,1,1
ES,ES.BDCA.AQD,NET_ES131A,STA_ES0125A,,SP_28079017_14_6,SPP_28079017_14_6.1,SAM_28079017_14_6,O3,http://dd.eionet.europa.eu/vocabulary/aq/pollutant/7,hour,1.6900000000,µg/m3,2017-06-10 23:00:00 +01:00,2017-06-11 00:00:00 +01:00,1,1
ES,ES.BDCA.AQD,NET_ES131A,STA_ES0125A,,SP_28079017_14_6,SPP_28079017_14_6.1,SAM_28079017_14_6,O3,http://dd.eionet.europa.eu/vocabulary/aq/pollutant/7,hour,7.0999999900,µg/m3,2017-06-11 00:00:00 +01:00,2017-06-11 01:00:00 +01:00,1,1
ES,ES.BDCA.AQD,NET_ES131A,STA_ES0125A,,SP_28079017_14_6,SPP_28079017_14_6.1,SAM_28079017_14_6,O3,http://dd.eionet.europa.eu/vocabulary/aq/pollutant/7,hour,37.6499999900,µg/m3,2017-06-11 01:00:00 +01:00,2017-06-11 02:00:00 +01:00,1,1
ES,ES.BDCA.AQD,NET_ES131A,STA_ES0125A,,SP_28079017_14_6,SPP_28079017_14_6.1,SAM_28079017_14_6,O3,http://dd.eionet.europa.eu/vocabulary/aq/pollutant/7,hour,33.8999999900,µg/m3,2017-06-11 02:00:00 +01:00,2017-06-11 03:00:00 +01:00,1,1
ES,ES.BDCA.AQD,NET_ES131A,STA_ES0125A,,SP_28079017_14_6,SPP_28079017_14_6.1,SAM_28079017_14_6,O3,http://dd.eionet.europa.eu/vocabulary/aq/pollutant/7,hour,50.2299999900,µg/m3,2017-06-11 03:00:00 +01:00,2017-06-11 04:00:00 +01:00,1,1
ES,ES.BDCA.AQD,NET_ES131A,STA_ES0125A,,SP_28079017_14_6,SPP_28079017_14_6.1,SAM_28079017_14_6,O3,http://dd.eionet.europa.eu/vocabulary/aq/pollutant/7,hour,67.2099999900,µg/m3,2017-06-11 04:00:00 +01:00,2017-06-11 05:00:00 +01:00,1,1
ES,ES.BDCA.AQD,NET_ES131A,STA_ES0125A,,SP_28079017_14_6,SPP_28079017_14_6.1,SAM_28079017_14_6,O3,http://dd.eionet.europa.eu/vocabulary/aq/pollutant/7,hour,66.3299999900,µg/m3,2017-06-11 05:00:00 +01:00,2017-06-11 06:00:00 +01:00,1,1
ES,ES.BDCA.AQD,NET_ES131A,STA_ES0125A,,SP_28079017_14_6,SPP_28079017_14_6.1,SAM_28079017_14_6,O3,http://dd.eionet.europa.eu/vocabulary/aq/pollutant/7,hour,49.3999999900,µg/m3,2017-06-11 06:00:00 +01:00,2017-06-11 07:00:00 +01:00,1,1
ES,ES.BDCA.AQD,NET_ES131A,STA_ES0125A,,SP_28079017_14_6,SPP_28079017_14_6.1,SAM_28079017_14_6,O3,http://dd.eionet.europa.eu/vocabulary/aq/pollutant/7,hour,53.5799999900,µg/m3,2017-06-11 07:00:00 +01:00,2017-06-11 08:00:00 +01:00,1,1
ES,ES.BDCA.AQD,NET_ES131A,STA_ES0125A,,SP_28079017_14_6,SPP_28079017_14_6.1,SAM_28079017_14_6,O3,http://dd.eionet.europa.eu/vocabulary/aq/pollutant/7,hour,72.6200000000,µg/m3,2017-06-11 08:00:00 +01:00,2017-06-11 09:00:00 +01:00,1,1
ES,ES.BDCA.AQD,NET_ES131A,STA_ES0125A,,SP_28079017_14_6,SPP_28079017_14_6.1,SAM_28079017_14_6,O3,http://dd.eionet.europa.eu/vocabulary/aq/pollutant/7,hour,85.9000000000,µg/m3,2017-06-11 09:00:00 +01:00,2017-06-11 10:00:00 +01:00,1,1
ES,ES.BDCA.AQD,NET_ES131A,STA_ES0125A,,SP_28079017_14_6,SPP_28079017_14_6.1,SAM_28079017_14_6,O3,http://dd.eionet.europa.eu/vocabulary/aq/pollutant/7,hour,98.3299999900,µg/m3,2017-06-11 10:00:00 +01:00,2017-06-11 11:00:00 +01:00,1,1
ES,ES.BDCA.AQD,NET_ES131A,STA_ES0125A,,SP_28079017_14_6,SPP_28079017_14_6.1,SAM_28079017_14_6,O3,http://dd.eionet.europa.eu/vocabulary/aq/pollutant/7,hour,104.5999999900,µg/m3,2017-06-11 11:00:00 +01:00,2017-06-11 12:00:00 +01:00,1,1
ES,ES.BDCA.AQD,NET_ES131A,STA_ES0125A,,SP_28079017_14_6,SPP_28079017_14_6.1,SAM_28079017_14_6,O3,http://dd.eionet.europa.eu/vocabulary/aq/pollutant/7,hour,109.5999999900,µg/m3,2017-06-11 12:00:00 +01:00,2017-06-11 13:00:00 +01:00,1,1
ES,ES.BDCA.AQD,NET_ES131A,STA_ES0125A,,SP_28079017_14_6,SPP_28079017_14_6.1,SAM_28079017_14_6,O3,http://dd.eionet.europa.eu/vocabulary/aq/pollutant/7,hour,111.3000000000,µg/m3,2017-06-11 13:00:00 +01:00,2017-06-11 14:00:00 +01:00,1,1
ES,ES.BDCA.AQD,NET_ES131A,STA_ES0125A,,SP_28079017_14_6,SPP_28079017_14_6.1,SAM_28079017_14_6,O3,http://dd.eionet.europa.eu/vocabulary/aq/pollutant/7,hour,109.3000000000,µg/m3,2017-06-11 14:00:00 +01:00,2017-06-11 15:00:00 +01:00,1,1
ES,ES.BDCA.AQD,NET_ES131A,STA_ES0125A,,SP_28079017_14_6,SPP_28079017_14_6.1,SAM_28079017_14_6,O3,http://dd.eionet.europa.eu/vocabulary/aq/pollutant/7,hour,109.7000000000,µg/m3,2017-06-11 15:00:00 +01:00,2017-06-11 16:00:00 +01:00,1,1
ES,ES.BDCA.AQD,NET_ES131A,STA_ES0125A,,SP_28079017_14_6,SPP_28079017_14_6.1,SAM_28079017_14_6,O3,http://dd.eionet.europa.eu/vocabulary/aq/pollutant/7,hour,111.0000000000,µg/m3,2017-06-11 16:00:00 +01:00,2017-06-11 17:00:00 +01:00,1,1
ES,ES.BDCA.AQD,NET_ES131A,STA_ES0125A,,SP_28079017_14_6,SPP_28079017_14_6.1,SAM_28079017_14_6,O3,http://dd.eionet.europa.eu/vocabulary/aq/pollutant/7,hour,108.9000000000,µg/m3,2017-06-11 17:00:00 +01:00,2017-06-11 18:00:00 +01:00,1,1
ES,ES.BDCA.AQD,NET_ES131A,STA_ES0125A,,SP_28079017_14_6,SPP_28079017_14_6.1,SAM_28079017_14_6,O3,http://dd.eionet.europa.eu/vocabulary/aq/pollutant/7,hour,110.0999999900,µg/m3,2017-06-11 18:00:00 +01:00,2017-06-11 19:00:00 +01:00,1,1
ES,ES.BDCA.AQD,NET_ES131A,STA_ES0125A,,SP_28079017_14_6,SPP_28079017_14_6.1,SAM_28079017_14_6,O3,http://dd.eionet.europa.eu/vocabulary/aq/pollutant/7,hour,101.0000000000,µg/m3,2017-06-11 19:00:00 +01:00,2017-06-11 20:00:00 +01:00,1,1
ES,ES.BDCA.AQD,NET_ES131A,STA_ES0125A,,SP_28079017_14_6,SPP_28079017_14_6.1,SAM_28079017_14_6,O3,http://dd.eionet.europa.eu/vocabulary/aq/pollutant/7,hour,72.4300000000,µg/m3,2017-06-11 20:00:00 +01:00,2017-06-11 21:00:00 +01:00,1,1
ES,ES.BDCA.AQD,NET_ES131A,STA_ES0125A,,SP_28079017_14_6,SPP_28079017_14_6.1,SAM_28079017_14_6,O3,http://dd.eionet.europa.eu/vocabulary/aq/pollutant/7,hour,24.2800000000,µg/m3,2017-06-11 21:00:00 +01:00,2017-06-11 22:00:00 +01:00,1,1
ES,ES.BDCA.AQD,NET_ES131A,STA_ES0125A,,SP_28079017_14_6,SPP_28079017_14_6.1,SAM_28079017_14_6,O3,http://dd.eionet.europa.eu/vocabulary/aq/pollutant/7,hour,41.8699999900,µg/m3,2017-06-11 22:00:00 +01:00,2017-06-11 23:00:00 +01:00,1,1
ES,ES.BDCA.AQD,NET_ES131A,STA_ES0125A,,SP_28079017_14_6,SPP_28079017_14_6.1,SAM_28079017_14_6,O3,http://dd.eionet.europa.eu/vocabulary/aq/pollutant/7,hour,38.4900000000,µg/m3,2017-06-11 23:00:00 +01:00,2017-06-12 00:00:00 +01:00,1,1
ES,ES.BDCA.AQD,NET_ES131A,STA_ES0125A,,SP_28079017_14_6,SPP_28079017_14_6.1,SAM_28079017_14_6,O3,http://dd.eionet.europa.eu/vocabulary/aq/pollutant/7,hour,55.4399999900,µg/m3,2017-06-12 00:00:00 +01:00,2017-06-12 01:00:00 +01:00,1,1
ES,ES.BDCA.AQD,NET_ES131A,STA_ES0125A,,SP_28079017_14_6,SPP_28079017_14_6.1,SAM_28079017_14_6,O3,http://dd.eionet.europa.eu/vocabulary/aq/pollutant/7,hour,53.5799999900,µg/m3,2017-06-12 01:00:00 +01:00,2017-06-12 02:00:00 +01:00,1,1
ES,ES.BDCA.AQD,NET_ES131A,STA_ES0125A,,SP_28079017_14_6,SPP_28079017_14_6.1,SAM_28079017_14_6,O3,http://dd.eionet.europa.eu/vocabulary/aq/pollutant/7,hour,60.8200000000,µg/m3,2017-06-12 02:00:00 +01:00,2017-06-12 03:00:00 +01:00,1,1
ES,ES.BDCA.AQD,NET_ES131A,STA_ES0125A,,SP_28079017_14_6,SPP_28079017_14_6.1,SAM_28079017_14_6,O3,http://dd.eionet.europa.eu/vocabulary/aq/pollutant/7,hour,53.9900000000,µg/m3,2017-06-12 03:00:00 +01:00,2017-06-12 04:00:00 +01:00,1,1
ES,ES.BDCA.AQD,NET_ES131A,STA_ES0125A,,SP_28079017_14_6,SPP_28079017_14_6.1,SAM_28079017_14_6,O3,http://dd.eionet.europa.eu/vocabulary/aq/pollutant/7,hour,49.2700000000,µg/m3,2017-06-12 04:00:00 +01:00,2017-06-12 05:00:00 +01:00,1,1
ES,ES.BDCA.AQD,NET_ES131A,STA_ES0125A,,SP_28079017_14_6,SPP_28079017_14_6.1,SAM_28079017_14_6,O3,http://dd.eionet.europa.eu/vocabulary/aq/pollutant/7,hour,36.3999999900,µg/m3,2017-06-12 05:00:00 +01:00,2017-06-12 06:00:00 +01:00,1,1
ES,ES.BDCA.AQD,NET_ES131A,STA_ES0125A,,SP_28079017_14_6,SPP_28079017_14_6.1,SAM_28079017_14_6,O3,http://dd.eionet.europa.eu/vocabulary/aq/pollutant/7,hour,21.1400000000,µg/m3,2017-06-12 06:00:00 +01:00,2017-06-12 07:00:00 +01:00,1,1
ES,ES.BDCA.AQD,NET_ES131A,STA_ES0125A,,SP_28079017_14_6,SPP_28079017_14_6.1,SAM_28079017_14_6,O3,http://dd.eionet.europa.eu/vocabulary/aq/pollutant/7,hour,25.0100000000,µg/m3,2017-06-12 07:00:00 +01:00,2017-06-12 08:00:00 +01:00,1,1
ES,ES.BDCA.AQD,NET_ES131A,STA_ES0125A,,SP_28079017_14_6,SPP_28079017_14_6.1,SAM_28079017_14_6,O3,http://dd.eionet.europa.eu/vocabulary/aq/pollutant/7,hour,42.1400000000,µg/m3,2017-06-12 08:00:00 +01:00,2017-06-12 09:00:00 +01:00,1,1
ES,ES.BDCA.AQD,NET_ES131A,STA_ES0125A,,SP_28079017_14_6,SPP_28079017_14_6.1,SAM_28079017_14_6,O3,http://dd.eionet.europa.eu/vocabulary/aq/pollutant/7,hour,55.4300000000,µg/m3,2017-06-12 09:00:00 +01:00,2017-06-12 10:00:00 +01:00,1,1
ES,ES.BDCA.AQD,NET_ES131A,STA_ES0125A,,SP_28079017_14_6,SPP_28079017_14_6.1,SAM_28079017_14_6,O3,http://dd.eionet.europa.eu/vocabulary/aq/pollutant/7,hour,79.8599999900,µg/m3,2017-06-12 10:00:00 +01:00,2017-06-12 11:00:00 +01:00,1,1
ES,ES.BDCA.AQD,NET_ES131A,STA_ES0125A,,SP_28079017_14_6,SPP_28079017_14_6.1,SAM_28079017_14_6,O3,http://dd.eionet.europa.eu/vocabulary/aq/pollutant/7,hour,95.2500000000,µg/m3,2017-06-12 11:00:00 +01:00,2017-06-12 12:00:00 +01:00,1,1
ES,ES.BDCA.AQD,NET_ES131A,STA_ES0125A,,SP_28079017_14_6,SPP_28079017_14_6.1,SAM_28079017_14_6,O3,http://dd.eionet.europa.eu/vocabulary/aq/pollutant/7,hour,99.4599999900,µg/m3,2017-06-12 12:00:00 +01:00,2017-06-12 13:00:00 +01:00,1,1
ES,ES.BDCA.AQD,NET_ES131A,STA_ES0125A,,SP_28079017_14_6,SPP_28079017_14_6.1,SAM_28079017_14_6,O3,http://dd.eionet.europa.eu/vocabulary/aq/pollutant/7,hour,94.2300000000,µg/m3,2017-06-12 13:00:00 +01:00,2017-06-12 14:00:00 +01:00,1,1
ES,ES.BDCA.AQD,NET_ES131A,STA_ES0125A,,SP_28079017_14_6,SPP_28079017_14_6.1,SAM_28079017_14_6,O3,http://dd.eionet.europa.eu/vocabulary/aq/pollutant/7,hour,94.3199999900,µg/m3,2017-06-12 14:00:00 +01:00,2017-06-12 15:00:00 +01:00,1,1
ES,ES.BDCA.AQD,NET_ES131A,STA_ES0125A,,SP_28079017_14_6,SPP_28079017_14_6.1,SAM_28079017_14_6,O3,http://dd.eionet.europa.eu/vocabulary/aq/pollutant/7,hour,99.0600000000,µg/m3,2017-06-12 15:00:00 +01:00,2017-06-12 16:00:00 +01:00,1,1
ES,ES.BDCA.AQD,NET_ES131A,STA_ES0125A,,SP_28079017_14_6,SPP_28079017_14_6.1,SAM_28079017_14_6,O3,http://dd.eionet.europa.eu/vocabulary/aq/pollutant/7,hour,98.0600000000,µg/m3,2017-06-12 16:00:00 +01:00,2017-06-12 17:00:00 +01:00,1,1
ES,ES.BDCA.AQD,NET_ES131A,STA_ES0125A,,SP_28079017_14_6,SPP_28079017_14_6.1,SAM_28079017_14_6,O3,http://dd.eionet.europa.eu/vocabulary/aq/pollutant/7,hour,95.1599999900,µg/m3,2017-06-12 17:00:00 +01:00,2017-06-12 18:00:00 +01:00,1,1
ES,ES.BDCA.AQD,NET_ES131A,STA_ES0125A,,SP_28079017_14_6,SPP_28079017_14_6.1,SAM_28079017_14_6,O3,http://dd.eionet.europa.eu/vocabulary/aq/pollutant/7,hour,70.8799999900,µg/m3,2017-06-12 18:00:00 +01:00,2017-06-12 19:00:00 +01:00,1,1
ES,ES.BDCA.AQD,NET_ES131A,STA_ES0125A,,SP_28079017_14_6,SPP_28079017_14_6.1,SAM_28079017_14_6,O3,http://dd.eionet.europa.eu/vocabulary/aq/pollutant/7,hour,63.5000000000,µg/m3,2017-06-12 19:00:00 +01:00,2017-06-12 20:00:00 +01:00,1,1
ES,ES.BDCA.AQD,NET_ES131A,STA_ES0125A,,SP_28079017_14_6,SPP_28079017_14_6.1,SAM_28079017_14_6,O3,http://dd.eionet.europa.eu/vocabulary/aq/pollutant/7,hour,57.8699999900,µg/m3,2017-06-12 20:00:00 +01:00,2017-06-12 21:00:00 +01:00,1,1
ES,ES.BDCA.AQD,NET_ES131A,STA_ES0125A,,SP_28079017_14_6,SPP_28079017_14_6.1,SAM_28079017_14_6,O3,http://dd.eionet.europa.eu/vocabulary/aq/pollutant/7,hour,55.8699999900,µg/m3,2017-06-12 21:00:00 +01:00,2017-06-12 22:00:00 +01:00,1,1
ES,ES.BDCA.AQD,NET_ES131A,STA_ES0125A,,SP_28079017_14_6,SPP_28079017_14_6.1,SAM_28079017_14_6,O3,http://dd.eionet.europa.eu/vocabulary/aq/pollutant/7,hour,52.2299999900,µg/m3,2017-06-12 22:00:00 +01:00,2017-06-12 23:00:00 +01:00,1,1
ES,ES.BDCA.AQD,NET_ES131A,STA_ES0125A,,SP_28079017_14_6,SPP_28079017_14_6.1,SAM_28079017_14_6,O3,http://dd.eionet.europa.eu/vocabulary/aq/pollutant/7,hour,64.5199999900,µg/m3,2017-06-12 23:00:00 +01:00,2017-06-13 00:00:00 +01:00,1,1
ES,ES.BDCA.AQD,NET_ES131A,STA_ES0125A,,SP_28079017_14_6,SPP_28079017_14_6.1,SAM_28079017_14_6,O3,http://dd.eionet.europa.eu/vocabulary/aq/pollutant/7,hour,76.3100000000,µg/m3,2017-06-13 00:00:00 +01:00,2017-06-13 01:00:00 +01:00,1,1
ES,ES.BDCA.AQD,NET_ES131A,STA_ES0125A,,SP_28079017_14_6,SPP_28079017_14_6.1,SAM_28079017_14_6,O3,http://dd.eionet.europa.eu/vocabulary/aq/pollutant/7,hour,83.0999999900,µg/m3,2017-06-13 01:00:00 +01:00,2017-06-13 02:00:00 +01:00,1,1
ES,ES.BDCA.AQD,NET_ES131A,STA_ES0125A,,SP_28079017_14_6,SPP_28079017_14_6.1,SAM_28079017_14_6,O3,http://dd.eionet.europa.eu/vocabulary/aq/pollutant/7,hour,78.8199999900,µg/m3,2017-06-13 02:00:00 +01:00,2017-06-13 03:00:00 +01:00,1,1
ES,ES.BDCA.AQD,NET_ES131A,STA_ES0125A,,SP_28079017_14_6,SPP_28079017_14_6.1,SAM_28079017_14_6,O3,http://dd.eionet.europa.eu/vocabulary/aq/pollutant/7,hour,74.9699999900,µg/m3,2017-06-13 03:00:00 +01:00,2017-06-13 04:00:00 +01:00,1,1
ES,ES.BDCA.AQD,NET_ES131A,STA_ES0125A,,SP_28079017_14_6,SPP_28079017_14_6.1,SAM_28079017_14_6,O3,http://dd.eionet.europa.eu/vocabulary/aq/pollutant/7,hour,72.6700000000,µg/m3,2017-06-13 04:00:00 +01:00,2017-06-13 05:00:00 +01:00,1,1
ES,ES.BDCA.AQD,NET_ES131A,STA_ES0125A,,SP_28079017_14_6,SPP_28079017_14_6.1,SAM_28079017_14_6,O3,http://dd.eionet.europa.eu/vocabulary/aq/pollutant/7,hour,67.3599999900,µg/m3,2017-06-13 05:00:00 +01:00,2017-06-13 06:00:00 +01:00,1,1
ES,ES.BDCA.AQD,NET_ES131A,STA_ES0125A,,SP_28079017_14_6,SPP_28079017_14_6.1,SAM_28079017_14_6,O3,http://dd.eionet.europa.eu/vocabulary/aq/pollutant/7,hour,45.7999999900,µg/m3,2017-06-13 06:00:00 +01:00,2017-06-13 07:00:00 +01:00,1,1
ES,ES.BDCA.AQD,NET_ES131A,STA_ES0125A,,SP_28079017_14_6,SPP_28079017_14_6.1,SAM_28079017_14_6,O3,http://dd.eionet.europa.eu/vocabulary/aq/pollutant/7,hour,62.2299999900,µg/m3,2017-06-13 07:00:00 +01:00,2017-06-13 08:00:00 +01:00,1,1
ES,ES.BDCA.AQD,NET_ES131A,STA_ES0125A,,SP_28079017_14_6,SPP_28079017_14_6.1,SAM_28079017_14_6,O3,http://dd.eionet.europa.eu/vocabulary/aq/pollutant/7,hour,77.3499999900,µg/m3,2017-06-13 08:00:00 +01:00,2017-06-13 09:00:00 +01:00,1,1
ES,ES.BDCA.AQD,NET_ES131A,STA_ES0125A,,SP_28079017_14_6,SPP_28079017_14_6.1,SAM_28079017_14_6,O3,http://dd.eionet.europa.eu/vocabulary/aq/pollutant/7,hour,86.4699999900,µg/m3,2017-06-13 09:00:00 +01:00,2017-06-13 10:00:00 +01:00,1,1
ES,ES.BDCA.AQD,NET_ES131A,STA_ES0125A,,SP_28079017_14_6,SPP_28079017_14_6.1,SAM_28079017_14_6,O3,http://dd.eionet.europa.eu/vocabulary/aq/pollutant/7,hour,96.4699999900,µg/m3,2017-06-13 10:00:00 +01:00,2017-06-13 11:00:00 +01:00,1,1
ES,ES.BDCA.AQD,NET_ES131A,STA_ES0125A,,SP_28079017_14_6,SPP_28079017_14_6.1,SAM_28079017_14_6,O3,http://dd.eionet.europa.eu/vocabulary/aq/pollutant/7,hour,104.5999999900,µg/m3,2017-06-13 11:00:00 +01:00,2017-06-13 12:00:00 +01:00,1,1
ES,ES.BDCA.AQD,NET_ES131A,STA_ES0125A,,SP_28079017_14_6,SPP_28079017_14_6.1,SAM_28079017_14_6,O3,http://dd.eionet.europa.eu/vocabulary/aq/pollutant/7,hour,104.2000000000,µg/m3,2017-06-13 12:00:00 +01:00,2017-06-13 13:00:00 +01:00,1,1
ES,ES.BDCA.AQD,NET_ES131A,STA_ES0125A,,SP_28079017_14_6,SPP_28079017_14_6.1,SAM_28079017_14_6,O3,http://dd.eionet.europa.eu/vocabulary/aq/pollutant/7,hour,107.3000000000,µg/m3,2017-06-13 13:00:00 +01:00,2017-06-13 14:00:00 +01:00,1,1
ES,ES.BDCA.AQD,NET_ES131A,STA_ES0125A,,SP_28079017_14_6,SPP_28079017_14_6.1,SAM_28079017_14_6,O3,http://dd.eionet.europa.eu/vocabulary/aq/pollutant/7,hour,119.2000000000,µg/m3,2017-06-13 14:00:00 +01:00,2017-06-13 15:00:00 +01:00,1,1
ES,ES.BDCA.AQD,NET_ES131A,STA_ES0125A,,SP_28079017_14_6,SPP_28079017_14_6.1,SAM_28079017_14_6,O3,http://dd.eionet.europa.eu/vocabulary/aq/pollutant/7,hour,117.2000000000,µg/m3,2017-06-13 15:00:00 +01:00,2017-06-13 16:00:00 +01:00,1,1
ES,ES.BDCA.AQD,NET_ES131A,STA_ES0125A,,SP_28079017_14_6,SPP_28079017_14_6.1,SAM_28079017_14_6,O3,http://dd.eionet.europa.eu/vocabulary/aq/pollutant/7,hour,106.4000000000,µg/m3,2017-06-13 16:00:00 +01:00,2017-06-13 17:00:00 +01:00,1,1
ES,ES.BDCA.AQD,NET_ES131A,STA_ES0125A,,SP_28079017_14_6,SPP_28079017_14_6.1,SAM_28079017_14_6,O3,http://dd.eionet.europa.eu/vocabulary/aq/pollutant/7,hour,102.5999999900,µg/m3,2017-06-13 17:00:00 +01:00,2017-06-13 18:00:00 +01:00,1,1
ES,ES.BDCA.AQD,NET_ES131A,STA_ES0125A,,SP_28079017_14_6,SPP_28079017_14_6.1,SAM_28079017_14_6,O3,http://dd.eionet.europa.eu/vocabulary/aq/pollutant/7,hour,90.7699999900,µg/m3,2017-06-13 18:00:00 +01:00,2017-06-13 19:00:00 +01:00,1,1
ES,ES.BDCA.AQD,NET_ES131A,STA_ES0125A,,SP_28079017_14_6,SPP_28079017_14_6.1,SAM_28079017_14_6,O3,http://dd.eionet.europa.eu/vocabulary/aq/pollutant/7,hour,82.9699999900,µg/m3,2017-06-13 19:00:00 +01:00,2017-06-13 20:00:00 +01:00,1,1
ES,ES.BDCA.AQD,NET_ES131A,STA_ES0125A,,SP_28079017_14_6,SPP_28079017_14_6.1,SAM_28079017_14_6,O3,http://dd.eionet.europa.eu/vocabulary/aq/pollutant/7,hour,70.6899999900,µg/m3,2017-06-13 20:00:00 +01:00,2017-06-13 21:00:00 +01:00,1,1
ES,ES.BDCA.AQD,NET_ES131A,STA_ES0125A,,SP_28079017_14_6,SPP_28079017_14_6.1,SAM_28079017_14_6,O3,http://dd.eionet.europa.eu/vocabulary/aq/pollutant/7,hour,7.1100000000,µg/m3,2017-06-13 21:00:00 +01:00,2017-06-13 22:00:00 +01:00,1,1
ES,ES.BDCA.AQD,NET_ES131A,STA_ES0125A,,SP_28079017_14_6,SPP_28079017_14_6.1,SAM_28079017_14_6,O3,http://dd.eionet.europa.eu/vocabulary/aq/pollutant/7,hour,4.2500000000,µg/m3,2017-06-13 22:00:00 +01:00,2017-06-13 23:00:00 +01:00,1,1
ES,ES.BDCA.AQD,NET_ES131A,STA_ES0125A,,SP_28079017_14_6,SPP_28079017_14_6.1,SAM_28079017_14_6,O3,http://dd.eionet.europa.eu/vocabulary/aq/pollutant/7,hour,59.0300000000,µg/m3,2017-06-13 23:00:00 +01:00,2017-06-14 00:00:00 +01:00,1,1
ES,ES.BDCA.AQD,NET_ES131A,STA_ES0125A,,SP_28079017_14_6,SPP_28079017_14_6.1,SAM_28079017_14_6,O3,http://dd.eionet.europa.eu/vocabulary/aq/pollutant/7,hour,68.1099999900,µg/m3,2017-06-14 00:00:00 +01:00,2017-06-14 01:00:00 +01:00,1,1
ES,ES.BDCA.AQD,NET_ES131A,STA_ES0125A,,SP_28079017_14_6,SPP_28079017_14_6.1,SAM_28079017_14_6,O3,http://dd.eionet.europa.eu/vocabulary/aq/pollutant/7,hour,78.2500000000,µg/m3,2017-06-14 01:00:00 +01:00,2017-06-14 02:00:00 +01:00,1,1
ES,ES.BDCA.AQD,NET_ES131A,STA_ES0125A,,SP_28079017_14_6,SPP_28079017_14_6.1,SAM_28079017_14_6,O3,http://dd.eionet.europa.eu/vocabulary/aq/pollutant/7,hour,74.4099999900,µg/m3,2017-06-14 02:00:00 +01:00,2017-06-14 03:00:00 +01:00,1,1
ES,ES.BDCA.AQD,NET_ES131A,STA_ES0125A,,SP_28079017_14_6,SPP_28079017_14_6.1,SAM_28079017_14_6,O3,http://dd.eionet.europa.eu/vocabulary/aq/pollutant/7,hour,70.1899999900,µg/m3,2017-06-14 03:00:00 +01:00,2017-06-14 04:00:00 +01:00,1,1
ES,ES.BDCA.AQD,NET_ES131A,STA_ES0125A,,SP_28079017_14_6,SPP_28079017_14_6.1,SAM_28079017_14_6,O3,http://dd.eionet.europa.eu/vocabulary/aq/pollutant/7,hour,62.3200000000,µg/m3,2017-06-14 04:00:00 +01:00,2017-06-14 05:00:00 +01:00,1,1
ES,ES.BDCA.AQD,NET_ES131A,STA_ES0125A,,SP_28079017_14_6,SPP_28079017_14_6.1,SAM_28079017_14_6,O3,http://dd.eionet.europa.eu/vocabulary/aq/pollutant/7,hour,52.8699999900,µg/m3,2017-06-14 05:00:00 +01:00,2017-06-14 06:00:00 +01:00,1,1
ES,ES.BDCA.AQD,NET_ES131A,STA_ES0125A,,SP_28079017_14_6,SPP_28079017_14_6.1,SAM_28079017_14_6,O3,http://dd.eionet.europa.eu/vocabulary/aq/pollutant/7,hour,36.0499999900,µg/m3,2017-06-14 06:00:00 +01:00,2017-06-14 07:00:00 +01:00,1,1
ES,ES.BDCA.AQD,NET_ES131A,STA_ES0125A,,SP_28079017_14_6,SPP_28079017_14_6.1,SAM_28079017_14_6,O3,http://dd.eionet.europa.eu/vocabulary/aq/pollutant/7,hour,37.3599999900,µg/m3,2017-06-14 07:00:00 +01:00,2017-06-14 08:00:00 +01:00,1,1
ES,ES.BDCA.AQD,NET_ES131A,STA_ES0125A,,SP_28079017_14_6,SPP_28079017_14_6.1,SAM_28079017_14_6,O3,http://dd.eionet.europa.eu/vocabulary/aq/pollutant/7,hour,73.1500000000,µg/m3,2017-06-14 08:00:00 +01:00,2017-06-14 09:00:00 +01:00,1,1
ES,ES.BDCA.AQD,NET_ES131A,STA_ES0125A,,SP_28079017_14_6,SPP_28079017_14_6.1,SAM_28079017_14_6,O3,http://dd.eionet.europa.eu/vocabulary/aq/pollutant/7,hour,85.8799999900,µg/m3,2017-06-14 09:00:00 +01:00,2017-06-14 10:00:00 +01:00,1,1
ES,ES.BDCA.AQD,NET_ES131A,STA_ES0125A,,SP_28079017_14_6,SPP_28079017_14_6.1,SAM_28079017_14_6,O3,http://dd.eionet.europa.eu/vocabulary/aq/pollutant/7,hour,88.7699999900,µg/m3,2017-06-14 10:00:00 +01:00,2017-06-14 11:00:00 +01:00,1,1
ES,ES.BDCA.AQD,NET_ES131A,STA_ES0125A,,SP_28079017_14_6,SPP_28079017_14_6.1,SAM_28079017_14_6,O3,http://dd.eionet.europa.eu/vocabulary/aq/pollutant/7,hour,105.0000000000,µg/m3,2017-06-14 11:00:00 +01:00,2017-06-14 12:00:00 +01:00,1,1
ES,ES.BDCA.AQD,NET_ES131A,STA_ES0125A,,SP_28079017_14_6,SPP_28079017_14_6.1,SAM_28079017_14_6,O3,http://dd.eionet.europa.eu/vocabulary/aq/pollutant/7,hour,118.8000000000,µg/m3,2017-06-14 12:00:00 +01:00,2017-06-14 13:00:00 +01:00,1,1
ES,ES.BDCA.AQD,NET_ES131A,STA_ES0125A,,SP_28079017_14_6,SPP_28079017_14_6.1,SAM_28079017_14_6,O3,http://dd.eionet.europa.eu/vocabulary/aq/pollutant/7,hour,132.0999999900,µg/m3,2017-06-14 13:00:00 +01:00,2017-06-14 14:00:00 +01:00,1,1
ES,ES.BDCA.AQD,NET_ES131A,STA_ES0125A,,SP_28079017_14_6,SPP_28079017_14_6.1,SAM_28079017_14_6,O3,http://dd.eionet.europa.eu/vocabulary/aq/pollutant/7,hour,121.9000000000,µg/m3,2017-06-14 14:00:00 +01:00,2017-06-14 15:00:00 +01:00,1,1
ES,ES.BDCA.AQD,NET_ES131A,STA_ES0125A,,SP_28079017_14_6,SPP_28079017_14_6.1,SAM_28079017_14_6,O3,http://dd.eionet.europa.eu/vocabulary/aq/pollutant/7,hour,112.7000000000,µg/m3,2017-06-14 15:00:00 +01:00,2017-06-14 16:00:00 +01:00,1,1
ES,ES.BDCA.AQD,NET_ES131A,STA_ES0125A,,SP_28079017_14_6,SPP_28079017_14_6.1,SAM_28079017_14_6,O3,http://dd.eionet.europa.eu/vocabulary/aq/pollutant/7,hour,108.0000000000,µg/m3,2017-06-14 16:00:00 +01:00,2017-06-14 17:00:00 +01:00,1,1
ES,ES.BDCA.AQD,NET_ES131A,STA_ES0125A,,SP_28079017_14_6,SPP_28079017_14_6.1,SAM_28079017_14_6,O3,http://dd.eionet.europa.eu/vocabulary/aq/pollutant/7,hour,95.7000000000,µg/m3,2017-06-14 17:00:00 +01:00,2017-06-14 18:00:00 +01:00,1,1
ES,ES.BDCA.AQD,NET_ES131A,STA_ES0125A,,SP_28079017_14_6,SPP_28079017_14_6.1,SAM_28079017_14_6,O3,http://dd.eionet.europa.eu/vocabulary/aq/pollutant/7,hour,84.3700000000,µg/m3,2017-06-14 18:00:00 +01:00,2017-06-14 19:00:00 +01:00,1,1
ES,ES.BDCA.AQD,NET_ES131A,STA_ES0125A,,SP_28079017_14_6,SPP_28079017_14_6.1,SAM_28079017_14_6,O3,http://dd.eionet.europa.eu/vocabulary/aq/pollutant/7,hour,76.5699999900,µg/m3,2017-06-14 19:00:00 +01:00,2017-06-14 20:00:00 +01:00,1,1
ES,ES.BDCA.AQD,NET_ES131A,STA_ES0125A,,SP_28079017_14_6,SPP_28079017_14_6.1,SAM_28079017_14_6,O3,http://dd.eionet.europa.eu/vocabulary/aq/pollutant/7,hour,53.0000000000,µg/m3,2017-06-14 20:00:00 +01:00,2017-06-14 21:00:00 +01:00,1,1
ES,ES.BDCA.AQD,NET_ES131A,STA_ES0125A,,SP_28079017_14_6,SPP_28079017_14_6.1,SAM_28079017_14_6,O3,http://dd.eionet.europa.eu/vocabulary/aq/pollutant/7,hour,39.3599999900,µg/m3,2017-06-14 21:00:00 +01:00,2017-06-14 22:00:00 +01:00,1,1
ES,ES.BDCA.AQD,NET_ES131A,STA_ES0125A,,SP_28079017_14_6,SPP_28079017_14_6.1,SAM_28079017_14_6,O3,http://dd.eionet.europa.eu/vocabulary/aq/pollutant/7,hour,44.0900000000,µg/m3,2017-06-14 22:00:00 +01:00,2017-06-14 23:00:00 +01:00,1,1
ES,ES.BDCA.AQD,NET_ES131A,STA_ES0125A,,SP_28079017_14_6,SPP_28079017_14_6.1,SAM_28079017_14_6,O3,http://dd.eionet.europa.eu/vocabulary/aq/pollutant/7,hour,24.3599999900,µg/m3,2017-06-14 23:00:00 +01:00,2017-06-15 00:00:00 +01:00,1,1
ES,ES.BDCA.AQD,NET_ES131A,STA_ES0125A,,SP_28079017_14_6,SPP_28079017_14_6.1,SAM_28079017_14_6,O3,http://dd.eionet.europa.eu/vocabulary/aq/pollutant/7,hour,25.5399999900,µg/m3,2017-06-15 00:00:00 +01:00,2017-06-15 01:00:00 +01:00,1,1
ES,ES.BDCA.AQD,NET_ES131A,STA_ES0125A,,SP_28079017_14_6,SPP_28079017_14_6.1,SAM_28079017_14_6,O3,http://dd.eionet.europa.eu/vocabulary/aq/pollutant/7,hour,16.1900000000,µg/m3,2017-06-15 01:00:00 +01:00,2017-06-15 02:00:00 +01:00,1,1
ES,ES.BDCA.AQD,NET_ES131A,STA_ES0125A,,SP_28079017_14_6,SPP_28079017_14_6.1,SAM_28079017_14_6,O3,http://dd.eionet.europa.eu/vocabulary/aq/pollutant/7,hour,20.6499999900,µg/m3,2017-06-15 02:00:00 +01:00,2017-06-15 03:00:00 +01:00,1,1
ES,ES.BDCA.AQD,NET_ES131A,STA_ES0125A,,SP_28079017_14_6,SPP_28079017_14_6.1,SAM_28079017_14_6,O3,http://dd.eionet.europa.eu/vocabulary/aq/pollutant/7,hour,18.0799999900,µg/m3,2017-06-15 03:00:00 +01:00,2017-06-15 04:00:00 +01:00,1,1
ES,ES.BDCA.AQD,NET_ES131A,STA_ES0125A,,SP_28079017_14_6,SPP_28079017_14_6.1,SAM_28079017_14_6,O3,http://dd.eionet.europa.eu/vocabulary/aq/pollutant/7,hour,1.5400000000,µg/m3,2017-06-15 04:00:00 +01:00,2017-06-15 05:00:00 +01:00,1,1
ES,ES.BDCA.AQD,NET_ES131A,STA_ES0125A,,SP_28079017_14_6,SPP_28079017_14_6.1,SAM_28079017_14_6,O3,http://dd.eionet.europa.eu/vocabulary/aq/pollutant/7,hour,1.0400000000,µg/m3,2017-06-15 05:00:00 +01:00,2017-06-15 06:00:00 +01:00,1,1
ES,ES.BDCA.AQD,NET_ES131A,STA_ES0125A,,SP_28079017_14_6,SPP_28079017_14_6.1,SAM_28079017_14_6,O3,http://dd.eionet.europa.eu/vocabulary/aq/pollutant/7,hour,1.3500000000,µg/m3,2017-06-15 06:00:00 +01:00,2017-06-15 07:00:00 +01:00,1,1
ES,ES.BDCA.AQD,NET_ES131A,STA_ES0125A,,SP_28079017_14_6,SPP_28079017_14_6.1,SAM_28079017_14_6,O3,http://dd.eionet.europa.eu/vocabulary/aq/pollutant/7,hour,2.6099999900,µg/m3,2017-06-15 07:00:00 +01:00,2017-06-15 08:00:00 +01:00,1,1
ES,ES.BDCA.AQD,NET_ES131A,STA_ES0125A,,SP_28079017_14_6,SPP_28079017_14_6.1,SAM_28079017_14_6,O3,http://dd.eionet.europa.eu/vocabulary/aq/pollutant/7,hour,13.3800000000,µg/m3,2017-06-15 08:00:00 +01:00,2017-06-15 09:00:00 +01:00,1,1
ES,ES.BDCA.AQD,NET_ES131A,STA_ES0125A,,SP_28079017_14_6,SPP_28079017_14_6.1,SAM_28079017_14_6,O3,http://dd.eionet.europa.eu/vocabulary/aq/pollutant/7,hour,31.0500000000,µg/m3,2017-06-15 09:00:00 +01:00,2017-06-15 10:00:00 +01:00,1,1
ES,ES.BDCA.AQD,NET_ES131A,STA_ES0125A,,SP_28079017_14_6,SPP_28079017_14_6.1,SAM_28079017_14_6,O3,http://dd.eionet.europa.eu/vocabulary/aq/pollutant/7,hour,48.2599999900,µg/m3,2017-06-15 10:00:00 +01:00,2017-06-15 11:00:00 +01:00,1,1
ES,ES.BDCA.AQD,NET_ES131A,STA_ES0125A,,SP_28079017_14_6,SPP_28079017_14_6.1,SAM_28079017_14_6,O3,http://dd.eionet.europa.eu/vocabulary/aq/pollutant/7,hour,64.4699999900,µg/m3,2017-06-15 11:00:00 +01:00,2017-06-15 12:00:00 +01:00,1,1
ES,ES.BDCA.AQD,NET_ES131A,STA_ES0125A,,SP_28079017_14_6,SPP_28079017_14_6.1,SAM_28079017_14_6,O3,http://dd.eionet.europa.eu/vocabulary/aq/pollutant/7,hour,95.1700000000,µg/m3,2017-06-15 12:00:00 +01:00,2017-06-15 13:00:00 +01:00,1,1
ES,ES.BDCA.AQD,NET_ES131A,STA_ES0125A,,SP_28079017_14_6,SPP_28079017_14_6.1,SAM_28079017_14_6,O3,http://dd.eionet.europa.eu/vocabulary/aq/pollutant/7,hour,133.4000000000,µg/m3,2017-06-15 13:00:00 +01:00,2017-06-15 14:00:00 +01:00,1,1
ES,ES.BDCA.AQD,NET_ES131A,STA_ES0125A,,SP_28079017_14_6,SPP_28079017_14_6.1,SAM_28079017_14_6,O3,http://dd.eionet.europa.eu/vocabulary/aq/pollutant/7,hour,109.8000000000,µg/m3,2017-06-15 14:00:00 +01:00,2017-06-15 15:00:00 +01:00,1,1
ES,ES.BDCA.AQD,NET_ES131A,STA_ES0125A,,SP_28079017_14_6,SPP_28079017_14_6.1,SAM_28079017_14_6,O3,http://dd.eionet.europa.eu/vocabulary/aq/pollutant/7,hour,105.3000000000,µg/m3,2017-06-15 15:00:00 +01:00,2017-06-15 16:00:00 +01:00,1,1
ES,ES.BDCA.AQD,NET_ES131A,STA_ES0125A,,SP_28079017_14_6,SPP_28079017_14_6.1,SAM_28079017_14_6,O3,http://dd.eionet.europa.eu/vocabulary/aq/pollutant/7,hour,89.6700000000,µg/m3,2017-06-15 16:00:00 +01:00,2017-06-15 17:00:00 +01:00,1,1
ES,ES.BDCA.AQD,NET_ES131A,STA_ES0125A,,SP_28079017_14_6,SPP_28079017_14_6.1,SAM_28079017_14_6,O3,http://dd.eionet.europa.eu/vocabulary/aq/pollutant/7,hour,78.7500000000,µg/m3,2017-06-15 17:00:00 +01:00,2017-06-15 18:00:00 +01:00,1,1
ES,ES.BDCA.AQD,NET_ES131A,STA_ES0125A,,SP_28079017_14_6,SPP_28079017_14_6.1,SAM_28079017_14_6,O3,http://dd.eionet.europa.eu/vocabulary/aq/pollutant/7,hour,68.4500000000,µg/m3,2017-06-15 18:00:00 +01:00,2017-06-15 19:00:00 +01:00,1,1
ES,ES.BDCA.AQD,NET_ES131A,STA_ES0125A,,SP_28079017_14_6,SPP_28079017_14_6.1,SAM_28079017_14_6,O3,http://dd.eionet.europa.eu/vocabulary/aq/pollutant/7,hour,52.5399999900,µg/m3,2017-06-15 19:00:00 +01:00,2017-06-15 20:00:00 +01:00,1,1
ES,ES.BDCA.AQD,NET_ES131A,STA_ES0125A,,SP_28079017_14_6,SPP_28079017_14_6.1,SAM_28079017_14_6,O3,http://dd.eionet.europa.eu/vocabulary/aq/pollutant/7,hour,52.4699999900,µg/m3,2017-06-15 20:00:00 +01:00,2017-06-15 21:00:00 +01:00,1,1
ES,ES.BDCA.AQD,NET_ES131A,STA_ES0125A,,SP_28079017_14_6,SPP_28079017_14_6.1,SAM_28079017_14_6,O3,http://dd.eionet.europa.eu/vocabulary/aq/pollutant/7,hour,67.2199999900,µg/m3,2017-06-15 21:00:00 +01:00,2017-06-15 22:00:00 +01:00,1,1
ES,ES.BDCA.AQD,NET_ES131A,STA_ES0125A,,SP_28079017_14_6,SPP_28079017_14_6.1,SAM_28079017_14_6,O3,http://dd.eionet.europa.eu/vocabulary/aq/pollutant/7,hour,61.9399999900,µg/m3,2017-06-15 22:00:00 +01:00,2017-06-15 23:00:00 +01:00,1,1
ES,ES.BDCA.AQD,NET_ES131A,STA_ES0125A,,SP_28079017_14_6,SPP_28079017_14_6.1,SAM_28079017_14_6,O3,http://dd.eionet.europa.eu/vocabulary/aq/pollutant/7,hour,63.3800000000,µg/m3,2017-06-15 23:00:00 +01:00,2017-06-16 00:00:00 +01:00,1,1
ES,ES.BDCA.AQD,NET_ES131A,STA_ES0125A,,SP_28079017_14_6,SPP_28079017_14_6.1,SAM_28079017_14_6,O3,http://dd.eionet.europa.eu/vocabulary/aq/pollutant/7,hour,65.6899999900,µg/m3,2017-06-16 00:00:00 +01:00,2017-06-16 01:00:00 +01:00,1,1
ES,ES.BDCA.AQD,NET_ES131A,STA_ES0125A,,SP_28079017_14_6,SPP_28079017_14_6.1,SAM_28079017_14_6,O3,http://dd.eionet.europa.eu/vocabulary/aq/pollutant/7,hour,62.6000000000,µg/m3,2017-06-16 01:00:00 +01:00,2017-06-16 02:00:00 +01:00,1,1
ES,ES.BDCA.AQD,NET_ES131A,STA_ES0125A,,SP_28079017_14_6,SPP_28079017_14_6.1,SAM_28079017_14_6,O3,http://dd.eionet.europa.eu/vocabulary/aq/pollutant/7,hour,57.2199999900,µg/m3,2017-06-16 02:00:00 +01:00,2017-06-16 03:00:00 +01:00,1,1
ES,ES.BDCA.AQD,NET_ES131A,STA_ES0125A,,SP_28079017_14_6,SPP_28079017_14_6.1,SAM_28079017_14_6,O3,http://dd.eionet.europa.eu/vocabulary/aq/pollutant/7,hour,42.5799999900,µg/m3,2017-06-16 03:00:00 +01:00,2017-06-16 04:00:00 +01:00,1,1
ES,ES.BDCA.AQD,NET_ES131A,STA_ES0125A,,SP_28079017_14_6,SPP_28079017_14_6.1,SAM_28079017_14_6,O3,http://dd.eionet.europa.eu/vocabulary/aq/pollutant/7,hour,33.3299999900,µg/m3,2017-06-16 04:00:00 +01:00,2017-06-16 05:00:00 +01:00,1,1
ES,ES.BDCA.AQD,NET_ES131A,STA_ES0125A,,SP_28079017_14_6,SPP_28079017_14_6.1,SAM_28079017_14_6,O3,http://dd.eionet.europa.eu/vocabulary/aq/pollutant/7,hour,33.8699999900,µg/m3,2017-06-16 05:00:00 +01:00,2017-06-16 06:00:00 +01:00,1,1
ES,ES.BDCA.AQD,NET_ES131A,STA_ES0125A,,SP_28079017_14_6,SPP_28079017_14_6.1,SAM_28079017_14_6,O3,http://dd.eionet.europa.eu/vocabulary/aq/pollutant/7,hour,16.0799999900,µg/m3,2017-06-16 06:00:00 +01:00,2017-06-16 07:00:00 +01:00,1,1
ES,ES.BDCA.AQD,NET_ES131A,STA_ES0125A,,SP_28079017_14_6,SPP_28079017_14_6.1,SAM_28079017_14_6,O3,http://dd.eionet.europa.eu/vocabulary/aq/pollutant/7,hour,16.5799999900,µg/m3,2017-06-16 07:00:00 +01:00,2017-06-16 08:00:00 +01:00,1,1
ES,ES.BDCA.AQD,NET_ES131A,STA_ES0125A,,SP_28079017_14_6,SPP_28079017_14_6.1,SAM_28079017_14_6,O3,http://dd.eionet.europa.eu/vocabulary/aq/pollutant/7,hour,29.8500000000,µg/m3,2017-06-16 08:00:00 +01:00,2017-06-16 09:00:00 +01:00,1,1
ES,ES.BDCA.AQD,NET_ES131A,STA_ES0125A,,SP_28079017_14_6,SPP_28079017_14_6.1,SAM_28079017_14_6,O3,http://dd.eionet.europa.eu/vocabulary/aq/pollutant/7,hour,52.1700000000,µg/m3,2017-06-16 09:00:00 +01:00,2017-06-16 10:00:00 +01:00,1,1
ES,ES.BDCA.AQD,NET_ES131A,STA_ES0125A,,SP_28079017_14_6,SPP_28079017_14_6.1,SAM_28079017_14_6,O3,http://dd.eionet.europa.eu/vocabulary/aq/pollutant/7,hour,69.3299999900,µg/m3,2017-06-16 10:00:00 +01:00,2017-06-16 11:00:00 +01:00,1,1
ES,ES.BDCA.AQD,NET_ES131A,STA_ES0125A,,SP_28079017_14_6,SPP_28079017_14_6.1,SAM_28079017_14_6,O3,http://dd.eionet.europa.eu/vocabulary/aq/pollutant/7,hour,83.6099999900,µg/m3,2017-06-16 11:00:00 +01:00,2017-06-16 12:00:00 +01:00,1,1
ES,ES.BDCA.AQD,NET_ES131A,STA_ES0125A,,SP_28079017_14_6,SPP_28079017_14_6.1,SAM_28079017_14_6,O3,http://dd.eionet.europa.eu/vocabulary/aq/pollutant/7,hour,97.7900000000,µg/m3,2017-06-16 12:00:00 +01:00,2017-06-16 13:00:00 +01:00,1,1
ES,ES.BDCA.AQD,NET_ES131A,STA_ES0125A,,SP_28079017_14_6,SPP_28079017_14_6.1,SAM_28079017_14_6,O3,http://dd.eionet.europa.eu/vocabulary/aq/pollutant/7,hour,114.4000000000,µg/m3,2017-06-16 13:00:00 +01:00,2017-06-16 14:00:00 +01:00,1,1
ES,ES.BDCA.AQD,NET_ES131A,STA_ES0125A,,SP_28079017_14_6,SPP_28079017_14_6.1,SAM_28079017_14_6,O3,http://dd.eionet.europa.eu/vocabulary/aq/pollutant/7,hour,131.3000000000,µg/m3,2017-06-16 14:00:00 +01:00,2017-06-16 15:00:00 +01:00,1,1
ES,ES.BDCA.AQD,NET_ES131A,STA_ES0125A,,SP_28079017_14_6,SPP_28079017_14_6.1,SAM_28079017_14_6,O3,http://dd.eionet.europa.eu/vocabulary/aq/pollutant/7,hour,143.0999999900,µg/m3,2017-06-16 15:00:00 +01:00,2017-06-16 16:00:00 +01:00,1,1
ES,ES.BDCA.AQD,NET_ES131A,STA_ES0125A,,SP_28079017_14_6,SPP_28079017_14_6.1,SAM_28079017_14_6,O3,http://dd.eionet.europa.eu/vocabulary/aq/pollutant/7,hour,148.5000000000,µg/m3,2017-06-16 16:00:00 +01:00,2017-06-16 17:00:00 +01:00,1,1
ES,ES.BDCA.AQD,NET_ES131A,STA_ES0125A,,SP_28079017_14_6,SPP_28079017_14_6.1,SAM_28079017_14_6,O3,http://dd.eionet.europa.eu/vocabulary/aq/pollutant/7,hour,150.1999999900,µg/m3,2017-06-16 17:00:00 +01:00,2017-06-16 18:00:00 +01:00,1,1
ES,ES.BDCA.AQD,NET_ES131A,STA_ES0125A,,SP_28079017_14_6,SPP_28079017_14_6.1,SAM_28079017_14_6,O3,http://dd.eionet.europa.eu/vocabulary/aq/pollutant/7,hour,142.0999999900,µg/m3,2017-06-16 18:00:00 +01:00,2017-06-16 19:00:00 +01:00,1,1
ES,ES.BDCA.AQD,NET_ES131A,STA_ES0125A,,SP_28079017_14_6,SPP_28079017_14_6.1,SAM_28079017_14_6,O3,http://dd.eionet.europa.eu/vocabulary/aq/pollutant/7,hour,63.9699999900,µg/m3,2017-06-16 19:00:00 +01:00,2017-06-16 20:00:00 +01:00,1,1
ES,ES.BDCA.AQD,NET_ES131A,STA_ES0125A,,SP_28079017_14_6,SPP_28079017_14_6.1,SAM_28079017_14_6,O3,http://dd.eionet.europa.eu/vocabulary/aq/pollutant/7,hour,45.4600000000,µg/m3,2017-06-16 20:00:00 +01:00,2017-06-16 21:00:00 +01:00,1,1
ES,ES.BDCA.AQD,NET_ES131A,STA_ES0125A,,SP_28079017_14_6,SPP_28079017_14_6.1,SAM_28079017_14_6,O3,http://dd.eionet.europa.eu/vocabulary/aq/pollutant/7,hour,5.8499999900,µg/m3,2017-06-16 21:00:00 +01:00,2017-06-16 22:00:00 +01:00,1,1
ES,ES.BDCA.AQD,NET_ES131A,STA_ES0125A,,SP_28079017_14_6,SPP_28079017_14_6.1,SAM_28079017_14_6,O3,http://dd.eionet.europa.eu/vocabulary/aq/pollutant/7,hour,2.0400000000,µg/m3,2017-06-16 22:00:00 +01:00,2017-06-16 23:00:00 +01:00,1,1
ES,ES.BDCA.AQD,NET_ES131A,STA_ES0125A,,SP_28079017_14_6,SPP_28079017_14_6.1,SAM_28079017_14_6,O3,http://dd.eionet.europa.eu/vocabulary/aq/pollutant/7,hour,1.6100000000,µg/m3,2017-06-16 23:00:00 +01:00,2017-06-17 00:00:00 +01:00,1,1
ES,ES.BDCA.AQD,NET_ES131A,STA_ES0125A,,SP_28079017_14_6,SPP_28079017_14_6.1,SAM_28079017_14_6,O3,http://dd.eionet.europa.eu/vocabulary/aq/pollutant/7,hour,1.8999999900,µg/m3,2017-06-17 00:00:00 +01:00,2017-06-17 01:00:00 +01:00,1,1
ES,ES.BDCA.AQD,NET_ES131A,STA_ES0125A,,SP_28079017_14_6,SPP_28079017_14_6.1,SAM_28079017_14_6,O3,http://dd.eionet.europa.eu/vocabulary/aq/pollutant/7,hour,32.3400000000,µg/m3,2017-06-17 01:00:00 +01:00,2017-06-17 02:00:00 +01:00,1,1
ES,ES.BDCA.AQD,NET_ES131A,STA_ES0125A,,SP_28079017_14_6,SPP_28079017_14_6.1,SAM_28079017_14_6,O3,http://dd.eionet.europa.eu/vocabulary/aq/pollutant/7,hour,46.1499999900,µg/m3,2017-06-17 02:00:00 +01:00,2017-06-17 03:00:00 +01:00,1,1
ES,ES.BDCA.AQD,NET_ES131A,STA_ES0125A,,SP_28079017_14_6,SPP_28079017_14_6.1,SAM_28079017_14_6,O3,http://dd.eionet.europa.eu/vocabulary/aq/pollutant/7,hour,49.9699999900,µg/m3,2017-06-17 03:00:00 +01:00,2017-06-17 04:00:00 +01:00,1,1
ES,ES.BDCA.AQD,NET_ES131A,STA_ES0125A,,SP_28079017_14_6,SPP_28079017_14_6.1,SAM_28079017_14_6,O3,http://dd.eionet.europa.eu/vocabulary/aq/pollutant/7,hour,48.2299999900,µg/m3,2017-06-17 04:00:00 +01:00,2017-06-17 05:00:00 +01:00,1,1
ES,ES.BDCA.AQD,NET_ES131A,STA_ES0125A,,SP_28079017_14_6,SPP_28079017_14_6.1,SAM_28079017_14_6,O3,http://dd.eionet.europa.eu/vocabulary/aq/pollutant/7,hour,42.1199999900,µg/m3,2017-06-17 05:00:00 +01:00,2017-06-17 06:00:00 +01:00,1,1
ES,ES.BDCA.AQD,NET_ES131A,STA_ES0125A,,SP_28079017_14_6,SPP_28079017_14_6.1,SAM_28079017_14_6,O3,http://dd.eionet.europa.eu/vocabulary/aq/pollutant/7,hour,36.8999999900,µg/m3,2017-06-17 06:00:00 +01:00,2017-06-17 07:00:00 +01:00,1,1
ES,ES.BDCA.AQD,NET_ES131A,STA_ES0125A,,SP_28079017_14_6,SPP_28079017_14_6.1,SAM_28079017_14_6,O3,http://dd.eionet.europa.eu/vocabulary/aq/pollutant/7,hour,38.0000000000,µg/m3,2017-06-17 07:00:00 +01:00,2017-06-17 08:00:00 +01:00,1,1
ES,ES.BDCA.AQD,NET_ES131A,STA_ES0125A,,SP_28079017_14_6,SPP_28079017_14_6.1,SAM_28079017_14_6,O3,http://dd.eionet.europa.eu/vocabulary/aq/pollutant/7,hour,55.1499999900,µg/m3,2017-06-17 08:00:00 +01:00,2017-06-17 09:00:00 +01:00,1,1
ES,ES.BDCA.AQD,NET_ES131A,STA_ES0125A,,SP_28079017_14_6,SPP_28079017_14_6.1,SAM_28079017_14_6,O3,http://dd.eionet.europa.eu/vocabulary/aq/pollutant/7,hour,71.7999999900,µg/m3,2017-06-17 09:00:00 +01:00,2017-06-17 10:00:00 +01:00,1,1
ES,ES.BDCA.AQD,NET_ES131A,STA_ES0125A,,SP_28079017_14_6,SPP_28079017_14_6.1,SAM_28079017_14_6,O3,http://dd.eionet.europa.eu/vocabulary/aq/pollutant/7,hour,82.5799999900,µg/m3,2017-06-17 10:00:00 +01:00,2017-06-17 11:00:00 +01:00,1,1
ES,ES.BDCA.AQD,NET_ES131A,STA_ES0125A,,SP_28079017_14_6,SPP_28079017_14_6.1,SAM_28079017_14_6,O3,http://dd.eionet.europa.eu/vocabulary/aq/pollutant/7,hour,107.7000000000,µg/m3,2017-06-17 11:00:00 +01:00,2017-06-17 12:00:00 +01:00,1,1
ES,ES.BDCA.AQD,NET_ES131A,STA_ES0125A,,SP_28079017_14_6,SPP_28079017_14_6.1,SAM_28079017_14_6,O3,http://dd.eionet.europa.eu/vocabulary/aq/pollutant/7,hour,119.2000000000,µg/m3,2017-06-17 12:00:00 +01:00,2017-06-17 13:00:00 +01:00,1,1
ES,ES.BDCA.AQD,NET_ES131A,STA_ES0125A,,SP_28079017_14_6,SPP_28079017_14_6.1,SAM_28079017_14_6,O3,http://dd.eionet.europa.eu/vocabulary/aq/pollutant/7,hour,132.5000000000,µg/m3,2017-06-17 13:00:00 +01:00,2017-06-17 14:00:00 +01:00,1,1
ES,ES.BDCA.AQD,NET_ES131A,STA_ES0125A,,SP_28079017_14_6,SPP_28079017_14_6.1,SAM_28079017_14_6,O3,http://dd.eionet.europa.eu/vocabulary/aq/pollutant/7,hour,,µg/m3,2017-06-17 14:00:00 +01:00,2017-06-17 15:00:00 +01:00,-1,1
ES,ES.BDCA.AQD,NET_ES131A,STA_ES0125A,,SP_28079017_14_6,SPP_28079017_14_6.1,SAM_28079017_14_6,O3,http://dd.eionet.europa.eu/vocabulary/aq/pollutant/7,hour,,µg/m3,2017-06-17 15:00:00 +01:00,2017-06-17 16:00:00 +01:00,-1,1
ES,ES.BDCA.AQD,NET_ES131A,STA_ES0125A,,SP_28079017_14_6,SPP_28079017_14_6.1,SAM_28079017_14_6,O3,http://dd.eionet.europa.eu/vocabulary/aq/pollutant/7,hour,,µg/m3,2017-06-17 16:00:00 +01:00,2017-06-17 17:00:00 +01:00,-1,1
ES,ES.BDCA.AQD,NET_ES131A,STA_ES0125A,,SP_28079017_14_6,SPP_28079017_14_6.1,SAM_28079017_14_6,O3,http://dd.eionet.europa.eu/vocabulary/aq/pollutant/7,hour,102.8000000000,µg/m3,2017-06-17 17:00:00 +01:00,2017-06-17 18:00:00 +01:00,1,1
ES,ES.BDCA.AQD,NET_ES131A,STA_ES0125A,,SP_28079017_14_6,SPP_28079017_14_6.1,SAM_28079017_14_6,O3,http://dd.eionet.europa.eu/vocabulary/aq/pollutant/7,hour,99.4000000000,µg/m3,2017-06-17 18:00:00 +01:00,2017-06-17 19:00:00 +01:00,1,1
ES,ES.BDCA.AQD,NET_ES131A,STA_ES0125A,,SP_28079017_14_6,SPP_28079017_14_6.1,SAM_28079017_14_6,O3,http://dd.eionet.europa.eu/vocabulary/aq/pollutant/7,hour,80.5499999900,µg/m3,2017-06-17 19:00:00 +01:00,2017-06-17 20:00:00 +01:00,1,1
ES,ES.BDCA.AQD,NET_ES131A,STA_ES0125A,,SP_28079017_14_6,SPP_28079017_14_6.1,SAM_28079017_14_6,O3,http://dd.eionet.europa.eu/vocabulary/aq/pollutant/7,hour,57.3500000000,µg/m3,2017-06-17 20:00:00 +01:00,2017-06-17 21:00:00 +01:00,1,1
ES,ES.BDCA.AQD,NET_ES131A,STA_ES0125A,,SP_28079017_14_6,SPP_28079017_14_6.1,SAM_28079017_14_6,O3,http://dd.eionet.europa.eu/vocabulary/aq/pollutant/7,hour,18.6900000000,µg/m3,2017-06-17 21:00:00 +01:00,2017-06-17 22:00:00 +01:00,1,1
ES,ES.BDCA.AQD,NET_ES131A,STA_ES0125A,,SP_28079017_14_6,SPP_28079017_14_6.1,SAM_28079017_14_6,O3,http://dd.eionet.europa.eu/vocabulary/aq/pollutant/7,hour,43.2999999900,µg/m3,2017-06-17 22:00:00 +01:00,2017-06-17 23:00:00 +01:00,1,1
ES,ES.BDCA.AQD,NET_ES131A,STA_ES0125A,,SP_28079017_14_6,SPP_28079017_14_6.1,SAM_28079017_14_6,O3,http://dd.eionet.europa.eu/vocabulary/aq/pollutant/7,hour,54.1700000000,µg/m3,2017-06-17 23:00:00 +01:00,2017-06-18 00:00:00 +01:00,1,1
ES,ES.BDCA.AQD,NET_ES131A,STA_ES0125A,,SP_28079017_14_6,SPP_28079017_14_6.1,SAM_28079017_14_6,O3,http://dd.eionet.europa.eu/vocabulary/aq/pollutant/7,hour,51.9500000000,µg/m3,2017-06-18 00:00:00 +01:00,2017-06-18 01:00:00 +01:00,1,1
ES,ES.BDCA.AQD,NET_ES131A,STA_ES0125A,,SP_28079017_14_6,SPP_28079017_14_6.1,SAM_28079017_14_6,O3,http://dd.eionet.europa.eu/vocabulary/aq/pollutant/7,hour,39.9399999900,µg/m3,2017-06-18 01:00:00 +01:00,2017-06-18 02:00:00 +01:00,1,1
ES,ES.BDCA.AQD,NET_ES131A,STA_ES0125A,,SP_28079017_14_6,SPP_28079017_14_6.1,SAM_28079017_14_6,O3,http://dd.eionet.europa.eu/vocabulary/aq/pollutant/7,hour,54.9799999900,µg/m3,2017-06-18 02:00:00 +01:00,2017-06-18 03:00:00 +01:00,1,1
ES,ES.BDCA.AQD,NET_ES131A,STA_ES0125A,,SP_28079017_14_6,SPP_28079017_14_6.1,SAM_28079017_14_6,O3,http://dd.eionet.europa.eu/vocabulary/aq/pollutant/7,hour,54.7000000000,µg/m3,2017-06-18 03:00:00 +01:00,2017-06-18 04:00:00 +01:00,1,1
ES,ES.BDCA.AQD,NET_ES131A,STA_ES0125A,,SP_28079017_14_6,SPP_28079017_14_6.1,SAM_28079017_14_6,O3,http://dd.eionet.europa.eu/vocabulary/aq/pollutant/7,hour,54.3800000000,µg/m3,2017-06-18 04:00:00 +01:00,2017-06-18 05:00:00 +01:00,1,1
ES,ES.BDCA.AQD,NET_ES131A,STA_ES0125A,,SP_28079017_14_6,SPP_28079017_14_6.1,SAM_28079017_14_6,O3,http://dd.eionet.europa.eu/vocabulary/aq/pollutant/7,hour,46.8200000000,µg/m3,2017-06-18 05:00:00 +01:00,2017-06-18 06:00:00 +01:00,1,1
ES,ES.BDCA.AQD,NET_ES131A,STA_ES0125A,,SP_28079017_14_6,SPP_28079017_14_6.1,SAM_28079017_14_6,O3,http://dd.eionet.europa.eu/vocabulary/aq/pollutant/7,hour,21.5000000000,µg/m3,2017-06-18 06:00:00 +01:00,2017-06-18 07:00:00 +01:00,1,1
ES,ES.BDCA.AQD,NET_ES131A,STA_ES0125A,,SP_28079017_14_6,SPP_28079017_14_6.1,SAM_28079017_14_6,O3,http://dd.eionet.europa.eu/vocabulary/aq/pollutant/7,hour,42.9200000000,µg/m3,2017-06-18 07:00:00 +01:00,2017-06-18 08:00:00 +01:00,1,1
ES,ES.BDCA.AQD,NET_ES131A,STA_ES0125A,,SP_28079017_14_6,SPP_28079017_14_6.1,SAM_28079017_14_6,O3,http://dd.eionet.europa.eu/vocabulary/aq/pollutant/7,hour,75.6299999900,µg/m3,2017-06-18 08:00:00 +01:00,2017-06-18 09:00:00 +01:00,1,1
ES,ES.BDCA.AQD,NET_ES131A,STA_ES0125A,,SP_28079017_14_6,SPP_28079017_14_6.1,SAM_28079017_14_6,O3,http://dd.eionet.europa.eu/vocabulary/aq/pollutant/7,hour,92.8400000000,µg/m3,2017-06-18 09:00:00 +01:00,2017-06-18 10:00:00 +01:00,1,1
ES,ES.BDCA.AQD,NET_ES131A,STA_ES0125A,,SP_28079017_14_6,SPP_28079017_14_6.1,SAM_28079017_14_6,O3,http://dd.eionet.europa.eu/vocabulary/aq/pollutant/7,hour,105.5000000000,µg/m3,2017-06-18 10:00:00 +01:00,2017-06-18 11:00:00 +01:00,1,1
ES,ES.BDCA.AQD,NET_ES131A,STA_ES0125A,,SP_28079017_14_6,SPP_28079017_14_6.1,SAM_28079017_14_6,O3,http://dd.eionet.europa.eu/vocabulary/aq/pollutant/7,hour,110.4000000000,µg/m3,2017-06-18 11:00:00 +01:00,2017-06-18 12:00:00 +01:00,1,1
ES,ES.BDCA.AQD,NET_ES131A,STA_ES0125A,,SP_28079017_14_6,SPP_28079017_14_6.1,SAM_28079017_14_6,O3,http://dd.eionet.europa.eu/vocabulary/aq/pollutant/7,hour,115.8000000000,µg/m3,2017-06-18 12:00:00 +01:00,2017-06-18 13:00:00 +01:00,1,1
ES,ES.BDCA.AQD,NET_ES131A,STA_ES0125A,,SP_28079017_14_6,SPP_28079017_14_6.1,SAM_28079017_14_6,O3,http://dd.eionet.europa.eu/vocabulary/aq/pollutant/7,hour,120.8000000000,µg/m3,2017-06-18 13:00:00 +01:00,2017-06-18 14:00:00 +01:00,1,1
ES,ES.BDCA.AQD,NET_ES131A,STA_ES0125A,,SP_28079017_14_6,SPP_28079017_14_6.1,SAM_28079017_14_6,O3,http://dd.eionet.europa.eu/vocabulary/aq/pollutant/7,hour,113.0000000000,µg/m3,2017-06-18 14:00:00 +01:00,2017-06-18 15:00:00 +01:00,1,1
ES,ES.BDCA.AQD,NET_ES131A,STA_ES0125A,,SP_28079017_14_6,SPP_28079017_14_6.1,SAM_28079017_14_6,O3,http://dd.eionet.europa.eu/vocabulary/aq/pollutant/7,hour,112.8000000000,µg/m3,2017-06-18 15:00:00 +01:00,2017-06-18 16:00:00 +01:00,1,1
ES,ES.BDCA.AQD,NET_ES131A,STA_ES0125A,,SP_28079017_14_6,SPP_28079017_14_6.1,SAM_28079017_14_6,O3,http://dd.eionet.europa.eu/vocabulary/aq/pollutant/7,hour,106.9000000000,µg/m3,2017-06-18 16:00:00 +01:00,2017-06-18 17:00:00 +01:00,1,1
ES,ES.BDCA.AQD,NET_ES131A,STA_ES0125A,,SP_28079017_14_6,SPP_28079017_14_6.1,SAM_28079017_14_6,O3,http://dd.eionet.europa.eu/vocabulary/aq/pollutant/7,hour,111.2000000000,µg/m3,2017-06-18 17:00:00 +01:00,2017-06-18 18:00:00 +01:00,1,1
ES,ES.BDCA.AQD,NET_ES131A,STA_ES0125A,,SP_28079017_14_6,SPP_28079017_14_6.1,SAM_28079017_14_6,O3,http://dd.eionet.europa.eu/vocabulary/aq/pollutant/7,hour,115.7000000000,µg/m3,2017-06-18 18:00:00 +01:00,2017-06-18 19:00:00 +01:00,1,1
ES,ES.BDCA.AQD,NET_ES131A,STA_ES0125A,,SP_28079017_14_6,SPP_28079017_14_6.1,SAM_28079017_14_6,O3,http://dd.eionet.europa.eu/vocabulary/aq/pollutant/7,hour,106.8000000000,µg/m3,2017-06-18 19:00:00 +01:00,2017-06-18 20:00:00 +01:00,1,1
ES,ES.BDCA.AQD,NET_ES131A,STA_ES0125A,,SP_28079017_14_6,SPP_28079017_14_6.1,SAM_28079017_14_6,O3,http://dd.eionet.europa.eu/vocabulary/aq/pollutant/7,hour,74.7199999900,µg/m3,2017-06-18 20:00:00 +01:00,2017-06-18 21:00:00 +01:00,1,1
ES,ES.BDCA.AQD,NET_ES131A,STA_ES0125A,,SP_28079017_14_6,SPP_28079017_14_6.1,SAM_28079017_14_6,O3,http://dd.eionet.europa.eu/vocabulary/aq/pollutant/7,hour,74.2800000000,µg/m3,2017-06-18 21:00:00 +01:00,2017-06-18 22:00:00 +01:00,1,1
ES,ES.BDCA.AQD,NET_ES131A,STA_ES0125A,,SP_28079017_14_6,SPP_28079017_14_6.1,SAM_28079017_14_6,O3,http://dd.eionet.europa.eu/vocabulary/aq/pollutant/7,hour,91.2500000000,µg/m3,2017-06-18 22:00:00 +01:00,2017-06-18 23:00:00 +01:00,1,1
ES,ES.BDCA.AQD,NET_ES131A,STA_ES0125A,,SP_28079017_14_6,SPP_28079017_14_6.1,SAM_28079017_14_6,O3,http://dd.eionet.europa.eu/vocabulary/aq/pollutant/7,hour,88.0999999900,µg/m3,2017-06-18 23:00:00 +01:00,2017-06-19 00:00:00 +01:00,1,1
ES,ES.BDCA.AQD,NET_ES131A,STA_ES0125A,,SP_28079017_14_6,SPP_28079017_14_6.1,SAM_28079017_14_6,O3,http://dd.eionet.europa.eu/vocabulary/aq/pollutant/7,hour,87.4599999900,µg/m3,2017-06-19 00:00:00 +01:00,2017-06-19 01:00:00 +01:00,1,1
ES,ES.BDCA.AQD,NET_ES131A,STA_ES0125A,,SP_28079017_14_6,SPP_28079017_14_6.1,SAM_28079017_14_6,O3,http://dd.eionet.europa.eu/vocabulary/aq/pollutant/7,hour,88.0199999900,µg/m3,2017-06-19 01:00:00 +01:00,2017-06-19 02:00:00 +01:00,1,1
ES,ES.BDCA.AQD,NET_ES131A,STA_ES0125A,,SP_28079017_14_6,SPP_28079017_14_6.1,SAM_28079017_14_6,O3,http://dd.eionet.europa.eu/vocabulary/aq/pollutant/7,hour,79.7999999900,µg/m3,2017-06-19 02:00:00 +01:00,2017-06-19 03:00:00 +01:00,1,1
ES,ES.BDCA.AQD,NET_ES131A,STA_ES0125A,,SP_28079017_14_6,SPP_28079017_14_6.1,SAM_28079017_14_6,O3,http://dd.eionet.europa.eu/vocabulary/aq/pollutant/7,hour,77.3900000000,µg/m3,2017-06-19 03:00:00 +01:00,2017-06-19 04:00:00 +01:00,1,1
ES,ES.BDCA.AQD,NET_ES131A,STA_ES0125A,,SP_28079017_14_6,SPP_28079017_14_6.1,SAM_28079017_14_6,O3,http://dd.eionet.europa.eu/vocabulary/aq/pollutant/7,hour,70.8400000000,µg/m3,2017-06-19 04:00:00 +01:00,2017-06-19 05:00:00 +01:00,1,1
ES,ES.BDCA.AQD,NET_ES131A,STA_ES0125A,,SP_28079017_14_6,SPP_28079017_14_6.1,SAM_28079017_14_6,O3,http://dd.eionet.europa.eu/vocabulary/aq/pollutant/7,hour,64.9200000000,µg/m3,2017-06-19 05:00:00 +01:00,2017-06-19 06:00:00 +01:00,1,1
ES,ES.BDCA.AQD,NET_ES131A,STA_ES0125A,,SP_28079017_14_6,SPP_28079017_14_6.1,SAM_28079017_14_6,O3,http://dd.eionet.europa.eu/vocabulary/aq/pollutant/7,hour,54.4099999900,µg/m3,2017-06-19 06:00:00 +01:00,2017-06-19 07:00:00 +01:00,1,1
ES,ES.BDCA.AQD,NET_ES131A,STA_ES0125A,,SP_28079017_14_6,SPP_28079017_14_6.1,SAM_28079017_14_6,O3,http://dd.eionet.europa.eu/vocabulary/aq/pollutant/7,hour,54.0099999900,µg/m3,2017-06-19 07:00:00 +01:00,2017-06-19 08:00:00 +01:00,1,1
ES,ES.BDCA.AQD,NET_ES131A,STA_ES0125A,,SP_28079017_14_6,SPP_28079017_14_6.1,SAM_28079017_14_6,O3,http://dd.eionet.europa.eu/vocabulary/aq/pollutant/7,hour,70.2099999900,µg/m3,2017-06-19 08:00:00 +01:00,2017-06-19 09:00:00 +01:00,1,1
ES,ES.BDCA.AQD,NET_ES131A,STA_ES0125A,,SP_28079017_14_6,SPP_28079017_14_6.1,SAM_28079017_14_6,O3,http://dd.eionet.europa.eu/vocabulary/aq/pollutant/7,hour,77.3499999900,µg/m3,2017-06-19 09:00:00 +01:00,2017-06-19 10:00:00 +01:00,1,1
ES,ES.BDCA.AQD,NET_ES131A,STA_ES0125A,,SP_28079017_14_6,SPP_28079017_14_6.1,SAM_28079017_14_6,O3,http://dd.eionet.europa.eu/vocabulary/aq/pollutant/7,hour,75.6899999900,µg/m3,2017-06-19 10:00:00 +01:00,2017-06-19 11:00:00 +01:00,1,1
ES,ES.BDCA.AQD,NET_ES131A,STA_ES0125A,,SP_28079017_14_6,SPP_28079017_14_6.1,SAM_28079017_14_6,O3,http://dd.eionet.europa.eu/vocabulary/aq/pollutant/7,hour,77.3199999900,µg/m3,2017-06-19 11:00:00 +01:00,2017-06-19 12:00:00 +01:00,1,1
ES,ES.BDCA.AQD,NET_ES131A,STA_ES0125A,,SP_28079017_14_6,SPP_28079017_14_6.1,SAM_28079017_14_6,O3,http://dd.eionet.europa.eu/vocabulary/aq/pollutant/7,hour,79.5499999900,µg/m3,2017-06-19 12:00:00 +01:00,2017-06-19 13:00:00 +01:00,1,1
ES,ES.BDCA.AQD,NET_ES131A,STA_ES0125A,,SP_28079017_14_6,SPP_28079017_14_6.1,SAM_28079017_14_6,O3,http://dd.eionet.europa.eu/vocabulary/aq/pollutant/7,hour,73.2699999900,µg/m3,2017-06-19 13:00:00 +01:00,2017-06-19 14:00:00 +01:00,1,1
ES,ES.BDCA.AQD,NET_ES131A,STA_ES0125A,,SP_28079017_14_6,SPP_28079017_14_6.1,SAM_28079017_14_6,O3,http://dd.eionet.europa.eu/vocabulary/aq/pollutant/7,hour,74.5000000000,µg/m3,2017-06-19 14:00:00 +01:00,2017-06-19 15:00:00 +01:00,1,1
ES,ES.BDCA.AQD,NET_ES131A,STA_ES0125A,,SP_28079017_14_6,SPP_28079017_14_6.1,SAM_28079017_14_6,O3,http://dd.eionet.europa.eu/vocabulary/aq/pollutant/7,hour,79.0699999900,µg/m3,2017-06-19 15:00:00 +01:00,2017-06-19 16:00:00 +01:00,1,1
ES,ES.BDCA.AQD,NET_ES131A,STA_ES0125A,,SP_28079017_14_6,SPP_28079017_14_6.1,SAM_28079017_14_6,O3,http://dd.eionet.europa.eu/vocabulary/aq/pollutant/7,hour,84.1200000000,µg/m3,2017-06-19 16:00:00 +01:00,2017-06-19 17:00:00 +01:00,1,1
ES,ES.BDCA.AQD,NET_ES131A,STA_ES0125A,,SP_28079017_14_6,SPP_28079017_14_6.1,SAM_28079017_14_6,O3,http://dd.eionet.europa.eu/vocabulary/aq/pollutant/7,hour,94.7999999900,µg/m3,2017-06-19 17:00:00 +01:00,2017-06-19 18:00:00 +01:00,1,1
ES,ES.BDCA.AQD,NET_ES131A,STA_ES0125A,,SP_28079017_14_6,SPP_28079017_14_6.1,SAM_28079017_14_6,O3,http://dd.eionet.europa.eu/vocabulary/aq/pollutant/7,hour,93.6800000000,µg/m3,2017-06-19 18:00:00 +01:00,2017-06-19 19:00:00 +01:00,1,1
ES,ES.BDCA.AQD,NET_ES131A,STA_ES0125A,,SP_28079017_14_6,SPP_28079017_14_6.1,SAM_28079017_14_6,O3,http://dd.eionet.europa.eu/vocabulary/aq/pollutant/7,hour,79.7000000000,µg/m3,2017-06-19 19:00:00 +01:00,2017-06-19 20:00:00 +01:00,1,1
ES,ES.BDCA.AQD,NET_ES131A,STA_ES0125A,,SP_28079017_14_6,SPP_28079017_14_6.1,SAM_28079017_14_6,O3,http://dd.eionet.europa.eu/vocabulary/aq/pollutant/7,hour,82.0300000000,µg/m3,2017-06-19 20:00:00 +01:00,2017-06-19 21:00:00 +01:00,1,1
ES,ES.BDCA.AQD,NET_ES131A,STA_ES0125A,,SP_28079017_14_6,SPP_28079017_14_6.1,SAM_28079017_14_6,O3,http://dd.eionet.europa.eu/vocabulary/aq/pollutant/7,hour,86.8299999900,µg/m3,2017-06-19 21:00:00 +01:00,2017-06-19 22:00:00 +01:00,1,1
ES,ES.BDCA.AQD,NET_ES131A,STA_ES0125A,,SP_28079017_14_6,SPP_28079017_14_6.1,SAM_28079017_14_6,O3,http://dd.eionet.europa.eu/vocabulary/aq/pollutant/7,hour,92.9599999900,µg/m3,2017-06-19 22:00:00 +01:00,2017-06-19 23:00:00 +01:00,1,1
ES,ES.BDCA.AQD,NET_ES131A,STA_ES0125A,,SP_28079017_14_6,SPP_28079017_14_6.1,SAM_28079017_14_6,O3,http://dd.eionet.europa.eu/vocabulary/aq/pollutant/7,hour,82.9699999900,µg/m3,2017-06-19 23:00:00 +01:00,2017-06-20 00:00:00 +01:00,1,1
ES,ES.BDCA.AQD,NET_ES131A,STA_ES0125A,,SP_28079017_14_6,SPP_28079017_14_6.1,SAM_28079017_14_6,O3,http://dd.eionet.europa.eu/vocabulary/aq/pollutant/7,hour,75.8400000000,µg/m3,2017-06-20 00:00:00 +01:00,2017-06-20 01:00:00 +01:00,1,1
ES,ES.BDCA.AQD,NET_ES131A,STA_ES0125A,,SP_28079017_14_6,SPP_28079017_14_6.1,SAM_28079017_14_6,O3,http://dd.eionet.europa.eu/vocabulary/aq/pollutant/7,hour,74.9099999900,µg/m3,2017-06-20 01:00:00 +01:00,2017-06-20 02:00:00 +01:00,1,1
ES,ES.BDCA.AQD,NET_ES131A,STA_ES0125A,,SP_28079017_14_6,SPP_28079017_14_6.1,SAM_28079017_14_6,O3,http://dd.eionet.europa.eu/vocabulary/aq/pollutant/7,hour,66.6200000000,µg/m3,2017-06-20 02:00:00 +01:00,2017-06-20 03:00:00 +01:00,1,1
ES,ES.BDCA.AQD,NET_ES131A,STA_ES0125A,,SP_28079017_14_6,SPP_28079017_14_6.1,SAM_28079017_14_6,O3,http://dd.eionet.europa.eu/vocabulary/aq/pollutant/7,hour,62.9099999900,µg/m3,2017-06-20 03:00:00 +01:00,2017-06-20 04:00:00 +01:00,1,1
ES,ES.BDCA.AQD,NET_ES131A,STA_ES0125A,,SP_28079017_14_6,SPP_28079017_14_6.1,SAM_28079017_14_6,O3,http://dd.eionet.europa.eu/vocabulary/aq/pollutant/7,hour,43.7599999900,µg/m3,2017-06-20 04:00:00 +01:00,2017-06-20 05:00:00 +01:00,1,1
ES,ES.BDCA.AQD,NET_ES131A,STA_ES0125A,,SP_28079017_14_6,SPP_28079017_14_6.1,SAM_28079017_14_6,O3,http://dd.eionet.europa.eu/vocabulary/aq/pollutant/7,hour,29.6600000000,µg/m3,2017-06-20 05:00:00 +01:00,2017-06-20 06:00:00 +01:00,1,1
ES,ES.BDCA.AQD,NET_ES131A,STA_ES0125A,,SP_28079017_14_6,SPP_28079017_14_6.1,SAM_28079017_14_6,O3,http://dd.eionet.europa.eu/vocabulary/aq/pollutant/7,hour,11.4499999900,µg/m3,2017-06-20 06:00:00 +01:00,2017-06-20 07:00:00 +01:00,1,1
ES,ES.BDCA.AQD,NET_ES131A,STA_ES0125A,,SP_28079017_14_6,SPP_28079017_14_6.1,SAM_28079017_14_6,O3,http://dd.eionet.europa.eu/vocabulary/aq/pollutant/7,hour,23.2300000000,µg/m3,2017-06-20 07:00:00 +01:00,2017-06-20 08:00:00 +01:00,1,1
ES,ES.BDCA.AQD,NET_ES131A,STA_ES0125A,,SP_28079017_14_6,SPP_28079017_14_6.1,SAM_28079017_14_6,O3,http://dd.eionet.europa.eu/vocabulary/aq/pollutant/7,hour,55.9799999900,µg/m3,2017-06-20 08:00:00 +01:00,2017-06-20 09:00:00 +01:00,1,1
ES,ES.BDCA.AQD,NET_ES131A,STA_ES0125A,,SP_28079017_14_6,SPP_28079017_14_6.1,SAM_28079017_14_6,O3,http://dd.eionet.europa.eu/vocabulary/aq/pollutant/7,hour,59.2199999900,µg/m3,2017-06-20 09:00:00 +01:00,2017-06-20 10:00:00 +01:00,1,1
ES,ES.BDCA.AQD,NET_ES131A,STA_ES0125A,,SP_28079017_14_6,SPP_28079017_14_6.1,SAM_28079017_14_6,O3,http://dd.eionet.europa.eu/vocabulary/aq/pollutant/7,hour,72.5400000000,µg/m3,2017-06-20 10:00:00 +01:00,2017-06-20 11:00:00 +01:00,1,1
ES,ES.BDCA.AQD,NET_ES131A,STA_ES0125A,,SP_28079017_14_6,SPP_28079017_14_6.1,SAM_28079017_14_6,O3,http://dd.eionet.europa.eu/vocabulary/aq/pollutant/7,hour,88.3499999900,µg/m3,2017-06-20 11:00:00 +01:00,2017-06-20 12:00:00 +01:00,1,1
ES,ES.BDCA.AQD,NET_ES131A,STA_ES0125A,,SP_28079017_14_6,SPP_28079017_14_6.1,SAM_28079017_14_6,O3,http://dd.eionet.europa.eu/vocabulary/aq/pollutant/7,hour,80.4399999900,µg/m3,2017-06-20 12:00:00 +01:00,2017-06-20 13:00:00 +01:00,1,1
ES,ES.BDCA.AQD,NET_ES131A,STA_ES0125A,,SP_28079017_14_6,SPP_28079017_14_6.1,SAM_28079017_14_6,O3,http://dd.eionet.europa.eu/vocabulary/aq/pollutant/7,hour,89.9599999900,µg/m3,2017-06-20 13:00:00 +01:00,2017-06-20 14:00:00 +01:00,1,1
ES,ES.BDCA.AQD,NET_ES131A,STA_ES0125A,,SP_28079017_14_6,SPP_28079017_14_6.1,SAM_28079017_14_6,O3,http://dd.eionet.europa.eu/vocabulary/aq/pollutant/7,hour,109.0000000000,µg/m3,2017-06-20 14:00:00 +01:00,2017-06-20 15:00:00 +01:00,1,1
ES,ES.BDCA.AQD,NET_ES131A,STA_ES0125A,,SP_28079017_14_6,SPP_28079017_14_6.1,SAM_28079017_14_6,O3,http://dd.eionet.europa.eu/vocabulary/aq/pollutant/7,hour,120.9000000000,µg/m3,2017-06-20 15:00:00 +01:00,2017-06-20 16:00:00 +01:00,1,1
ES,ES.BDCA.AQD,NET_ES131A,STA_ES0125A,,SP_28079017_14_6,SPP_28079017_14_6.1,SAM_28079017_14_6,O3,http://dd.eionet.europa.eu/vocabulary/aq/pollutant/7,hour,132.5000000000,µg/m3,2017-06-20 16:00:00 +01:00,2017-06-20 17:00:00 +01:00,1,1
ES,ES.BDCA.AQD,NET_ES131A,STA_ES0125A,,SP_28079017_14_6,SPP_28079017_14_6.1,SAM_28079017_14_6,O3,http://dd.eionet.europa.eu/vocabulary/aq/pollutant/7,hour,123.0999999900,µg/m3,2017-06-20 17:00:00 +01:00,2017-06-20 18:00:00 +01:00,1,1
ES,ES.BDCA.AQD,NET_ES131A,STA_ES0125A,,SP_28079017_14_6,SPP_28079017_14_6.1,SAM_28079017_14_6,O3,http://dd.eionet.europa.eu/vocabulary/aq/pollutant/7,hour,83.5400000000,µg/m3,2017-06-20 18:00:00 +01:00,2017-06-20 19:00:00 +01:00,1,1
ES,ES.BDCA.AQD,NET_ES131A,STA_ES0125A,,SP_28079017_14_6,SPP_28079017_14_6.1,SAM_28079017_14_6,O3,http://dd.eionet.europa.eu/vocabulary/aq/pollutant/7,hour,69.1700000000,µg/m3,2017-06-20 19:00:00 +01:00,2017-06-20 20:00:00 +01:00,1,1
ES,ES.BDCA.AQD,NET_ES131A,STA_ES0125A,,SP_28079017_14_6,SPP_28079017_14_6.1,SAM_28079017_14_6,O3,http://dd.eionet.europa.eu/vocabulary/aq/pollutant/7,hour,57.1899999900,µg/m3,2017-06-20 20:00:00 +01:00,2017-06-20 21:00:00 +01:00,1,1
ES,ES.BDCA.AQD,NET_ES131A,STA_ES0125A,,SP_28079017_14_6,SPP_28079017_14_6.1,SAM_28079017_14_6,O3,http://dd.eionet.europa.eu/vocabulary/aq/pollutant/7,hour,59.1300000000,µg/m3,2017-06-20 21:00:00 +01:00,2017-06-20 22:00:00 +01:00,1,1
ES,ES.BDCA.AQD,NET_ES131A,STA_ES0125A,,SP_28079017_14_6,SPP_28079017_14_6.1,SAM_28079017_14_6,O3,http://dd.eionet.europa.eu/vocabulary/aq/pollutant/7,hour,63.8500000000,µg/m3,2017-06-20 22:00:00 +01:00,2017-06-20 23:00:00 +01:00,1,1
ES,ES.BDCA.AQD,NET_ES131A,STA_ES0125A,,SP_28079017_14_6,SPP_28079017_14_6.1,SAM_28079017_14_6,O3,http://dd.eionet.europa.eu/vocabulary/aq/pollutant/7,hour,56.2800000000,µg/m3,2017-06-20 23:00:00 +01:00,2017-06-21 00:00:00 +01:00,1,1
ES,ES.BDCA.AQD,NET_ES131A,STA_ES0125A,,SP_28079017_14_6,SPP_28079017_14_6.1,SAM_28079017_14_6,O3,http://dd.eionet.europa.eu/vocabulary/aq/pollutant/7,hour,62.4799999900,µg/m3,2017-06-21 00:00:00 +01:00,2017-06-21 01:00:00 +01:00,1,1
ES,ES.BDCA.AQD,NET_ES131A,STA_ES0125A,,SP_28079017_14_6,SPP_28079017_14_6.1,SAM_28079017_14_6,O3,http://dd.eionet.europa.eu/vocabulary/aq/pollutant/7,hour,64.5900000000,µg/m3,2017-06-21 01:00:00 +01:00,2017-06-21 02:00:00 +01:00,1,1
ES,ES.BDCA.AQD,NET_ES131A,STA_ES0125A,,SP_28079017_14_6,SPP_28079017_14_6.1,SAM_28079017_14_6,O3,http://dd.eionet.europa.eu/vocabulary/aq/pollutant/7,hour,56.8100000000,µg/m3,2017-06-21 02:00:00 +01:00,2017-06-21 03:00:00 +01:00,1,1
ES,ES.BDCA.AQD,NET_ES131A,STA_ES0125A,,SP_28079017_14_6,SPP_28079017_14_6.1,SAM_28079017_14_6,O3,http://dd.eionet.europa.eu/vocabulary/aq/pollutant/7,hour,37.4399999900,µg/m3,2017-06-21 03:00:00 +01:00,2017-06-21 04:00:00 +01:00,1,1
ES,ES.BDCA.AQD,NET_ES131A,STA_ES0125A,,SP_28079017_14_6,SPP_28079017_14_6.1,SAM_28079017_14_6,O3,http://dd.eionet.europa.eu/vocabulary/aq/pollutant/7,hour,16.9300000000,µg/m3,2017-06-21 04:00:00 +01:00,2017-06-21 05:00:00 +01:00,1,1
ES,ES.BDCA.AQD,NET_ES131A,STA_ES0125A,,SP_28079017_14_6,SPP_28079017_14_6.1,SAM_28079017_14_6,O3,http://dd.eionet.europa.eu/vocabulary/aq/pollutant/7,hour,4.3799999900,µg/m3,2017-06-21 05:00:00 +01:00,2017-06-21 06:00:00 +01:00,1,1
ES,ES.BDCA.AQD,NET_ES131A,STA_ES0125A,,SP_28079017_14_6,SPP_28079017_14_6.1,SAM_28079017_14_6,O3,http://dd.eionet.europa.eu/vocabulary/aq/pollutant/7,hour,5.3200000000,µg/m3,2017-06-21 06:00:00 +01:00,2017-06-21 07:00:00 +01:00,1,1
ES,ES.BDCA.AQD,NET_ES131A,STA_ES0125A,,SP_28079017_14_6,SPP_28079017_14_6.1,SAM_28079017_14_6,O3,http://dd.eionet.europa.eu/vocabulary/aq/pollutant/7,hour,9.6199999900,µg/m3,2017-06-21 07:00:00 +01:00,2017-06-21 08:00:00 +01:00,1,1
ES,ES.BDCA.AQD,NET_ES131A,STA_ES0125A,,SP_28079017_14_6,SPP_28079017_14_6.1,SAM_28079017_14_6,O3,http://dd.eionet.europa.eu/vocabulary/aq/pollutant/7,hour,18.4200000000,µg/m3,2017-06-21 08:00:00 +01:00,2017-06-21 09:00:00 +01:00,1,1
ES,ES.BDCA.AQD,NET_ES131A,STA_ES0125A,,SP_28079017_14_6,SPP_28079017_14_6.1,SAM_28079017_14_6,O3,http://dd.eionet.europa.eu/vocabulary/aq/pollutant/7,hour,34.0600000000,µg/m3,2017-06-21 09:00:00 +01:00,2017-06-21 10:00:00 +01:00,1,1
ES,ES.BDCA.AQD,NET_ES131A,STA_ES0125A,,SP_28079017_14_6,SPP_28079017_14_6.1,SAM_28079017_14_6,O3,http://dd.eionet.europa.eu/vocabulary/aq/pollutant/7,hour,59.2800000000,µg/m3,2017-06-21 10:00:00 +01:00,2017-06-21 11:00:00 +01:00,1,1
ES,ES.BDCA.AQD,NET_ES131A,STA_ES0125A,,SP_28079017_14_6,SPP_28079017_14_6.1,SAM_28079017_14_6,O3,http://dd.eionet.europa.eu/vocabulary/aq/pollutant/7,hour,78.7199999900,µg/m3,2017-06-21 11:00:00 +01:00,2017-06-21 12:00:00 +01:00,1,1
ES,ES.BDCA.AQD,NET_ES131A,STA_ES0125A,,SP_28079017_14_6,SPP_28079017_14_6.1,SAM_28079017_14_6,O3,http://dd.eionet.europa.eu/vocabulary/aq/pollutant/7,hour,97.8700000000,µg/m3,2017-06-21 12:00:00 +01:00,2017-06-21 13:00:00 +01:00,1,1
ES,ES.BDCA.AQD,NET_ES131A,STA_ES0125A,,SP_28079017_14_6,SPP_28079017_14_6.1,SAM_28079017_14_6,O3,http://dd.eionet.europa.eu/vocabulary/aq/pollutant/7,hour,125.8000000000,µg/m3,2017-06-21 13:00:00 +01:00,2017-06-21 14:00:00 +01:00,1,1
ES,ES.BDCA.AQD,NET_ES131A,STA_ES0125A,,SP_28079017_14_6,SPP_28079017_14_6.1,SAM_28079017_14_6,O3,http://dd.eionet.europa.eu/vocabulary/aq/pollutant/7,hour,124.4000000000,µg/m3,2017-06-21 14:00:00 +01:00,2017-06-21 15:00:00 +01:00,1,1
ES,ES.BDCA.AQD,NET_ES131A,STA_ES0125A,,SP_28079017_14_6,SPP_28079017_14_6.1,SAM_28079017_14_6,O3,http://dd.eionet.europa.eu/vocabulary/aq/pollutant/7,hour,115.5000000000,µg/m3,2017-06-21 15:00:00 +01:00,2017-06-21 16:00:00 +01:00,1,1
ES,ES.BDCA.AQD,NET_ES131A,STA_ES0125A,,SP_28079017_14_6,SPP_28079017_14_6.1,SAM_28079017_14_6,O3,http://dd.eionet.europa.eu/vocabulary/aq/pollutant/7,hour,103.8000000000,µg/m3,2017-06-21 16:00:00 +01:00,2017-06-21 17:00:00 +01:00,1,1
ES,ES.BDCA.AQD,NET_ES131A,STA_ES0125A,,SP_28079017_14_6,SPP_28079017_14_6.1,SAM_28079017_14_6,O3,http://dd.eionet.europa.eu/vocabulary/aq/pollutant/7,hour,97.9000000000,µg/m3,2017-06-21 17:00:00 +01:00,2017-06-21 18:00:00 +01:00,1,1
ES,ES.BDCA.AQD,NET_ES131A,STA_ES0125A,,SP_28079017_14_6,SPP_28079017_14_6.1,SAM_28079017_14_6,O3,http://dd.eionet.europa.eu/vocabulary/aq/pollutant/7,hour,96.6700000000,µg/m3,2017-06-21 18:00:00 +01:00,2017-06-21 19:00:00 +01:00,1,1
ES,ES.BDCA.AQD,NET_ES131A,STA_ES0125A,,SP_28079017_14_6,SPP_28079017_14_6.1,SAM_28079017_14_6,O3,http://dd.eionet.europa.eu/vocabulary/aq/pollutant/7,hour,79.4099999900,µg/m3,2017-06-21 19:00:00 +01:00,2017-06-21 20:00:00 +01:00,1,1
ES,ES.BDCA.AQD,NET_ES131A,STA_ES0125A,,SP_28079017_14_6,SPP_28079017_14_6.1,SAM_28079017_14_6,O3,http://dd.eionet.europa.eu/vocabulary/aq/pollutant/7,hour,46.1000000000,µg/m3,2017-06-21 20:00:00 +01:00,2017-06-21 21:00:00 +01:00,1,1
ES,ES.BDCA.AQD,NET_ES131A,STA_ES0125A,,SP_28079017_14_6,SPP_28079017_14_6.1,SAM_28079017_14_6,O3,http://dd.eionet.europa.eu/vocabulary/aq/pollutant/7,hour,8.4399999900,µg/m3,2017-06-21 21:00:00 +01:00,2017-06-21 22:00:00 +01:00,1,1
ES,ES.BDCA.AQD,NET_ES131A,STA_ES0125A,,SP_28079017_14_6,SPP_28079017_14_6.1,SAM_28079017_14_6,O3,http://dd.eionet.europa.eu/vocabulary/aq/pollutant/7,hour,2.9900000000,µg/m3,2017-06-21 22:00:00 +01:00,2017-06-21 23:00:00 +01:00,1,1
ES,ES.BDCA.AQD,NET_ES131A,STA_ES0125A,,SP_28079017_14_6,SPP_28079017_14_6.1,SAM_28079017_14_6,O3,http://dd.eionet.europa.eu/vocabulary/aq/pollutant/7,hour,3.1400000000,µg/m3,2017-06-21 23:00:00 +01:00,2017-06-22 00:00:00 +01:00,1,1
ES,ES.BDCA.AQD,NET_ES131A,STA_ES0125A,,SP_28079017_14_6,SPP_28079017_14_6.1,SAM_28079017_14_6,O3,http://dd.eionet.europa.eu/vocabulary/aq/pollutant/7,hour,36.6000000000,µg/m3,2017-06-22 00:00:00 +01:00,2017-06-22 01:00:00 +01:00,1,1
ES,ES.BDCA.AQD,NET_ES131A,STA_ES0125A,,SP_28079017_14_6,SPP_28079017_14_6.1,SAM_28079017_14_6,O3,http://dd.eionet.europa.eu/vocabulary/aq/pollutant/7,hour,60.3200000000,µg/m3,2017-06-22 01:00:00 +01:00,2017-06-22 02:00:00 +01:00,1,1
ES,ES.BDCA.AQD,NET_ES131A,STA_ES0125A,,SP_28079017_14_6,SPP_28079017_14_6.1,SAM_28079017_14_6,O3,http://dd.eionet.europa.eu/vocabulary/aq/pollutant/7,hour,56.9900000000,µg/m3,2017-06-22 02:00:00 +01:00,2017-06-22 03:00:00 +01:00,1,1
ES,ES.BDCA.AQD,NET_ES131A,STA_ES0125A,,SP_28079017_14_6,SPP_28079017_14_6.1,SAM_28079017_14_6,O3,http://dd.eionet.europa.eu/vocabulary/aq/pollutant/7,hour,45.7800000000,µg/m3,2017-06-22 03:00:00 +01:00,2017-06-22 04:00:00 +01:00,1,1
ES,ES.BDCA.AQD,NET_ES131A,STA_ES0125A,,SP_28079017_14_6,SPP_28079017_14_6.1,SAM_28079017_14_6,O3,http://dd.eionet.europa.eu/vocabulary/aq/pollutant/7,hour,50.3200000000,µg/m3,2017-06-22 04:00:00 +01:00,2017-06-22 05:00:00 +01:00,1,1
ES,ES.BDCA.AQD,NET_ES131A,STA_ES0125A,,SP_28079017_14_6,SPP_28079017_14_6.1,SAM_28079017_14_6,O3,http://dd.eionet.europa.eu/vocabulary/aq/pollutant/7,hour,55.5200000000,µg/m3,2017-06-22 05:00:00 +01:00,2017-06-22 06:00:00 +01:00,1,1
ES,ES.BDCA.AQD,NET_ES131A,STA_ES0125A,,SP_28079017_14_6,SPP_28079017_14_6.1,SAM_28079017_14_6,O3,http://dd.eionet.europa.eu/vocabulary/aq/pollutant/7,hour,22.5399999900,µg/m3,2017-06-22 06:00:00 +01:00,2017-06-22 07:00:00 +01:00,1,1
ES,ES.BDCA.AQD,NET_ES131A,STA_ES0125A,,SP_28079017_14_6,SPP_28079017_14_6.1,SAM_28079017_14_6,O3,http://dd.eionet.europa.eu/vocabulary/aq/pollutant/7,hour,36.5700000000,µg/m3,2017-06-22 07:00:00 +01:00,2017-06-22 08:00:00 +01:00,1,1
ES,ES.BDCA.AQD,NET_ES131A,STA_ES0125A,,SP_28079017_14_6,SPP_28079017_14_6.1,SAM_28079017_14_6,O3,http://dd.eionet.europa.eu/vocabulary/aq/pollutant/7,hour,63.3800000000,µg/m3,2017-06-22 08:00:00 +01:00,2017-06-22 09:00:00 +01:00,1,1
ES,ES.BDCA.AQD,NET_ES131A,STA_ES0125A,,SP_28079017_14_6,SPP_28079017_14_6.1,SAM_28079017_14_6,O3,http://dd.eionet.europa.eu/vocabulary/aq/pollutant/7,hour,52.5399999900,µg/m3,2017-06-22 09:00:00 +01:00,2017-06-22 10:00:00 +01:00,1,1
ES,ES.BDCA.AQD,NET_ES131A,STA_ES0125A,,SP_28079017_14_6,SPP_28079017_14_6.1,SAM_28079017_14_6,O3,http://dd.eionet.europa.eu/vocabulary/aq/pollutant/7,hour,63.4300000000,µg/m3,2017-06-22 10:00:00 +01:00,2017-06-22 11:00:00 +01:00,1,1
ES,ES.BDCA.AQD,NET_ES131A,STA_ES0125A,,SP_28079017_14_6,SPP_28079017_14_6.1,SAM_28079017_14_6,O3,http://dd.eionet.europa.eu/vocabulary/aq/pollutant/7,hour,74.6099999900,µg/m3,2017-06-22 11:00:00 +01:00,2017-06-22 12:00:00 +01:00,1,1
ES,ES.BDCA.AQD,NET_ES131A,STA_ES0125A,,SP_28079017_14_6,SPP_28079017_14_6.1,SAM_28079017_14_6,O3,http://dd.eionet.europa.eu/vocabulary/aq/pollutant/7,hour,104.0000000000,µg/m3,2017-06-22 12:00:00 +01:00,2017-06-22 13:00:00 +01:00,1,1
ES,ES.BDCA.AQD,NET_ES131A,STA_ES0125A,,SP_28079017_14_6,SPP_28079017_14_6.1,SAM_28079017_14_6,O3,http://dd.eionet.europa.eu/vocabulary/aq/pollutant/7,hour,127.8000000000,µg/m3,2017-06-22 13:00:00 +01:00,2017-06-22 14:00:00 +01:00,1,1
ES,ES.BDCA.AQD,NET_ES131A,STA_ES0125A,,SP_28079017_14_6,SPP_28079017_14_6.1,SAM_28079017_14_6,O3,http://dd.eionet.europa.eu/vocabulary/aq/pollutant/7,hour,124.9000000000,µg/m3,2017-06-22 14:00:00 +01:00,2017-06-22 15:00:00 +01:00,1,1
ES,ES.BDCA.AQD,NET_ES131A,STA_ES0125A,,SP_28079017_14_6,SPP_28079017_14_6.1,SAM_28079017_14_6,O3,http://dd.eionet.europa.eu/vocabulary/aq/pollutant/7,hour,114.9000000000,µg/m3,2017-06-22 15:00:00 +01:00,2017-06-22 16:00:00 +01:00,1,1
ES,ES.BDCA.AQD,NET_ES131A,STA_ES0125A,,SP_28079017_14_6,SPP_28079017_14_6.1,SAM_28079017_14_6,O3,http://dd.eionet.europa.eu/vocabulary/aq/pollutant/7,hour,109.5000000000,µg/m3,2017-06-22 16:00:00 +01:00,2017-06-22 17:00:00 +01:00,1,1
ES,ES.BDCA.AQD,NET_ES131A,STA_ES0125A,,SP_28079017_14_6,SPP_28079017_14_6.1,SAM_28079017_14_6,O3,http://dd.eionet.europa.eu/vocabulary/aq/pollutant/7,hour,109.4000000000,µg/m3,2017-06-22 17:00:00 +01:00,2017-06-22 18:00:00 +01:00,1,1
ES,ES.BDCA.AQD,NET_ES131A,STA_ES0125A,,SP_28079017_14_6,SPP_28079017_14_6.1,SAM_28079017_14_6,O3,http://dd.eionet.europa.eu/vocabulary/aq/pollutant/7,hour,101.7000000000,µg/m3,2017-06-22 18:00:00 +01:00,2017-06-22 19:00:00 +01:00,1,1
ES,ES.BDCA.AQD,NET_ES131A,STA_ES0125A,,SP_28079017_14_6,SPP_28079017_14_6.1,SAM_28079017_14_6,O3,http://dd.eionet.europa.eu/vocabulary/aq/pollutant/7,hour,95.7199999900,µg/m3,2017-06-22 19:00:00 +01:00,2017-06-22 20:00:00 +01:00,1,1
ES,ES.BDCA.AQD,NET_ES131A,STA_ES0125A,,SP_28079017_14_6,SPP_28079017_14_6.1,SAM_28079017_14_6,O3,http://dd.eionet.europa.eu/vocabulary/aq/pollutant/7,hour,88.0400000000,µg/m3,2017-06-22 20:00:00 +01:00,2017-06-22 21:00:00 +01:00,1,1
ES,ES.BDCA.AQD,NET_ES131A,STA_ES0125A,,SP_28079017_14_6,SPP_28079017_14_6.1,SAM_28079017_14_6,O3,http://dd.eionet.europa.eu/vocabulary/aq/pollutant/7,hour,85.7000000000,µg/m3,2017-06-22 21:00:00 +01:00,2017-06-22 22:00:00 +01:00,1,1
ES,ES.BDCA.AQD,NET_ES131A,STA_ES0125A,,SP_28079017_14_6,SPP_28079017_14_6.1,SAM_28079017_14_6,O3,http://dd.eionet.europa.eu/vocabulary/aq/pollutant/7,hour,79.0900000000,µg/m3,2017-06-22 22:00:00 +01:00,2017-06-22 23:00:00 +01:00,1,1
ES,ES.BDCA.AQD,NET_ES131A,STA_ES0125A,,SP_28079017_14_6,SPP_28079017_14_6.1,SAM_28079017_14_6,O3,http://dd.eionet.europa.eu/vocabulary/aq/pollutant/7,hour,68.5699999900,µg/m3,2017-06-22 23:00:00 +01:00,2017-06-23 00:00:00 +01:00,1,1
ES,ES.BDCA.AQD,NET_ES131A,STA_ES0125A,,SP_28079017_14_6,SPP_28079017_14_6.1,SAM_28079017_14_6,O3,http://dd.eionet.europa.eu/vocabulary/aq/pollutant/7,hour,62.7599999900,µg/m3,2017-06-23 00:00:00 +01:00,2017-06-23 01:00:00 +01:00,1,1
ES,ES.BDCA.AQD,NET_ES131A,STA_ES0125A,,SP_28079017_14_6,SPP_28079017_14_6.1,SAM_28079017_14_6,O3,http://dd.eionet.europa.eu/vocabulary/aq/pollutant/7,hour,57.6199999900,µg/m3,2017-06-23 01:00:00 +01:00,2017-06-23 02:00:00 +01:00,1,1
ES,ES.BDCA.AQD,NET_ES131A,STA_ES0125A,,SP_28079017_14_6,SPP_28079017_14_6.1,SAM_28079017_14_6,O3,http://dd.eionet.europa.eu/vocabulary/aq/pollutant/7,hour,60.7400000000,µg/m3,2017-06-23 02:00:00 +01:00,2017-06-23 03:00:00 +01:00,1,1
ES,ES.BDCA.AQD,NET_ES131A,STA_ES0125A,,SP_28079017_14_6,SPP_28079017_14_6.1,SAM_28079017_14_6,O3,http://dd.eionet.europa.eu/vocabulary/aq/pollutant/7,hour,72.3599999900,µg/m3,2017-06-23 03:00:00 +01:00,2017-06-23 04:00:00 +01:00,1,1
ES,ES.BDCA.AQD,NET_ES131A,STA_ES0125A,,SP_28079017_14_6,SPP_28079017_14_6.1,SAM_28079017_14_6,O3,http://dd.eionet.europa.eu/vocabulary/aq/pollutant/7,hour,53.8299999900,µg/m3,2017-06-23 04:00:00 +01:00,2017-06-23 05:00:00 +01:00,1,1
ES,ES.BDCA.AQD,NET_ES131A,STA_ES0125A,,SP_28079017_14_6,SPP_28079017_14_6.1,SAM_28079017_14_6,O3,http://dd.eionet.europa.eu/vocabulary/aq/pollutant/7,hour,31.6200000000,µg/m3,2017-06-23 05:00:00 +01:00,2017-06-23 06:00:00 +01:00,1,1
ES,ES.BDCA.AQD,NET_ES131A,STA_ES0125A,,SP_28079017_14_6,SPP_28079017_14_6.1,SAM_28079017_14_6,O3,http://dd.eionet.europa.eu/vocabulary/aq/pollutant/7,hour,24.8500000000,µg/m3,2017-06-23 06:00:00 +01:00,2017-06-23 07:00:00 +01:00,1,1
ES,ES.BDCA.AQD,NET_ES131A,STA_ES0125A,,SP_28079017_14_6,SPP_28079017_14_6.1,SAM_28079017_14_6,O3,http://dd.eionet.europa.eu/vocabulary/aq/pollutant/7,hour,22.6600000000,µg/m3,2017-06-23 07:00:00 +01:00,2017-06-23 08:00:00 +01:00,1,1
ES,ES.BDCA.AQD,NET_ES131A,STA_ES0125A,,SP_28079017_14_6,SPP_28079017_14_6.1,SAM_28079017_14_6,O3,http://dd.eionet.europa.eu/vocabulary/aq/pollutant/7,hour,38.6800000000,µg/m3,2017-06-23 08:00:00 +01:00,2017-06-23 09:00:00 +01:00,1,1
ES,ES.BDCA.AQD,NET_ES131A,STA_ES0125A,,SP_28079017_14_6,SPP_28079017_14_6.1,SAM_28079017_14_6,O3,http://dd.eionet.europa.eu/vocabulary/aq/pollutant/7,hour,61.7599999900,µg/m3,2017-06-23 09:00:00 +01:00,2017-06-23 10:00:00 +01:00,1,1
ES,ES.BDCA.AQD,NET_ES131A,STA_ES0125A,,SP_28079017_14_6,SPP_28079017_14_6.1,SAM_28079017_14_6,O3,http://dd.eionet.europa.eu/vocabulary/aq/pollutant/7,hour,76.9899999900,µg/m3,2017-06-23 10:00:00 +01:00,2017-06-23 11:00:00 +01:00,1,1
ES,ES.BDCA.AQD,NET_ES131A,STA_ES0125A,,SP_28079017_14_6,SPP_28079017_14_6.1,SAM_28079017_14_6,O3,http://dd.eionet.europa.eu/vocabulary/aq/pollutant/7,hour,86.4099999900,µg/m3,2017-06-23 11:00:00 +01:00,2017-06-23 12:00:00 +01:00,1,1
ES,ES.BDCA.AQD,NET_ES131A,STA_ES0125A,,SP_28079017_14_6,SPP_28079017_14_6.1,SAM_28079017_14_6,O3,http://dd.eionet.europa.eu/vocabulary/aq/pollutant/7,hour,87.3100000000,µg/m3,2017-06-23 12:00:00 +01:00,2017-06-23 13:00:00 +01:00,1,1
ES,ES.BDCA.AQD,NET_ES131A,STA_ES0125A,,SP_28079017_14_6,SPP_28079017_14_6.1,SAM_28079017_14_6,O3,http://dd.eionet.europa.eu/vocabulary/aq/pollutant/7,hour,90.4099999900,µg/m3,2017-06-23 13:00:00 +01:00,2017-06-23 14:00:00 +01:00,1,1
ES,ES.BDCA.AQD,NET_ES131A,STA_ES0125A,,SP_28079017_14_6,SPP_28079017_14_6.1,SAM_28079017_14_6,O3,http://dd.eionet.europa.eu/vocabulary/aq/pollutant/7,hour,95.6200000000,µg/m3,2017-06-23 14:00:00 +01:00,2017-06-23 15:00:00 +01:00,1,1
ES,ES.BDCA.AQD,NET_ES131A,STA_ES0125A,,SP_28079017_14_6,SPP_28079017_14_6.1,SAM_28079017_14_6,O3,http://dd.eionet.europa.eu/vocabulary/aq/pollutant/7,hour,97.5999999900,µg/m3,2017-06-23 15:00:00 +01:00,2017-06-23 16:00:00 +01:00,1,1
ES,ES.BDCA.AQD,NET_ES131A,STA_ES0125A,,SP_28079017_14_6,SPP_28079017_14_6.1,SAM_28079017_14_6,O3,http://dd.eionet.europa.eu/vocabulary/aq/pollutant/7,hour,99.1800000000,µg/m3,2017-06-23 16:00:00 +01:00,2017-06-23 17:00:00 +01:00,1,1
ES,ES.BDCA.AQD,NET_ES131A,STA_ES0125A,,SP_28079017_14_6,SPP_28079017_14_6.1,SAM_28079017_14_6,O3,http://dd.eionet.europa.eu/vocabulary/aq/pollutant/7,hour,97.6099999900,µg/m3,2017-06-23 17:00:00 +01:00,2017-06-23 18:00:00 +01:00,1,1
ES,ES.BDCA.AQD,NET_ES131A,STA_ES0125A,,SP_28079017_14_6,SPP_28079017_14_6.1,SAM_28079017_14_6,O3,http://dd.eionet.europa.eu/vocabulary/aq/pollutant/7,hour,95.7399999900,µg/m3,2017-06-23 18:00:00 +01:00,2017-06-23 19:00:00 +01:00,1,1
ES,ES.BDCA.AQD,NET_ES131A,STA_ES0125A,,SP_28079017_14_6,SPP_28079017_14_6.1,SAM_28079017_14_6,O3,http://dd.eionet.europa.eu/vocabulary/aq/pollutant/7,hour,91.4500000000,µg/m3,2017-06-23 19:00:00 +01:00,2017-06-23 20:00:00 +01:00,1,1
ES,ES.BDCA.AQD,NET_ES131A,STA_ES0125A,,SP_28079017_14_6,SPP_28079017_14_6.1,SAM_28079017_14_6,O3,http://dd.eionet.europa.eu/vocabulary/aq/pollutant/7,hour,79.4000000000,µg/m3,2017-06-23 20:00:00 +01:00,2017-06-23 21:00:00 +01:00,1,1
ES,ES.BDCA.AQD,NET_ES131A,STA_ES0125A,,SP_28079017_14_6,SPP_28079017_14_6.1,SAM_28079017_14_6,O3,http://dd.eionet.europa.eu/vocabulary/aq/pollutant/7,hour,70.0100000000,µg/m3,2017-06-23 21:00:00 +01:00,2017-06-23 22:00:00 +01:00,1,1
ES,ES.BDCA.AQD,NET_ES131A,STA_ES0125A,,SP_28079017_14_6,SPP_28079017_14_6.1,SAM_28079017_14_6,O3,http://dd.eionet.europa.eu/vocabulary/aq/pollutant/7,hour,67.4800000000,µg/m3,2017-06-23 22:00:00 +01:00,2017-06-23 23:00:00 +01:00,1,1
ES,ES.BDCA.AQD,NET_ES131A,STA_ES0125A,,SP_28079017_14_6,SPP_28079017_14_6.1,SAM_28079017_14_6,O3,http://dd.eionet.europa.eu/vocabulary/aq/pollutant/7,hour,60.8800000000,µg/m3,2017-06-23 23:00:00 +01:00,2017-06-24 00:00:00 +01:00,1,1
ES,ES.BDCA.AQD,NET_ES131A,STA_ES0125A,,SP_28079017_14_6,SPP_28079017_14_6.1,SAM_28079017_14_6,O3,http://dd.eionet.europa.eu/vocabulary/aq/pollutant/7,hour,67.2399999900,µg/m3,2017-06-24 00:00:00 +01:00,2017-06-24 01:00:00 +01:00,1,1
ES,ES.BDCA.AQD,NET_ES131A,STA_ES0125A,,SP_28079017_14_6,SPP_28079017_14_6.1,SAM_28079017_14_6,O3,http://dd.eionet.europa.eu/vocabulary/aq/pollutant/7,hour,61.2199999900,µg/m3,2017-06-24 01:00:00 +01:00,2017-06-24 02:00:00 +01:00,1,1
ES,ES.BDCA.AQD,NET_ES131A,STA_ES0125A,,SP_28079017_14_6,SPP_28079017_14_6.1,SAM_28079017_14_6,O3,http://dd.eionet.europa.eu/vocabulary/aq/pollutant/7,hour,38.7800000000,µg/m3,2017-06-24 02:00:00 +01:00,2017-06-24 03:00:00 +01:00,1,1
ES,ES.BDCA.AQD,NET_ES131A,STA_ES0125A,,SP_28079017_14_6,SPP_28079017_14_6.1,SAM_28079017_14_6,O3,http://dd.eionet.europa.eu/vocabulary/aq/pollutant/7,hour,55.9799999900,µg/m3,2017-06-24 03:00:00 +01:00,2017-06-24 04:00:00 +01:00,1,1
ES,ES.BDCA.AQD,NET_ES131A,STA_ES0125A,,SP_28079017_14_6,SPP_28079017_14_6.1,SAM_28079017_14_6,O3,http://dd.eionet.europa.eu/vocabulary/aq/pollutant/7,hour,62.4200000000,µg/m3,2017-06-24 04:00:00 +01:00,2017-06-24 05:00:00 +01:00,1,1
ES,ES.BDCA.AQD,NET_ES131A,STA_ES0125A,,SP_28079017_14_6,SPP_28079017_14_6.1,SAM_28079017_14_6,O3,http://dd.eionet.europa.eu/vocabulary/aq/pollutant/7,hour,41.9099999900,µg/m3,2017-06-24 05:00:00 +01:00,2017-06-24 06:00:00 +01:00,1,1
ES,ES.BDCA.AQD,NET_ES131A,STA_ES0125A,,SP_28079017_14_6,SPP_28079017_14_6.1,SAM_28079017_14_6,O3,http://dd.eionet.europa.eu/vocabulary/aq/pollutant/7,hour,25.9400000000,µg/m3,2017-06-24 06:00:00 +01:00,2017-06-24 07:00:00 +01:00,1,1
ES,ES.BDCA.AQD,NET_ES131A,STA_ES0125A,,SP_28079017_14_6,SPP_28079017_14_6.1,SAM_28079017_14_6,O3,http://dd.eionet.europa.eu/vocabulary/aq/pollutant/7,hour,40.2299999900,µg/m3,2017-06-24 07:00:00 +01:00,2017-06-24 08:00:00 +01:00,1,1
ES,ES.BDCA.AQD,NET_ES131A,STA_ES0125A,,SP_28079017_14_6,SPP_28079017_14_6.1,SAM_28079017_14_6,O3,http://dd.eionet.europa.eu/vocabulary/aq/pollutant/7,hour,55.5300000000,µg/m3,2017-06-24 08:00:00 +01:00,2017-06-24 09:00:00 +01:00,1,1
ES,ES.BDCA.AQD,NET_ES131A,STA_ES0125A,,SP_28079017_14_6,SPP_28079017_14_6.1,SAM_28079017_14_6,O3,http://dd.eionet.europa.eu/vocabulary/aq/pollutant/7,hour,62.1700000000,µg/m3,2017-06-24 09:00:00 +01:00,2017-06-24 10:00:00 +01:00,1,1
ES,ES.BDCA.AQD,NET_ES131A,STA_ES0125A,,SP_28079017_14_6,SPP_28079017_14_6.1,SAM_28079017_14_6,O3,http://dd.eionet.europa.eu/vocabulary/aq/pollutant/7,hour,71.3599999900,µg/m3,2017-06-24 10:00:00 +01:00,2017-06-24 11:00:00 +01:00,1,1
ES,ES.BDCA.AQD,NET_ES131A,STA_ES0125A,,SP_28079017_14_6,SPP_28079017_14_6.1,SAM_28079017_14_6,O3,http://dd.eionet.europa.eu/vocabulary/aq/pollutant/7,hour,66.6200000000,µg/m3,2017-06-24 11:00:00 +01:00,2017-06-24 12:00:00 +01:00,1,1
ES,ES.BDCA.AQD,NET_ES131A,STA_ES0125A,,SP_28079017_14_6,SPP_28079017_14_6.1,SAM_28079017_14_6,O3,http://dd.eionet.europa.eu/vocabulary/aq/pollutant/7,hour,66.3499999900,µg/m3,2017-06-24 12:00:00 +01:00,2017-06-24 13:00:00 +01:00,1,1
ES,ES.BDCA.AQD,NET_ES131A,STA_ES0125A,,SP_28079017_14_6,SPP_28079017_14_6.1,SAM_28079017_14_6,O3,http://dd.eionet.europa.eu/vocabulary/aq/pollutant/7,hour,67.1099999900,µg/m3,2017-06-24 13:00:00 +01:00,2017-06-24 14:00:00 +01:00,1,1
ES,ES.BDCA.AQD,NET_ES131A,STA_ES0125A,,SP_28079017_14_6,SPP_28079017_14_6.1,SAM_28079017_14_6,O3,http://dd.eionet.europa.eu/vocabulary/aq/pollutant/7,hour,72.0300000000,µg/m3,2017-06-24 14:00:00 +01:00,2017-06-24 15:00:00 +01:00,1,1
ES,ES.BDCA.AQD,NET_ES131A,STA_ES0125A,,SP_28079017_14_6,SPP_28079017_14_6.1,SAM_28079017_14_6,O3,http://dd.eionet.europa.eu/vocabulary/aq/pollutant/7,hour,63.8299999900,µg/m3,2017-06-24 15:00:00 +01:00,2017-06-24 16:00:00 +01:00,1,1
ES,ES.BDCA.AQD,NET_ES131A,STA_ES0125A,,SP_28079017_14_6,SPP_28079017_14_6.1,SAM_28079017_14_6,O3,http://dd.eionet.europa.eu/vocabulary/aq/pollutant/7,hour,62.3800000000,µg/m3,2017-06-24 16:00:00 +01:00,2017-06-24 17:00:00 +01:00,1,1
ES,ES.BDCA.AQD,NET_ES131A,STA_ES0125A,,SP_28079017_14_6,SPP_28079017_14_6.1,SAM_28079017_14_6,O3,http://dd.eionet.europa.eu/vocabulary/aq/pollutant/7,hour,61.3800000000,µg/m3,2017-06-24 17:00:00 +01:00,2017-06-24 18:00:00 +01:00,1,1
ES,ES.BDCA.AQD,NET_ES131A,STA_ES0125A,,SP_28079017_14_6,SPP_28079017_14_6.1,SAM_28079017_14_6,O3,http://dd.eionet.europa.eu/vocabulary/aq/pollutant/7,hour,60.7999999900,µg/m3,2017-06-24 18:00:00 +01:00,2017-06-24 19:00:00 +01:00,1,1
ES,ES.BDCA.AQD,NET_ES131A,STA_ES0125A,,SP_28079017_14_6,SPP_28079017_14_6.1,SAM_28079017_14_6,O3,http://dd.eionet.europa.eu/vocabulary/aq/pollutant/7,hour,56.4200000000,µg/m3,2017-06-24 19:00:00 +01:00,2017-06-24 20:00:00 +01:00,1,1
ES,ES.BDCA.AQD,NET_ES131A,STA_ES0125A,,SP_28079017_14_6,SPP_28079017_14_6.1,SAM_28079017_14_6,O3,http://dd.eionet.europa.eu/vocabulary/aq/pollutant/7,hour,56.0300000000,µg/m3,2017-06-24 20:00:00 +01:00,2017-06-24 21:00:00 +01:00,1,1
ES,ES.BDCA.AQD,NET_ES131A,STA_ES0125A,,SP_28079017_14_6,SPP_28079017_14_6.1,SAM_28079017_14_6,O3,http://dd.eionet.europa.eu/vocabulary/aq/pollutant/7,hour,58.9300000000,µg/m3,2017-06-24 21:00:00 +01:00,2017-06-24 22:00:00 +01:00,1,1
ES,ES.BDCA.AQD,NET_ES131A,STA_ES0125A,,SP_28079017_14_6,SPP_28079017_14_6.1,SAM_28079017_14_6,O3,http://dd.eionet.europa.eu/vocabulary/aq/pollutant/7,hour,49.8800000000,µg/m3,2017-06-24 22:00:00 +01:00,2017-06-24 23:00:00 +01:00,1,1
ES,ES.BDCA.AQD,NET_ES131A,STA_ES0125A,,SP_28079017_14_6,SPP_28079017_14_6.1,SAM_28079017_14_6,O3,http://dd.eionet.europa.eu/vocabulary/aq/pollutant/7,hour,49.8999999900,µg/m3,2017-06-24 23:00:00 +01:00,2017-06-25 00:00:00 +01:00,1,1
ES,ES.BDCA.AQD,NET_ES131A,STA_ES0125A,,SP_28079017_14_6,SPP_28079017_14_6.1,SAM_28079017_14_6,O3,http://dd.eionet.europa.eu/vocabulary/aq/pollutant/7,hour,45.4799999900,µg/m3,2017-06-25 00:00:00 +01:00,2017-06-25 01:00:00 +01:00,1,1
ES,ES.BDCA.AQD,NET_ES131A,STA_ES0125A,,SP_28079017_14_6,SPP_28079017_14_6.1,SAM_28079017_14_6,O3,http://dd.eionet.europa.eu/vocabulary/aq/pollutant/7,hour,22.7500000000,µg/m3,2017-06-25 01:00:00 +01:00,2017-06-25 02:00:00 +01:00,1,1
ES,ES.BDCA.AQD,NET_ES131A,STA_ES0125A,,SP_28079017_14_6,SPP_28079017_14_6.1,SAM_28079017_14_6,O3,http://dd.eionet.europa.eu/vocabulary/aq/pollutant/7,hour,19.2700000000,µg/m3,2017-06-25 02:00:00 +01:00,2017-06-25 03:00:00 +01:00,1,1
ES,ES.BDCA.AQD,NET_ES131A,STA_ES0125A,,SP_28079017_14_6,SPP_28079017_14_6.1,SAM_28079017_14_6,O3,http://dd.eionet.europa.eu/vocabulary/aq/pollutant/7,hour,12.2200000000,µg/m3,2017-06-25 03:00:00 +01:00,2017-06-25 04:00:00 +01:00,1,1
ES,ES.BDCA.AQD,NET_ES131A,STA_ES0125A,,SP_28079017_14_6,SPP_28079017_14_6.1,SAM_28079017_14_6,O3,http://dd.eionet.europa.eu/vocabulary/aq/pollutant/7,hour,3.6800000000,µg/m3,2017-06-25 04:00:00 +01:00,2017-06-25 05:00:00 +01:00,1,1
ES,ES.BDCA.AQD,NET_ES131A,STA_ES0125A,,SP_28079017_14_6,SPP_28079017_14_6.1,SAM_28079017_14_6,O3,http://dd.eionet.europa.eu/vocabulary/aq/pollutant/7,hour,15.4600000000,µg/m3,2017-06-25 05:00:00 +01:00,2017-06-25 06:00:00 +01:00,1,1
ES,ES.BDCA.AQD,NET_ES131A,STA_ES0125A,,SP_28079017_14_6,SPP_28079017_14_6.1,SAM_28079017_14_6,O3,http://dd.eionet.europa.eu/vocabulary/aq/pollutant/7,hour,13.9400000000,µg/m3,2017-06-25 06:00:00 +01:00,2017-06-25 07:00:00 +01:00,1,1
ES,ES.BDCA.AQD,NET_ES131A,STA_ES0125A,,SP_28079017_14_6,SPP_28079017_14_6.1,SAM_28079017_14_6,O3,http://dd.eionet.europa.eu/vocabulary/aq/pollutant/7,hour,20.9400000000,µg/m3,2017-06-25 07:00:00 +01:00,2017-06-25 08:00:00 +01:00,1,1
ES,ES.BDCA.AQD,NET_ES131A,STA_ES0125A,,SP_28079017_14_6,SPP_28079017_14_6.1,SAM_28079017_14_6,O3,http://dd.eionet.europa.eu/vocabulary/aq/pollutant/7,hour,26.8299999900,µg/m3,2017-06-25 08:00:00 +01:00,2017-06-25 09:00:00 +01:00,1,1
ES,ES.BDCA.AQD,NET_ES131A,STA_ES0125A,,SP_28079017_14_6,SPP_28079017_14_6.1,SAM_28079017_14_6,O3,http://dd.eionet.europa.eu/vocabulary/aq/pollutant/7,hour,51.3999999900,µg/m3,2017-06-25 09:00:00 +01:00,2017-06-25 10:00:00 +01:00,1,1
ES,ES.BDCA.AQD,NET_ES131A,STA_ES0125A,,SP_28079017_14_6,SPP_28079017_14_6.1,SAM_28079017_14_6,O3,http://dd.eionet.europa.eu/vocabulary/aq/pollutant/7,hour,50.4799999900,µg/m3,2017-06-25 10:00:00 +01:00,2017-06-25 11:00:00 +01:00,1,1
ES,ES.BDCA.AQD,NET_ES131A,STA_ES0125A,,SP_28079017_14_6,SPP_28079017_14_6.1,SAM_28079017_14_6,O3,http://dd.eionet.europa.eu/vocabulary/aq/pollutant/7,hour,61.7400000000,µg/m3,2017-06-25 11:00:00 +01:00,2017-06-25 12:00:00 +01:00,1,1
ES,ES.BDCA.AQD,NET_ES131A,STA_ES0125A,,SP_28079017_14_6,SPP_28079017_14_6.1,SAM_28079017_14_6,O3,http://dd.eionet.europa.eu/vocabulary/aq/pollutant/7,hour,84.1099999900,µg/m3,2017-06-25 12:00:00 +01:00,2017-06-25 13:00:00 +01:00,1,1
ES,ES.BDCA.AQD,NET_ES131A,STA_ES0125A,,SP_28079017_14_6,SPP_28079017_14_6.1,SAM_28079017_14_6,O3,http://dd.eionet.europa.eu/vocabulary/aq/pollutant/7,hour,82.6800000000,µg/m3,2017-06-25 13:00:00 +01:00,2017-06-25 14:00:00 +01:00,1,1
ES,ES.BDCA.AQD,NET_ES131A,STA_ES0125A,,SP_28079017_14_6,SPP_28079017_14_6.1,SAM_28079017_14_6,O3,http://dd.eionet.europa.eu/vocabulary/aq/pollutant/7,hour,84.9300000000,µg/m3,2017-06-25 14:00:00 +01:00,2017-06-25 15:00:00 +01:00,1,1
ES,ES.BDCA.AQD,NET_ES131A,STA_ES0125A,,SP_28079017_14_6,SPP_28079017_14_6.1,SAM_28079017_14_6,O3,http://dd.eionet.europa.eu/vocabulary/aq/pollutant/7,hour,79.1700000000,µg/m3,2017-06-25 15:00:00 +01:00,2017-06-25 16:00:00 +01:00,1,1
ES,ES.BDCA.AQD,NET_ES131A,STA_ES0125A,,SP_28079017_14_6,SPP_28079017_14_6.1,SAM_28079017_14_6,O3,http://dd.eionet.europa.eu/vocabulary/aq/pollutant/7,hour,69.3100000000,µg/m3,2017-06-25 16:00:00 +01:00,2017-06-25 17:00:00 +01:00,1,1
ES,ES.BDCA.AQD,NET_ES131A,STA_ES0125A,,SP_28079017_14_6,SPP_28079017_14_6.1,SAM_28079017_14_6,O3,http://dd.eionet.europa.eu/vocabulary/aq/pollutant/7,hour,68.1599999900,µg/m3,2017-06-25 17:00:00 +01:00,2017-06-25 18:00:00 +01:00,1,1
ES,ES.BDCA.AQD,NET_ES131A,STA_ES0125A,,SP_28079017_14_6,SPP_28079017_14_6.1,SAM_28079017_14_6,O3,http://dd.eionet.europa.eu/vocabulary/aq/pollutant/7,hour,58.2899999900,µg/m3,2017-06-25 18:00:00 +01:00,2017-06-25 19:00:00 +01:00,1,1
ES,ES.BDCA.AQD,NET_ES131A,STA_ES0125A,,SP_28079017_14_6,SPP_28079017_14_6.1,SAM_28079017_14_6,O3,http://dd.eionet.europa.eu/vocabulary/aq/pollutant/7,hour,44.3100000000,µg/m3,2017-06-25 19:00:00 +01:00,2017-06-25 20:00:00 +01:00,1,1
ES,ES.BDCA.AQD,NET_ES131A,STA_ES0125A,,SP_28079017_14_6,SPP_28079017_14_6.1,SAM_28079017_14_6,O3,http://dd.eionet.europa.eu/vocabulary/aq/pollutant/7,hour,35.7400000000,µg/m3,2017-06-25 20:00:00 +01:00,2017-06-25 21:00:00 +01:00,1,1
ES,ES.BDCA.AQD,NET_ES131A,STA_ES0125A,,SP_28079017_14_6,SPP_28079017_14_6.1,SAM_28079017_14_6,O3,http://dd.eionet.europa.eu/vocabulary/aq/pollutant/7,hour,27.2899999900,µg/m3,2017-06-25 21:00:00 +01:00,2017-06-25 22:00:00 +01:00,1,1
ES,ES.BDCA.AQD,NET_ES131A,STA_ES0125A,,SP_28079017_14_6,SPP_28079017_14_6.1,SAM_28079017_14_6,O3,http://dd.eionet.europa.eu/vocabulary/aq/pollutant/7,hour,26.1000000000,µg/m3,2017-06-25 22:00:00 +01:00,2017-06-25 23:00:00 +01:00,1,1
ES,ES.BDCA.AQD,NET_ES131A,STA_ES0125A,,SP_28079017_14_6,SPP_28079017_14_6.1,SAM_28079017_14_6,O3,http://dd.eionet.europa.eu/vocabulary/aq/pollutant/7,hour,30.4400000000,µg/m3,2017-06-25 23:00:00 +01:00,2017-06-26 00:00:00 +01:00,1,1
ES,ES.BDCA.AQD,NET_ES131A,STA_ES0125A,,SP_28079017_14_6,SPP_28079017_14_6.1,SAM_28079017_14_6,O3,http://dd.eionet.europa.eu/vocabulary/aq/pollutant/7,hour,32.0499999900,µg/m3,2017-06-26 00:00:00 +01:00,2017-06-26 01:00:00 +01:00,1,1
ES,ES.BDCA.AQD,NET_ES131A,STA_ES0125A,,SP_28079017_14_6,SPP_28079017_14_6.1,SAM_28079017_14_6,O3,http://dd.eionet.europa.eu/vocabulary/aq/pollutant/7,hour,29.3999999900,µg/m3,2017-06-26 01:00:00 +01:00,2017-06-26 02:00:00 +01:00,1,1
ES,ES.BDCA.AQD,NET_ES131A,STA_ES0125A,,SP_28079017_14_6,SPP_28079017_14_6.1,SAM_28079017_14_6,O3,http://dd.eionet.europa.eu/vocabulary/aq/pollutant/7,hour,20.6200000000,µg/m3,2017-06-26 02:00:00 +01:00,2017-06-26 03:00:00 +01:00,1,1
ES,ES.BDCA.AQD,NET_ES131A,STA_ES0125A,,SP_28079017_14_6,SPP_28079017_14_6.1,SAM_28079017_14_6,O3,http://dd.eionet.europa.eu/vocabulary/aq/pollutant/7,hour,16.1900000000,µg/m3,2017-06-26 03:00:00 +01:00,2017-06-26 04:00:00 +01:00,1,1
ES,ES.BDCA.AQD,NET_ES131A,STA_ES0125A,,SP_28079017_14_6,SPP_28079017_14_6.1,SAM_28079017_14_6,O3,http://dd.eionet.europa.eu/vocabulary/aq/pollutant/7,hour,19.9899999900,µg/m3,2017-06-26 04:00:00 +01:00,2017-06-26 05:00:00 +01:00,1,1
ES,ES.BDCA.AQD,NET_ES131A,STA_ES0125A,,SP_28079017_14_6,SPP_28079017_14_6.1,SAM_28079017_14_6,O3,http://dd.eionet.europa.eu/vocabulary/aq/pollutant/7,hour,9.3000000000,µg/m3,2017-06-26 05:00:00 +01:00,2017-06-26 06:00:00 +01:00,1,1
ES,ES.BDCA.AQD,NET_ES131A,STA_ES0125A,,SP_28079017_14_6,SPP_28079017_14_6.1,SAM_28079017_14_6,O3,http://dd.eionet.europa.eu/vocabulary/aq/pollutant/7,hour,4.9900000000,µg/m3,2017-06-26 06:00:00 +01:00,2017-06-26 07:00:00 +01:00,1,1
ES,ES.BDCA.AQD,NET_ES131A,STA_ES0125A,,SP_28079017_14_6,SPP_28079017_14_6.1,SAM_28079017_14_6,O3,http://dd.eionet.europa.eu/vocabulary/aq/pollutant/7,hour,7.1500000000,µg/m3,2017-06-26 07:00:00 +01:00,2017-06-26 08:00:00 +01:00,1,1
ES,ES.BDCA.AQD,NET_ES131A,STA_ES0125A,,SP_28079017_14_6,SPP_28079017_14_6.1,SAM_28079017_14_6,O3,http://dd.eionet.europa.eu/vocabulary/aq/pollutant/7,hour,18.2300000000,µg/m3,2017-06-26 08:00:00 +01:00,2017-06-26 09:00:00 +01:00,1,1
ES,ES.BDCA.AQD,NET_ES131A,STA_ES0125A,,SP_28079017_14_6,SPP_28079017_14_6.1,SAM_28079017_14_6,O3,http://dd.eionet.europa.eu/vocabulary/aq/pollutant/7,hour,33.5200000000,µg/m3,2017-06-26 09:00:00 +01:00,2017-06-26 10:00:00 +01:00,1,1
ES,ES.BDCA.AQD,NET_ES131A,STA_ES0125A,,SP_28079017_14_6,SPP_28079017_14_6.1,SAM_28079017_14_6,O3,http://dd.eionet.europa.eu/vocabulary/aq/pollutant/7,hour,48.5600000000,µg/m3,2017-06-26 10:00:00 +01:00,2017-06-26 11:00:00 +01:00,1,1
ES,ES.BDCA.AQD,NET_ES131A,STA_ES0125A,,SP_28079017_14_6,SPP_28079017_14_6.1,SAM_28079017_14_6,O3,http://dd.eionet.europa.eu/vocabulary/aq/pollutant/7,hour,68.2300000000,µg/m3,2017-06-26 11:00:00 +01:00,2017-06-26 12:00:00 +01:00,1,1
ES,ES.BDCA.AQD,NET_ES131A,STA_ES0125A,,SP_28079017_14_6,SPP_28079017_14_6.1,SAM_28079017_14_6,O3,http://dd.eionet.europa.eu/vocabulary/aq/pollutant/7,hour,74.4399999900,µg/m3,2017-06-26 12:00:00 +01:00,2017-06-26 13:00:00 +01:00,1,1
ES,ES.BDCA.AQD,NET_ES131A,STA_ES0125A,,SP_28079017_14_6,SPP_28079017_14_6.1,SAM_28079017_14_6,O3,http://dd.eionet.europa.eu/vocabulary/aq/pollutant/7,hour,74.4099999900,µg/m3,2017-06-26 13:00:00 +01:00,2017-06-26 14:00:00 +01:00,1,1
ES,ES.BDCA.AQD,NET_ES131A,STA_ES0125A,,SP_28079017_14_6,SPP_28079017_14_6.1,SAM_28079017_14_6,O3,http://dd.eionet.europa.eu/vocabulary/aq/pollutant/7,hour,77.5000000000,µg/m3,2017-06-26 14:00:00 +01:00,2017-06-26 15:00:00 +01:00,1,1
ES,ES.BDCA.AQD,NET_ES131A,STA_ES0125A,,SP_28079017_14_6,SPP_28079017_14_6.1,SAM_28079017_14_6,O3,http://dd.eionet.europa.eu/vocabulary/aq/pollutant/7,hour,86.9300000000,µg/m3,2017-06-26 15:00:00 +01:00,2017-06-26 16:00:00 +01:00,1,1
ES,ES.BDCA.AQD,NET_ES131A,STA_ES0125A,,SP_28079017_14_6,SPP_28079017_14_6.1,SAM_28079017_14_6,O3,http://dd.eionet.europa.eu/vocabulary/aq/pollutant/7,hour,93.0000000000,µg/m3,2017-06-26 16:00:00 +01:00,2017-06-26 17:00:00 +01:00,1,1
ES,ES.BDCA.AQD,NET_ES131A,STA_ES0125A,,SP_28079017_14_6,SPP_28079017_14_6.1,SAM_28079017_14_6,O3,http://dd.eionet.europa.eu/vocabulary/aq/pollutant/7,hour,92.2699999900,µg/m3,2017-06-26 17:00:00 +01:00,2017-06-26 18:00:00 +01:00,1,1
ES,ES.BDCA.AQD,NET_ES131A,STA_ES0125A,,SP_28079017_14_6,SPP_28079017_14_6.1,SAM_28079017_14_6,O3,http://dd.eionet.europa.eu/vocabulary/aq/pollutant/7,hour,87.7500000000,µg/m3,2017-06-26 18:00:00 +01:00,2017-06-26 19:00:00 +01:00,1,1
ES,ES.BDCA.AQD,NET_ES131A,STA_ES0125A,,SP_28079017_14_6,SPP_28079017_14_6.1,SAM_28079017_14_6,O3,http://dd.eionet.europa.eu/vocabulary/aq/pollutant/7,hour,87.4899999900,µg/m3,2017-06-26 19:00:00 +01:00,2017-06-26 20:00:00 +01:00,1,1
ES,ES.BDCA.AQD,NET_ES131A,STA_ES0125A,,SP_28079017_14_6,SPP_28079017_14_6.1,SAM_28079017_14_6,O3,http://dd.eionet.europa.eu/vocabulary/aq/pollutant/7,hour,82.7099999900,µg/m3,2017-06-26 20:00:00 +01:00,2017-06-26 21:00:00 +01:00,1,1
ES,ES.BDCA.AQD,NET_ES131A,STA_ES0125A,,SP_28079017_14_6,SPP_28079017_14_6.1,SAM_28079017_14_6,O3,http://dd.eionet.europa.eu/vocabulary/aq/pollutant/7,hour,61.8100000000,µg/m3,2017-06-26 21:00:00 +01:00,2017-06-26 22:00:00 +01:00,1,1
ES,ES.BDCA.AQD,NET_ES131A,STA_ES0125A,,SP_28079017_14_6,SPP_28079017_14_6.1,SAM_28079017_14_6,O3,http://dd.eionet.europa.eu/vocabulary/aq/pollutant/7,hour,49.7599999900,µg/m3,2017-06-26 22:00:00 +01:00,2017-06-26 23:00:00 +01:00,1,1
ES,ES.BDCA.AQD,NET_ES131A,STA_ES0125A,,SP_28079017_14_6,SPP_28079017_14_6.1,SAM_28079017_14_6,O3,http://dd.eionet.europa.eu/vocabulary/aq/pollutant/7,hour,36.0099999900,µg/m3,2017-06-26 23:00:00 +01:00,2017-06-27 00:00:00 +01:00,1,1
ES,ES.BDCA.AQD,NET_ES131A,STA_ES0125A,,SP_28079017_14_6,SPP_28079017_14_6.1,SAM_28079017_14_6,O3,http://dd.eionet.europa.eu/vocabulary/aq/pollutant/7,hour,14.9600000000,µg/m3,2017-06-27 00:00:00 +01:00,2017-06-27 01:00:00 +01:00,1,1
ES,ES.BDCA.AQD,NET_ES131A,STA_ES0125A,,SP_28079017_14_6,SPP_28079017_14_6.1,SAM_28079017_14_6,O3,http://dd.eionet.europa.eu/vocabulary/aq/pollutant/7,hour,5.1399999900,µg/m3,2017-06-27 01:00:00 +01:00,2017-06-27 02:00:00 +01:00,1,1
ES,ES.BDCA.AQD,NET_ES131A,STA_ES0125A,,SP_28079017_14_6,SPP_28079017_14_6.1,SAM_28079017_14_6,O3,http://dd.eionet.europa.eu/vocabulary/aq/pollutant/7,hour,23.8400000000,µg/m3,2017-06-27 02:00:00 +01:00,2017-06-27 03:00:00 +01:00,1,1
ES,ES.BDCA.AQD,NET_ES131A,STA_ES0125A,,SP_28079017_14_6,SPP_28079017_14_6.1,SAM_28079017_14_6,O3,http://dd.eionet.europa.eu/vocabulary/aq/pollutant/7,hour,39.1800000000,µg/m3,2017-06-27 03:00:00 +01:00,2017-06-27 04:00:00 +01:00,1,1
ES,ES.BDCA.AQD,NET_ES131A,STA_ES0125A,,SP_28079017_14_6,SPP_28079017_14_6.1,SAM_28079017_14_6,O3,http://dd.eionet.europa.eu/vocabulary/aq/pollutant/7,hour,38.0799999900,µg/m3,2017-06-27 04:00:00 +01:00,2017-06-27 05:00:00 +01:00,1,1
ES,ES.BDCA.AQD,NET_ES131A,STA_ES0125A,,SP_28079017_14_6,SPP_28079017_14_6.1,SAM_28079017_14_6,O3,http://dd.eionet.europa.eu/vocabulary/aq/pollutant/7,hour,15.3599999900,µg/m3,2017-06-27 05:00:00 +01:00,2017-06-27 06:00:00 +01:00,1,1
ES,ES.BDCA.AQD,NET_ES131A,STA_ES0125A,,SP_28079017_14_6,SPP_28079017_14_6.1,SAM_28079017_14_6,O3,http://dd.eionet.europa.eu/vocabulary/aq/pollutant/7,hour,9.1300000000,µg/m3,2017-06-27 06:00:00 +01:00,2017-06-27 07:00:00 +01:00,1,1
ES,ES.BDCA.AQD,NET_ES131A,STA_ES0125A,,SP_28079017_14_6,SPP_28079017_14_6.1,SAM_28079017_14_6,O3,http://dd.eionet.europa.eu/vocabulary/aq/pollutant/7,hour,21.7300000000,µg/m3,2017-06-27 07:00:00 +01:00,2017-06-27 08:00:00 +01:00,1,1
ES,ES.BDCA.AQD,NET_ES131A,STA_ES0125A,,SP_28079017_14_6,SPP_28079017_14_6.1,SAM_28079017_14_6,O3,http://dd.eionet.europa.eu/vocabulary/aq/pollutant/7,hour,31.9200000000,µg/m3,2017-06-27 08:00:00 +01:00,2017-06-27 09:00:00 +01:00,1,1
ES,ES.BDCA.AQD,NET_ES131A,STA_ES0125A,,SP_28079017_14_6,SPP_28079017_14_6.1,SAM_28079017_14_6,O3,http://dd.eionet.europa.eu/vocabulary/aq/pollutant/7,hour,39.0300000000,µg/m3,2017-06-27 09:00:00 +01:00,2017-06-27 10:00:00 +01:00,1,1
ES,ES.BDCA.AQD,NET_ES131A,STA_ES0125A,,SP_28079017_14_6,SPP_28079017_14_6.1,SAM_28079017_14_6,O3,http://dd.eionet.europa.eu/vocabulary/aq/pollutant/7,hour,52.5900000000,µg/m3,2017-06-27 10:00:00 +01:00,2017-06-27 11:00:00 +01:00,1,1
ES,ES.BDCA.AQD,NET_ES131A,STA_ES0125A,,SP_28079017_14_6,SPP_28079017_14_6.1,SAM_28079017_14_6,O3,http://dd.eionet.europa.eu/vocabulary/aq/pollutant/7,hour,70.0000000000,µg/m3,2017-06-27 11:00:00 +01:00,2017-06-27 12:00:00 +01:00,1,1
ES,ES.BDCA.AQD,NET_ES131A,STA_ES0125A,,SP_28079017_14_6,SPP_28079017_14_6.1,SAM_28079017_14_6,O3,http://dd.eionet.europa.eu/vocabulary/aq/pollutant/7,hour,73.0999999900,µg/m3,2017-06-27 12:00:00 +01:00,2017-06-27 13:00:00 +01:00,1,1
ES,ES.BDCA.AQD,NET_ES131A,STA_ES0125A,,SP_28079017_14_6,SPP_28079017_14_6.1,SAM_28079017_14_6,O3,http://dd.eionet.europa.eu/vocabulary/aq/pollutant/7,hour,76.8599999900,µg/m3,2017-06-27 13:00:00 +01:00,2017-06-27 14:00:00 +01:00,1,1
ES,ES.BDCA.AQD,NET_ES131A,STA_ES0125A,,SP_28079017_14_6,SPP_28079017_14_6.1,SAM_28079017_14_6,O3,http://dd.eionet.europa.eu/vocabulary/aq/pollutant/7,hour,77.1599999900,µg/m3,2017-06-27 14:00:00 +01:00,2017-06-27 15:00:00 +01:00,1,1
ES,ES.BDCA.AQD,NET_ES131A,STA_ES0125A,,SP_28079017_14_6,SPP_28079017_14_6.1,SAM_28079017_14_6,O3,http://dd.eionet.europa.eu/vocabulary/aq/pollutant/7,hour,79.6700000000,µg/m3,2017-06-27 15:00:00 +01:00,2017-06-27 16:00:00 +01:00,1,1
ES,ES.BDCA.AQD,NET_ES131A,STA_ES0125A,,SP_28079017_14_6,SPP_28079017_14_6.1,SAM_28079017_14_6,O3,http://dd.eionet.europa.eu/vocabulary/aq/pollutant/7,hour,73.6400000000,µg/m3,2017-06-27 16:00:00 +01:00,2017-06-27 17:00:00 +01:00,1,1
ES,ES.BDCA.AQD,NET_ES131A,STA_ES0125A,,SP_28079017_14_6,SPP_28079017_14_6.1,SAM_28079017_14_6,O3,http://dd.eionet.europa.eu/vocabulary/aq/pollutant/7,hour,68.5199999900,µg/m3,2017-06-27 17:00:00 +01:00,2017-06-27 18:00:00 +01:00,1,1
ES,ES.BDCA.AQD,NET_ES131A,STA_ES0125A,,SP_28079017_14_6,SPP_28079017_14_6.1,SAM_28079017_14_6,O3,http://dd.eionet.europa.eu/vocabulary/aq/pollutant/7,hour,64.8100000000,µg/m3,2017-06-27 18:00:00 +01:00,2017-06-27 19:00:00 +01:00,1,1
ES,ES.BDCA.AQD,NET_ES131A,STA_ES0125A,,SP_28079017_14_6,SPP_28079017_14_6.1,SAM_28079017_14_6,O3,http://dd.eionet.europa.eu/vocabulary/aq/pollutant/7,hour,71.6500000000,µg/m3,2017-06-27 19:00:00 +01:00,2017-06-27 20:00:00 +01:00,1,1
ES,ES.BDCA.AQD,NET_ES131A,STA_ES0125A,,SP_28079017_14_6,SPP_28079017_14_6.1,SAM_28079017_14_6,O3,http://dd.eionet.europa.eu/vocabulary/aq/pollutant/7,hour,66.7699999900,µg/m3,2017-06-27 20:00:00 +01:00,2017-06-27 21:00:00 +01:00,1,1
ES,ES.BDCA.AQD,NET_ES131A,STA_ES0125A,,SP_28079017_14_6,SPP_28079017_14_6.1,SAM_28079017_14_6,O3,http://dd.eionet.europa.eu/vocabulary/aq/pollutant/7,hour,65.6099999900,µg/m3,2017-06-27 21:00:00 +01:00,2017-06-27 22:00:00 +01:00,1,1
ES,ES.BDCA.AQD,NET_ES131A,STA_ES0125A,,SP_28079017_14_6,SPP_28079017_14_6.1,SAM_28079017_14_6,O3,http://dd.eionet.europa.eu/vocabulary/aq/pollutant/7,hour,54.6400000000,µg/m3,2017-06-27 22:00:00 +01:00,2017-06-27 23:00:00 +01:00,1,1
ES,ES.BDCA.AQD,NET_ES131A,STA_ES0125A,,SP_28079017_14_6,SPP_28079017_14_6.1,SAM_28079017_14_6,O3,http://dd.eionet.europa.eu/vocabulary/aq/pollutant/7,hour,52.3500000000,µg/m3,2017-06-27 23:00:00 +01:00,2017-06-28 00:00:00 +01:00,1,1
ES,ES.BDCA.AQD,NET_ES131A,STA_ES0125A,,SP_28079017_14_6,SPP_28079017_14_6.1,SAM_28079017_14_6,O3,http://dd.eionet.europa.eu/vocabulary/aq/pollutant/7,hour,50.8699999900,µg/m3,2017-06-28 00:00:00 +01:00,2017-06-28 01:00:00 +01:00,1,1
ES,ES.BDCA.AQD,NET_ES131A,STA_ES0125A,,SP_28079017_14_6,SPP_28079017_14_6.1,SAM_28079017_14_6,O3,http://dd.eionet.europa.eu/vocabulary/aq/pollutant/7,hour,45.2199999900,µg/m3,2017-06-28 01:00:00 +01:00,2017-06-28 02:00:00 +01:00,1,1
ES,ES.BDCA.AQD,NET_ES131A,STA_ES0125A,,SP_28079017_14_6,SPP_28079017_14_6.1,SAM_28079017_14_6,O3,http://dd.eionet.europa.eu/vocabulary/aq/pollutant/7,hour,45.1000000000,µg/m3,2017-06-28 02:00:00 +01:00,2017-06-28 03:00:00 +01:00,1,1
ES,ES.BDCA.AQD,NET_ES131A,STA_ES0125A,,SP_28079017_14_6,SPP_28079017_14_6.1,SAM_28079017_14_6,O3,http://dd.eionet.europa.eu/vocabulary/aq/pollutant/7,hour,46.1599999900,µg/m3,2017-06-28 03:00:00 +01:00,2017-06-28 04:00:00 +01:00,1,1
ES,ES.BDCA.AQD,NET_ES131A,STA_ES0125A,,SP_28079017_14_6,SPP_28079017_14_6.1,SAM_28079017_14_6,O3,http://dd.eionet.europa.eu/vocabulary/aq/pollutant/7,hour,46.6300000000,µg/m3,2017-06-28 04:00:00 +01:00,2017-06-28 05:00:00 +01:00,1,1
ES,ES.BDCA.AQD,NET_ES131A,STA_ES0125A,,SP_28079017_14_6,SPP_28079017_14_6.1,SAM_28079017_14_6,O3,http://dd.eionet.europa.eu/vocabulary/aq/pollutant/7,hour,27.0100000000,µg/m3,2017-06-28 05:00:00 +01:00,2017-06-28 06:00:00 +01:00,1,1
ES,ES.BDCA.AQD,NET_ES131A,STA_ES0125A,,SP_28079017_14_6,SPP_28079017_14_6.1,SAM_28079017_14_6,O3,http://dd.eionet.europa.eu/vocabulary/aq/pollutant/7,hour,23.1600000000,µg/m3,2017-06-28 06:00:00 +01:00,2017-06-28 07:00:00 +01:00,1,1
ES,ES.BDCA.AQD,NET_ES131A,STA_ES0125A,,SP_28079017_14_6,SPP_28079017_14_6.1,SAM_28079017_14_6,O3,http://dd.eionet.europa.eu/vocabulary/aq/pollutant/7,hour,26.2800000000,µg/m3,2017-06-28 07:00:00 +01:00,2017-06-28 08:00:00 +01:00,1,1
ES,ES.BDCA.AQD,NET_ES131A,STA_ES0125A,,SP_28079017_14_6,SPP_28079017_14_6.1,SAM_28079017_14_6,O3,http://dd.eionet.europa.eu/vocabulary/aq/pollutant/7,hour,32.4300000000,µg/m3,2017-06-28 08:00:00 +01:00,2017-06-28 09:00:00 +01:00,1,1
ES,ES.BDCA.AQD,NET_ES131A,STA_ES0125A,,SP_28079017_14_6,SPP_28079017_14_6.1,SAM_28079017_14_6,O3,http://dd.eionet.europa.eu/vocabulary/aq/pollutant/7,hour,40.7500000000,µg/m3,2017-06-28 09:00:00 +01:00,2017-06-28 10:00:00 +01:00,1,1
ES,ES.BDCA.AQD,NET_ES131A,STA_ES0125A,,SP_28079017_14_6,SPP_28079017_14_6.1,SAM_28079017_14_6,O3,http://dd.eionet.europa.eu/vocabulary/aq/pollutant/7,hour,47.1099999900,µg/m3,2017-06-28 10:00:00 +01:00,2017-06-28 11:00:00 +01:00,1,1
ES,ES.BDCA.AQD,NET_ES131A,STA_ES0125A,,SP_28079017_14_6,SPP_28079017_14_6.1,SAM_28079017_14_6,O3,http://dd.eionet.europa.eu/vocabulary/aq/pollutant/7,hour,48.3900000000,µg/m3,2017-06-28 11:00:00 +01:00,2017-06-28 12:00:00 +01:00,1,1
ES,ES.BDCA.AQD,NET_ES131A,STA_ES0125A,,SP_28079017_14_6,SPP_28079017_14_6.1,SAM_28079017_14_6,O3,http://dd.eionet.europa.eu/vocabulary/aq/pollutant/7,hour,50.9500000000,µg/m3,2017-06-28 12:00:00 +01:00,2017-06-28 13:00:00 +01:00,1,1
ES,ES.BDCA.AQD,NET_ES131A,STA_ES0125A,,SP_28079017_14_6,SPP_28079017_14_6.1,SAM_28079017_14_6,O3,http://dd.eionet.europa.eu/vocabulary/aq/pollutant/7,hour,48.1099999900,µg/m3,2017-06-28 13:00:00 +01:00,2017-06-28 14:00:00 +01:00,1,1
ES,ES.BDCA.AQD,NET_ES131A,STA_ES0125A,,SP_28079017_14_6,SPP_28079017_14_6.1,SAM_28079017_14_6,O3,http://dd.eionet.europa.eu/vocabulary/aq/pollutant/7,hour,53.6899999900,µg/m3,2017-06-28 14:00:00 +01:00,2017-06-28 15:00:00 +01:00,1,1
ES,ES.BDCA.AQD,NET_ES131A,STA_ES0125A,,SP_28079017_14_6,SPP_28079017_14_6.1,SAM_28079017_14_6,O3,http://dd.eionet.europa.eu/vocabulary/aq/pollutant/7,hour,61.8200000000,µg/m3,2017-06-28 15:00:00 +01:00,2017-06-28 16:00:00 +01:00,1,1
ES,ES.BDCA.AQD,NET_ES131A,STA_ES0125A,,SP_28079017_14_6,SPP_28079017_14_6.1,SAM_28079017_14_6,O3,http://dd.eionet.europa.eu/vocabulary/aq/pollutant/7,hour,64.4699999900,µg/m3,2017-06-28 16:00:00 +01:00,2017-06-28 17:00:00 +01:00,1,1
ES,ES.BDCA.AQD,NET_ES131A,STA_ES0125A,,SP_28079017_14_6,SPP_28079017_14_6.1,SAM_28079017_14_6,O3,http://dd.eionet.europa.eu/vocabulary/aq/pollutant/7,hour,69.2399999900,µg/m3,2017-06-28 17:00:00 +01:00,2017-06-28 18:00:00 +01:00,1,1
ES,ES.BDCA.AQD,NET_ES131A,STA_ES0125A,,SP_28079017_14_6,SPP_28079017_14_6.1,SAM_28079017_14_6,O3,http://dd.eionet.europa.eu/vocabulary/aq/pollutant/7,hour,75.1200000000,µg/m3,2017-06-28 18:00:00 +01:00,2017-06-28 19:00:00 +01:00,1,1
ES,ES.BDCA.AQD,NET_ES131A,STA_ES0125A,,SP_28079017_14_6,SPP_28079017_14_6.1,SAM_28079017_14_6,O3,http://dd.eionet.europa.eu/vocabulary/aq/pollutant/7,hour,76.3700000000,µg/m3,2017-06-28 19:00:00 +01:00,2017-06-28 20:00:00 +01:00,1,1
ES,ES.BDCA.AQD,NET_ES131A,STA_ES0125A,,SP_28079017_14_6,SPP_28079017_14_6.1,SAM_28079017_14_6,O3,http://dd.eionet.europa.eu/vocabulary/aq/pollutant/7,hour,82.6599999900,µg/m3,2017-06-28 20:00:00 +01:00,2017-06-28 21:00:00 +01:00,1,1
ES,ES.BDCA.AQD,NET_ES131A,STA_ES0125A,,SP_28079017_14_6,SPP_28079017_14_6.1,SAM_28079017_14_6,O3,http://dd.eionet.europa.eu/vocabulary/aq/pollutant/7,hour,88.3499999900,µg/m3,2017-06-28 21:00:00 +01:00,2017-06-28 22:00:00 +01:00,1,1
ES,ES.BDCA.AQD,NET_ES131A,STA_ES0125A,,SP_28079017_14_6,SPP_28079017_14_6.1,SAM_28079017_14_6,O3,http://dd.eionet.europa.eu/vocabulary/aq/pollutant/7,hour,86.4200000000,µg/m3,2017-06-28 22:00:00 +01:00,2017-06-28 23:00:00 +01:00,1,1
ES,ES.BDCA.AQD,NET_ES131A,STA_ES0125A,,SP_28079017_14_6,SPP_28079017_14_6.1,SAM_28079017_14_6,O3,http://dd.eionet.europa.eu/vocabulary/aq/pollutant/7,hour,81.4899999900,µg/m3,2017-06-28 23:00:00 +01:00,2017-06-29 00:00:00 +01:00,1,1
ES,ES.BDCA.AQD,NET_ES131A,STA_ES0125A,,SP_28079017_14_6,SPP_28079017_14_6.1,SAM_28079017_14_6,O3,http://dd.eionet.europa.eu/vocabulary/aq/pollutant/7,hour,75.4200000000,µg/m3,2017-06-29 00:00:00 +01:00,2017-06-29 01:00:00 +01:00,1,1
ES,ES.BDCA.AQD,NET_ES131A,STA_ES0125A,,SP_28079017_14_6,SPP_28079017_14_6.1,SAM_28079017_14_6,O3,http://dd.eionet.europa.eu/vocabulary/aq/pollutant/7,hour,66.9399999900,µg/m3,2017-06-29 01:00:00 +01:00,2017-06-29 02:00:00 +01:00,1,1
ES,ES.BDCA.AQD,NET_ES131A,STA_ES0125A,,SP_28079017_14_6,SPP_28079017_14_6.1,SAM_28079017_14_6,O3,http://dd.eionet.europa.eu/vocabulary/aq/pollutant/7,hour,64.0999999900,µg/m3,2017-06-29 02:00:00 +01:00,2017-06-29 03:00:00 +01:00,1,1
ES,ES.BDCA.AQD,NET_ES131A,STA_ES0125A,,SP_28079017_14_6,SPP_28079017_14_6.1,SAM_28079017_14_6,O3,http://dd.eionet.europa.eu/vocabulary/aq/pollutant/7,hour,66.7399999900,µg/m3,2017-06-29 03:00:00 +01:00,2017-06-29 04:00:00 +01:00,1,1
ES,ES.BDCA.AQD,NET_ES131A,STA_ES0125A,,SP_28079017_14_6,SPP_28079017_14_6.1,SAM_28079017_14_6,O3,http://dd.eionet.europa.eu/vocabulary/aq/pollutant/7,hour,61.1099999900,µg/m3,2017-06-29 04:00:00 +01:00,2017-06-29 05:00:00 +01:00,1,1
ES,ES.BDCA.AQD,NET_ES131A,STA_ES0125A,,SP_28079017_14_6,SPP_28079017_14_6.1,SAM_28079017_14_6,O3,http://dd.eionet.europa.eu/vocabulary/aq/pollutant/7,hour,40.4900000000,µg/m3,2017-06-29 05:00:00 +01:00,2017-06-29 06:00:00 +01:00,1,1
ES,ES.BDCA.AQD,NET_ES131A,STA_ES0125A,,SP_28079017_14_6,SPP_28079017_14_6.1,SAM_28079017_14_6,O3,http://dd.eionet.europa.eu/vocabulary/aq/pollutant/7,hour,41.3100000000,µg/m3,2017-06-29 06:00:00 +01:00,2017-06-29 07:00:00 +01:00,1,1
ES,ES.BDCA.AQD,NET_ES131A,STA_ES0125A,,SP_28079017_14_6,SPP_28079017_14_6.1,SAM_28079017_14_6,O3,http://dd.eionet.europa.eu/vocabulary/aq/pollutant/7,hour,49.6899999900,µg/m3,2017-06-29 07:00:00 +01:00,2017-06-29 08:00:00 +01:00,1,1
ES,ES.BDCA.AQD,NET_ES131A,STA_ES0125A,,SP_28079017_14_6,SPP_28079017_14_6.1,SAM_28079017_14_6,O3,http://dd.eionet.europa.eu/vocabulary/aq/pollutant/7,hour,56.6000000000,µg/m3,2017-06-29 08:00:00 +01:00,2017-06-29 09:00:00 +01:00,1,1
ES,ES.BDCA.AQD,NET_ES131A,STA_ES0125A,,SP_28079017_14_6,SPP_28079017_14_6.1,SAM_28079017_14_6,O3,http://dd.eionet.europa.eu/vocabulary/aq/pollutant/7,hour,63.2299999900,µg/m3,2017-06-29 09:00:00 +01:00,2017-06-29 10:00:00 +01:00,1,1
ES,ES.BDCA.AQD,NET_ES131A,STA_ES0125A,,SP_28079017_14_6,SPP_28079017_14_6.1,SAM_28079017_14_6,O3,http://dd.eionet.europa.eu/vocabulary/aq/pollutant/7,hour,64.3900000000,µg/m3,2017-06-29 10:00:00 +01:00,2017-06-29 11:00:00 +01:00,1,1
ES,ES.BDCA.AQD,NET_ES131A,STA_ES0125A,,SP_28079017_14_6,SPP_28079017_14_6.1,SAM_28079017_14_6,O3,http://dd.eionet.europa.eu/vocabulary/aq/pollutant/7,hour,66.3799999900,µg/m3,2017-06-29 11:00:00 +01:00,2017-06-29 12:00:00 +01:00,1,1
ES,ES.BDCA.AQD,NET_ES131A,STA_ES0125A,,SP_28079017_14_6,SPP_28079017_14_6.1,SAM_28079017_14_6,O3,http://dd.eionet.europa.eu/vocabulary/aq/pollutant/7,hour,72.1099999900,µg/m3,2017-06-29 12:00:00 +01:00,2017-06-29 13:00:00 +01:00,1,1
ES,ES.BDCA.AQD,NET_ES131A,STA_ES0125A,,SP_28079017_14_6,SPP_28079017_14_6.1,SAM_28079017_14_6,O3,http://dd.eionet.europa.eu/vocabulary/aq/pollutant/7,hour,75.7800000000,µg/m3,2017-06-29 13:00:00 +01:00,2017-06-29 14:00:00 +01:00,1,1
ES,ES.BDCA.AQD,NET_ES131A,STA_ES0125A,,SP_28079017_14_6,SPP_28079017_14_6.1,SAM_28079017_14_6,O3,http://dd.eionet.europa.eu/vocabulary/aq/pollutant/7,hour,78.2000000000,µg/m3,2017-06-29 14:00:00 +01:00,2017-06-29 15:00:00 +01:00,1,1
ES,ES.BDCA.AQD,NET_ES131A,STA_ES0125A,,SP_28079017_14_6,SPP_28079017_14_6.1,SAM_28079017_14_6,O3,http://dd.eionet.europa.eu/vocabulary/aq/pollutant/7,hour,81.7699999900,µg/m3,2017-06-29 15:00:00 +01:00,2017-06-29 16:00:00 +01:00,1,1
ES,ES.BDCA.AQD,NET_ES131A,STA_ES0125A,,SP_28079017_14_6,SPP_28079017_14_6.1,SAM_28079017_14_6,O3,http://dd.eionet.europa.eu/vocabulary/aq/pollutant/7,hour,84.0999999900,µg/m3,2017-06-29 16:00:00 +01:00,2017-06-29 17:00:00 +01:00,1,1
ES,ES.BDCA.AQD,NET_ES131A,STA_ES0125A,,SP_28079017_14_6,SPP_28079017_14_6.1,SAM_28079017_14_6,O3,http://dd.eionet.europa.eu/vocabulary/aq/pollutant/7,hour,84.0799999900,µg/m3,2017-06-29 17:00:00 +01:00,2017-06-29 18:00:00 +01:00,1,1
ES,ES.BDCA.AQD,NET_ES131A,STA_ES0125A,,SP_28079017_14_6,SPP_28079017_14_6.1,SAM_28079017_14_6,O3,http://dd.eionet.europa.eu/vocabulary/aq/pollutant/7,hour,83.1099999900,µg/m3,2017-06-29 18:00:00 +01:00,2017-06-29 19:00:00 +01:00,1,1
ES,ES.BDCA.AQD,NET_ES131A,STA_ES0125A,,SP_28079017_14_6,SPP_28079017_14_6.1,SAM_28079017_14_6,O3,http://dd.eionet.europa.eu/vocabulary/aq/pollutant/7,hour,76.7800000000,µg/m3,2017-06-29 19:00:00 +01:00,2017-06-29 20:00:00 +01:00,1,1
ES,ES.BDCA.AQD,NET_ES131A,STA_ES0125A,,SP_28079017_14_6,SPP_28079017_14_6.1,SAM_28079017_14_6,O3,http://dd.eionet.europa.eu/vocabulary/aq/pollutant/7,hour,71.7900000000,µg/m3,2017-06-29 20:00:00 +01:00,2017-06-29 21:00:00 +01:00,1,1
ES,ES.BDCA.AQD,NET_ES131A,STA_ES0125A,,SP_28079017_14_6,SPP_28079017_14_6.1,SAM_28079017_14_6,O3,http://dd.eionet.europa.eu/vocabulary/aq/pollutant/7,hour,69.0699999900,µg/m3,2017-06-29 21:00:00 +01:00,2017-06-29 22:00:00 +01:00,1,1
ES,ES.BDCA.AQD,NET_ES131A,STA_ES0125A,,SP_28079017_14_6,SPP_28079017_14_6.1,SAM_28079017_14_6,O3,http://dd.eionet.europa.eu/vocabulary/aq/pollutant/7,hour,66.4899999900,µg/m3,2017-06-29 22:00:00 +01:00,2017-06-29 23:00:00 +01:00,1,1
ES,ES.BDCA.AQD,NET_ES131A,STA_ES0125A,,SP_28079017_14_6,SPP_28079017_14_6.1,SAM_28079017_14_6,O3,http://dd.eionet.europa.eu/vocabulary/aq/pollutant/7,hour,63.9900000000,µg/m3,2017-06-29 23:00:00 +01:00,2017-06-30 00:00:00 +01:00,1,1
ES,ES.BDCA.AQD,NET_ES131A,STA_ES0125A,,SP_28079017_14_6,SPP_28079017_14_6.1,SAM_28079017_14_6,O3,http://dd.eionet.europa.eu/vocabulary/aq/pollutant/7,hour,61.6099999900,µg/m3,2017-06-30 00:00:00 +01:00,2017-06-30 01:00:00 +01:00,1,1
ES,ES.BDCA.AQD,NET_ES131A,STA_ES0125A,,SP_28079017_14_6,SPP_28079017_14_6.1,SAM_28079017_14_6,O3,http://dd.eionet.europa.eu/vocabulary/aq/pollutant/7,hour,60.0700000000,µg/m3,2017-06-30 01:00:00 +01:00,2017-06-30 02:00:00 +01:00,1,1
ES,ES.BDCA.AQD,NET_ES131A,STA_ES0125A,,SP_28079017_14_6,SPP_28079017_14_6.1,SAM_28079017_14_6,O3,http://dd.eionet.europa.eu/vocabulary/aq/pollutant/7,hour,57.0399999900,µg/m3,2017-06-30 02:00:00 +01:00,2017-06-30 03:00:00 +01:00,1,1
ES,ES.BDCA.AQD,NET_ES131A,STA_ES0125A,,SP_28079017_14_6,SPP_28079017_14_6.1,SAM_28079017_14_6,O3,http://dd.eionet.europa.eu/vocabulary/aq/pollutant/7,hour,62.2599999900,µg/m3,2017-06-30 03:00:00 +01:00,2017-06-30 04:00:00 +01:00,1,1
ES,ES.BDCA.AQD,NET_ES131A,STA_ES0125A,,SP_28079017_14_6,SPP_28079017_14_6.1,SAM_28079017_14_6,O3,http://dd.eionet.europa.eu/vocabulary/aq/pollutant/7,hour,59.7700000000,µg/m3,2017-06-30 04:00:00 +01:00,2017-06-30 05:00:00 +01:00,1,1
ES,ES.BDCA.AQD,NET_ES131A,STA_ES0125A,,SP_28079017_14_6,SPP_28079017_14_6.1,SAM_28079017_14_6,O3,http://dd.eionet.europa.eu/vocabulary/aq/pollutant/7,hour,55.1400000000,µg/m3,2017-06-30 05:00:00 +01:00,2017-06-30 06:00:00 +01:00,1,1
ES,ES.BDCA.AQD,NET_ES131A,STA_ES0125A,,SP_28079017_14_6,SPP_28079017_14_6.1,SAM_28079017_14_6,O3,http://dd.eionet.europa.eu/vocabulary/aq/pollutant/7,hour,48.0499999900,µg/m3,2017-06-30 06:00:00 +01:00,2017-06-30 07:00:00 +01:00,1,1
ES,ES.BDCA.AQD,NET_ES131A,STA_ES0125A,,SP_28079017_14_6,SPP_28079017_14_6.1,SAM_28079017_14_6,O3,http://dd.eionet.europa.eu/vocabulary/aq/pollutant/7,hour,47.1400000000,µg/m3,2017-06-30 07:00:00 +01:00,2017-06-30 08:00:00 +01:00,1,1
ES,ES.BDCA.AQD,NET_ES131A,STA_ES0125A,,SP_28079017_14_6,SPP_28079017_14_6.1,SAM_28079017_14_6,O3,http://dd.eionet.europa.eu/vocabulary/aq/pollutant/7,hour,50.7999999900,µg/m3,2017-06-30 08:00:00 +01:00,2017-06-30 09:00:00 +01:00,1,1
ES,ES.BDCA.AQD,NET_ES131A,STA_ES0125A,,SP_28079017_14_6,SPP_28079017_14_6.1,SAM_28079017_14_6,O3,http://dd.eionet.europa.eu/vocabulary/aq/pollutant/7,hour,55.2199999900,µg/m3,2017-06-30 09:00:00 +01:00,2017-06-30 10:00:00 +01:00,1,1
ES,ES.BDCA.AQD,NET_ES131A,STA_ES0125A,,SP_28079017_14_6,SPP_28079017_14_6.1,SAM_28079017_14_6,O3,http://dd.eionet.europa.eu/vocabulary/aq/pollutant/7,hour,54.7700000000,µg/m3,2017-06-30 10:00:00 +01:00,2017-06-30 11:00:00 +01:00,1,1
ES,ES.BDCA.AQD,NET_ES131A,STA_ES0125A,,SP_28079017_14_6,SPP_28079017_14_6.1,SAM_28079017_14_6,O3,http://dd.eionet.europa.eu/vocabulary/aq/pollutant/7,hour,61.5399999900,µg/m3,2017-06-30 11:00:00 +01:00,2017-06-30 12:00:00 +01:00,1,1
ES,ES.BDCA.AQD,NET_ES131A,STA_ES0125A,,SP_28079017_14_6,SPP_28079017_14_6.1,SAM_28079017_14_6,O3,http://dd.eionet.europa.eu/vocabulary/aq/pollutant/7,hour,65.2600000000,µg/m3,2017-06-30 12:00:00 +01:00,2017-06-30 13:00:00 +01:00,1,1
ES,ES.BDCA.AQD,NET_ES131A,STA_ES0125A,,SP_28079017_14_6,SPP_28079017_14_6.1,SAM_28079017_14_6,O3,http://dd.eionet.europa.eu/vocabulary/aq/pollutant/7,hour,68.9399999900,µg/m3,2017-06-30 13:00:00 +01:00,2017-06-30 14:00:00 +01:00,1,1
ES,ES.BDCA.AQD,NET_ES131A,STA_ES0125A,,SP_28079017_14_6,SPP_28079017_14_6.1,SAM_28079017_14_6,O3,http://dd.eionet.europa.eu/vocabulary/aq/pollutant/7,hour,71.8700000000,µg/m3,2017-06-30 14:00:00 +01:00,2017-06-30 15:00:00 +01:00,1,1
ES,ES.BDCA.AQD,NET_ES131A,STA_ES0125A,,SP_28079017_14_6,SPP_28079017_14_6.1,SAM_28079017_14_6,O3,http://dd.eionet.europa.eu/vocabulary/aq/pollutant/7,hour,72.0900000000,µg/m3,2017-06-30 15:00:00 +01:00,2017-06-30 16:00:00 +01:00,1,1
ES,ES.BDCA.AQD,NET_ES131A,STA_ES0125A,,SP_28079017_14_6,SPP_28079017_14_6.1,SAM_28079017_14_6,O3,http://dd.eionet.europa.eu/vocabulary/aq/pollutant/7,hour,69.0900000000,µg/m3,2017-06-30 16:00:00 +01:00,2017-06-30 17:00:00 +01:00,1,1
ES,ES.BDCA.AQD,NET_ES131A,STA_ES0125A,,SP_28079017_14_6,SPP_28079017_14_6.1,SAM_28079017_14_6,O3,http://dd.eionet.europa.eu/vocabulary/aq/pollutant/7,hour,61.7899999900,µg/m3,2017-06-30 17:00:00 +01:00,2017-06-30 18:00:00 +01:00,1,1
ES,ES.BDCA.AQD,NET_ES131A,STA_ES0125A,,SP_28079017_14_6,SPP_28079017_14_6.1,SAM_28079017_14_6,O3,http://dd.eionet.europa.eu/vocabulary/aq/pollutant/7,hour,62.6499999900,µg/m3,2017-06-30 18:00:00 +01:00,2017-06-30 19:00:00 +01:00,1,1
ES,ES.BDCA.AQD,NET_ES131A,STA_ES0125A,,SP_28079017_14_6,SPP_28079017_14_6.1,SAM_28079017_14_6,O3,http://dd.eionet.europa.eu/vocabulary/aq/pollutant/7,hour,61.8999999900,µg/m3,2017-06-30 19:00:00 +01:00,2017-06-30 20:00:00 +01:00,1,1
ES,ES.BDCA.AQD,NET_ES131A,STA_ES0125A,,SP_28079017_14_6,SPP_28079017_14_6.1,SAM_28079017_14_6,O3,http://dd.eionet.europa.eu/vocabulary/aq/pollutant/7,hour,54.9099999900,µg/m3,2017-06-30 20:00:00 +01:00,2017-06-30 21:00:00 +01:00,1,1
ES,ES.BDCA.AQD,NET_ES131A,STA_ES0125A,,SP_28079017_14_6,SPP_28079017_14_6.1,SAM_28079017_14_6,O3,http://dd.eionet.europa.eu/vocabulary/aq/pollutant/7,hour,53.4600000000,µg/m3,2017-06-30 21:00:00 +01:00,2017-06-30 22:00:00 +01:00,1,1
ES,ES.BDCA.AQD,NET_ES131A,STA_ES0125A,,SP_28079017_14_6,SPP_28079017_14_6.1,SAM_28079017_14_6,O3,http://dd.eionet.europa.eu/vocabulary/aq/pollutant/7,hour,50.6899999900,µg/m3,2017-06-30 22:00:00 +01:00,2017-06-30 23:00:00 +01:00,1,1
ES,ES.BDCA.AQD,NET_ES131A,STA_ES0125A,,SP_28079017_14_6,SPP_28079017_14_6.1,SAM_28079017_14_6,O3,http://dd.eionet.europa.eu/vocabulary/aq/pollutant/7,hour,46.7100000000,µg/m3,2017-06-30 23:00:00 +01:00,2017-07-01 00:00:00 +01:00,1,1
ES,ES.BDCA.AQD,NET_ES131A,STA_ES0125A,,SP_28079017_14_6,SPP_28079017_14_6.1,SAM_28079017_14_6,O3,http://dd.eionet.europa.eu/vocabulary/aq/pollutant/7,hour,58.0200000000,µg/m3,2017-07-01 00:00:00 +01:00,2017-07-01 01:00:00 +01:00,1,1
ES,ES.BDCA.AQD,NET_ES131A,STA_ES0125A,,SP_28079017_14_6,SPP_28079017_14_6.1,SAM_28079017_14_6,O3,http://dd.eionet.europa.eu/vocabulary/aq/pollutant/7,hour,62.6899999900,µg/m3,2017-07-01 01:00:00 +01:00,2017-07-01 02:00:00 +01:00,1,1
ES,ES.BDCA.AQD,NET_ES131A,STA_ES0125A,,SP_28079017_14_6,SPP_28079017_14_6.1,SAM_28079017_14_6,O3,http://dd.eionet.europa.eu/vocabulary/aq/pollutant/7,hour,67.8599999900,µg/m3,2017-07-01 02:00:00 +01:00,2017-07-01 03:00:00 +01:00,1,1
ES,ES.BDCA.AQD,NET_ES131A,STA_ES0125A,,SP_28079017_14_6,SPP_28079017_14_6.1,SAM_28079017_14_6,O3,http://dd.eionet.europa.eu/vocabulary/aq/pollutant/7,hour,67.2600000000,µg/m3,2017-07-01 03:00:00 +01:00,2017-07-01 04:00:00 +01:00,1,1
ES,ES.BDCA.AQD,NET_ES131A,STA_ES0125A,,SP_28079017_14_6,SPP_28079017_14_6.1,SAM_28079017_14_6,O3,http://dd.eionet.europa.eu/vocabulary/aq/pollutant/7,hour,68.9300000000,µg/m3,2017-07-01 04:00:00 +01:00,2017-07-01 05:00:00 +01:00,1,1
ES,ES.BDCA.AQD,NET_ES131A,STA_ES0125A,,SP_28079017_14_6,SPP_28079017_14_6.1,SAM_28079017_14_6,O3,http://dd.eionet.europa.eu/vocabulary/aq/pollutant/7,hour,66.3400000000,µg/m3,2017-07-01 05:00:00 +01:00,2017-07-01 06:00:00 +01:00,1,1
ES,ES.BDCA.AQD,NET_ES131A,STA_ES0125A,,SP_28079017_14_6,SPP_28079017_14_6.1,SAM_28079017_14_6,O3,http://dd.eionet.europa.eu/vocabulary/aq/pollutant/7,hour,62.3699999900,µg/m3,2017-07-01 06:00:00 +01:00,2017-07-01 07:00:00 +01:00,1,1
ES,ES.BDCA.AQD,NET_ES131A,STA_ES0125A,,SP_28079017_14_6,SPP_28079017_14_6.1,SAM_28079017_14_6,O3,http://dd.eionet.europa.eu/vocabulary/aq/pollutant/7,hour,58.5600000000,µg/m3,2017-07-01 07:00:00 +01:00,2017-07-01 08:00:00 +01:00,1,1
ES,ES.BDCA.AQD,NET_ES131A,STA_ES0125A,,SP_28079017_14_6,SPP_28079017_14_6.1,SAM_28079017_14_6,O3,http://dd.eionet.europa.eu/vocabulary/aq/pollutant/7,hour,64.5499999900,µg/m3,2017-07-01 08:00:00 +01:00,2017-07-01 09:00:00 +01:00,1,1
ES,ES.BDCA.AQD,NET_ES131A,STA_ES0125A,,SP_28079017_14_6,SPP_28079017_14_6.1,SAM_28079017_14_6,O3,http://dd.eionet.europa.eu/vocabulary/aq/pollutant/7,hour,69.9500000000,µg/m3,2017-07-01 09:00:00 +01:00,2017-07-01 10:00:00 +01:00,1,1
ES,ES.BDCA.AQD,NET_ES131A,STA_ES0125A,,SP_28079017_14_6,SPP_28079017_14_6.1,SAM_28079017_14_6,O3,http://dd.eionet.europa.eu/vocabulary/aq/pollutant/7,hour,70.5600000000,µg/m3,2017-07-01 10:00:00 +01:00,2017-07-01 11:00:00 +01:00,1,1
ES,ES.BDCA.AQD,NET_ES131A,STA_ES0125A,,SP_28079017_14_6,SPP_28079017_14_6.1,SAM_28079017_14_6,O3,http://dd.eionet.europa.eu/vocabulary/aq/pollutant/7,hour,70.7300000000,µg/m3,2017-07-01 11:00:00 +01:00,2017-07-01 12:00:00 +01:00,1,1
ES,ES.BDCA.AQD,NET_ES131A,STA_ES0125A,,SP_28079017_14_6,SPP_28079017_14_6.1,SAM_28079017_14_6,O3,http://dd.eionet.europa.eu/vocabulary/aq/pollutant/7,hour,71.6400000000,µg/m3,2017-07-01 12:00:00 +01:00,2017-07-01 13:00:00 +01:00,1,1
ES,ES.BDCA.AQD,NET_ES131A,STA_ES0125A,,SP_28079017_14_6,SPP_28079017_14_6.1,SAM_28079017_14_6,O3,http://dd.eionet.europa.eu/vocabulary/aq/pollutant/7,hour,73.1599999900,µg/m3,2017-07-01 13:00:00 +01:00,2017-07-01 14:00:00 +01:00,1,1
ES,ES.BDCA.AQD,NET_ES131A,STA_ES0125A,,SP_28079017_14_6,SPP_28079017_14_6.1,SAM_28079017_14_6,O3,http://dd.eionet.europa.eu/vocabulary/aq/pollutant/7,hour,78.0900000000,µg/m3,2017-07-01 14:00:00 +01:00,2017-07-01 15:00:00 +01:00,1,1
ES,ES.BDCA.AQD,NET_ES131A,STA_ES0125A,,SP_28079017_14_6,SPP_28079017_14_6.1,SAM_28079017_14_6,O3,http://dd.eionet.europa.eu/vocabulary/aq/pollutant/7,hour,80.7800000000,µg/m3,2017-07-01 15:00:00 +01:00,2017-07-01 16:00:00 +01:00,1,1
ES,ES.BDCA.AQD,NET_ES131A,STA_ES0125A,,SP_28079017_14_6,SPP_28079017_14_6.1,SAM_28079017_14_6,O3,http://dd.eionet.europa.eu/vocabulary/aq/pollutant/7,hour,82.4899999900,µg/m3,2017-07-01 16:00:00 +01:00,2017-07-01 17:00:00 +01:00,1,1
ES,ES.BDCA.AQD,NET_ES131A,STA_ES0125A,,SP_28079017_14_6,SPP_28079017_14_6.1,SAM_28079017_14_6,O3,http://dd.eionet.europa.eu/vocabulary/aq/pollutant/7,hour,85.5999999900,µg/m3,2017-07-01 17:00:00 +01:00,2017-07-01 18:00:00 +01:00,1,1
ES,ES.BDCA.AQD,NET_ES131A,STA_ES0125A,,SP_28079017_14_6,SPP_28079017_14_6.1,SAM_28079017_14_6,O3,http://dd.eionet.europa.eu/vocabulary/aq/pollutant/7,hour,81.1500000000,µg/m3,2017-07-01 18:00:00 +01:00,2017-07-01 19:00:00 +01:00,1,1
ES,ES.BDCA.AQD,NET_ES131A,STA_ES0125A,,SP_28079017_14_6,SPP_28079017_14_6.1,SAM_28079017_14_6,O3,http://dd.eionet.europa.eu/vocabulary/aq/pollutant/7,hour,78.6299999900,µg/m3,2017-07-01 19:00:00 +01:00,2017-07-01 20:00:00 +01:00,1,1
ES,ES.BDCA.AQD,NET_ES131A,STA_ES0125A,,SP_28079017_14_6,SPP_28079017_14_6.1,SAM_28079017_14_6,O3,http://dd.eionet.europa.eu/vocabulary/aq/pollutant/7,hour,69.8700000000,µg/m3,2017-07-01 20:00:00 +01:00,2017-07-01 21:00:00 +01:00,1,1
ES,ES.BDCA.AQD,NET_ES131A,STA_ES0125A,,SP_28079017_14_6,SPP_28079017_14_6.1,SAM_28079017_14_6,O3,http://dd.eionet.europa.eu/vocabulary/aq/pollutant/7,hour,63.5200000000,µg/m3,2017-07-01 21:00:00 +01:00,2017-07-01 22:00:00 +01:00,1,1
ES,ES.BDCA.AQD,NET_ES131A,STA_ES0125A,,SP_28079017_14_6,SPP_28079017_14_6.1,SAM_28079017_14_6,O3,http://dd.eionet.europa.eu/vocabulary/aq/pollutant/7,hour,63.4200000000,µg/m3,2017-07-01 22:00:00 +01:00,2017-07-01 23:00:00 +01:00,1,1
ES,ES.BDCA.AQD,NET_ES131A,STA_ES0125A,,SP_28079017_14_6,SPP_28079017_14_6.1,SAM_28079017_14_6,O3,http://dd.eionet.europa.eu/vocabulary/aq/pollutant/7,hour,60.0300000000,µg/m3,2017-07-01 23:00:00 +01:00,2017-07-02 00:00:00 +01:00,1,1
ES,ES.BDCA.AQD,NET_ES131A,STA_ES0125A,,SP_28079017_14_6,SPP_28079017_14_6.1,SAM_28079017_14_6,O3,http://dd.eionet.europa.eu/vocabulary/aq/pollutant/7,hour,53.1000000000,µg/m3,2017-07-02 00:00:00 +01:00,2017-07-02 01:00:00 +01:00,1,1
ES,ES.BDCA.AQD,NET_ES131A,STA_ES0125A,,SP_28079017_14_6,SPP_28079017_14_6.1,SAM_28079017_14_6,O3,http://dd.eionet.europa.eu/vocabulary/aq/pollutant/7,hour,56.3400000000,µg/m3,2017-07-02 01:00:00 +01:00,2017-07-02 02:00:00 +01:00,1,1
ES,ES.BDCA.AQD,NET_ES131A,STA_ES0125A,,SP_28079017_14_6,SPP_28079017_14_6.1,SAM_28079017_14_6,O3,http://dd.eionet.europa.eu/vocabulary/aq/pollutant/7,hour,52.7199999900,µg/m3,2017-07-02 02:00:00 +01:00,2017-07-02 03:00:00 +01:00,1,1
ES,ES.BDCA.AQD,NET_ES131A,STA_ES0125A,,SP_28079017_14_6,SPP_28079017_14_6.1,SAM_28079017_14_6,O3,http://dd.eionet.europa.eu/vocabulary/aq/pollutant/7,hour,54.7800000000,µg/m3,2017-07-02 03:00:00 +01:00,2017-07-02 04:00:00 +01:00,1,1
ES,ES.BDCA.AQD,NET_ES131A,STA_ES0125A,,SP_28079017_14_6,SPP_28079017_14_6.1,SAM_28079017_14_6,O3,http://dd.eionet.europa.eu/vocabulary/aq/pollutant/7,hour,53.9699999900,µg/m3,2017-07-02 04:00:00 +01:00,2017-07-02 05:00:00 +01:00,1,1
ES,ES.BDCA.AQD,NET_ES131A,STA_ES0125A,,SP_28079017_14_6,SPP_28079017_14_6.1,SAM_28079017_14_6,O3,http://dd.eionet.europa.eu/vocabulary/aq/pollutant/7,hour,49.6599999900,µg/m3,2017-07-02 05:00:00 +01:00,2017-07-02 06:00:00 +01:00,1,1
ES,ES.BDCA.AQD,NET_ES131A,STA_ES0125A,,SP_28079017_14_6,SPP_28079017_14_6.1,SAM_28079017_14_6,O3,http://dd.eionet.europa.eu/vocabulary/aq/pollutant/7,hour,41.4300000000,µg/m3,2017-07-02 06:00:00 +01:00,2017-07-02 07:00:00 +01:00,1,1
ES,ES.BDCA.AQD,NET_ES131A,STA_ES0125A,,SP_28079017_14_6,SPP_28079017_14_6.1,SAM_28079017_14_6,O3,http://dd.eionet.europa.eu/vocabulary/aq/pollutant/7,hour,46.1599999900,µg/m3,2017-07-02 07:00:00 +01:00,2017-07-02 08:00:00 +01:00,1,1
ES,ES.BDCA.AQD,NET_ES131A,STA_ES0125A,,SP_28079017_14_6,SPP_28079017_14_6.1,SAM_28079017_14_6,O3,http://dd.eionet.europa.eu/vocabulary/aq/pollutant/7,hour,49.8999999900,µg/m3,2017-07-02 08:00:00 +01:00,2017-07-02 09:00:00 +01:00,1,1
ES,ES.BDCA.AQD,NET_ES131A,STA_ES0125A,,SP_28079017_14_6,SPP_28079017_14_6.1,SAM_28079017_14_6,O3,http://dd.eionet.europa.eu/vocabulary/aq/pollutant/7,hour,54.4399999900,µg/m3,2017-07-02 09:00:00 +01:00,2017-07-02 10:00:00 +01:00,1,1
ES,ES.BDCA.AQD,NET_ES131A,STA_ES0125A,,SP_28079017_14_6,SPP_28079017_14_6.1,SAM_28079017_14_6,O3,http://dd.eionet.europa.eu/vocabulary/aq/pollutant/7,hour,60.4099999900,µg/m3,2017-07-02 10:00:00 +01:00,2017-07-02 11:00:00 +01:00,1,1
ES,ES.BDCA.AQD,NET_ES131A,STA_ES0125A,,SP_28079017_14_6,SPP_28079017_14_6.1,SAM_28079017_14_6,O3,http://dd.eionet.europa.eu/vocabulary/aq/pollutant/7,hour,67.1099999900,µg/m3,2017-07-02 11:00:00 +01:00,2017-07-02 12:00:00 +01:00,1,1
ES,ES.BDCA.AQD,NET_ES131A,STA_ES0125A,,SP_28079017_14_6,SPP_28079017_14_6.1,SAM_28079017_14_6,O3,http://dd.eionet.europa.eu/vocabulary/aq/pollutant/7,hour,73.7800000000,µg/m3,2017-07-02 12:00:00 +01:00,2017-07-02 13:00:00 +01:00,1,1
ES,ES.BDCA.AQD,NET_ES131A,STA_ES0125A,,SP_28079017_14_6,SPP_28079017_14_6.1,SAM_28079017_14_6,O3,http://dd.eionet.europa.eu/vocabulary/aq/pollutant/7,hour,81.4399999900,µg/m3,2017-07-02 13:00:00 +01:00,2017-07-02 14:00:00 +01:00,1,1
ES,ES.BDCA.AQD,NET_ES131A,STA_ES0125A,,SP_28079017_14_6,SPP_28079017_14_6.1,SAM_28079017_14_6,O3,http://dd.eionet.europa.eu/vocabulary/aq/pollutant/7,hour,92.3799999900,µg/m3,2017-07-02 14:00:00 +01:00,2017-07-02 15:00:00 +01:00,1,1
ES,ES.BDCA.AQD,NET_ES131A,STA_ES0125A,,SP_28079017_14_6,SPP_28079017_14_6.1,SAM_28079017_14_6,O3,http://dd.eionet.europa.eu/vocabulary/aq/pollutant/7,hour,89.8599999900,µg/m3,2017-07-02 15:00:00 +01:00,2017-07-02 16:00:00 +01:00,1,1
ES,ES.BDCA.AQD,NET_ES131A,STA_ES0125A,,SP_28079017_14_6,SPP_28079017_14_6.1,SAM_28079017_14_6,O3,http://dd.eionet.europa.eu/vocabulary/aq/pollutant/7,hour,84.1400000000,µg/m3,2017-07-02 16:00:00 +01:00,2017-07-02 17:00:00 +01:00,1,1
ES,ES.BDCA.AQD,NET_ES131A,STA_ES0125A,,SP_28079017_14_6,SPP_28079017_14_6.1,SAM_28079017_14_6,O3,http://dd.eionet.europa.eu/vocabulary/aq/pollutant/7,hour,72.9099999900,µg/m3,2017-07-02 17:00:00 +01:00,2017-07-02 18:00:00 +01:00,1,1
ES,ES.BDCA.AQD,NET_ES131A,STA_ES0125A,,SP_28079017_14_6,SPP_28079017_14_6.1,SAM_28079017_14_6,O3,http://dd.eionet.europa.eu/vocabulary/aq/pollutant/7,hour,70.3700000000,µg/m3,2017-07-02 18:00:00 +01:00,2017-07-02 19:00:00 +01:00,1,1
ES,ES.BDCA.AQD,NET_ES131A,STA_ES0125A,,SP_28079017_14_6,SPP_28079017_14_6.1,SAM_28079017_14_6,O3,http://dd.eionet.europa.eu/vocabulary/aq/pollutant/7,hour,66.3599999900,µg/m3,2017-07-02 19:00:00 +01:00,2017-07-02 20:00:00 +01:00,1,1
ES,ES.BDCA.AQD,NET_ES131A,STA_ES0125A,,SP_28079017_14_6,SPP_28079017_14_6.1,SAM_28079017_14_6,O3,http://dd.eionet.europa.eu/vocabulary/aq/pollutant/7,hour,55.5600000000,µg/m3,2017-07-02 20:00:00 +01:00,2017-07-02 21:00:00 +01:00,1,1
ES,ES.BDCA.AQD,NET_ES131A,STA_ES0125A,,SP_28079017_14_6,SPP_28079017_14_6.1,SAM_28079017_14_6,O3,http://dd.eionet.europa.eu/vocabulary/aq/pollutant/7,hour,42.8599999900,µg/m3,2017-07-02 21:00:00 +01:00,2017-07-02 22:00:00 +01:00,1,1
ES,ES.BDCA.AQD,NET_ES131A,STA_ES0125A,,SP_28079017_14_6,SPP_28079017_14_6.1,SAM_28079017_14_6,O3,http://dd.eionet.europa.eu/vocabulary/aq/pollutant/7,hour,33.9699999900,µg/m3,2017-07-02 22:00:00 +01:00,2017-07-02 23:00:00 +01:00,1,1
ES,ES.BDCA.AQD,NET_ES131A,STA_ES0125A,,SP_28079017_14_6,SPP_28079017_14_6.1,SAM_28079017_14_6,O3,http://dd.eionet.europa.eu/vocabulary/aq/pollutant/7,hour,30.5599999900,µg/m3,2017-07-02 23:00:00 +01:00,2017-07-03 00:00:00 +01:00,1,1
ES,ES.BDCA.AQD,NET_ES131A,STA_ES0125A,,SP_28079017_14_6,SPP_28079017_14_6.1,SAM_28079017_14_6,O3,http://dd.eionet.europa.eu/vocabulary/aq/pollutant/7,hour,34.0300000000,µg/m3,2017-07-03 00:00:00 +01:00,2017-07-03 01:00:00 +01:00,1,1
ES,ES.BDCA.AQD,NET_ES131A,STA_ES0125A,,SP_28079017_14_6,SPP_28079017_14_6.1,SAM_28079017_14_6,O3,http://dd.eionet.europa.eu/vocabulary/aq/pollutant/7,hour,42.4500000000,µg/m3,2017-07-03 01:00:00 +01:00,2017-07-03 02:00:00 +01:00,1,1
ES,ES.BDCA.AQD,NET_ES131A,STA_ES0125A,,SP_28079017_14_6,SPP_28079017_14_6.1,SAM_28079017_14_6,O3,http://dd.eionet.europa.eu/vocabulary/aq/pollutant/7,hour,40.7199999900,µg/m3,2017-07-03 02:00:00 +01:00,2017-07-03 03:00:00 +01:00,1,1
ES,ES.BDCA.AQD,NET_ES131A,STA_ES0125A,,SP_28079017_14_6,SPP_28079017_14_6.1,SAM_28079017_14_6,O3,http://dd.eionet.europa.eu/vocabulary/aq/pollutant/7,hour,42.7199999900,µg/m3,2017-07-03 03:00:00 +01:00,2017-07-03 04:00:00 +01:00,1,1
ES,ES.BDCA.AQD,NET_ES131A,STA_ES0125A,,SP_28079017_14_6,SPP_28079017_14_6.1,SAM_28079017_14_6,O3,http://dd.eionet.europa.eu/vocabulary/aq/pollutant/7,hour,34.1300000000,µg/m3,2017-07-03 04:00:00 +01:00,2017-07-03 05:00:00 +01:00,1,1
ES,ES.BDCA.AQD,NET_ES131A,STA_ES0125A,,SP_28079017_14_6,SPP_28079017_14_6.1,SAM_28079017_14_6,O3,http://dd.eionet.europa.eu/vocabulary/aq/pollutant/7,hour,9.7300000000,µg/m3,2017-07-03 05:00:00 +01:00,2017-07-03 06:00:00 +01:00,1,1
ES,ES.BDCA.AQD,NET_ES131A,STA_ES0125A,,SP_28079017_14_6,SPP_28079017_14_6.1,SAM_28079017_14_6,O3,http://dd.eionet.europa.eu/vocabulary/aq/pollutant/7,hour,2.4700000000,µg/m3,2017-07-03 06:00:00 +01:00,2017-07-03 07:00:00 +01:00,1,1
ES,ES.BDCA.AQD,NET_ES131A,STA_ES0125A,,SP_28079017_14_6,SPP_28079017_14_6.1,SAM_28079017_14_6,O3,http://dd.eionet.europa.eu/vocabulary/aq/pollutant/7,hour,7.0300000000,µg/m3,2017-07-03 07:00:00 +01:00,2017-07-03 08:00:00 +01:00,1,1
ES,ES.BDCA.AQD,NET_ES131A,STA_ES0125A,,SP_28079017_14_6,SPP_28079017_14_6.1,SAM_28079017_14_6,O3,http://dd.eionet.europa.eu/vocabulary/aq/pollutant/7,hour,29.1499999900,µg/m3,2017-07-03 08:00:00 +01:00,2017-07-03 09:00:00 +01:00,1,1
ES,ES.BDCA.AQD,NET_ES131A,STA_ES0125A,,SP_28079017_14_6,SPP_28079017_14_6.1,SAM_28079017_14_6,O3,http://dd.eionet.europa.eu/vocabulary/aq/pollutant/7,hour,48.0399999900,µg/m3,2017-07-03 09:00:00 +01:00,2017-07-03 10:00:00 +01:00,1,1
ES,ES.BDCA.AQD,NET_ES131A,STA_ES0125A,,SP_28079017_14_6,SPP_28079017_14_6.1,SAM_28079017_14_6,O3,http://dd.eionet.europa.eu/vocabulary/aq/pollutant/7,hour,61.8599999900,µg/m3,2017-07-03 10:00:00 +01:00,2017-07-03 11:00:00 +01:00,1,1
ES,ES.BDCA.AQD,NET_ES131A,STA_ES0125A,,SP_28079017_14_6,SPP_28079017_14_6.1,SAM_28079017_14_6,O3,http://dd.eionet.europa.eu/vocabulary/aq/pollutant/7,hour,65.5100000000,µg/m3,2017-07-03 11:00:00 +01:00,2017-07-03 12:00:00 +01:00,1,1
ES,ES.BDCA.AQD,NET_ES131A,STA_ES0125A,,SP_28079017_14_6,SPP_28079017_14_6.1,SAM_28079017_14_6,O3,http://dd.eionet.europa.eu/vocabulary/aq/pollutant/7,hour,70.5600000000,µg/m3,2017-07-03 12:00:00 +01:00,2017-07-03 13:00:00 +01:00,1,1
ES,ES.BDCA.AQD,NET_ES131A,STA_ES0125A,,SP_28079017_14_6,SPP_28079017_14_6.1,SAM_28079017_14_6,O3,http://dd.eionet.europa.eu/vocabulary/aq/pollutant/7,hour,77.9699999900,µg/m3,2017-07-03 13:00:00 +01:00,2017-07-03 14:00:00 +01:00,1,1
ES,ES.BDCA.AQD,NET_ES131A,STA_ES0125A,,SP_28079017_14_6,SPP_28079017_14_6.1,SAM_28079017_14_6,O3,http://dd.eionet.europa.eu/vocabulary/aq/pollutant/7,hour,84.3199999900,µg/m3,2017-07-03 14:00:00 +01:00,2017-07-03 15:00:00 +01:00,1,1
ES,ES.BDCA.AQD,NET_ES131A,STA_ES0125A,,SP_28079017_14_6,SPP_28079017_14_6.1,SAM_28079017_14_6,O3,http://dd.eionet.europa.eu/vocabulary/aq/pollutant/7,hour,90.3900000000,µg/m3,2017-07-03 15:00:00 +01:00,2017-07-03 16:00:00 +01:00,1,1
ES,ES.BDCA.AQD,NET_ES131A,STA_ES0125A,,SP_28079017_14_6,SPP_28079017_14_6.1,SAM_28079017_14_6,O3,http://dd.eionet.europa.eu/vocabulary/aq/pollutant/7,hour,97.3400000000,µg/m3,2017-07-03 16:00:00 +01:00,2017-07-03 17:00:00 +01:00,1,1
ES,ES.BDCA.AQD,NET_ES131A,STA_ES0125A,,SP_28079017_14_6,SPP_28079017_14_6.1,SAM_28079017_14_6,O3,http://dd.eionet.europa.eu/vocabulary/aq/pollutant/7,hour,100.0000000000,µg/m3,2017-07-03 17:00:00 +01:00,2017-07-03 18:00:00 +01:00,1,1
ES,ES.BDCA.AQD,NET_ES131A,STA_ES0125A,,SP_28079017_14_6,SPP_28079017_14_6.1,SAM_28079017_14_6,O3,http://dd.eionet.europa.eu/vocabulary/aq/pollutant/7,hour,82.6599999900,µg/m3,2017-07-03 18:00:00 +01:00,2017-07-03 19:00:00 +01:00,1,1
ES,ES.BDCA.AQD,NET_ES131A,STA_ES0125A,,SP_28079017_14_6,SPP_28079017_14_6.1,SAM_28079017_14_6,O3,http://dd.eionet.europa.eu/vocabulary/aq/pollutant/7,hour,79.1800000000,µg/m3,2017-07-03 19:00:00 +01:00,2017-07-03 20:00:00 +01:00,1,1
ES,ES.BDCA.AQD,NET_ES131A,STA_ES0125A,,SP_28079017_14_6,SPP_28079017_14_6.1,SAM_28079017_14_6,O3,http://dd.eionet.europa.eu/vocabulary/aq/pollutant/7,hour,61.6300000000,µg/m3,2017-07-03 20:00:00 +01:00,2017-07-03 21:00:00 +01:00,1,1
ES,ES.BDCA.AQD,NET_ES131A,STA_ES0125A,,SP_28079017_14_6,SPP_28079017_14_6.1,SAM_28079017_14_6,O3,http://dd.eionet.europa.eu/vocabulary/aq/pollutant/7,hour,39.3299999900,µg/m3,2017-07-03 21:00:00 +01:00,2017-07-03 22:00:00 +01:00,1,1
ES,ES.BDCA.AQD,NET_ES131A,STA_ES0125A,,SP_28079017_14_6,SPP_28079017_14_6.1,SAM_28079017_14_6,O3,http://dd.eionet.europa.eu/vocabulary/aq/pollutant/7,hour,53.7199999900,µg/m3,2017-07-03 22:00:00 +01:00,2017-07-03 23:00:00 +01:00,1,1
ES,ES.BDCA.AQD,NET_ES131A,STA_ES0125A,,SP_28079017_14_6,SPP_28079017_14_6.1,SAM_28079017_14_6,O3,http://dd.eionet.europa.eu/vocabulary/aq/pollutant/7,hour,51.6099999900,µg/m3,2017-07-03 23:00:00 +01:00,2017-07-04 00:00:00 +01:00,1,1
ES,ES.BDCA.AQD,NET_ES131A,STA_ES0125A,,SP_28079017_14_6,SPP_28079017_14_6.1,SAM_28079017_14_6,O3,http://dd.eionet.europa.eu/vocabulary/aq/pollutant/7,hour,68.7900000000,µg/m3,2017-07-04 00:00:00 +01:00,2017-07-04 01:00:00 +01:00,1,1
ES,ES.BDCA.AQD,NET_ES131A,STA_ES0125A,,SP_28079017_14_6,SPP_28079017_14_6.1,SAM_28079017_14_6,O3,http://dd.eionet.europa.eu/vocabulary/aq/pollutant/7,hour,72.9800000000,µg/m3,2017-07-04 01:00:00 +01:00,2017-07-04 02:00:00 +01:00,1,1
ES,ES.BDCA.AQD,NET_ES131A,STA_ES0125A,,SP_28079017_14_6,SPP_28079017_14_6.1,SAM_28079017_14_6,O3,http://dd.eionet.europa.eu/vocabulary/aq/pollutant/7,hour,71.8799999900,µg/m3,2017-07-04 02:00:00 +01:00,2017-07-04 03:00:00 +01:00,1,1
ES,ES.BDCA.AQD,NET_ES131A,STA_ES0125A,,SP_28079017_14_6,SPP_28079017_14_6.1,SAM_28079017_14_6,O3,http://dd.eionet.europa.eu/vocabulary/aq/pollutant/7,hour,75.0600000000,µg/m3,2017-07-04 03:00:00 +01:00,2017-07-04 04:00:00 +01:00,1,1
ES,ES.BDCA.AQD,NET_ES131A,STA_ES0125A,,SP_28079017_14_6,SPP_28079017_14_6.1,SAM_28079017_14_6,O3,http://dd.eionet.europa.eu/vocabulary/aq/pollutant/7,hour,64.4000000000,µg/m3,2017-07-04 04:00:00 +01:00,2017-07-04 05:00:00 +01:00,1,1
ES,ES.BDCA.AQD,NET_ES131A,STA_ES0125A,,SP_28079017_14_6,SPP_28079017_14_6.1,SAM_28079017_14_6,O3,http://dd.eionet.europa.eu/vocabulary/aq/pollutant/7,hour,63.5099999900,µg/m3,2017-07-04 05:00:00 +01:00,2017-07-04 06:00:00 +01:00,1,1
ES,ES.BDCA.AQD,NET_ES131A,STA_ES0125A,,SP_28079017_14_6,SPP_28079017_14_6.1,SAM_28079017_14_6,O3,http://dd.eionet.europa.eu/vocabulary/aq/pollutant/7,hour,34.0200000000,µg/m3,2017-07-04 06:00:00 +01:00,2017-07-04 07:00:00 +01:00,1,1
ES,ES.BDCA.AQD,NET_ES131A,STA_ES0125A,,SP_28079017_14_6,SPP_28079017_14_6.1,SAM_28079017_14_6,O3,http://dd.eionet.europa.eu/vocabulary/aq/pollutant/7,hour,23.1900000000,µg/m3,2017-07-04 07:00:00 +01:00,2017-07-04 08:00:00 +01:00,1,1
ES,ES.BDCA.AQD,NET_ES131A,STA_ES0125A,,SP_28079017_14_6,SPP_28079017_14_6.1,SAM_28079017_14_6,O3,http://dd.eionet.europa.eu/vocabulary/aq/pollutant/7,hour,45.3500000000,µg/m3,2017-07-04 08:00:00 +01:00,2017-07-04 09:00:00 +01:00,1,1
ES,ES.BDCA.AQD,NET_ES131A,STA_ES0125A,,SP_28079017_14_6,SPP_28079017_14_6.1,SAM_28079017_14_6,O3,http://dd.eionet.europa.eu/vocabulary/aq/pollutant/7,hour,66.5600000000,µg/m3,2017-07-04 09:00:00 +01:00,2017-07-04 10:00:00 +01:00,1,1
ES,ES.BDCA.AQD,NET_ES131A,STA_ES0125A,,SP_28079017_14_6,SPP_28079017_14_6.1,SAM_28079017_14_6,O3,http://dd.eionet.europa.eu/vocabulary/aq/pollutant/7,hour,,µg/m3,2017-07-04 10:00:00 +01:00,2017-07-04 11:00:00 +01:00,-1,1
ES,ES.BDCA.AQD,NET_ES131A,STA_ES0125A,,SP_28079017_14_6,SPP_28079017_14_6.1,SAM_28079017_14_6,O3,http://dd.eionet.europa.eu/vocabulary/aq/pollutant/7,hour,64.4099999900,µg/m3,2017-07-04 11:00:00 +01:00,2017-07-04 12:00:00 +01:00,1,1
ES,ES.BDCA.AQD,NET_ES131A,STA_ES0125A,,SP_28079017_14_6,SPP_28079017_14_6.1,SAM_28079017_14_6,O3,http://dd.eionet.europa.eu/vocabulary/aq/pollutant/7,hour,62.4900000000,µg/m3,2017-07-04 12:00:00 +01:00,2017-07-04 13:00:00 +01:00,1,1
ES,ES.BDCA.AQD,NET_ES131A,STA_ES0125A,,SP_28079017_14_6,SPP_28079017_14_6.1,SAM_28079017_14_6,O3,http://dd.eionet.europa.eu/vocabulary/aq/pollutant/7,hour,60.0200000000,µg/m3,2017-07-04 13:00:00 +01:00,2017-07-04 14:00:00 +01:00,1,1
ES,ES.BDCA.AQD,NET_ES131A,STA_ES0125A,,SP_28079017_14_6,SPP_28079017_14_6.1,SAM_28079017_14_6,O3,http://dd.eionet.europa.eu/vocabulary/aq/pollutant/7,hour,67.2199999900,µg/m3,2017-07-04 14:00:00 +01:00,2017-07-04 15:00:00 +01:00,1,1
ES,ES.BDCA.AQD,NET_ES131A,STA_ES0125A,,SP_28079017_14_6,SPP_28079017_14_6.1,SAM_28079017_14_6,O3,http://dd.eionet.europa.eu/vocabulary/aq/pollutant/7,hour,70.0199999900,µg/m3,2017-07-04 15:00:00 +01:00,2017-07-04 16:00:00 +01:00,1,1
ES,ES.BDCA.AQD,NET_ES131A,STA_ES0125A,,SP_28079017_14_6,SPP_28079017_14_6.1,SAM_28079017_14_6,O3,http://dd.eionet.europa.eu/vocabulary/aq/pollutant/7,hour,74.6200000000,µg/m3,2017-07-04 16:00:00 +01:00,2017-07-04 17:00:00 +01:00,1,1
ES,ES.BDCA.AQD,NET_ES131A,STA_ES0125A,,SP_28079017_14_6,SPP_28079017_14_6.1,SAM_28079017_14_6,O3,http://dd.eionet.europa.eu/vocabulary/aq/pollutant/7,hour,74.7900000000,µg/m3,2017-07-04 17:00:00 +01:00,2017-07-04 18:00:00 +01:00,1,1
ES,ES.BDCA.AQD,NET_ES131A,STA_ES0125A,,SP_28079017_14_6,SPP_28079017_14_6.1,SAM_28079017_14_6,O3,http://dd.eionet.europa.eu/vocabulary/aq/pollutant/7,hour,76.5199999900,µg/m3,2017-07-04 18:00:00 +01:00,2017-07-04 19:00:00 +01:00,1,1
ES,ES.BDCA.AQD,NET_ES131A,STA_ES0125A,,SP_28079017_14_6,SPP_28079017_14_6.1,SAM_28079017_14_6,O3,http://dd.eionet.europa.eu/vocabulary/aq/pollutant/7,hour,72.7300000000,µg/m3,2017-07-04 19:00:00 +01:00,2017-07-04 20:00:00 +01:00,1,1
ES,ES.BDCA.AQD,NET_ES131A,STA_ES0125A,,SP_28079017_14_6,SPP_28079017_14_6.1,SAM_28079017_14_6,O3,http://dd.eionet.europa.eu/vocabulary/aq/pollutant/7,hour,58.8699999900,µg/m3,2017-07-04 20:00:00 +01:00,2017-07-04 21:00:00 +01:00,1,1
ES,ES.BDCA.AQD,NET_ES131A,STA_ES0125A,,SP_28079017_14_6,SPP_28079017_14_6.1,SAM_28079017_14_6,O3,http://dd.eionet.europa.eu/vocabulary/aq/pollutant/7,hour,27.7899999900,µg/m3,2017-07-04 21:00:00 +01:00,2017-07-04 22:00:00 +01:00,1,1
ES,ES.BDCA.AQD,NET_ES131A,STA_ES0125A,,SP_28079017_14_6,SPP_28079017_14_6.1,SAM_28079017_14_6,O3,http://dd.eionet.europa.eu/vocabulary/aq/pollutant/7,hour,57.6199999900,µg/m3,2017-07-04 22:00:00 +01:00,2017-07-04 23:00:00 +01:00,1,1
ES,ES.BDCA.AQD,NET_ES131A,STA_ES0125A,,SP_28079017_14_6,SPP_28079017_14_6.1,SAM_28079017_14_6,O3,http://dd.eionet.europa.eu/vocabulary/aq/pollutant/7,hour,63.2700000000,µg/m3,2017-07-04 23:00:00 +01:00,2017-07-05 00:00:00 +01:00,1,1
ES,ES.BDCA.AQD,NET_ES131A,STA_ES0125A,,SP_28079017_14_6,SPP_28079017_14_6.1,SAM_28079017_14_6,O3,http://dd.eionet.europa.eu/vocabulary/aq/pollutant/7,hour,57.5799999900,µg/m3,2017-07-05 00:00:00 +01:00,2017-07-05 01:00:00 +01:00,1,1
ES,ES.BDCA.AQD,NET_ES131A,STA_ES0125A,,SP_28079017_14_6,SPP_28079017_14_6.1,SAM_28079017_14_6,O3,http://dd.eionet.europa.eu/vocabulary/aq/pollutant/7,hour,58.5399999900,µg/m3,2017-07-05 01:00:00 +01:00,2017-07-05 02:00:00 +01:00,1,1
ES,ES.BDCA.AQD,NET_ES131A,STA_ES0125A,,SP_28079017_14_6,SPP_28079017_14_6.1,SAM_28079017_14_6,O3,http://dd.eionet.europa.eu/vocabulary/aq/pollutant/7,hour,58.7299999900,µg/m3,2017-07-05 02:00:00 +01:00,2017-07-05 03:00:00 +01:00,1,1
ES,ES.BDCA.AQD,NET_ES131A,STA_ES0125A,,SP_28079017_14_6,SPP_28079017_14_6.1,SAM_28079017_14_6,O3,http://dd.eionet.europa.eu/vocabulary/aq/pollutant/7,hour,52.0799999900,µg/m3,2017-07-05 03:00:00 +01:00,2017-07-05 04:00:00 +01:00,1,1
ES,ES.BDCA.AQD,NET_ES131A,STA_ES0125A,,SP_28079017_14_6,SPP_28079017_14_6.1,SAM_28079017_14_6,O3,http://dd.eionet.europa.eu/vocabulary/aq/pollutant/7,hour,45.2100000000,µg/m3,2017-07-05 04:00:00 +01:00,2017-07-05 05:00:00 +01:00,1,1
ES,ES.BDCA.AQD,NET_ES131A,STA_ES0125A,,SP_28079017_14_6,SPP_28079017_14_6.1,SAM_28079017_14_6,O3,http://dd.eionet.europa.eu/vocabulary/aq/pollutant/7,hour,41.2999999900,µg/m3,2017-07-05 05:00:00 +01:00,2017-07-05 06:00:00 +01:00,1,1
ES,ES.BDCA.AQD,NET_ES131A,STA_ES0125A,,SP_28079017_14_6,SPP_28079017_14_6.1,SAM_28079017_14_6,O3,http://dd.eionet.europa.eu/vocabulary/aq/pollutant/7,hour,26.6999999900,µg/m3,2017-07-05 06:00:00 +01:00,2017-07-05 07:00:00 +01:00,1,1
ES,ES.BDCA.AQD,NET_ES131A,STA_ES0125A,,SP_28079017_14_6,SPP_28079017_14_6.1,SAM_28079017_14_6,O3,http://dd.eionet.europa.eu/vocabulary/aq/pollutant/7,hour,43.0200000000,µg/m3,2017-07-05 07:00:00 +01:00,2017-07-05 08:00:00 +01:00,1,1
ES,ES.BDCA.AQD,NET_ES131A,STA_ES0125A,,SP_28079017_14_6,SPP_28079017_14_6.1,SAM_28079017_14_6,O3,http://dd.eionet.europa.eu/vocabulary/aq/pollutant/7,hour,52.3999999900,µg/m3,2017-07-05 08:00:00 +01:00,2017-07-05 09:00:00 +01:00,1,1
ES,ES.BDCA.AQD,NET_ES131A,STA_ES0125A,,SP_28079017_14_6,SPP_28079017_14_6.1,SAM_28079017_14_6,O3,http://dd.eionet.europa.eu/vocabulary/aq/pollutant/7,hour,63.0700000000,µg/m3,2017-07-05 09:00:00 +01:00,2017-07-05 10:00:00 +01:00,1,1
ES,ES.BDCA.AQD,NET_ES131A,STA_ES0125A,,SP_28079017_14_6,SPP_28079017_14_6.1,SAM_28079017_14_6,O3,http://dd.eionet.europa.eu/vocabulary/aq/pollutant/7,hour,81.5199999900,µg/m3,2017-07-05 10:00:00 +01:00,2017-07-05 11:00:00 +01:00,1,1
ES,ES.BDCA.AQD,NET_ES131A,STA_ES0125A,,SP_28079017_14_6,SPP_28079017_14_6.1,SAM_28079017_14_6,O3,http://dd.eionet.europa.eu/vocabulary/aq/pollutant/7,hour,99.2699999900,µg/m3,2017-07-05 11:00:00 +01:00,2017-07-05 12:00:00 +01:00,1,1
ES,ES.BDCA.AQD,NET_ES131A,STA_ES0125A,,SP_28079017_14_6,SPP_28079017_14_6.1,SAM_28079017_14_6,O3,http://dd.eionet.europa.eu/vocabulary/aq/pollutant/7,hour,107.9000000000,µg/m3,2017-07-05 12:00:00 +01:00,2017-07-05 13:00:00 +01:00,1,1
ES,ES.BDCA.AQD,NET_ES131A,STA_ES0125A,,SP_28079017_14_6,SPP_28079017_14_6.1,SAM_28079017_14_6,O3,http://dd.eionet.europa.eu/vocabulary/aq/pollutant/7,hour,111.7000000000,µg/m3,2017-07-05 13:00:00 +01:00,2017-07-05 14:00:00 +01:00,1,1
ES,ES.BDCA.AQD,NET_ES131A,STA_ES0125A,,SP_28079017_14_6,SPP_28079017_14_6.1,SAM_28079017_14_6,O3,http://dd.eionet.europa.eu/vocabulary/aq/pollutant/7,hour,114.7000000000,µg/m3,2017-07-05 14:00:00 +01:00,2017-07-05 15:00:00 +01:00,1,1
ES,ES.BDCA.AQD,NET_ES131A,STA_ES0125A,,SP_28079017_14_6,SPP_28079017_14_6.1,SAM_28079017_14_6,O3,http://dd.eionet.europa.eu/vocabulary/aq/pollutant/7,hour,107.7000000000,µg/m3,2017-07-05 15:00:00 +01:00,2017-07-05 16:00:00 +01:00,1,1
ES,ES.BDCA.AQD,NET_ES131A,STA_ES0125A,,SP_28079017_14_6,SPP_28079017_14_6.1,SAM_28079017_14_6,O3,http://dd.eionet.europa.eu/vocabulary/aq/pollutant/7,hour,105.3000000000,µg/m3,2017-07-05 16:00:00 +01:00,2017-07-05 17:00:00 +01:00,1,1
ES,ES.BDCA.AQD,NET_ES131A,STA_ES0125A,,SP_28079017_14_6,SPP_28079017_14_6.1,SAM_28079017_14_6,O3,http://dd.eionet.europa.eu/vocabulary/aq/pollutant/7,hour,100.0999999900,µg/m3,2017-07-05 17:00:00 +01:00,2017-07-05 18:00:00 +01:00,1,1
ES,ES.BDCA.AQD,NET_ES131A,STA_ES0125A,,SP_28079017_14_6,SPP_28079017_14_6.1,SAM_28079017_14_6,O3,http://dd.eionet.europa.eu/vocabulary/aq/pollutant/7,hour,98.5699999900,µg/m3,2017-07-05 18:00:00 +01:00,2017-07-05 19:00:00 +01:00,1,1
ES,ES.BDCA.AQD,NET_ES131A,STA_ES0125A,,SP_28079017_14_6,SPP_28079017_14_6.1,SAM_28079017_14_6,O3,http://dd.eionet.europa.eu/vocabulary/aq/pollutant/7,hour,82.6899999900,µg/m3,2017-07-05 19:00:00 +01:00,2017-07-05 20:00:00 +01:00,1,1
ES,ES.BDCA.AQD,NET_ES131A,STA_ES0125A,,SP_28079017_14_6,SPP_28079017_14_6.1,SAM_28079017_14_6,O3,http://dd.eionet.europa.eu/vocabulary/aq/pollutant/7,hour,60.4399999900,µg/m3,2017-07-05 20:00:00 +01:00,2017-07-05 21:00:00 +01:00,1,1
ES,ES.BDCA.AQD,NET_ES131A,STA_ES0125A,,SP_28079017_14_6,SPP_28079017_14_6.1,SAM_28079017_14_6,O3,http://dd.eionet.europa.eu/vocabulary/aq/pollutant/7,hour,51.0799999900,µg/m3,2017-07-05 21:00:00 +01:00,2017-07-05 22:00:00 +01:00,1,1
ES,ES.BDCA.AQD,NET_ES131A,STA_ES0125A,,SP_28079017_14_6,SPP_28079017_14_6.1,SAM_28079017_14_6,O3,http://dd.eionet.europa.eu/vocabulary/aq/pollutant/7,hour,73.0300000000,µg/m3,2017-07-05 22:00:00 +01:00,2017-07-05 23:00:00 +01:00,1,1
ES,ES.BDCA.AQD,NET_ES131A,STA_ES0125A,,SP_28079017_14_6,SPP_28079017_14_6.1,SAM_28079017_14_6,O3,http://dd.eionet.europa.eu/vocabulary/aq/pollutant/7,hour,77.0600000000,µg/m3,2017-07-05 23:00:00 +01:00,2017-07-06 00:00:00 +01:00,1,1
ES,ES.BDCA.AQD,NET_ES131A,STA_ES0125A,,SP_28079017_14_6,SPP_28079017_14_6.1,SAM_28079017_14_6,O3,http://dd.eionet.europa.eu/vocabulary/aq/pollutant/7,hour,54.1599999900,µg/m3,2017-07-06 00:00:00 +01:00,2017-07-06 01:00:00 +01:00,1,1
ES,ES.BDCA.AQD,NET_ES131A,STA_ES0125A,,SP_28079017_14_6,SPP_28079017_14_6.1,SAM_28079017_14_6,O3,http://dd.eionet.europa.eu/vocabulary/aq/pollutant/7,hour,35.3599999900,µg/m3,2017-07-06 01:00:00 +01:00,2017-07-06 02:00:00 +01:00,1,1
ES,ES.BDCA.AQD,NET_ES131A,STA_ES0125A,,SP_28079017_14_6,SPP_28079017_14_6.1,SAM_28079017_14_6,O3,http://dd.eionet.europa.eu/vocabulary/aq/pollutant/7,hour,51.1000000000,µg/m3,2017-07-06 02:00:00 +01:00,2017-07-06 03:00:00 +01:00,1,1
ES,ES.BDCA.AQD,NET_ES131A,STA_ES0125A,,SP_28079017_14_6,SPP_28079017_14_6.1,SAM_28079017_14_6,O3,http://dd.eionet.europa.eu/vocabulary/aq/pollutant/7,hour,40.7199999900,µg/m3,2017-07-06 03:00:00 +01:00,2017-07-06 04:00:00 +01:00,1,1
ES,ES.BDCA.AQD,NET_ES131A,STA_ES0125A,,SP_28079017_14_6,SPP_28079017_14_6.1,SAM_28079017_14_6,O3,http://dd.eionet.europa.eu/vocabulary/aq/pollutant/7,hour,42.0000000000,µg/m3,2017-07-06 04:00:00 +01:00,2017-07-06 05:00:00 +01:00,1,1
ES,ES.BDCA.AQD,NET_ES131A,STA_ES0125A,,SP_28079017_14_6,SPP_28079017_14_6.1,SAM_28079017_14_6,O3,http://dd.eionet.europa.eu/vocabulary/aq/pollutant/7,hour,37.0600000000,µg/m3,2017-07-06 05:00:00 +01:00,2017-07-06 06:00:00 +01:00,1,1
ES,ES.BDCA.AQD,NET_ES131A,STA_ES0125A,,SP_28079017_14_6,SPP_28079017_14_6.1,SAM_28079017_14_6,O3,http://dd.eionet.europa.eu/vocabulary/aq/pollutant/7,hour,20.0200000000,µg/m3,2017-07-06 06:00:00 +01:00,2017-07-06 07:00:00 +01:00,1,1
ES,ES.BDCA.AQD,NET_ES131A,STA_ES0125A,,SP_28079017_14_6,SPP_28079017_14_6.1,SAM_28079017_14_6,O3,http://dd.eionet.europa.eu/vocabulary/aq/pollutant/7,hour,15.4600000000,µg/m3,2017-07-06 07:00:00 +01:00,2017-07-06 08:00:00 +01:00,1,1
ES,ES.BDCA.AQD,NET_ES131A,STA_ES0125A,,SP_28079017_14_6,SPP_28079017_14_6.1,SAM_28079017_14_6,O3,http://dd.eionet.europa.eu/vocabulary/aq/pollutant/7,hour,10.0500000000,µg/m3,2017-07-06 08:00:00 +01:00,2017-07-06 09:00:00 +01:00,1,1
ES,ES.BDCA.AQD,NET_ES131A,STA_ES0125A,,SP_28079017_14_6,SPP_28079017_14_6.1,SAM_28079017_14_6,O3,http://dd.eionet.europa.eu/vocabulary/aq/pollutant/7,hour,14.1600000000,µg/m3,2017-07-06 09:00:00 +01:00,2017-07-06 10:00:00 +01:00,1,1
ES,ES.BDCA.AQD,NET_ES131A,STA_ES0125A,,SP_28079017_14_6,SPP_28079017_14_6.1,SAM_28079017_14_6,O3,http://dd.eionet.europa.eu/vocabulary/aq/pollutant/7,hour,30.2199999900,µg/m3,2017-07-06 10:00:00 +01:00,2017-07-06 11:00:00 +01:00,1,1
ES,ES.BDCA.AQD,NET_ES131A,STA_ES0125A,,SP_28079017_14_6,SPP_28079017_14_6.1,SAM_28079017_14_6,O3,http://dd.eionet.europa.eu/vocabulary/aq/pollutant/7,hour,19.9400000000,µg/m3,2017-07-06 11:00:00 +01:00,2017-07-06 12:00:00 +01:00,1,1
ES,ES.BDCA.AQD,NET_ES131A,STA_ES0125A,,SP_28079017_14_6,SPP_28079017_14_6.1,SAM_28079017_14_6,O3,http://dd.eionet.europa.eu/vocabulary/aq/pollutant/7,hour,17.9600000000,µg/m3,2017-07-06 12:00:00 +01:00,2017-07-06 13:00:00 +01:00,1,1
ES,ES.BDCA.AQD,NET_ES131A,STA_ES0125A,,SP_28079017_14_6,SPP_28079017_14_6.1,SAM_28079017_14_6,O3,http://dd.eionet.europa.eu/vocabulary/aq/pollutant/7,hour,12.9400000000,µg/m3,2017-07-06 13:00:00 +01:00,2017-07-06 14:00:00 +01:00,1,1
ES,ES.BDCA.AQD,NET_ES131A,STA_ES0125A,,SP_28079017_14_6,SPP_28079017_14_6.1,SAM_28079017_14_6,O3,http://dd.eionet.europa.eu/vocabulary/aq/pollutant/7,hour,20.4499999900,µg/m3,2017-07-06 14:00:00 +01:00,2017-07-06 15:00:00 +01:00,1,1
ES,ES.BDCA.AQD,NET_ES131A,STA_ES0125A,,SP_28079017_14_6,SPP_28079017_14_6.1,SAM_28079017_14_6,O3,http://dd.eionet.europa.eu/vocabulary/aq/pollutant/7,hour,31.6999999900,µg/m3,2017-07-06 15:00:00 +01:00,2017-07-06 16:00:00 +01:00,1,1
ES,ES.BDCA.AQD,NET_ES131A,STA_ES0125A,,SP_28079017_14_6,SPP_28079017_14_6.1,SAM_28079017_14_6,O3,http://dd.eionet.europa.eu/vocabulary/aq/pollutant/7,hour,42.1099999900,µg/m3,2017-07-06 16:00:00 +01:00,2017-07-06 17:00:00 +01:00,1,1
ES,ES.BDCA.AQD,NET_ES131A,STA_ES0125A,,SP_28079017_14_6,SPP_28079017_14_6.1,SAM_28079017_14_6,O3,http://dd.eionet.europa.eu/vocabulary/aq/pollutant/7,hour,41.4699999900,µg/m3,2017-07-06 17:00:00 +01:00,2017-07-06 18:00:00 +01:00,1,1
ES,ES.BDCA.AQD,NET_ES131A,STA_ES0125A,,SP_28079017_14_6,SPP_28079017_14_6.1,SAM_28079017_14_6,O3,http://dd.eionet.europa.eu/vocabulary/aq/pollutant/7,hour,33.2800000000,µg/m3,2017-07-06 18:00:00 +01:00,2017-07-06 19:00:00 +01:00,1,1
ES,ES.BDCA.AQD,NET_ES131A,STA_ES0125A,,SP_28079017_14_6,SPP_28079017_14_6.1,SAM_28079017_14_6,O3,http://dd.eionet.europa.eu/vocabulary/aq/pollutant/7,hour,27.2600000000,µg/m3,2017-07-06 19:00:00 +01:00,2017-07-06 20:00:00 +01:00,1,1
ES,ES.BDCA.AQD,NET_ES131A,STA_ES0125A,,SP_28079017_14_6,SPP_28079017_14_6.1,SAM_28079017_14_6,O3,http://dd.eionet.europa.eu/vocabulary/aq/pollutant/7,hour,23.4300000000,µg/m3,2017-07-06 20:00:00 +01:00,2017-07-06 21:00:00 +01:00,1,1
ES,ES.BDCA.AQD,NET_ES131A,STA_ES0125A,,SP_28079017_14_6,SPP_28079017_14_6.1,SAM_28079017_14_6,O3,http://dd.eionet.europa.eu/vocabulary/aq/pollutant/7,hour,20.1200000000,µg/m3,2017-07-06 21:00:00 +01:00,2017-07-06 22:00:00 +01:00,1,1
ES,ES.BDCA.AQD,NET_ES131A,STA_ES0125A,,SP_28079017_14_6,SPP_28079017_14_6.1,SAM_28079017_14_6,O3,http://dd.eionet.europa.eu/vocabulary/aq/pollutant/7,hour,32.3599999900,µg/m3,2017-07-06 22:00:00 +01:00,2017-07-06 23:00:00 +01:00,1,1
ES,ES.BDCA.AQD,NET_ES131A,STA_ES0125A,,SP_28079017_14_6,SPP_28079017_14_6.1,SAM_28079017_14_6,O3,http://dd.eionet.europa.eu/vocabulary/aq/pollutant/7,hour,30.5599999900,µg/m3,2017-07-06 23:00:00 +01:00,2017-07-07 00:00:00 +01:00,1,1
ES,ES.BDCA.AQD,NET_ES131A,STA_ES0125A,,SP_28079017_14_6,SPP_28079017_14_6.1,SAM_28079017_14_6,O3,http://dd.eionet.europa.eu/vocabulary/aq/pollutant/7,hour,31.1600000000,µg/m3,2017-07-07 00:00:00 +01:00,2017-07-07 01:00:00 +01:00,1,1
ES,ES.BDCA.AQD,NET_ES131A,STA_ES0125A,,SP_28079017_14_6,SPP_28079017_14_6.1,SAM_28079017_14_6,O3,http://dd.eionet.europa.eu/vocabulary/aq/pollutant/7,hour,33.9600000000,µg/m3,2017-07-07 01:00:00 +01:00,2017-07-07 02:00:00 +01:00,1,1
ES,ES.BDCA.AQD,NET_ES131A,STA_ES0125A,,SP_28079017_14_6,SPP_28079017_14_6.1,SAM_28079017_14_6,O3,http://dd.eionet.europa.eu/vocabulary/aq/pollutant/7,hour,34.3999999900,µg/m3,2017-07-07 02:00:00 +01:00,2017-07-07 03:00:00 +01:00,1,1
ES,ES.BDCA.AQD,NET_ES131A,STA_ES0125A,,SP_28079017_14_6,SPP_28079017_14_6.1,SAM_28079017_14_6,O3,http://dd.eionet.europa.eu/vocabulary/aq/pollutant/7,hour,30.3299999900,µg/m3,2017-07-07 03:00:00 +01:00,2017-07-07 04:00:00 +01:00,1,1
ES,ES.BDCA.AQD,NET_ES131A,STA_ES0125A,,SP_28079017_14_6,SPP_28079017_14_6.1,SAM_28079017_14_6,O3,http://dd.eionet.europa.eu/vocabulary/aq/pollutant/7,hour,16.5700000000,µg/m3,2017-07-07 04:00:00 +01:00,2017-07-07 05:00:00 +01:00,1,1
ES,ES.BDCA.AQD,NET_ES131A,STA_ES0125A,,SP_28079017_14_6,SPP_28079017_14_6.1,SAM_28079017_14_6,O3,http://dd.eionet.europa.eu/vocabulary/aq/pollutant/7,hour,6.7599999900,µg/m3,2017-07-07 05:00:00 +01:00,2017-07-07 06:00:00 +01:00,1,1
ES,ES.BDCA.AQD,NET_ES131A,STA_ES0125A,,SP_28079017_14_6,SPP_28079017_14_6.1,SAM_28079017_14_6,O3,http://dd.eionet.europa.eu/vocabulary/aq/pollutant/7,hour,3.0600000000,µg/m3,2017-07-07 06:00:00 +01:00,2017-07-07 07:00:00 +01:00,1,1
ES,ES.BDCA.AQD,NET_ES131A,STA_ES0125A,,SP_28079017_14_6,SPP_28079017_14_6.1,SAM_28079017_14_6,O3,http://dd.eionet.europa.eu/vocabulary/aq/pollutant/7,hour,5.6900000000,µg/m3,2017-07-07 07:00:00 +01:00,2017-07-07 08:00:00 +01:00,1,1
ES,ES.BDCA.AQD,NET_ES131A,STA_ES0125A,,SP_28079017_14_6,SPP_28079017_14_6.1,SAM_28079017_14_6,O3,http://dd.eionet.europa.eu/vocabulary/aq/pollutant/7,hour,10.9900000000,µg/m3,2017-07-07 08:00:00 +01:00,2017-07-07 09:00:00 +01:00,1,1
ES,ES.BDCA.AQD,NET_ES131A,STA_ES0125A,,SP_28079017_14_6,SPP_28079017_14_6.1,SAM_28079017_14_6,O3,http://dd.eionet.europa.eu/vocabulary/aq/pollutant/7,hour,14.3000000000,µg/m3,2017-07-07 09:00:00 +01:00,2017-07-07 10:00:00 +01:00,1,1
ES,ES.BDCA.AQD,NET_ES131A,STA_ES0125A,,SP_28079017_14_6,SPP_28079017_14_6.1,SAM_28079017_14_6,O3,http://dd.eionet.europa.eu/vocabulary/aq/pollutant/7,hour,19.5399999900,µg/m3,2017-07-07 10:00:00 +01:00,2017-07-07 11:00:00 +01:00,1,1
ES,ES.BDCA.AQD,NET_ES131A,STA_ES0125A,,SP_28079017_14_6,SPP_28079017_14_6.1,SAM_28079017_14_6,O3,http://dd.eionet.europa.eu/vocabulary/aq/pollutant/7,hour,23.6499999900,µg/m3,2017-07-07 11:00:00 +01:00,2017-07-07 12:00:00 +01:00,1,1
ES,ES.BDCA.AQD,NET_ES131A,STA_ES0125A,,SP_28079017_14_6,SPP_28079017_14_6.1,SAM_28079017_14_6,O3,http://dd.eionet.europa.eu/vocabulary/aq/pollutant/7,hour,50.2299999900,µg/m3,2017-07-07 12:00:00 +01:00,2017-07-07 13:00:00 +01:00,1,1
ES,ES.BDCA.AQD,NET_ES131A,STA_ES0125A,,SP_28079017_14_6,SPP_28079017_14_6.1,SAM_28079017_14_6,O3,http://dd.eionet.europa.eu/vocabulary/aq/pollutant/7,hour,42.2599999900,µg/m3,2017-07-07 13:00:00 +01:00,2017-07-07 14:00:00 +01:00,1,1
ES,ES.BDCA.AQD,NET_ES131A,STA_ES0125A,,SP_28079017_14_6,SPP_28079017_14_6.1,SAM_28079017_14_6,O3,http://dd.eionet.europa.eu/vocabulary/aq/pollutant/7,hour,44.8599999900,µg/m3,2017-07-07 14:00:00 +01:00,2017-07-07 15:00:00 +01:00,1,1
ES,ES.BDCA.AQD,NET_ES131A,STA_ES0125A,,SP_28079017_14_6,SPP_28079017_14_6.1,SAM_28079017_14_6,O3,http://dd.eionet.europa.eu/vocabulary/aq/pollutant/7,hour,41.5300000000,µg/m3,2017-07-07 15:00:00 +01:00,2017-07-07 16:00:00 +01:00,1,1
ES,ES.BDCA.AQD,NET_ES131A,STA_ES0125A,,SP_28079017_14_6,SPP_28079017_14_6.1,SAM_28079017_14_6,O3,http://dd.eionet.europa.eu/vocabulary/aq/pollutant/7,hour,38.4600000000,µg/m3,2017-07-07 16:00:00 +01:00,2017-07-07 17:00:00 +01:00,1,1
ES,ES.BDCA.AQD,NET_ES131A,STA_ES0125A,,SP_28079017_14_6,SPP_28079017_14_6.1,SAM_28079017_14_6,O3,http://dd.eionet.europa.eu/vocabulary/aq/pollutant/7,hour,42.3400000000,µg/m3,2017-07-07 17:00:00 +01:00,2017-07-07 18:00:00 +01:00,1,1
ES,ES.BDCA.AQD,NET_ES131A,STA_ES0125A,,SP_28079017_14_6,SPP_28079017_14_6.1,SAM_28079017_14_6,O3,http://dd.eionet.europa.eu/vocabulary/aq/pollutant/7,hour,40.6199999900,µg/m3,2017-07-07 18:00:00 +01:00,2017-07-07 19:00:00 +01:00,1,1
ES,ES.BDCA.AQD,NET_ES131A,STA_ES0125A,,SP_28079017_14_6,SPP_28079017_14_6.1,SAM_28079017_14_6,O3,http://dd.eionet.europa.eu/vocabulary/aq/pollutant/7,hour,59.5099999900,µg/m3,2017-07-07 19:00:00 +01:00,2017-07-07 20:00:00 +01:00,1,1
ES,ES.BDCA.AQD,NET_ES131A,STA_ES0125A,,SP_28079017_14_6,SPP_28079017_14_6.1,SAM_28079017_14_6,O3,http://dd.eionet.europa.eu/vocabulary/aq/pollutant/7,hour,58.8100000000,µg/m3,2017-07-07 20:00:00 +01:00,2017-07-07 21:00:00 +01:00,1,1
ES,ES.BDCA.AQD,NET_ES131A,STA_ES0125A,,SP_28079017_14_6,SPP_28079017_14_6.1,SAM_28079017_14_6,O3,http://dd.eionet.europa.eu/vocabulary/aq/pollutant/7,hour,37.5300000000,µg/m3,2017-07-07 21:00:00 +01:00,2017-07-07 22:00:00 +01:00,1,1
ES,ES.BDCA.AQD,NET_ES131A,STA_ES0125A,,SP_28079017_14_6,SPP_28079017_14_6.1,SAM_28079017_14_6,O3,http://dd.eionet.europa.eu/vocabulary/aq/pollutant/7,hour,12.1199999900,µg/m3,2017-07-07 22:00:00 +01:00,2017-07-07 23:00:00 +01:00,1,1
ES,ES.BDCA.AQD,NET_ES131A,STA_ES0125A,,SP_28079017_14_6,SPP_28079017_14_6.1,SAM_28079017_14_6,O3,http://dd.eionet.europa.eu/vocabulary/aq/pollutant/7,hour,3.8900000000,µg/m3,2017-07-07 23:00:00 +01:00,2017-07-08 00:00:00 +01:00,1,1
ES,ES.BDCA.AQD,NET_ES131A,STA_ES0125A,,SP_28079017_14_6,SPP_28079017_14_6.1,SAM_28079017_14_6,O3,http://dd.eionet.europa.eu/vocabulary/aq/pollutant/7,hour,8.5700000000,µg/m3,2017-07-08 00:00:00 +01:00,2017-07-08 01:00:00 +01:00,1,1
ES,ES.BDCA.AQD,NET_ES131A,STA_ES0125A,,SP_28079017_14_6,SPP_28079017_14_6.1,SAM_28079017_14_6,O3,http://dd.eionet.europa.eu/vocabulary/aq/pollutant/7,hour,23.5900000000,µg/m3,2017-07-08 01:00:00 +01:00,2017-07-08 02:00:00 +01:00,1,1
ES,ES.BDCA.AQD,NET_ES131A,STA_ES0125A,,SP_28079017_14_6,SPP_28079017_14_6.1,SAM_28079017_14_6,O3,http://dd.eionet.europa.eu/vocabulary/aq/pollutant/7,hour,8.5299999900,µg/m3,2017-07-08 02:00:00 +01:00,2017-07-08 03:00:00 +01:00,1,1
ES,ES.BDCA.AQD,NET_ES131A,STA_ES0125A,,SP_28079017_14_6,SPP_28079017_14_6.1,SAM_28079017_14_6,O3,http://dd.eionet.europa.eu/vocabulary/aq/pollutant/7,hour,7.9600000000,µg/m3,2017-07-08 03:00:00 +01:00,2017-07-08 04:00:00 +01:00,1,1
ES,ES.BDCA.AQD,NET_ES131A,STA_ES0125A,,SP_28079017_14_6,SPP_28079017_14_6.1,SAM_28079017_14_6,O3,http://dd.eionet.europa.eu/vocabulary/aq/pollutant/7,hour,20.1400000000,µg/m3,2017-07-08 04:00:00 +01:00,2017-07-08 05:00:00 +01:00,1,1
ES,ES.BDCA.AQD,NET_ES131A,STA_ES0125A,,SP_28079017_14_6,SPP_28079017_14_6.1,SAM_28079017_14_6,O3,http://dd.eionet.europa.eu/vocabulary/aq/pollutant/7,hour,13.2799999900,µg/m3,2017-07-08 05:00:00 +01:00,2017-07-08 06:00:00 +01:00,1,1
ES,ES.BDCA.AQD,NET_ES131A,STA_ES0125A,,SP_28079017_14_6,SPP_28079017_14_6.1,SAM_28079017_14_6,O3,http://dd.eionet.europa.eu/vocabulary/aq/pollutant/7,hour,3.7200000000,µg/m3,2017-07-08 06:00:00 +01:00,2017-07-08 07:00:00 +01:00,1,1
ES,ES.BDCA.AQD,NET_ES131A,STA_ES0125A,,SP_28079017_14_6,SPP_28079017_14_6.1,SAM_28079017_14_6,O3,http://dd.eionet.europa.eu/vocabulary/aq/pollutant/7,hour,12.8000000000,µg/m3,2017-07-08 07:00:00 +01:00,2017-07-08 08:00:00 +01:00,1,1
ES,ES.BDCA.AQD,NET_ES131A,STA_ES0125A,,SP_28079017_14_6,SPP_28079017_14_6.1,SAM_28079017_14_6,O3,http://dd.eionet.europa.eu/vocabulary/aq/pollutant/7,hour,42.0600000000,µg/m3,2017-07-08 08:00:00 +01:00,2017-07-08 09:00:00 +01:00,1,1
ES,ES.BDCA.AQD,NET_ES131A,STA_ES0125A,,SP_28079017_14_6,SPP_28079017_14_6.1,SAM_28079017_14_6,O3,http://dd.eionet.europa.eu/vocabulary/aq/pollutant/7,hour,59.3699999900,µg/m3,2017-07-08 09:00:00 +01:00,2017-07-08 10:00:00 +01:00,1,1
ES,ES.BDCA.AQD,NET_ES131A,STA_ES0125A,,SP_28079017_14_6,SPP_28079017_14_6.1,SAM_28079017_14_6,O3,http://dd.eionet.europa.eu/vocabulary/aq/pollutant/7,hour,66.2900000000,µg/m3,2017-07-08 10:00:00 +01:00,2017-07-08 11:00:00 +01:00,1,1
ES,ES.BDCA.AQD,NET_ES131A,STA_ES0125A,,SP_28079017_14_6,SPP_28079017_14_6.1,SAM_28079017_14_6,O3,http://dd.eionet.europa.eu/vocabulary/aq/pollutant/7,hour,77.3299999900,µg/m3,2017-07-08 11:00:00 +01:00,2017-07-08 12:00:00 +01:00,1,1
ES,ES.BDCA.AQD,NET_ES131A,STA_ES0125A,,SP_28079017_14_6,SPP_28079017_14_6.1,SAM_28079017_14_6,O3,http://dd.eionet.europa.eu/vocabulary/aq/pollutant/7,hour,83.5600000000,µg/m3,2017-07-08 12:00:00 +01:00,2017-07-08 13:00:00 +01:00,1,1
ES,ES.BDCA.AQD,NET_ES131A,STA_ES0125A,,SP_28079017_14_6,SPP_28079017_14_6.1,SAM_28079017_14_6,O3,http://dd.eionet.europa.eu/vocabulary/aq/pollutant/7,hour,81.0699999900,µg/m3,2017-07-08 13:00:00 +01:00,2017-07-08 14:00:00 +01:00,1,1
ES,ES.BDCA.AQD,NET_ES131A,STA_ES0125A,,SP_28079017_14_6,SPP_28079017_14_6.1,SAM_28079017_14_6,O3,http://dd.eionet.europa.eu/vocabulary/aq/pollutant/7,hour,63.0499999900,µg/m3,2017-07-08 14:00:00 +01:00,2017-07-08 15:00:00 +01:00,1,1
ES,ES.BDCA.AQD,NET_ES131A,STA_ES0125A,,SP_28079017_14_6,SPP_28079017_14_6.1,SAM_28079017_14_6,O3,http://dd.eionet.europa.eu/vocabulary/aq/pollutant/7,hour,61.7500000000,µg/m3,2017-07-08 15:00:00 +01:00,2017-07-08 16:00:00 +01:00,1,1
ES,ES.BDCA.AQD,NET_ES131A,STA_ES0125A,,SP_28079017_14_6,SPP_28079017_14_6.1,SAM_28079017_14_6,O3,http://dd.eionet.europa.eu/vocabulary/aq/pollutant/7,hour,82.5999999900,µg/m3,2017-07-08 16:00:00 +01:00,2017-07-08 17:00:00 +01:00,1,1
ES,ES.BDCA.AQD,NET_ES131A,STA_ES0125A,,SP_28079017_14_6,SPP_28079017_14_6.1,SAM_28079017_14_6,O3,http://dd.eionet.europa.eu/vocabulary/aq/pollutant/7,hour,87.2300000000,µg/m3,2017-07-08 17:00:00 +01:00,2017-07-08 18:00:00 +01:00,1,1
ES,ES.BDCA.AQD,NET_ES131A,STA_ES0125A,,SP_28079017_14_6,SPP_28079017_14_6.1,SAM_28079017_14_6,O3,http://dd.eionet.europa.eu/vocabulary/aq/pollutant/7,hour,90.7600000000,µg/m3,2017-07-08 18:00:00 +01:00,2017-07-08 19:00:00 +01:00,1,1
ES,ES.BDCA.AQD,NET_ES131A,STA_ES0125A,,SP_28079017_14_6,SPP_28079017_14_6.1,SAM_28079017_14_6,O3,http://dd.eionet.europa.eu/vocabulary/aq/pollutant/7,hour,85.7399999900,µg/m3,2017-07-08 19:00:00 +01:00,2017-07-08 20:00:00 +01:00,1,1
ES,ES.BDCA.AQD,NET_ES131A,STA_ES0125A,,SP_28079017_14_6,SPP_28079017_14_6.1,SAM_28079017_14_6,O3,http://dd.eionet.europa.eu/vocabulary/aq/pollutant/7,hour,73.6899999900,µg/m3,2017-07-08 20:00:00 +01:00,2017-07-08 21:00:00 +01:00,1,1
ES,ES.BDCA.AQD,NET_ES131A,STA_ES0125A,,SP_28079017_14_6,SPP_28079017_14_6.1,SAM_28079017_14_6,O3,http://dd.eionet.europa.eu/vocabulary/aq/pollutant/7,hour,33.7400000000,µg/m3,2017-07-08 21:00:00 +01:00,2017-07-08 22:00:00 +01:00,1,1
ES,ES.BDCA.AQD,NET_ES131A,STA_ES0125A,,SP_28079017_14_6,SPP_28079017_14_6.1,SAM_28079017_14_6,O3,http://dd.eionet.europa.eu/vocabulary/aq/pollutant/7,hour,3.7400000000,µg/m3,2017-07-08 22:00:00 +01:00,2017-07-08 23:00:00 +01:00,1,1
ES,ES.BDCA.AQD,NET_ES131A,STA_ES0125A,,SP_28079017_14_6,SPP_28079017_14_6.1,SAM_28079017_14_6,O3,http://dd.eionet.europa.eu/vocabulary/aq/pollutant/7,hour,3.3799999900,µg/m3,2017-07-08 23:00:00 +01:00,2017-07-09 00:00:00 +01:00,1,1
ES,ES.BDCA.AQD,NET_ES131A,STA_ES0125A,,SP_28079017_14_6,SPP_28079017_14_6.1,SAM_28079017_14_6,O3,http://dd.eionet.europa.eu/vocabulary/aq/pollutant/7,hour,2.8100000000,µg/m3,2017-07-09 00:00:00 +01:00,2017-07-09 01:00:00 +01:00,1,1
ES,ES.BDCA.AQD,NET_ES131A,STA_ES0125A,,SP_28079017_14_6,SPP_28079017_14_6.1,SAM_28079017_14_6,O3,http://dd.eionet.europa.eu/vocabulary/aq/pollutant/7,hour,2.7100000000,µg/m3,2017-07-09 01:00:00 +01:00,2017-07-09 02:00:00 +01:00,1,1
ES,ES.BDCA.AQD,NET_ES131A,STA_ES0125A,,SP_28079017_14_6,SPP_28079017_14_6.1,SAM_28079017_14_6,O3,http://dd.eionet.europa.eu/vocabulary/aq/pollutant/7,hour,4.9299999900,µg/m3,2017-07-09 02:00:00 +01:00,2017-07-09 03:00:00 +01:00,1,1
ES,ES.BDCA.AQD,NET_ES131A,STA_ES0125A,,SP_28079017_14_6,SPP_28079017_14_6.1,SAM_28079017_14_6,O3,http://dd.eionet.europa.eu/vocabulary/aq/pollutant/7,hour,2.4800000000,µg/m3,2017-07-09 03:00:00 +01:00,2017-07-09 04:00:00 +01:00,1,1
ES,ES.BDCA.AQD,NET_ES131A,STA_ES0125A,,SP_28079017_14_6,SPP_28079017_14_6.1,SAM_28079017_14_6,O3,http://dd.eionet.europa.eu/vocabulary/aq/pollutant/7,hour,2.0400000000,µg/m3,2017-07-09 04:00:00 +01:00,2017-07-09 05:00:00 +01:00,1,1
ES,ES.BDCA.AQD,NET_ES131A,STA_ES0125A,,SP_28079017_14_6,SPP_28079017_14_6.1,SAM_28079017_14_6,O3,http://dd.eionet.europa.eu/vocabulary/aq/pollutant/7,hour,1.9700000000,µg/m3,2017-07-09 05:00:00 +01:00,2017-07-09 06:00:00 +01:00,1,1
ES,ES.BDCA.AQD,NET_ES131A,STA_ES0125A,,SP_28079017_14_6,SPP_28079017_14_6.1,SAM_28079017_14_6,O3,http://dd.eionet.europa.eu/vocabulary/aq/pollutant/7,hour,2.8500000000,µg/m3,2017-07-09 06:00:00 +01:00,2017-07-09 07:00:00 +01:00,1,1
ES,ES.BDCA.AQD,NET_ES131A,STA_ES0125A,,SP_28079017_14_6,SPP_28079017_14_6.1,SAM_28079017_14_6,O3,http://dd.eionet.europa.eu/vocabulary/aq/pollutant/7,hour,6.1299999900,µg/m3,2017-07-09 07:00:00 +01:00,2017-07-09 08:00:00 +01:00,1,1
ES,ES.BDCA.AQD,NET_ES131A,STA_ES0125A,,SP_28079017_14_6,SPP_28079017_14_6.1,SAM_28079017_14_6,O3,http://dd.eionet.europa.eu/vocabulary/aq/pollutant/7,hour,28.6299999900,µg/m3,2017-07-09 08:00:00 +01:00,2017-07-09 09:00:00 +01:00,1,1
ES,ES.BDCA.AQD,NET_ES131A,STA_ES0125A,,SP_28079017_14_6,SPP_28079017_14_6.1,SAM_28079017_14_6,O3,http://dd.eionet.europa.eu/vocabulary/aq/pollutant/7,hour,51.3500000000,µg/m3,2017-07-09 09:00:00 +01:00,2017-07-09 10:00:00 +01:00,1,1
ES,ES.BDCA.AQD,NET_ES131A,STA_ES0125A,,SP_28079017_14_6,SPP_28079017_14_6.1,SAM_28079017_14_6,O3,http://dd.eionet.europa.eu/vocabulary/aq/pollutant/7,hour,72.4599999900,µg/m3,2017-07-09 10:00:00 +01:00,2017-07-09 11:00:00 +01:00,1,1
ES,ES.BDCA.AQD,NET_ES131A,STA_ES0125A,,SP_28079017_14_6,SPP_28079017_14_6.1,SAM_28079017_14_6,O3,http://dd.eionet.europa.eu/vocabulary/aq/pollutant/7,hour,89.3100000000,µg/m3,2017-07-09 11:00:00 +01:00,2017-07-09 12:00:00 +01:00,1,1
ES,ES.BDCA.AQD,NET_ES131A,STA_ES0125A,,SP_28079017_14_6,SPP_28079017_14_6.1,SAM_28079017_14_6,O3,http://dd.eionet.europa.eu/vocabulary/aq/pollutant/7,hour,101.5999999900,µg/m3,2017-07-09 12:00:00 +01:00,2017-07-09 13:00:00 +01:00,1,1
ES,ES.BDCA.AQD,NET_ES131A,STA_ES0125A,,SP_28079017_14_6,SPP_28079017_14_6.1,SAM_28079017_14_6,O3,http://dd.eionet.europa.eu/vocabulary/aq/pollutant/7,hour,108.3000000000,µg/m3,2017-07-09 13:00:00 +01:00,2017-07-09 14:00:00 +01:00,1,1
ES,ES.BDCA.AQD,NET_ES131A,STA_ES0125A,,SP_28079017_14_6,SPP_28079017_14_6.1,SAM_28079017_14_6,O3,http://dd.eionet.europa.eu/vocabulary/aq/pollutant/7,hour,113.4000000000,µg/m3,2017-07-09 14:00:00 +01:00,2017-07-09 15:00:00 +01:00,1,1
ES,ES.BDCA.AQD,NET_ES131A,STA_ES0125A,,SP_28079017_14_6,SPP_28079017_14_6.1,SAM_28079017_14_6,O3,http://dd.eionet.europa.eu/vocabulary/aq/pollutant/7,hour,107.4000000000,µg/m3,2017-07-09 15:00:00 +01:00,2017-07-09 16:00:00 +01:00,1,1
ES,ES.BDCA.AQD,NET_ES131A,STA_ES0125A,,SP_28079017_14_6,SPP_28079017_14_6.1,SAM_28079017_14_6,O3,http://dd.eionet.europa.eu/vocabulary/aq/pollutant/7,hour,104.2000000000,µg/m3,2017-07-09 16:00:00 +01:00,2017-07-09 17:00:00 +01:00,1,1
ES,ES.BDCA.AQD,NET_ES131A,STA_ES0125A,,SP_28079017_14_6,SPP_28079017_14_6.1,SAM_28079017_14_6,O3,http://dd.eionet.europa.eu/vocabulary/aq/pollutant/7,hour,100.9000000000,µg/m3,2017-07-09 17:00:00 +01:00,2017-07-09 18:00:00 +01:00,1,1
ES,ES.BDCA.AQD,NET_ES131A,STA_ES0125A,,SP_28079017_14_6,SPP_28079017_14_6.1,SAM_28079017_14_6,O3,http://dd.eionet.europa.eu/vocabulary/aq/pollutant/7,hour,101.8000000000,µg/m3,2017-07-09 18:00:00 +01:00,2017-07-09 19:00:00 +01:00,1,1
ES,ES.BDCA.AQD,NET_ES131A,STA_ES0125A,,SP_28079017_14_6,SPP_28079017_14_6.1,SAM_28079017_14_6,O3,http://dd.eionet.europa.eu/vocabulary/aq/pollutant/7,hour,101.5999999900,µg/m3,2017-07-09 19:00:00 +01:00,2017-07-09 20:00:00 +01:00,1,1
ES,ES.BDCA.AQD,NET_ES131A,STA_ES0125A,,SP_28079017_14_6,SPP_28079017_14_6.1,SAM_28079017_14_6,O3,http://dd.eionet.europa.eu/vocabulary/aq/pollutant/7,hour,93.7800000000,µg/m3,2017-07-09 20:00:00 +01:00,2017-07-09 21:00:00 +01:00,1,1
ES,ES.BDCA.AQD,NET_ES131A,STA_ES0125A,,SP_28079017_14_6,SPP_28079017_14_6.1,SAM_28079017_14_6,O3,http://dd.eionet.europa.eu/vocabulary/aq/pollutant/7,hour,80.7300000000,µg/m3,2017-07-09 21:00:00 +01:00,2017-07-09 22:00:00 +01:00,1,1
ES,ES.BDCA.AQD,NET_ES131A,STA_ES0125A,,SP_28079017_14_6,SPP_28079017_14_6.1,SAM_28079017_14_6,O3,http://dd.eionet.europa.eu/vocabulary/aq/pollutant/7,hour,71.7300000000,µg/m3,2017-07-09 22:00:00 +01:00,2017-07-09 23:00:00 +01:00,1,1
ES,ES.BDCA.AQD,NET_ES131A,STA_ES0125A,,SP_28079017_14_6,SPP_28079017_14_6.1,SAM_28079017_14_6,O3,http://dd.eionet.europa.eu/vocabulary/aq/pollutant/7,hour,61.5700000000,µg/m3,2017-07-09 23:00:00 +01:00,2017-07-10 00:00:00 +01:00,1,1
ES,ES.BDCA.AQD,NET_ES131A,STA_ES0125A,,SP_28079017_14_6,SPP_28079017_14_6.1,SAM_28079017_14_6,O3,http://dd.eionet.europa.eu/vocabulary/aq/pollutant/7,hour,59.6499999900,µg/m3,2017-07-10 00:00:00 +01:00,2017-07-10 01:00:00 +01:00,1,1
ES,ES.BDCA.AQD,NET_ES131A,STA_ES0125A,,SP_28079017_14_6,SPP_28079017_14_6.1,SAM_28079017_14_6,O3,http://dd.eionet.europa.eu/vocabulary/aq/pollutant/7,hour,65.8799999900,µg/m3,2017-07-10 01:00:00 +01:00,2017-07-10 02:00:00 +01:00,1,1
ES,ES.BDCA.AQD,NET_ES131A,STA_ES0125A,,SP_28079017_14_6,SPP_28079017_14_6.1,SAM_28079017_14_6,O3,http://dd.eionet.europa.eu/vocabulary/aq/pollutant/7,hour,62.3299999900,µg/m3,2017-07-10 02:00:00 +01:00,2017-07-10 03:00:00 +01:00,1,1
ES,ES.BDCA.AQD,NET_ES131A,STA_ES0125A,,SP_28079017_14_6,SPP_28079017_14_6.1,SAM_28079017_14_6,O3,http://dd.eionet.europa.eu/vocabulary/aq/pollutant/7,hour,51.4900000000,µg/m3,2017-07-10 03:00:00 +01:00,2017-07-10 04:00:00 +01:00,1,1
ES,ES.BDCA.AQD,NET_ES131A,STA_ES0125A,,SP_28079017_14_6,SPP_28079017_14_6.1,SAM_28079017_14_6,O3,http://dd.eionet.europa.eu/vocabulary/aq/pollutant/7,hour,41.2700000000,µg/m3,2017-07-10 04:00:00 +01:00,2017-07-10 05:00:00 +01:00,1,1
ES,ES.BDCA.AQD,NET_ES131A,STA_ES0125A,,SP_28079017_14_6,SPP_28079017_14_6.1,SAM_28079017_14_6,O3,http://dd.eionet.europa.eu/vocabulary/aq/pollutant/7,hour,25.0399999900,µg/m3,2017-07-10 05:00:00 +01:00,2017-07-10 06:00:00 +01:00,1,1
ES,ES.BDCA.AQD,NET_ES131A,STA_ES0125A,,SP_28079017_14_6,SPP_28079017_14_6.1,SAM_28079017_14_6,O3,http://dd.eionet.europa.eu/vocabulary/aq/pollutant/7,hour,8.4000000000,µg/m3,2017-07-10 06:00:00 +01:00,2017-07-10 07:00:00 +01:00,1,1
ES,ES.BDCA.AQD,NET_ES131A,STA_ES0125A,,SP_28079017_14_6,SPP_28079017_14_6.1,SAM_28079017_14_6,O3,http://dd.eionet.europa.eu/vocabulary/aq/pollutant/7,hour,11.1099999900,µg/m3,2017-07-10 07:00:00 +01:00,2017-07-10 08:00:00 +01:00,1,1
ES,ES.BDCA.AQD,NET_ES131A,STA_ES0125A,,SP_28079017_14_6,SPP_28079017_14_6.1,SAM_28079017_14_6,O3,http://dd.eionet.europa.eu/vocabulary/aq/pollutant/7,hour,26.1099999900,µg/m3,2017-07-10 08:00:00 +01:00,2017-07-10 09:00:00 +01:00,1,1
ES,ES.BDCA.AQD,NET_ES131A,STA_ES0125A,,SP_28079017_14_6,SPP_28079017_14_6.1,SAM_28079017_14_6,O3,http://dd.eionet.europa.eu/vocabulary/aq/pollutant/7,hour,43.8599999900,µg/m3,2017-07-10 09:00:00 +01:00,2017-07-10 10:00:00 +01:00,1,1
ES,ES.BDCA.AQD,NET_ES131A,STA_ES0125A,,SP_28079017_14_6,SPP_28079017_14_6.1,SAM_28079017_14_6,O3,http://dd.eionet.europa.eu/vocabulary/aq/pollutant/7,hour,56.7700000000,µg/m3,2017-07-10 10:00:00 +01:00,2017-07-10 11:00:00 +01:00,1,1
ES,ES.BDCA.AQD,NET_ES131A,STA_ES0125A,,SP_28079017_14_6,SPP_28079017_14_6.1,SAM_28079017_14_6,O3,http://dd.eionet.europa.eu/vocabulary/aq/pollutant/7,hour,63.2100000000,µg/m3,2017-07-10 11:00:00 +01:00,2017-07-10 12:00:00 +01:00,1,1
ES,ES.BDCA.AQD,NET_ES131A,STA_ES0125A,,SP_28079017_14_6,SPP_28079017_14_6.1,SAM_28079017_14_6,O3,http://dd.eionet.europa.eu/vocabulary/aq/pollutant/7,hour,67.0300000000,µg/m3,2017-07-10 12:00:00 +01:00,2017-07-10 13:00:00 +01:00,1,1
ES,ES.BDCA.AQD,NET_ES131A,STA_ES0125A,,SP_28079017_14_6,SPP_28079017_14_6.1,SAM_28079017_14_6,O3,http://dd.eionet.europa.eu/vocabulary/aq/pollutant/7,hour,67.0999999900,µg/m3,2017-07-10 13:00:00 +01:00,2017-07-10 14:00:00 +01:00,1,1
ES,ES.BDCA.AQD,NET_ES131A,STA_ES0125A,,SP_28079017_14_6,SPP_28079017_14_6.1,SAM_28079017_14_6,O3,http://dd.eionet.europa.eu/vocabulary/aq/pollutant/7,hour,81.8900000000,µg/m3,2017-07-10 14:00:00 +01:00,2017-07-10 15:00:00 +01:00,1,1
ES,ES.BDCA.AQD,NET_ES131A,STA_ES0125A,,SP_28079017_14_6,SPP_28079017_14_6.1,SAM_28079017_14_6,O3,http://dd.eionet.europa.eu/vocabulary/aq/pollutant/7,hour,89.6599999900,µg/m3,2017-07-10 15:00:00 +01:00,2017-07-10 16:00:00 +01:00,1,1
ES,ES.BDCA.AQD,NET_ES131A,STA_ES0125A,,SP_28079017_14_6,SPP_28079017_14_6.1,SAM_28079017_14_6,O3,http://dd.eionet.europa.eu/vocabulary/aq/pollutant/7,hour,91.7300000000,µg/m3,2017-07-10 16:00:00 +01:00,2017-07-10 17:00:00 +01:00,1,1
ES,ES.BDCA.AQD,NET_ES131A,STA_ES0125A,,SP_28079017_14_6,SPP_28079017_14_6.1,SAM_28079017_14_6,O3,http://dd.eionet.europa.eu/vocabulary/aq/pollutant/7,hour,87.7800000000,µg/m3,2017-07-10 17:00:00 +01:00,2017-07-10 18:00:00 +01:00,1,1
ES,ES.BDCA.AQD,NET_ES131A,STA_ES0125A,,SP_28079017_14_6,SPP_28079017_14_6.1,SAM_28079017_14_6,O3,http://dd.eionet.europa.eu/vocabulary/aq/pollutant/7,hour,81.5999999900,µg/m3,2017-07-10 18:00:00 +01:00,2017-07-10 19:00:00 +01:00,1,1
ES,ES.BDCA.AQD,NET_ES131A,STA_ES0125A,,SP_28079017_14_6,SPP_28079017_14_6.1,SAM_28079017_14_6,O3,http://dd.eionet.europa.eu/vocabulary/aq/pollutant/7,hour,80.8799999900,µg/m3,2017-07-10 19:00:00 +01:00,2017-07-10 20:00:00 +01:00,1,1
ES,ES.BDCA.AQD,NET_ES131A,STA_ES0125A,,SP_28079017_14_6,SPP_28079017_14_6.1,SAM_28079017_14_6,O3,http://dd.eionet.europa.eu/vocabulary/aq/pollutant/7,hour,61.5399999900,µg/m3,2017-07-10 20:00:00 +01:00,2017-07-10 21:00:00 +01:00,1,1
ES,ES.BDCA.AQD,NET_ES131A,STA_ES0125A,,SP_28079017_14_6,SPP_28079017_14_6.1,SAM_28079017_14_6,O3,http://dd.eionet.europa.eu/vocabulary/aq/pollutant/7,hour,22.7100000000,µg/m3,2017-07-10 21:00:00 +01:00,2017-07-10 22:00:00 +01:00,1,1
ES,ES.BDCA.AQD,NET_ES131A,STA_ES0125A,,SP_28079017_14_6,SPP_28079017_14_6.1,SAM_28079017_14_6,O3,http://dd.eionet.europa.eu/vocabulary/aq/pollutant/7,hour,24.7199999900,µg/m3,2017-07-10 22:00:00 +01:00,2017-07-10 23:00:00 +01:00,1,1
ES,ES.BDCA.AQD,NET_ES131A,STA_ES0125A,,SP_28079017_14_6,SPP_28079017_14_6.1,SAM_28079017_14_6,O3,http://dd.eionet.europa.eu/vocabulary/aq/pollutant/7,hour,11.1500000000,µg/m3,2017-07-10 23:00:00 +01:00,2017-07-11 00:00:00 +01:00,1,1
ES,ES.BDCA.AQD,NET_ES131A,STA_ES0125A,,SP_28079017_14_6,SPP_28079017_14_6.1,SAM_28079017_14_6,O3,http://dd.eionet.europa.eu/vocabulary/aq/pollutant/7,hour,10.9100000000,µg/m3,2017-07-11 00:00:00 +01:00,2017-07-11 01:00:00 +01:00,1,1
ES,ES.BDCA.AQD,NET_ES131A,STA_ES0125A,,SP_28079017_14_6,SPP_28079017_14_6.1,SAM_28079017_14_6,O3,http://dd.eionet.europa.eu/vocabulary/aq/pollutant/7,hour,27.6400000000,µg/m3,2017-07-11 01:00:00 +01:00,2017-07-11 02:00:00 +01:00,1,1
ES,ES.BDCA.AQD,NET_ES131A,STA_ES0125A,,SP_28079017_14_6,SPP_28079017_14_6.1,SAM_28079017_14_6,O3,http://dd.eionet.europa.eu/vocabulary/aq/pollutant/7,hour,9.2400000000,µg/m3,2017-07-11 02:00:00 +01:00,2017-07-11 03:00:00 +01:00,1,1
ES,ES.BDCA.AQD,NET_ES131A,STA_ES0125A,,SP_28079017_14_6,SPP_28079017_14_6.1,SAM_28079017_14_6,O3,http://dd.eionet.europa.eu/vocabulary/aq/pollutant/7,hour,2.4500000000,µg/m3,2017-07-11 03:00:00 +01:00,2017-07-11 04:00:00 +01:00,1,1
ES,ES.BDCA.AQD,NET_ES131A,STA_ES0125A,,SP_28079017_14_6,SPP_28079017_14_6.1,SAM_28079017_14_6,O3,http://dd.eionet.europa.eu/vocabulary/aq/pollutant/7,hour,2.6299999900,µg/m3,2017-07-11 04:00:00 +01:00,2017-07-11 05:00:00 +01:00,1,1
ES,ES.BDCA.AQD,NET_ES131A,STA_ES0125A,,SP_28079017_14_6,SPP_28079017_14_6.1,SAM_28079017_14_6,O3,http://dd.eionet.europa.eu/vocabulary/aq/pollutant/7,hour,3.3900000000,µg/m3,2017-07-11 05:00:00 +01:00,2017-07-11 06:00:00 +01:00,1,1
ES,ES.BDCA.AQD,NET_ES131A,STA_ES0125A,,SP_28079017_14_6,SPP_28079017_14_6.1,SAM_28079017_14_6,O3,http://dd.eionet.europa.eu/vocabulary/aq/pollutant/7,hour,2.7200000000,µg/m3,2017-07-11 06:00:00 +01:00,2017-07-11 07:00:00 +01:00,1,1
ES,ES.BDCA.AQD,NET_ES131A,STA_ES0125A,,SP_28079017_14_6,SPP_28079017_14_6.1,SAM_28079017_14_6,O3,http://dd.eionet.europa.eu/vocabulary/aq/pollutant/7,hour,7.3700000000,µg/m3,2017-07-11 07:00:00 +01:00,2017-07-11 08:00:00 +01:00,1,1
ES,ES.BDCA.AQD,NET_ES131A,STA_ES0125A,,SP_28079017_14_6,SPP_28079017_14_6.1,SAM_28079017_14_6,O3,http://dd.eionet.europa.eu/vocabulary/aq/pollutant/7,hour,14.0600000000,µg/m3,2017-07-11 08:00:00 +01:00,2017-07-11 09:00:00 +01:00,1,1
ES,ES.BDCA.AQD,NET_ES131A,STA_ES0125A,,SP_28079017_14_6,SPP_28079017_14_6.1,SAM_28079017_14_6,O3,http://dd.eionet.europa.eu/vocabulary/aq/pollutant/7,hour,27.0700000000,µg/m3,2017-07-11 09:00:00 +01:00,2017-07-11 10:00:00 +01:00,1,1
ES,ES.BDCA.AQD,NET_ES131A,STA_ES0125A,,SP_28079017_14_6,SPP_28079017_14_6.1,SAM_28079017_14_6,O3,http://dd.eionet.europa.eu/vocabulary/aq/pollutant/7,hour,39.7299999900,µg/m3,2017-07-11 10:00:00 +01:00,2017-07-11 11:00:00 +01:00,1,1
ES,ES.BDCA.AQD,NET_ES131A,STA_ES0125A,,SP_28079017_14_6,SPP_28079017_14_6.1,SAM_28079017_14_6,O3,http://dd.eionet.europa.eu/vocabulary/aq/pollutant/7,hour,66.4099999900,µg/m3,2017-07-11 11:00:00 +01:00,2017-07-11 12:00:00 +01:00,1,1
ES,ES.BDCA.AQD,NET_ES131A,STA_ES0125A,,SP_28079017_14_6,SPP_28079017_14_6.1,SAM_28079017_14_6,O3,http://dd.eionet.europa.eu/vocabulary/aq/pollutant/7,hour,94.3700000000,µg/m3,2017-07-11 12:00:00 +01:00,2017-07-11 13:00:00 +01:00,1,1
ES,ES.BDCA.AQD,NET_ES131A,STA_ES0125A,,SP_28079017_14_6,SPP_28079017_14_6.1,SAM_28079017_14_6,O3,http://dd.eionet.europa.eu/vocabulary/aq/pollutant/7,hour,116.4000000000,µg/m3,2017-07-11 13:00:00 +01:00,2017-07-11 14:00:00 +01:00,1,1
ES,ES.BDCA.AQD,NET_ES131A,STA_ES0125A,,SP_28079017_14_6,SPP_28079017_14_6.1,SAM_28079017_14_6,O3,http://dd.eionet.europa.eu/vocabulary/aq/pollutant/7,hour,116.0999999900,µg/m3,2017-07-11 14:00:00 +01:00,2017-07-11 15:00:00 +01:00,1,1
ES,ES.BDCA.AQD,NET_ES131A,STA_ES0125A,,SP_28079017_14_6,SPP_28079017_14_6.1,SAM_28079017_14_6,O3,http://dd.eionet.europa.eu/vocabulary/aq/pollutant/7,hour,107.0000000000,µg/m3,2017-07-11 15:00:00 +01:00,2017-07-11 16:00:00 +01:00,1,1
ES,ES.BDCA.AQD,NET_ES131A,STA_ES0125A,,SP_28079017_14_6,SPP_28079017_14_6.1,SAM_28079017_14_6,O3,http://dd.eionet.europa.eu/vocabulary/aq/pollutant/7,hour,107.5000000000,µg/m3,2017-07-11 16:00:00 +01:00,2017-07-11 17:00:00 +01:00,1,1
ES,ES.BDCA.AQD,NET_ES131A,STA_ES0125A,,SP_28079017_14_6,SPP_28079017_14_6.1,SAM_28079017_14_6,O3,http://dd.eionet.europa.eu/vocabulary/aq/pollutant/7,hour,108.5999999900,µg/m3,2017-07-11 17:00:00 +01:00,2017-07-11 18:00:00 +01:00,1,1
ES,ES.BDCA.AQD,NET_ES131A,STA_ES0125A,,SP_28079017_14_6,SPP_28079017_14_6.1,SAM_28079017_14_6,O3,http://dd.eionet.europa.eu/vocabulary/aq/pollutant/7,hour,104.3000000000,µg/m3,2017-07-11 18:00:00 +01:00,2017-07-11 19:00:00 +01:00,1,1
ES,ES.BDCA.AQD,NET_ES131A,STA_ES0125A,,SP_28079017_14_6,SPP_28079017_14_6.1,SAM_28079017_14_6,O3,http://dd.eionet.europa.eu/vocabulary/aq/pollutant/7,hour,89.3700000000,µg/m3,2017-07-11 19:00:00 +01:00,2017-07-11 20:00:00 +01:00,1,1
ES,ES.BDCA.AQD,NET_ES131A,STA_ES0125A,,SP_28079017_14_6,SPP_28079017_14_6.1,SAM_28079017_14_6,O3,http://dd.eionet.europa.eu/vocabulary/aq/pollutant/7,hour,59.3599999900,µg/m3,2017-07-11 20:00:00 +01:00,2017-07-11 21:00:00 +01:00,1,1
ES,ES.BDCA.AQD,NET_ES131A,STA_ES0125A,,SP_28079017_14_6,SPP_28079017_14_6.1,SAM_28079017_14_6,O3,http://dd.eionet.europa.eu/vocabulary/aq/pollutant/7,hour,27.9899999900,µg/m3,2017-07-11 21:00:00 +01:00,2017-07-11 22:00:00 +01:00,1,1
ES,ES.BDCA.AQD,NET_ES131A,STA_ES0125A,,SP_28079017_14_6,SPP_28079017_14_6.1,SAM_28079017_14_6,O3,http://dd.eionet.europa.eu/vocabulary/aq/pollutant/7,hour,6.6799999900,µg/m3,2017-07-11 22:00:00 +01:00,2017-07-11 23:00:00 +01:00,1,1
ES,ES.BDCA.AQD,NET_ES131A,STA_ES0125A,,SP_28079017_14_6,SPP_28079017_14_6.1,SAM_28079017_14_6,O3,http://dd.eionet.europa.eu/vocabulary/aq/pollutant/7,hour,4.9900000000,µg/m3,2017-07-11 23:00:00 +01:00,2017-07-12 00:00:00 +01:00,1,1
ES,ES.BDCA.AQD,NET_ES131A,STA_ES0125A,,SP_28079017_14_6,SPP_28079017_14_6.1,SAM_28079017_14_6,O3,http://dd.eionet.europa.eu/vocabulary/aq/pollutant/7,hour,2.7500000000,µg/m3,2017-07-12 00:00:00 +01:00,2017-07-12 01:00:00 +01:00,1,1
ES,ES.BDCA.AQD,NET_ES131A,STA_ES0125A,,SP_28079017_14_6,SPP_28079017_14_6.1,SAM_28079017_14_6,O3,http://dd.eionet.europa.eu/vocabulary/aq/pollutant/7,hour,2.2200000000,µg/m3,2017-07-12 01:00:00 +01:00,2017-07-12 02:00:00 +01:00,1,1
ES,ES.BDCA.AQD,NET_ES131A,STA_ES0125A,,SP_28079017_14_6,SPP_28079017_14_6.1,SAM_28079017_14_6,O3,http://dd.eionet.europa.eu/vocabulary/aq/pollutant/7,hour,2.1699999900,µg/m3,2017-07-12 02:00:00 +01:00,2017-07-12 03:00:00 +01:00,1,1
ES,ES.BDCA.AQD,NET_ES131A,STA_ES0125A,,SP_28079017_14_6,SPP_28079017_14_6.1,SAM_28079017_14_6,O3,http://dd.eionet.europa.eu/vocabulary/aq/pollutant/7,hour,1.7200000000,µg/m3,2017-07-12 03:00:00 +01:00,2017-07-12 04:00:00 +01:00,1,1
ES,ES.BDCA.AQD,NET_ES131A,STA_ES0125A,,SP_28079017_14_6,SPP_28079017_14_6.1,SAM_28079017_14_6,O3,http://dd.eionet.europa.eu/vocabulary/aq/pollutant/7,hour,1.5400000000,µg/m3,2017-07-12 04:00:00 +01:00,2017-07-12 05:00:00 +01:00,1,1
ES,ES.BDCA.AQD,NET_ES131A,STA_ES0125A,,SP_28079017_14_6,SPP_28079017_14_6.1,SAM_28079017_14_6,O3,http://dd.eionet.europa.eu/vocabulary/aq/pollutant/7,hour,1.6100000000,µg/m3,2017-07-12 05:00:00 +01:00,2017-07-12 06:00:00 +01:00,1,1
ES,ES.BDCA.AQD,NET_ES131A,STA_ES0125A,,SP_28079017_14_6,SPP_28079017_14_6.1,SAM_28079017_14_6,O3,http://dd.eionet.europa.eu/vocabulary/aq/pollutant/7,hour,1.4900000000,µg/m3,2017-07-12 06:00:00 +01:00,2017-07-12 07:00:00 +01:00,1,1
ES,ES.BDCA.AQD,NET_ES131A,STA_ES0125A,,SP_28079017_14_6,SPP_28079017_14_6.1,SAM_28079017_14_6,O3,http://dd.eionet.europa.eu/vocabulary/aq/pollutant/7,hour,3.3300000000,µg/m3,2017-07-12 07:00:00 +01:00,2017-07-12 08:00:00 +01:00,1,1
ES,ES.BDCA.AQD,NET_ES131A,STA_ES0125A,,SP_28079017_14_6,SPP_28079017_14_6.1,SAM_28079017_14_6,O3,http://dd.eionet.europa.eu/vocabulary/aq/pollutant/7,hour,7.2000000000,µg/m3,2017-07-12 08:00:00 +01:00,2017-07-12 09:00:00 +01:00,1,1
ES,ES.BDCA.AQD,NET_ES131A,STA_ES0125A,,SP_28079017_14_6,SPP_28079017_14_6.1,SAM_28079017_14_6,O3,http://dd.eionet.europa.eu/vocabulary/aq/pollutant/7,hour,21.9899999900,µg/m3,2017-07-12 09:00:00 +01:00,2017-07-12 10:00:00 +01:00,1,1
ES,ES.BDCA.AQD,NET_ES131A,STA_ES0125A,,SP_28079017_14_6,SPP_28079017_14_6.1,SAM_28079017_14_6,O3,http://dd.eionet.europa.eu/vocabulary/aq/pollutant/7,hour,47.4699999900,µg/m3,2017-07-12 10:00:00 +01:00,2017-07-12 11:00:00 +01:00,1,1
ES,ES.BDCA.AQD,NET_ES131A,STA_ES0125A,,SP_28079017_14_6,SPP_28079017_14_6.1,SAM_28079017_14_6,O3,http://dd.eionet.europa.eu/vocabulary/aq/pollutant/7,hour,80.3299999900,µg/m3,2017-07-12 11:00:00 +01:00,2017-07-12 12:00:00 +01:00,1,1
ES,ES.BDCA.AQD,NET_ES131A,STA_ES0125A,,SP_28079017_14_6,SPP_28079017_14_6.1,SAM_28079017_14_6,O3,http://dd.eionet.europa.eu/vocabulary/aq/pollutant/7,hour,119.3000000000,µg/m3,2017-07-12 12:00:00 +01:00,2017-07-12 13:00:00 +01:00,1,1
ES,ES.BDCA.AQD,NET_ES131A,STA_ES0125A,,SP_28079017_14_6,SPP_28079017_14_6.1,SAM_28079017_14_6,O3,http://dd.eionet.europa.eu/vocabulary/aq/pollutant/7,hour,123.5999999900,µg/m3,2017-07-12 13:00:00 +01:00,2017-07-12 14:00:00 +01:00,1,1
ES,ES.BDCA.AQD,NET_ES131A,STA_ES0125A,,SP_28079017_14_6,SPP_28079017_14_6.1,SAM_28079017_14_6,O3,http://dd.eionet.europa.eu/vocabulary/aq/pollutant/7,hour,124.0999999900,µg/m3,2017-07-12 14:00:00 +01:00,2017-07-12 15:00:00 +01:00,1,1
ES,ES.BDCA.AQD,NET_ES131A,STA_ES0125A,,SP_28079017_14_6,SPP_28079017_14_6.1,SAM_28079017_14_6,O3,http://dd.eionet.europa.eu/vocabulary/aq/pollutant/7,hour,116.0999999900,µg/m3,2017-07-12 15:00:00 +01:00,2017-07-12 16:00:00 +01:00,1,1
ES,ES.BDCA.AQD,NET_ES131A,STA_ES0125A,,SP_28079017_14_6,SPP_28079017_14_6.1,SAM_28079017_14_6,O3,http://dd.eionet.europa.eu/vocabulary/aq/pollutant/7,hour,112.2000000000,µg/m3,2017-07-12 16:00:00 +01:00,2017-07-12 17:00:00 +01:00,1,1
ES,ES.BDCA.AQD,NET_ES131A,STA_ES0125A,,SP_28079017_14_6,SPP_28079017_14_6.1,SAM_28079017_14_6,O3,http://dd.eionet.europa.eu/vocabulary/aq/pollutant/7,hour,108.0000000000,µg/m3,2017-07-12 17:00:00 +01:00,2017-07-12 18:00:00 +01:00,1,1
ES,ES.BDCA.AQD,NET_ES131A,STA_ES0125A,,SP_28079017_14_6,SPP_28079017_14_6.1,SAM_28079017_14_6,O3,http://dd.eionet.europa.eu/vocabulary/aq/pollutant/7,hour,100.0999999900,µg/m3,2017-07-12 18:00:00 +01:00,2017-07-12 19:00:00 +01:00,1,1
ES,ES.BDCA.AQD,NET_ES131A,STA_ES0125A,,SP_28079017_14_6,SPP_28079017_14_6.1,SAM_28079017_14_6,O3,http://dd.eionet.europa.eu/vocabulary/aq/pollutant/7,hour,81.3100000000,µg/m3,2017-07-12 19:00:00 +01:00,2017-07-12 20:00:00 +01:00,1,1
ES,ES.BDCA.AQD,NET_ES131A,STA_ES0125A,,SP_28079017_14_6,SPP_28079017_14_6.1,SAM_28079017_14_6,O3,http://dd.eionet.europa.eu/vocabulary/aq/pollutant/7,hour,58.2999999900,µg/m3,2017-07-12 20:00:00 +01:00,2017-07-12 21:00:00 +01:00,1,1
ES,ES.BDCA.AQD,NET_ES131A,STA_ES0125A,,SP_28079017_14_6,SPP_28079017_14_6.1,SAM_28079017_14_6,O3,http://dd.eionet.europa.eu/vocabulary/aq/pollutant/7,hour,25.4899999900,µg/m3,2017-07-12 21:00:00 +01:00,2017-07-12 22:00:00 +01:00,1,1
ES,ES.BDCA.AQD,NET_ES131A,STA_ES0125A,,SP_28079017_14_6,SPP_28079017_14_6.1,SAM_28079017_14_6,O3,http://dd.eionet.europa.eu/vocabulary/aq/pollutant/7,hour,33.4799999900,µg/m3,2017-07-12 22:00:00 +01:00,2017-07-12 23:00:00 +01:00,1,1
ES,ES.BDCA.AQD,NET_ES131A,STA_ES0125A,,SP_28079017_14_6,SPP_28079017_14_6.1,SAM_28079017_14_6,O3,http://dd.eionet.europa.eu/vocabulary/aq/pollutant/7,hour,13.6900000000,µg/m3,2017-07-12 23:00:00 +01:00,2017-07-13 00:00:00 +01:00,1,1
ES,ES.BDCA.AQD,NET_ES131A,STA_ES0125A,,SP_28079017_14_6,SPP_28079017_14_6.1,SAM_28079017_14_6,O3,http://dd.eionet.europa.eu/vocabulary/aq/pollutant/7,hour,3.4700000000,µg/m3,2017-07-13 00:00:00 +01:00,2017-07-13 01:00:00 +01:00,1,1
ES,ES.BDCA.AQD,NET_ES131A,STA_ES0125A,,SP_28079017_14_6,SPP_28079017_14_6.1,SAM_28079017_14_6,O3,http://dd.eionet.europa.eu/vocabulary/aq/pollutant/7,hour,2.5600000000,µg/m3,2017-07-13 01:00:00 +01:00,2017-07-13 02:00:00 +01:00,1,1
ES,ES.BDCA.AQD,NET_ES131A,STA_ES0125A,,SP_28079017_14_6,SPP_28079017_14_6.1,SAM_28079017_14_6,O3,http://dd.eionet.europa.eu/vocabulary/aq/pollutant/7,hour,1.6100000000,µg/m3,2017-07-13 02:00:00 +01:00,2017-07-13 03:00:00 +01:00,1,1
ES,ES.BDCA.AQD,NET_ES131A,STA_ES0125A,,SP_28079017_14_6,SPP_28079017_14_6.1,SAM_28079017_14_6,O3,http://dd.eionet.europa.eu/vocabulary/aq/pollutant/7,hour,1.3500000000,µg/m3,2017-07-13 03:00:00 +01:00,2017-07-13 04:00:00 +01:00,1,1
ES,ES.BDCA.AQD,NET_ES131A,STA_ES0125A,,SP_28079017_14_6,SPP_28079017_14_6.1,SAM_28079017_14_6,O3,http://dd.eionet.europa.eu/vocabulary/aq/pollutant/7,hour,1.3500000000,µg/m3,2017-07-13 04:00:00 +01:00,2017-07-13 05:00:00 +01:00,1,1
ES,ES.BDCA.AQD,NET_ES131A,STA_ES0125A,,SP_28079017_14_6,SPP_28079017_14_6.1,SAM_28079017_14_6,O3,http://dd.eionet.europa.eu/vocabulary/aq/pollutant/7,hour,1.1299999900,µg/m3,2017-07-13 05:00:00 +01:00,2017-07-13 06:00:00 +01:00,1,1
ES,ES.BDCA.AQD,NET_ES131A,STA_ES0125A,,SP_28079017_14_6,SPP_28079017_14_6.1,SAM_28079017_14_6,O3,http://dd.eionet.europa.eu/vocabulary/aq/pollutant/7,hour,1.1000000000,µg/m3,2017-07-13 06:00:00 +01:00,2017-07-13 07:00:00 +01:00,1,1
ES,ES.BDCA.AQD,NET_ES131A,STA_ES0125A,,SP_28079017_14_6,SPP_28079017_14_6.1,SAM_28079017_14_6,O3,http://dd.eionet.europa.eu/vocabulary/aq/pollutant/7,hour,3.1499999900,µg/m3,2017-07-13 07:00:00 +01:00,2017-07-13 08:00:00 +01:00,1,1
ES,ES.BDCA.AQD,NET_ES131A,STA_ES0125A,,SP_28079017_14_6,SPP_28079017_14_6.1,SAM_28079017_14_6,O3,http://dd.eionet.europa.eu/vocabulary/aq/pollutant/7,hour,9.0600000000,µg/m3,2017-07-13 08:00:00 +01:00,2017-07-13 09:00:00 +01:00,1,1
ES,ES.BDCA.AQD,NET_ES131A,STA_ES0125A,,SP_28079017_14_6,SPP_28079017_14_6.1,SAM_28079017_14_6,O3,http://dd.eionet.europa.eu/vocabulary/aq/pollutant/7,hour,26.5399999900,µg/m3,2017-07-13 09:00:00 +01:00,2017-07-13 10:00:00 +01:00,1,1
ES,ES.BDCA.AQD,NET_ES131A,STA_ES0125A,,SP_28079017_14_6,SPP_28079017_14_6.1,SAM_28079017_14_6,O3,http://dd.eionet.europa.eu/vocabulary/aq/pollutant/7,hour,36.0200000000,µg/m3,2017-07-13 10:00:00 +01:00,2017-07-13 11:00:00 +01:00,1,1
ES,ES.BDCA.AQD,NET_ES131A,STA_ES0125A,,SP_28079017_14_6,SPP_28079017_14_6.1,SAM_28079017_14_6,O3,http://dd.eionet.europa.eu/vocabulary/aq/pollutant/7,hour,68.1700000000,µg/m3,2017-07-13 11:00:00 +01:00,2017-07-13 12:00:00 +01:00,1,1
ES,ES.BDCA.AQD,NET_ES131A,STA_ES0125A,,SP_28079017_14_6,SPP_28079017_14_6.1,SAM_28079017_14_6,O3,http://dd.eionet.europa.eu/vocabulary/aq/pollutant/7,hour,91.6700000000,µg/m3,2017-07-13 12:00:00 +01:00,2017-07-13 13:00:00 +01:00,1,1
ES,ES.BDCA.AQD,NET_ES131A,STA_ES0125A,,SP_28079017_14_6,SPP_28079017_14_6.1,SAM_28079017_14_6,O3,http://dd.eionet.europa.eu/vocabulary/aq/pollutant/7,hour,121.5000000000,µg/m3,2017-07-13 13:00:00 +01:00,2017-07-13 14:00:00 +01:00,1,1
ES,ES.BDCA.AQD,NET_ES131A,STA_ES0125A,,SP_28079017_14_6,SPP_28079017_14_6.1,SAM_28079017_14_6,O3,http://dd.eionet.europa.eu/vocabulary/aq/pollutant/7,hour,123.0000000000,µg/m3,2017-07-13 14:00:00 +01:00,2017-07-13 15:00:00 +01:00,1,1
ES,ES.BDCA.AQD,NET_ES131A,STA_ES0125A,,SP_28079017_14_6,SPP_28079017_14_6.1,SAM_28079017_14_6,O3,http://dd.eionet.europa.eu/vocabulary/aq/pollutant/7,hour,90.5199999900,µg/m3,2017-07-13 15:00:00 +01:00,2017-07-13 16:00:00 +01:00,1,1
ES,ES.BDCA.AQD,NET_ES131A,STA_ES0125A,,SP_28079017_14_6,SPP_28079017_14_6.1,SAM_28079017_14_6,O3,http://dd.eionet.europa.eu/vocabulary/aq/pollutant/7,hour,87.4800000000,µg/m3,2017-07-13 16:00:00 +01:00,2017-07-13 17:00:00 +01:00,1,1
ES,ES.BDCA.AQD,NET_ES131A,STA_ES0125A,,SP_28079017_14_6,SPP_28079017_14_6.1,SAM_28079017_14_6,O3,http://dd.eionet.europa.eu/vocabulary/aq/pollutant/7,hour,79.0900000000,µg/m3,2017-07-13 17:00:00 +01:00,2017-07-13 18:00:00 +01:00,1,1
ES,ES.BDCA.AQD,NET_ES131A,STA_ES0125A,,SP_28079017_14_6,SPP_28079017_14_6.1,SAM_28079017_14_6,O3,http://dd.eionet.europa.eu/vocabulary/aq/pollutant/7,hour,71.5199999900,µg/m3,2017-07-13 18:00:00 +01:00,2017-07-13 19:00:00 +01:00,1,1
ES,ES.BDCA.AQD,NET_ES131A,STA_ES0125A,,SP_28079017_14_6,SPP_28079017_14_6.1,SAM_28079017_14_6,O3,http://dd.eionet.europa.eu/vocabulary/aq/pollutant/7,hour,64.9699999900,µg/m3,2017-07-13 19:00:00 +01:00,2017-07-13 20:00:00 +01:00,1,1
ES,ES.BDCA.AQD,NET_ES131A,STA_ES0125A,,SP_28079017_14_6,SPP_28079017_14_6.1,SAM_28079017_14_6,O3,http://dd.eionet.europa.eu/vocabulary/aq/pollutant/7,hour,37.2500000000,µg/m3,2017-07-13 20:00:00 +01:00,2017-07-13 21:00:00 +01:00,1,1
ES,ES.BDCA.AQD,NET_ES131A,STA_ES0125A,,SP_28079017_14_6,SPP_28079017_14_6.1,SAM_28079017_14_6,O3,http://dd.eionet.europa.eu/vocabulary/aq/pollutant/7,hour,10.4499999900,µg/m3,2017-07-13 21:00:00 +01:00,2017-07-13 22:00:00 +01:00,1,1
ES,ES.BDCA.AQD,NET_ES131A,STA_ES0125A,,SP_28079017_14_6,SPP_28079017_14_6.1,SAM_28079017_14_6,O3,http://dd.eionet.europa.eu/vocabulary/aq/pollutant/7,hour,1.7700000000,µg/m3,2017-07-13 22:00:00 +01:00,2017-07-13 23:00:00 +01:00,1,1
ES,ES.BDCA.AQD,NET_ES131A,STA_ES0125A,,SP_28079017_14_6,SPP_28079017_14_6.1,SAM_28079017_14_6,O3,http://dd.eionet.europa.eu/vocabulary/aq/pollutant/7,hour,3.3300000000,µg/m3,2017-07-13 23:00:00 +01:00,2017-07-14 00:00:00 +01:00,1,1
ES,ES.BDCA.AQD,NET_ES131A,STA_ES0125A,,SP_28079017_14_6,SPP_28079017_14_6.1,SAM_28079017_14_6,O3,http://dd.eionet.europa.eu/vocabulary/aq/pollutant/7,hour,2.1899999900,µg/m3,2017-07-14 00:00:00 +01:00,2017-07-14 01:00:00 +01:00,1,1
ES,ES.BDCA.AQD,NET_ES131A,STA_ES0125A,,SP_28079017_14_6,SPP_28079017_14_6.1,SAM_28079017_14_6,O3,http://dd.eionet.europa.eu/vocabulary/aq/pollutant/7,hour,1.2500000000,µg/m3,2017-07-14 01:00:00 +01:00,2017-07-14 02:00:00 +01:00,1,1
ES,ES.BDCA.AQD,NET_ES131A,STA_ES0125A,,SP_28079017_14_6,SPP_28079017_14_6.1,SAM_28079017_14_6,O3,http://dd.eionet.europa.eu/vocabulary/aq/pollutant/7,hour,1.0000000000,µg/m3,2017-07-14 02:00:00 +01:00,2017-07-14 03:00:00 +01:00,1,1
ES,ES.BDCA.AQD,NET_ES131A,STA_ES0125A,,SP_28079017_14_6,SPP_28079017_14_6.1,SAM_28079017_14_6,O3,http://dd.eionet.europa.eu/vocabulary/aq/pollutant/7,hour,14.0600000000,µg/m3,2017-07-14 03:00:00 +01:00,2017-07-14 04:00:00 +01:00,1,1
ES,ES.BDCA.AQD,NET_ES131A,STA_ES0125A,,SP_28079017_14_6,SPP_28079017_14_6.1,SAM_28079017_14_6,O3,http://dd.eionet.europa.eu/vocabulary/aq/pollutant/7,hour,10.7400000000,µg/m3,2017-07-14 04:00:00 +01:00,2017-07-14 05:00:00 +01:00,1,1
ES,ES.BDCA.AQD,NET_ES131A,STA_ES0125A,,SP_28079017_14_6,SPP_28079017_14_6.1,SAM_28079017_14_6,O3,http://dd.eionet.europa.eu/vocabulary/aq/pollutant/7,hour,5.3899999900,µg/m3,2017-07-14 05:00:00 +01:00,2017-07-14 06:00:00 +01:00,1,1
ES,ES.BDCA.AQD,NET_ES131A,STA_ES0125A,,SP_28079017_14_6,SPP_28079017_14_6.1,SAM_28079017_14_6,O3,http://dd.eionet.europa.eu/vocabulary/aq/pollutant/7,hour,3.8999999900,µg/m3,2017-07-14 06:00:00 +01:00,2017-07-14 07:00:00 +01:00,1,1
ES,ES.BDCA.AQD,NET_ES131A,STA_ES0125A,,SP_28079017_14_6,SPP_28079017_14_6.1,SAM_28079017_14_6,O3,http://dd.eionet.europa.eu/vocabulary/aq/pollutant/7,hour,17.2800000000,µg/m3,2017-07-14 07:00:00 +01:00,2017-07-14 08:00:00 +01:00,1,1
ES,ES.BDCA.AQD,NET_ES131A,STA_ES0125A,,SP_28079017_14_6,SPP_28079017_14_6.1,SAM_28079017_14_6,O3,http://dd.eionet.europa.eu/vocabulary/aq/pollutant/7,hour,23.6299999900,µg/m3,2017-07-14 08:00:00 +01:00,2017-07-14 09:00:00 +01:00,1,1
ES,ES.BDCA.AQD,NET_ES131A,STA_ES0125A,,SP_28079017_14_6,SPP_28079017_14_6.1,SAM_28079017_14_6,O3,http://dd.eionet.europa.eu/vocabulary/aq/pollutant/7,hour,37.6400000000,µg/m3,2017-07-14 09:00:00 +01:00,2017-07-14 10:00:00 +01:00,1,1
ES,ES.BDCA.AQD,NET_ES131A,STA_ES0125A,,SP_28079017_14_6,SPP_28079017_14_6.1,SAM_28079017_14_6,O3,http://dd.eionet.europa.eu/vocabulary/aq/pollutant/7,hour,64.0100000000,µg/m3,2017-07-14 10:00:00 +01:00,2017-07-14 11:00:00 +01:00,1,1
ES,ES.BDCA.AQD,NET_ES131A,STA_ES0125A,,SP_28079017_14_6,SPP_28079017_14_6.1,SAM_28079017_14_6,O3,http://dd.eionet.europa.eu/vocabulary/aq/pollutant/7,hour,89.1500000000,µg/m3,2017-07-14 11:00:00 +01:00,2017-07-14 12:00:00 +01:00,1,1
ES,ES.BDCA.AQD,NET_ES131A,STA_ES0125A,,SP_28079017_14_6,SPP_28079017_14_6.1,SAM_28079017_14_6,O3,http://dd.eionet.europa.eu/vocabulary/aq/pollutant/7,hour,108.3000000000,µg/m3,2017-07-14 12:00:00 +01:00,2017-07-14 13:00:00 +01:00,1,1
ES,ES.BDCA.AQD,NET_ES131A,STA_ES0125A,,SP_28079017_14_6,SPP_28079017_14_6.1,SAM_28079017_14_6,O3,http://dd.eionet.europa.eu/vocabulary/aq/pollutant/7,hour,111.5999999900,µg/m3,2017-07-14 13:00:00 +01:00,2017-07-14 14:00:00 +01:00,1,1
ES,ES.BDCA.AQD,NET_ES131A,STA_ES0125A,,SP_28079017_14_6,SPP_28079017_14_6.1,SAM_28079017_14_6,O3,http://dd.eionet.europa.eu/vocabulary/aq/pollutant/7,hour,91.5900000000,µg/m3,2017-07-14 14:00:00 +01:00,2017-07-14 15:00:00 +01:00,1,1
ES,ES.BDCA.AQD,NET_ES131A,STA_ES0125A,,SP_28079017_14_6,SPP_28079017_14_6.1,SAM_28079017_14_6,O3,http://dd.eionet.europa.eu/vocabulary/aq/pollutant/7,hour,94.3599999900,µg/m3,2017-07-14 15:00:00 +01:00,2017-07-14 16:00:00 +01:00,1,1
ES,ES.BDCA.AQD,NET_ES131A,STA_ES0125A,,SP_28079017_14_6,SPP_28079017_14_6.1,SAM_28079017_14_6,O3,http://dd.eionet.europa.eu/vocabulary/aq/pollutant/7,hour,89.0400000000,µg/m3,2017-07-14 16:00:00 +01:00,2017-07-14 17:00:00 +01:00,1,1
ES,ES.BDCA.AQD,NET_ES131A,STA_ES0125A,,SP_28079017_14_6,SPP_28079017_14_6.1,SAM_28079017_14_6,O3,http://dd.eionet.europa.eu/vocabulary/aq/pollutant/7,hour,75.5400000000,µg/m3,2017-07-14 17:00:00 +01:00,2017-07-14 18:00:00 +01:00,1,1
ES,ES.BDCA.AQD,NET_ES131A,STA_ES0125A,,SP_28079017_14_6,SPP_28079017_14_6.1,SAM_28079017_14_6,O3,http://dd.eionet.europa.eu/vocabulary/aq/pollutant/7,hour,72.6700000000,µg/m3,2017-07-14 18:00:00 +01:00,2017-07-14 19:00:00 +01:00,1,1
ES,ES.BDCA.AQD,NET_ES131A,STA_ES0125A,,SP_28079017_14_6,SPP_28079017_14_6.1,SAM_28079017_14_6,O3,http://dd.eionet.europa.eu/vocabulary/aq/pollutant/7,hour,73.0799999900,µg/m3,2017-07-14 19:00:00 +01:00,2017-07-14 20:00:00 +01:00,1,1
ES,ES.BDCA.AQD,NET_ES131A,STA_ES0125A,,SP_28079017_14_6,SPP_28079017_14_6.1,SAM_28079017_14_6,O3,http://dd.eionet.europa.eu/vocabulary/aq/pollutant/7,hour,65.3499999900,µg/m3,2017-07-14 20:00:00 +01:00,2017-07-14 21:00:00 +01:00,1,1
ES,ES.BDCA.AQD,NET_ES131A,STA_ES0125A,,SP_28079017_14_6,SPP_28079017_14_6.1,SAM_28079017_14_6,O3,http://dd.eionet.europa.eu/vocabulary/aq/pollutant/7,hour,37.5499999900,µg/m3,2017-07-14 21:00:00 +01:00,2017-07-14 22:00:00 +01:00,1,1
ES,ES.BDCA.AQD,NET_ES131A,STA_ES0125A,,SP_28079017_14_6,SPP_28079017_14_6.1,SAM_28079017_14_6,O3,http://dd.eionet.europa.eu/vocabulary/aq/pollutant/7,hour,55.8500000000,µg/m3,2017-07-14 22:00:00 +01:00,2017-07-14 23:00:00 +01:00,1,1
ES,ES.BDCA.AQD,NET_ES131A,STA_ES0125A,,SP_28079017_14_6,SPP_28079017_14_6.1,SAM_28079017_14_6,O3,http://dd.eionet.europa.eu/vocabulary/aq/pollutant/7,hour,63.0300000000,µg/m3,2017-07-14 23:00:00 +01:00,2017-07-15 00:00:00 +01:00,1,1
ES,ES.BDCA.AQD,NET_ES131A,STA_ES0125A,,SP_28079017_14_6,SPP_28079017_14_6.1,SAM_28079017_14_6,O3,http://dd.eionet.europa.eu/vocabulary/aq/pollutant/7,hour,51.2700000000,µg/m3,2017-07-15 00:00:00 +01:00,2017-07-15 01:00:00 +01:00,1,1
ES,ES.BDCA.AQD,NET_ES131A,STA_ES0125A,,SP_28079017_14_6,SPP_28079017_14_6.1,SAM_28079017_14_6,O3,http://dd.eionet.europa.eu/vocabulary/aq/pollutant/7,hour,59.0200000000,µg/m3,2017-07-15 01:00:00 +01:00,2017-07-15 02:00:00 +01:00,1,1
ES,ES.BDCA.AQD,NET_ES131A,STA_ES0125A,,SP_28079017_14_6,SPP_28079017_14_6.1,SAM_28079017_14_6,O3,http://dd.eionet.europa.eu/vocabulary/aq/pollutant/7,hour,60.0000000000,µg/m3,2017-07-15 02:00:00 +01:00,2017-07-15 03:00:00 +01:00,1,1
ES,ES.BDCA.AQD,NET_ES131A,STA_ES0125A,,SP_28079017_14_6,SPP_28079017_14_6.1,SAM_28079017_14_6,O3,http://dd.eionet.europa.eu/vocabulary/aq/pollutant/7,hour,50.8900000000,µg/m3,2017-07-15 03:00:00 +01:00,2017-07-15 04:00:00 +01:00,1,1
ES,ES.BDCA.AQD,NET_ES131A,STA_ES0125A,,SP_28079017_14_6,SPP_28079017_14_6.1,SAM_28079017_14_6,O3,http://dd.eionet.europa.eu/vocabulary/aq/pollutant/7,hour,46.2100000000,µg/m3,2017-07-15 04:00:00 +01:00,2017-07-15 05:00:00 +01:00,1,1
ES,ES.BDCA.AQD,NET_ES131A,STA_ES0125A,,SP_28079017_14_6,SPP_28079017_14_6.1,SAM_28079017_14_6,O3,http://dd.eionet.europa.eu/vocabulary/aq/pollutant/7,hour,11.5100000000,µg/m3,2017-07-15 05:00:00 +01:00,2017-07-15 06:00:00 +01:00,1,1
ES,ES.BDCA.AQD,NET_ES131A,STA_ES0125A,,SP_28079017_14_6,SPP_28079017_14_6.1,SAM_28079017_14_6,O3,http://dd.eionet.europa.eu/vocabulary/aq/pollutant/7,hour,35.5200000000,µg/m3,2017-07-15 06:00:00 +01:00,2017-07-15 07:00:00 +01:00,1,1
ES,ES.BDCA.AQD,NET_ES131A,STA_ES0125A,,SP_28079017_14_6,SPP_28079017_14_6.1,SAM_28079017_14_6,O3,http://dd.eionet.europa.eu/vocabulary/aq/pollutant/7,hour,27.2700000000,µg/m3,2017-07-15 07:00:00 +01:00,2017-07-15 08:00:00 +01:00,1,1
ES,ES.BDCA.AQD,NET_ES131A,STA_ES0125A,,SP_28079017_14_6,SPP_28079017_14_6.1,SAM_28079017_14_6,O3,http://dd.eionet.europa.eu/vocabulary/aq/pollutant/7,hour,75.0199999900,µg/m3,2017-07-15 08:00:00 +01:00,2017-07-15 09:00:00 +01:00,1,1
ES,ES.BDCA.AQD,NET_ES131A,STA_ES0125A,,SP_28079017_14_6,SPP_28079017_14_6.1,SAM_28079017_14_6,O3,http://dd.eionet.europa.eu/vocabulary/aq/pollutant/7,hour,80.1200000000,µg/m3,2017-07-15 09:00:00 +01:00,2017-07-15 10:00:00 +01:00,1,1
ES,ES.BDCA.AQD,NET_ES131A,STA_ES0125A,,SP_28079017_14_6,SPP_28079017_14_6.1,SAM_28079017_14_6,O3,http://dd.eionet.europa.eu/vocabulary/aq/pollutant/7,hour,68.0999999900,µg/m3,2017-07-15 10:00:00 +01:00,2017-07-15 11:00:00 +01:00,1,1
ES,ES.BDCA.AQD,NET_ES131A,STA_ES0125A,,SP_28079017_14_6,SPP_28079017_14_6.1,SAM_28079017_14_6,O3,http://dd.eionet.europa.eu/vocabulary/aq/pollutant/7,hour,76.0000000000,µg/m3,2017-07-15 11:00:00 +01:00,2017-07-15 12:00:00 +01:00,1,1
ES,ES.BDCA.AQD,NET_ES131A,STA_ES0125A,,SP_28079017_14_6,SPP_28079017_14_6.1,SAM_28079017_14_6,O3,http://dd.eionet.europa.eu/vocabulary/aq/pollutant/7,hour,89.3700000000,µg/m3,2017-07-15 12:00:00 +01:00,2017-07-15 13:00:00 +01:00,1,1
ES,ES.BDCA.AQD,NET_ES131A,STA_ES0125A,,SP_28079017_14_6,SPP_28079017_14_6.1,SAM_28079017_14_6,O3,http://dd.eionet.europa.eu/vocabulary/aq/pollutant/7,hour,98.7900000000,µg/m3,2017-07-15 13:00:00 +01:00,2017-07-15 14:00:00 +01:00,1,1
ES,ES.BDCA.AQD,NET_ES131A,STA_ES0125A,,SP_28079017_14_6,SPP_28079017_14_6.1,SAM_28079017_14_6,O3,http://dd.eionet.europa.eu/vocabulary/aq/pollutant/7,hour,106.4000000000,µg/m3,2017-07-15 14:00:00 +01:00,2017-07-15 15:00:00 +01:00,1,1
ES,ES.BDCA.AQD,NET_ES131A,STA_ES0125A,,SP_28079017_14_6,SPP_28079017_14_6.1,SAM_28079017_14_6,O3,http://dd.eionet.europa.eu/vocabulary/aq/pollutant/7,hour,119.5000000000,µg/m3,2017-07-15 15:00:00 +01:00,2017-07-15 16:00:00 +01:00,1,1
ES,ES.BDCA.AQD,NET_ES131A,STA_ES0125A,,SP_28079017_14_6,SPP_28079017_14_6.1,SAM_28079017_14_6,O3,http://dd.eionet.europa.eu/vocabulary/aq/pollutant/7,hour,127.5000000000,µg/m3,2017-07-15 16:00:00 +01:00,2017-07-15 17:00:00 +01:00,1,1
ES,ES.BDCA.AQD,NET_ES131A,STA_ES0125A,,SP_28079017_14_6,SPP_28079017_14_6.1,SAM_28079017_14_6,O3,http://dd.eionet.europa.eu/vocabulary/aq/pollutant/7,hour,137.6999999900,µg/m3,2017-07-15 17:00:00 +01:00,2017-07-15 18:00:00 +01:00,1,1
ES,ES.BDCA.AQD,NET_ES131A,STA_ES0125A,,SP_28079017_14_6,SPP_28079017_14_6.1,SAM_28079017_14_6,O3,http://dd.eionet.europa.eu/vocabulary/aq/pollutant/7,hour,145.5999999900,µg/m3,2017-07-15 18:00:00 +01:00,2017-07-15 19:00:00 +01:00,1,1
ES,ES.BDCA.AQD,NET_ES131A,STA_ES0125A,,SP_28079017_14_6,SPP_28079017_14_6.1,SAM_28079017_14_6,O3,http://dd.eionet.europa.eu/vocabulary/aq/pollutant/7,hour,144.9000000000,µg/m3,2017-07-15 19:00:00 +01:00,2017-07-15 20:00:00 +01:00,1,1
ES,ES.BDCA.AQD,NET_ES131A,STA_ES0125A,,SP_28079017_14_6,SPP_28079017_14_6.1,SAM_28079017_14_6,O3,http://dd.eionet.europa.eu/vocabulary/aq/pollutant/7,hour,104.2000000000,µg/m3,2017-07-15 20:00:00 +01:00,2017-07-15 21:00:00 +01:00,1,1
ES,ES.BDCA.AQD,NET_ES131A,STA_ES0125A,,SP_28079017_14_6,SPP_28079017_14_6.1,SAM_28079017_14_6,O3,http://dd.eionet.europa.eu/vocabulary/aq/pollutant/7,hour,7.3899999900,µg/m3,2017-07-15 21:00:00 +01:00,2017-07-15 22:00:00 +01:00,1,1
ES,ES.BDCA.AQD,NET_ES131A,STA_ES0125A,,SP_28079017_14_6,SPP_28079017_14_6.1,SAM_28079017_14_6,O3,http://dd.eionet.europa.eu/vocabulary/aq/pollutant/7,hour,41.5300000000,µg/m3,2017-07-15 22:00:00 +01:00,2017-07-15 23:00:00 +01:00,1,1
ES,ES.BDCA.AQD,NET_ES131A,STA_ES0125A,,SP_28079017_14_6,SPP_28079017_14_6.1,SAM_28079017_14_6,O3,http://dd.eionet.europa.eu/vocabulary/aq/pollutant/7,hour,71.8400000000,µg/m3,2017-07-15 23:00:00 +01:00,2017-07-16 00:00:00 +01:00,1,1
ES,ES.BDCA.AQD,NET_ES131A,STA_ES0125A,,SP_28079017_14_6,SPP_28079017_14_6.1,SAM_28079017_14_6,O3,http://dd.eionet.europa.eu/vocabulary/aq/pollutant/7,hour,33.1300000000,µg/m3,2017-07-16 00:00:00 +01:00,2017-07-16 01:00:00 +01:00,1,1
ES,ES.BDCA.AQD,NET_ES131A,STA_ES0125A,,SP_28079017_14_6,SPP_28079017_14_6.1,SAM_28079017_14_6,O3,http://dd.eionet.europa.eu/vocabulary/aq/pollutant/7,hour,85.6800000000,µg/m3,2017-07-16 01:00:00 +01:00,2017-07-16 02:00:00 +01:00,1,1
ES,ES.BDCA.AQD,NET_ES131A,STA_ES0125A,,SP_28079017_14_6,SPP_28079017_14_6.1,SAM_28079017_14_6,O3,http://dd.eionet.europa.eu/vocabulary/aq/pollutant/7,hour,54.8599999900,µg/m3,2017-07-16 02:00:00 +01:00,2017-07-16 03:00:00 +01:00,1,1
ES,ES.BDCA.AQD,NET_ES131A,STA_ES0125A,,SP_28079017_14_6,SPP_28079017_14_6.1,SAM_28079017_14_6,O3,http://dd.eionet.europa.eu/vocabulary/aq/pollutant/7,hour,55.3100000000,µg/m3,2017-07-16 03:00:00 +01:00,2017-07-16 04:00:00 +01:00,1,1
ES,ES.BDCA.AQD,NET_ES131A,STA_ES0125A,,SP_28079017_14_6,SPP_28079017_14_6.1,SAM_28079017_14_6,O3,http://dd.eionet.europa.eu/vocabulary/aq/pollutant/7,hour,56.8999999900,µg/m3,2017-07-16 04:00:00 +01:00,2017-07-16 05:00:00 +01:00,1,1
ES,ES.BDCA.AQD,NET_ES131A,STA_ES0125A,,SP_28079017_14_6,SPP_28079017_14_6.1,SAM_28079017_14_6,O3,http://dd.eionet.europa.eu/vocabulary/aq/pollutant/7,hour,41.8699999900,µg/m3,2017-07-16 05:00:00 +01:00,2017-07-16 06:00:00 +01:00,1,1
ES,ES.BDCA.AQD,NET_ES131A,STA_ES0125A,,SP_28079017_14_6,SPP_28079017_14_6.1,SAM_28079017_14_6,O3,http://dd.eionet.europa.eu/vocabulary/aq/pollutant/7,hour,40.8100000000,µg/m3,2017-07-16 06:00:00 +01:00,2017-07-16 07:00:00 +01:00,1,1
ES,ES.BDCA.AQD,NET_ES131A,STA_ES0125A,,SP_28079017_14_6,SPP_28079017_14_6.1,SAM_28079017_14_6,O3,http://dd.eionet.europa.eu/vocabulary/aq/pollutant/7,hour,45.5000000000,µg/m3,2017-07-16 07:00:00 +01:00,2017-07-16 08:00:00 +01:00,1,1
ES,ES.BDCA.AQD,NET_ES131A,STA_ES0125A,,SP_28079017_14_6,SPP_28079017_14_6.1,SAM_28079017_14_6,O3,http://dd.eionet.europa.eu/vocabulary/aq/pollutant/7,hour,59.0900000000,µg/m3,2017-07-16 08:00:00 +01:00,2017-07-16 09:00:00 +01:00,1,1
ES,ES.BDCA.AQD,NET_ES131A,STA_ES0125A,,SP_28079017_14_6,SPP_28079017_14_6.1,SAM_28079017_14_6,O3,http://dd.eionet.europa.eu/vocabulary/aq/pollutant/7,hour,74.0900000000,µg/m3,2017-07-16 09:00:00 +01:00,2017-07-16 10:00:00 +01:00,1,1
ES,ES.BDCA.AQD,NET_ES131A,STA_ES0125A,,SP_28079017_14_6,SPP_28079017_14_6.1,SAM_28079017_14_6,O3,http://dd.eionet.europa.eu/vocabulary/aq/pollutant/7,hour,77.1099999900,µg/m3,2017-07-16 10:00:00 +01:00,2017-07-16 11:00:00 +01:00,1,1
ES,ES.BDCA.AQD,NET_ES131A,STA_ES0125A,,SP_28079017_14_6,SPP_28079017_14_6.1,SAM_28079017_14_6,O3,http://dd.eionet.europa.eu/vocabulary/aq/pollutant/7,hour,89.8400000000,µg/m3,2017-07-16 11:00:00 +01:00,2017-07-16 12:00:00 +01:00,1,1
ES,ES.BDCA.AQD,NET_ES131A,STA_ES0125A,,SP_28079017_14_6,SPP_28079017_14_6.1,SAM_28079017_14_6,O3,http://dd.eionet.europa.eu/vocabulary/aq/pollutant/7,hour,94.7800000000,µg/m3,2017-07-16 12:00:00 +01:00,2017-07-16 13:00:00 +01:00,1,1
ES,ES.BDCA.AQD,NET_ES131A,STA_ES0125A,,SP_28079017_14_6,SPP_28079017_14_6.1,SAM_28079017_14_6,O3,http://dd.eionet.europa.eu/vocabulary/aq/pollutant/7,hour,104.0000000000,µg/m3,2017-07-16 13:00:00 +01:00,2017-07-16 14:00:00 +01:00,1,1
ES,ES.BDCA.AQD,NET_ES131A,STA_ES0125A,,SP_28079017_14_6,SPP_28079017_14_6.1,SAM_28079017_14_6,O3,http://dd.eionet.europa.eu/vocabulary/aq/pollutant/7,hour,115.5000000000,µg/m3,2017-07-16 14:00:00 +01:00,2017-07-16 15:00:00 +01:00,1,1
ES,ES.BDCA.AQD,NET_ES131A,STA_ES0125A,,SP_28079017_14_6,SPP_28079017_14_6.1,SAM_28079017_14_6,O3,http://dd.eionet.europa.eu/vocabulary/aq/pollutant/7,hour,123.7000000000,µg/m3,2017-07-16 15:00:00 +01:00,2017-07-16 16:00:00 +01:00,1,1
ES,ES.BDCA.AQD,NET_ES131A,STA_ES0125A,,SP_28079017_14_6,SPP_28079017_14_6.1,SAM_28079017_14_6,O3,http://dd.eionet.europa.eu/vocabulary/aq/pollutant/7,hour,133.0000000000,µg/m3,2017-07-16 16:00:00 +01:00,2017-07-16 17:00:00 +01:00,1,1
ES,ES.BDCA.AQD,NET_ES131A,STA_ES0125A,,SP_28079017_14_6,SPP_28079017_14_6.1,SAM_28079017_14_6,O3,http://dd.eionet.europa.eu/vocabulary/aq/pollutant/7,hour,132.0999999900,µg/m3,2017-07-16 17:00:00 +01:00,2017-07-16 18:00:00 +01:00,1,1
ES,ES.BDCA.AQD,NET_ES131A,STA_ES0125A,,SP_28079017_14_6,SPP_28079017_14_6.1,SAM_28079017_14_6,O3,http://dd.eionet.europa.eu/vocabulary/aq/pollutant/7,hour,126.2000000000,µg/m3,2017-07-16 18:00:00 +01:00,2017-07-16 19:00:00 +01:00,1,1
ES,ES.BDCA.AQD,NET_ES131A,STA_ES0125A,,SP_28079017_14_6,SPP_28079017_14_6.1,SAM_28079017_14_6,O3,http://dd.eionet.europa.eu/vocabulary/aq/pollutant/7,hour,106.5999999900,µg/m3,2017-07-16 19:00:00 +01:00,2017-07-16 20:00:00 +01:00,1,1
ES,ES.BDCA.AQD,NET_ES131A,STA_ES0125A,,SP_28079017_14_6,SPP_28079017_14_6.1,SAM_28079017_14_6,O3,http://dd.eionet.europa.eu/vocabulary/aq/pollutant/7,hour,51.8599999900,µg/m3,2017-07-16 20:00:00 +01:00,2017-07-16 21:00:00 +01:00,1,1
ES,ES.BDCA.AQD,NET_ES131A,STA_ES0125A,,SP_28079017_14_6,SPP_28079017_14_6.1,SAM_28079017_14_6,O3,http://dd.eionet.europa.eu/vocabulary/aq/pollutant/7,hour,6.5099999900,µg/m3,2017-07-16 21:00:00 +01:00,2017-07-16 22:00:00 +01:00,1,1
ES,ES.BDCA.AQD,NET_ES131A,STA_ES0125A,,SP_28079017_14_6,SPP_28079017_14_6.1,SAM_28079017_14_6,O3,http://dd.eionet.europa.eu/vocabulary/aq/pollutant/7,hour,82.6800000000,µg/m3,2017-07-16 22:00:00 +01:00,2017-07-16 23:00:00 +01:00,1,1
ES,ES.BDCA.AQD,NET_ES131A,STA_ES0125A,,SP_28079017_14_6,SPP_28079017_14_6.1,SAM_28079017_14_6,O3,http://dd.eionet.europa.eu/vocabulary/aq/pollutant/7,hour,61.8200000000,µg/m3,2017-07-16 23:00:00 +01:00,2017-07-17 00:00:00 +01:00,1,1
ES,ES.BDCA.AQD,NET_ES131A,STA_ES0125A,,SP_28079017_14_6,SPP_28079017_14_6.1,SAM_28079017_14_6,O3,http://dd.eionet.europa.eu/vocabulary/aq/pollutant/7,hour,56.6400000000,µg/m3,2017-07-17 00:00:00 +01:00,2017-07-17 01:00:00 +01:00,1,1
ES,ES.BDCA.AQD,NET_ES131A,STA_ES0125A,,SP_28079017_14_6,SPP_28079017_14_6.1,SAM_28079017_14_6,O3,http://dd.eionet.europa.eu/vocabulary/aq/pollutant/7,hour,73.7999999900,µg/m3,2017-07-17 01:00:00 +01:00,2017-07-17 02:00:00 +01:00,1,1
ES,ES.BDCA.AQD,NET_ES131A,STA_ES0125A,,SP_28079017_14_6,SPP_28079017_14_6.1,SAM_28079017_14_6,O3,http://dd.eionet.europa.eu/vocabulary/aq/pollutant/7,hour,73.9899999900,µg/m3,2017-07-17 02:00:00 +01:00,2017-07-17 03:00:00 +01:00,1,1
ES,ES.BDCA.AQD,NET_ES131A,STA_ES0125A,,SP_28079017_14_6,SPP_28079017_14_6.1,SAM_28079017_14_6,O3,http://dd.eionet.europa.eu/vocabulary/aq/pollutant/7,hour,67.6899999900,µg/m3,2017-07-17 03:00:00 +01:00,2017-07-17 04:00:00 +01:00,1,1
ES,ES.BDCA.AQD,NET_ES131A,STA_ES0125A,,SP_28079017_14_6,SPP_28079017_14_6.1,SAM_28079017_14_6,O3,http://dd.eionet.europa.eu/vocabulary/aq/pollutant/7,hour,61.9200000000,µg/m3,2017-07-17 04:00:00 +01:00,2017-07-17 05:00:00 +01:00,1,1
ES,ES.BDCA.AQD,NET_ES131A,STA_ES0125A,,SP_28079017_14_6,SPP_28079017_14_6.1,SAM_28079017_14_6,O3,http://dd.eionet.europa.eu/vocabulary/aq/pollutant/7,hour,49.9900000000,µg/m3,2017-07-17 05:00:00 +01:00,2017-07-17 06:00:00 +01:00,1,1
ES,ES.BDCA.AQD,NET_ES131A,STA_ES0125A,,SP_28079017_14_6,SPP_28079017_14_6.1,SAM_28079017_14_6,O3,http://dd.eionet.europa.eu/vocabulary/aq/pollutant/7,hour,36.3400000000,µg/m3,2017-07-17 06:00:00 +01:00,2017-07-17 07:00:00 +01:00,1,1
ES,ES.BDCA.AQD,NET_ES131A,STA_ES0125A,,SP_28079017_14_6,SPP_28079017_14_6.1,SAM_28079017_14_6,O3,http://dd.eionet.europa.eu/vocabulary/aq/pollutant/7,hour,36.5499999900,µg/m3,2017-07-17 07:00:00 +01:00,2017-07-17 08:00:00 +01:00,1,1
ES,ES.BDCA.AQD,NET_ES131A,STA_ES0125A,,SP_28079017_14_6,SPP_28079017_14_6.1,SAM_28079017_14_6,O3,http://dd.eionet.europa.eu/vocabulary/aq/pollutant/7,hour,41.2100000000,µg/m3,2017-07-17 08:00:00 +01:00,2017-07-17 09:00:00 +01:00,1,1
ES,ES.BDCA.AQD,NET_ES131A,STA_ES0125A,,SP_28079017_14_6,SPP_28079017_14_6.1,SAM_28079017_14_6,O3,http://dd.eionet.europa.eu/vocabulary/aq/pollutant/7,hour,70.0199999900,µg/m3,2017-07-17 09:00:00 +01:00,2017-07-17 10:00:00 +01:00,1,1
ES,ES.BDCA.AQD,NET_ES131A,STA_ES0125A,,SP_28079017_14_6,SPP_28079017_14_6.1,SAM_28079017_14_6,O3,http://dd.eionet.europa.eu/vocabulary/aq/pollutant/7,hour,64.7399999900,µg/m3,2017-07-17 10:00:00 +01:00,2017-07-17 11:00:00 +01:00,1,1
ES,ES.BDCA.AQD,NET_ES131A,STA_ES0125A,,SP_28079017_14_6,SPP_28079017_14_6.1,SAM_28079017_14_6,O3,http://dd.eionet.europa.eu/vocabulary/aq/pollutant/7,hour,68.6599999900,µg/m3,2017-07-17 11:00:00 +01:00,2017-07-17 12:00:00 +01:00,1,1
ES,ES.BDCA.AQD,NET_ES131A,STA_ES0125A,,SP_28079017_14_6,SPP_28079017_14_6.1,SAM_28079017_14_6,O3,http://dd.eionet.europa.eu/vocabulary/aq/pollutant/7,hour,90.8199999900,µg/m3,2017-07-17 12:00:00 +01:00,2017-07-17 13:00:00 +01:00,1,1
ES,ES.BDCA.AQD,NET_ES131A,STA_ES0125A,,SP_28079017_14_6,SPP_28079017_14_6.1,SAM_28079017_14_6,O3,http://dd.eionet.europa.eu/vocabulary/aq/pollutant/7,hour,104.2000000000,µg/m3,2017-07-17 13:00:00 +01:00,2017-07-17 14:00:00 +01:00,1,1
ES,ES.BDCA.AQD,NET_ES131A,STA_ES0125A,,SP_28079017_14_6,SPP_28079017_14_6.1,SAM_28079017_14_6,O3,http://dd.eionet.europa.eu/vocabulary/aq/pollutant/7,hour,117.7000000000,µg/m3,2017-07-17 14:00:00 +01:00,2017-07-17 15:00:00 +01:00,1,1
ES,ES.BDCA.AQD,NET_ES131A,STA_ES0125A,,SP_28079017_14_6,SPP_28079017_14_6.1,SAM_28079017_14_6,O3,http://dd.eionet.europa.eu/vocabulary/aq/pollutant/7,hour,111.7000000000,µg/m3,2017-07-17 15:00:00 +01:00,2017-07-17 16:00:00 +01:00,1,1
ES,ES.BDCA.AQD,NET_ES131A,STA_ES0125A,,SP_28079017_14_6,SPP_28079017_14_6.1,SAM_28079017_14_6,O3,http://dd.eionet.europa.eu/vocabulary/aq/pollutant/7,hour,111.0999999900,µg/m3,2017-07-17 16:00:00 +01:00,2017-07-17 17:00:00 +01:00,1,1
ES,ES.BDCA.AQD,NET_ES131A,STA_ES0125A,,SP_28079017_14_6,SPP_28079017_14_6.1,SAM_28079017_14_6,O3,http://dd.eionet.europa.eu/vocabulary/aq/pollutant/7,hour,107.3000000000,µg/m3,2017-07-17 17:00:00 +01:00,2017-07-17 18:00:00 +01:00,1,1
ES,ES.BDCA.AQD,NET_ES131A,STA_ES0125A,,SP_28079017_14_6,SPP_28079017_14_6.1,SAM_28079017_14_6,O3,http://dd.eionet.europa.eu/vocabulary/aq/pollutant/7,hour,95.7999999900,µg/m3,2017-07-17 18:00:00 +01:00,2017-07-17 19:00:00 +01:00,1,1
ES,ES.BDCA.AQD,NET_ES131A,STA_ES0125A,,SP_28079017_14_6,SPP_28079017_14_6.1,SAM_28079017_14_6,O3,http://dd.eionet.europa.eu/vocabulary/aq/pollutant/7,hour,77.4599999900,µg/m3,2017-07-17 19:00:00 +01:00,2017-07-17 20:00:00 +01:00,1,1
ES,ES.BDCA.AQD,NET_ES131A,STA_ES0125A,,SP_28079017_14_6,SPP_28079017_14_6.1,SAM_28079017_14_6,O3,http://dd.eionet.europa.eu/vocabulary/aq/pollutant/7,hour,44.5200000000,µg/m3,2017-07-17 20:00:00 +01:00,2017-07-17 21:00:00 +01:00,1,1
ES,ES.BDCA.AQD,NET_ES131A,STA_ES0125A,,SP_28079017_14_6,SPP_28079017_14_6.1,SAM_28079017_14_6,O3,http://dd.eionet.europa.eu/vocabulary/aq/pollutant/7,hour,37.0200000000,µg/m3,2017-07-17 21:00:00 +01:00,2017-07-17 22:00:00 +01:00,1,1
ES,ES.BDCA.AQD,NET_ES131A,STA_ES0125A,,SP_28079017_14_6,SPP_28079017_14_6.1,SAM_28079017_14_6,O3,http://dd.eionet.europa.eu/vocabulary/aq/pollutant/7,hour,29.9400000000,µg/m3,2017-07-17 22:00:00 +01:00,2017-07-17 23:00:00 +01:00,1,1
ES,ES.BDCA.AQD,NET_ES131A,STA_ES0125A,,SP_28079017_14_6,SPP_28079017_14_6.1,SAM_28079017_14_6,O3,http://dd.eionet.europa.eu/vocabulary/aq/pollutant/7,hour,20.2700000000,µg/m3,2017-07-17 23:00:00 +01:00,2017-07-18 00:00:00 +01:00,1,1
ES,ES.BDCA.AQD,NET_ES131A,STA_ES0125A,,SP_28079017_14_6,SPP_28079017_14_6.1,SAM_28079017_14_6,O3,http://dd.eionet.europa.eu/vocabulary/aq/pollutant/7,hour,52.7000000000,µg/m3,2017-07-18 00:00:00 +01:00,2017-07-18 01:00:00 +01:00,1,1
ES,ES.BDCA.AQD,NET_ES131A,STA_ES0125A,,SP_28079017_14_6,SPP_28079017_14_6.1,SAM_28079017_14_6,O3,http://dd.eionet.europa.eu/vocabulary/aq/pollutant/7,hour,60.3800000000,µg/m3,2017-07-18 01:00:00 +01:00,2017-07-18 02:00:00 +01:00,1,1
ES,ES.BDCA.AQD,NET_ES131A,STA_ES0125A,,SP_28079017_14_6,SPP_28079017_14_6.1,SAM_28079017_14_6,O3,http://dd.eionet.europa.eu/vocabulary/aq/pollutant/7,hour,61.5200000000,µg/m3,2017-07-18 02:00:00 +01:00,2017-07-18 03:00:00 +01:00,1,1
ES,ES.BDCA.AQD,NET_ES131A,STA_ES0125A,,SP_28079017_14_6,SPP_28079017_14_6.1,SAM_28079017_14_6,O3,http://dd.eionet.europa.eu/vocabulary/aq/pollutant/7,hour,53.6499999900,µg/m3,2017-07-18 03:00:00 +01:00,2017-07-18 04:00:00 +01:00,1,1
ES,ES.BDCA.AQD,NET_ES131A,STA_ES0125A,,SP_28079017_14_6,SPP_28079017_14_6.1,SAM_28079017_14_6,O3,http://dd.eionet.europa.eu/vocabulary/aq/pollutant/7,hour,64.9899999900,µg/m3,2017-07-18 04:00:00 +01:00,2017-07-18 05:00:00 +01:00,1,1
ES,ES.BDCA.AQD,NET_ES131A,STA_ES0125A,,SP_28079017_14_6,SPP_28079017_14_6.1,SAM_28079017_14_6,O3,http://dd.eionet.europa.eu/vocabulary/aq/pollutant/7,hour,21.8799999900,µg/m3,2017-07-18 05:00:00 +01:00,2017-07-18 06:00:00 +01:00,1,1
ES,ES.BDCA.AQD,NET_ES131A,STA_ES0125A,,SP_28079017_14_6,SPP_28079017_14_6.1,SAM_28079017_14_6,O3,http://dd.eionet.europa.eu/vocabulary/aq/pollutant/7,hour,27.7100000000,µg/m3,2017-07-18 06:00:00 +01:00,2017-07-18 07:00:00 +01:00,1,1
ES,ES.BDCA.AQD,NET_ES131A,STA_ES0125A,,SP_28079017_14_6,SPP_28079017_14_6.1,SAM_28079017_14_6,O3,http://dd.eionet.europa.eu/vocabulary/aq/pollutant/7,hour,35.4200000000,µg/m3,2017-07-18 07:00:00 +01:00,2017-07-18 08:00:00 +01:00,1,1
ES,ES.BDCA.AQD,NET_ES131A,STA_ES0125A,,SP_28079017_14_6,SPP_28079017_14_6.1,SAM_28079017_14_6,O3,http://dd.eionet.europa.eu/vocabulary/aq/pollutant/7,hour,54.0799999900,µg/m3,2017-07-18 08:00:00 +01:00,2017-07-18 09:00:00 +01:00,1,1
ES,ES.BDCA.AQD,NET_ES131A,STA_ES0125A,,SP_28079017_14_6,SPP_28079017_14_6.1,SAM_28079017_14_6,O3,http://dd.eionet.europa.eu/vocabulary/aq/pollutant/7,hour,65.2099999900,µg/m3,2017-07-18 09:00:00 +01:00,2017-07-18 10:00:00 +01:00,1,1
ES,ES.BDCA.AQD,NET_ES131A,STA_ES0125A,,SP_28079017_14_6,SPP_28079017_14_6.1,SAM_28079017_14_6,O3,http://dd.eionet.europa.eu/vocabulary/aq/pollutant/7,hour,89.6599999900,µg/m3,2017-07-18 10:00:00 +01:00,2017-07-18 11:00:00 +01:00,1,1
ES,ES.BDCA.AQD,NET_ES131A,STA_ES0125A,,SP_28079017_14_6,SPP_28079017_14_6.1,SAM_28079017_14_6,O3,http://dd.eionet.europa.eu/vocabulary/aq/pollutant/7,hour,,µg/m3,2017-07-18 11:00:00 +01:00,2017-07-18 12:00:00 +01:00,-1,1
ES,ES.BDCA.AQD,NET_ES131A,STA_ES0125A,,SP_28079017_14_6,SPP_28079017_14_6.1,SAM_28079017_14_6,O3,http://dd.eionet.europa.eu/vocabulary/aq/pollutant/7,hour,106.7000000000,µg/m3,2017-07-18 12:00:00 +01:00,2017-07-18 13:00:00 +01:00,1,1
ES,ES.BDCA.AQD,NET_ES131A,STA_ES0125A,,SP_28079017_14_6,SPP_28079017_14_6.1,SAM_28079017_14_6,O3,http://dd.eionet.europa.eu/vocabulary/aq/pollutant/7,hour,110.9000000000,µg/m3,2017-07-18 13:00:00 +01:00,2017-07-18 14:00:00 +01:00,1,1
ES,ES.BDCA.AQD,NET_ES131A,STA_ES0125A,,SP_28079017_14_6,SPP_28079017_14_6.1,SAM_28079017_14_6,O3,http://dd.eionet.europa.eu/vocabulary/aq/pollutant/7,hour,108.0999999900,µg/m3,2017-07-18 14:00:00 +01:00,2017-07-18 15:00:00 +01:00,1,1
ES,ES.BDCA.AQD,NET_ES131A,STA_ES0125A,,SP_28079017_14_6,SPP_28079017_14_6.1,SAM_28079017_14_6,O3,http://dd.eionet.europa.eu/vocabulary/aq/pollutant/7,hour,106.3000000000,µg/m3,2017-07-18 15:00:00 +01:00,2017-07-18 16:00:00 +01:00,1,1
ES,ES.BDCA.AQD,NET_ES131A,STA_ES0125A,,SP_28079017_14_6,SPP_28079017_14_6.1,SAM_28079017_14_6,O3,http://dd.eionet.europa.eu/vocabulary/aq/pollutant/7,hour,96.7999999900,µg/m3,2017-07-18 16:00:00 +01:00,2017-07-18 17:00:00 +01:00,1,1
ES,ES.BDCA.AQD,NET_ES131A,STA_ES0125A,,SP_28079017_14_6,SPP_28079017_14_6.1,SAM_28079017_14_6,O3,http://dd.eionet.europa.eu/vocabulary/aq/pollutant/7,hour,89.7999999900,µg/m3,2017-07-18 17:00:00 +01:00,2017-07-18 18:00:00 +01:00,1,1
ES,ES.BDCA.AQD,NET_ES131A,STA_ES0125A,,SP_28079017_14_6,SPP_28079017_14_6.1,SAM_28079017_14_6,O3,http://dd.eionet.europa.eu/vocabulary/aq/pollutant/7,hour,79.5199999900,µg/m3,2017-07-18 18:00:00 +01:00,2017-07-18 19:00:00 +01:00,1,1
ES,ES.BDCA.AQD,NET_ES131A,STA_ES0125A,,SP_28079017_14_6,SPP_28079017_14_6.1,SAM_28079017_14_6,O3,http://dd.eionet.europa.eu/vocabulary/aq/pollutant/7,hour,72.4300000000,µg/m3,2017-07-18 19:00:00 +01:00,2017-07-18 20:00:00 +01:00,1,1
ES,ES.BDCA.AQD,NET_ES131A,STA_ES0125A,,SP_28079017_14_6,SPP_28079017_14_6.1,SAM_28079017_14_6,O3,http://dd.eionet.europa.eu/vocabulary/aq/pollutant/7,hour,67.7000000000,µg/m3,2017-07-18 20:00:00 +01:00,2017-07-18 21:00:00 +01:00,1,1
ES,ES.BDCA.AQD,NET_ES131A,STA_ES0125A,,SP_28079017_14_6,SPP_28079017_14_6.1,SAM_28079017_14_6,O3,http://dd.eionet.europa.eu/vocabulary/aq/pollutant/7,hour,79.2099999900,µg/m3,2017-07-18 21:00:00 +01:00,2017-07-18 22:00:00 +01:00,1,1
ES,ES.BDCA.AQD,NET_ES131A,STA_ES0125A,,SP_28079017_14_6,SPP_28079017_14_6.1,SAM_28079017_14_6,O3,http://dd.eionet.europa.eu/vocabulary/aq/pollutant/7,hour,85.8499999900,µg/m3,2017-07-18 22:00:00 +01:00,2017-07-18 23:00:00 +01:00,1,1
ES,ES.BDCA.AQD,NET_ES131A,STA_ES0125A,,SP_28079017_14_6,SPP_28079017_14_6.1,SAM_28079017_14_6,O3,http://dd.eionet.europa.eu/vocabulary/aq/pollutant/7,hour,89.0499999900,µg/m3,2017-07-18 23:00:00 +01:00,2017-07-19 00:00:00 +01:00,1,1
ES,ES.BDCA.AQD,NET_ES131A,STA_ES0125A,,SP_28079017_14_6,SPP_28079017_14_6.1,SAM_28079017_14_6,O3,http://dd.eionet.europa.eu/vocabulary/aq/pollutant/7,hour,60.6300000000,µg/m3,2017-07-19 00:00:00 +01:00,2017-07-19 01:00:00 +01:00,1,1
ES,ES.BDCA.AQD,NET_ES131A,STA_ES0125A,,SP_28079017_14_6,SPP_28079017_14_6.1,SAM_28079017_14_6,O3,http://dd.eionet.europa.eu/vocabulary/aq/pollutant/7,hour,64.2500000000,µg/m3,2017-07-19 01:00:00 +01:00,2017-07-19 02:00:00 +01:00,1,1
ES,ES.BDCA.AQD,NET_ES131A,STA_ES0125A,,SP_28079017_14_6,SPP_28079017_14_6.1,SAM_28079017_14_6,O3,http://dd.eionet.europa.eu/vocabulary/aq/pollutant/7,hour,67.3199999900,µg/m3,2017-07-19 02:00:00 +01:00,2017-07-19 03:00:00 +01:00,1,1
ES,ES.BDCA.AQD,NET_ES131A,STA_ES0125A,,SP_28079017_14_6,SPP_28079017_14_6.1,SAM_28079017_14_6,O3,http://dd.eionet.europa.eu/vocabulary/aq/pollutant/7,hour,67.6299999900,µg/m3,2017-07-19 03:00:00 +01:00,2017-07-19 04:00:00 +01:00,1,1
ES,ES.BDCA.AQD,NET_ES131A,STA_ES0125A,,SP_28079017_14_6,SPP_28079017_14_6.1,SAM_28079017_14_6,O3,http://dd.eionet.europa.eu/vocabulary/aq/pollutant/7,hour,68.8900000000,µg/m3,2017-07-19 04:00:00 +01:00,2017-07-19 05:00:00 +01:00,1,1
ES,ES.BDCA.AQD,NET_ES131A,STA_ES0125A,,SP_28079017_14_6,SPP_28079017_14_6.1,SAM_28079017_14_6,O3,http://dd.eionet.europa.eu/vocabulary/aq/pollutant/7,hour,58.9900000000,µg/m3,2017-07-19 05:00:00 +01:00,2017-07-19 06:00:00 +01:00,1,1
ES,ES.BDCA.AQD,NET_ES131A,STA_ES0125A,,SP_28079017_14_6,SPP_28079017_14_6.1,SAM_28079017_14_6,O3,http://dd.eionet.europa.eu/vocabulary/aq/pollutant/7,hour,43.8299999900,µg/m3,2017-07-19 06:00:00 +01:00,2017-07-19 07:00:00 +01:00,1,1
ES,ES.BDCA.AQD,NET_ES131A,STA_ES0125A,,SP_28079017_14_6,SPP_28079017_14_6.1,SAM_28079017_14_6,O3,http://dd.eionet.europa.eu/vocabulary/aq/pollutant/7,hour,48.5900000000,µg/m3,2017-07-19 07:00:00 +01:00,2017-07-19 08:00:00 +01:00,1,1
ES,ES.BDCA.AQD,NET_ES131A,STA_ES0125A,,SP_28079017_14_6,SPP_28079017_14_6.1,SAM_28079017_14_6,O3,http://dd.eionet.europa.eu/vocabulary/aq/pollutant/7,hour,63.7500000000,µg/m3,2017-07-19 08:00:00 +01:00,2017-07-19 09:00:00 +01:00,1,1
ES,ES.BDCA.AQD,NET_ES131A,STA_ES0125A,,SP_28079017_14_6,SPP_28079017_14_6.1,SAM_28079017_14_6,O3,http://dd.eionet.europa.eu/vocabulary/aq/pollutant/7,hour,77.8599999900,µg/m3,2017-07-19 09:00:00 +01:00,2017-07-19 10:00:00 +01:00,1,1
ES,ES.BDCA.AQD,NET_ES131A,STA_ES0125A,,SP_28079017_14_6,SPP_28079017_14_6.1,SAM_28079017_14_6,O3,http://dd.eionet.europa.eu/vocabulary/aq/pollutant/7,hour,124.2000000000,µg/m3,2017-07-19 10:00:00 +01:00,2017-07-19 11:00:00 +01:00,1,1
ES,ES.BDCA.AQD,NET_ES131A,STA_ES0125A,,SP_28079017_14_6,SPP_28079017_14_6.1,SAM_28079017_14_6,O3,http://dd.eionet.europa.eu/vocabulary/aq/pollutant/7,hour,,µg/m3,2017-07-19 11:00:00 +01:00,2017-07-19 12:00:00 +01:00,-1,1
ES,ES.BDCA.AQD,NET_ES131A,STA_ES0125A,,SP_28079017_14_6,SPP_28079017_14_6.1,SAM_28079017_14_6,O3,http://dd.eionet.europa.eu/vocabulary/aq/pollutant/7,hour,30.2300000000,µg/m3,2017-07-19 12:00:00 +01:00,2017-07-19 13:00:00 +01:00,1,1
ES,ES.BDCA.AQD,NET_ES131A,STA_ES0125A,,SP_28079017_14_6,SPP_28079017_14_6.1,SAM_28079017_14_6,O3,http://dd.eionet.europa.eu/vocabulary/aq/pollutant/7,hour,35.0399999900,µg/m3,2017-07-19 13:00:00 +01:00,2017-07-19 14:00:00 +01:00,1,1
ES,ES.BDCA.AQD,NET_ES131A,STA_ES0125A,,SP_28079017_14_6,SPP_28079017_14_6.1,SAM_28079017_14_6,O3,http://dd.eionet.europa.eu/vocabulary/aq/pollutant/7,hour,39.4300000000,µg/m3,2017-07-19 14:00:00 +01:00,2017-07-19 15:00:00 +01:00,1,1
ES,ES.BDCA.AQD,NET_ES131A,STA_ES0125A,,SP_28079017_14_6,SPP_28079017_14_6.1,SAM_28079017_14_6,O3,http://dd.eionet.europa.eu/vocabulary/aq/pollutant/7,hour,41.0799999900,µg/m3,2017-07-19 15:00:00 +01:00,2017-07-19 16:00:00 +01:00,1,1
ES,ES.BDCA.AQD,NET_ES131A,STA_ES0125A,,SP_28079017_14_6,SPP_28079017_14_6.1,SAM_28079017_14_6,O3,http://dd.eionet.europa.eu/vocabulary/aq/pollutant/7,hour,48.0200000000,µg/m3,2017-07-19 16:00:00 +01:00,2017-07-19 17:00:00 +01:00,1,1
ES,ES.BDCA.AQD,NET_ES131A,STA_ES0125A,,SP_28079017_14_6,SPP_28079017_14_6.1,SAM_28079017_14_6,O3,http://dd.eionet.europa.eu/vocabulary/aq/pollutant/7,hour,58.9399999900,µg/m3,2017-07-19 17:00:00 +01:00,2017-07-19 18:00:00 +01:00,1,1
ES,ES.BDCA.AQD,NET_ES131A,STA_ES0125A,,SP_28079017_14_6,SPP_28079017_14_6.1,SAM_28079017_14_6,O3,http://dd.eionet.europa.eu/vocabulary/aq/pollutant/7,hour,58.8800000000,µg/m3,2017-07-19 18:00:00 +01:00,2017-07-19 19:00:00 +01:00,1,1
ES,ES.BDCA.AQD,NET_ES131A,STA_ES0125A,,SP_28079017_14_6,SPP_28079017_14_6.1,SAM_28079017_14_6,O3,http://dd.eionet.europa.eu/vocabulary/aq/pollutant/7,hour,57.3500000000,µg/m3,2017-07-19 19:00:00 +01:00,2017-07-19 20:00:00 +01:00,1,1
ES,ES.BDCA.AQD,NET_ES131A,STA_ES0125A,,SP_28079017_14_6,SPP_28079017_14_6.1,SAM_28079017_14_6,O3,http://dd.eionet.europa.eu/vocabulary/aq/pollutant/7,hour,56.5900000000,µg/m3,2017-07-19 20:00:00 +01:00,2017-07-19 21:00:00 +01:00,1,1
ES,ES.BDCA.AQD,NET_ES131A,STA_ES0125A,,SP_28079017_14_6,SPP_28079017_14_6.1,SAM_28079017_14_6,O3,http://dd.eionet.europa.eu/vocabulary/aq/pollutant/7,hour,55.4500000000,µg/m3,2017-07-19 21:00:00 +01:00,2017-07-19 22:00:00 +01:00,1,1
ES,ES.BDCA.AQD,NET_ES131A,STA_ES0125A,,SP_28079017_14_6,SPP_28079017_14_6.1,SAM_28079017_14_6,O3,http://dd.eionet.europa.eu/vocabulary/aq/pollutant/7,hour,54.3999999900,µg/m3,2017-07-19 22:00:00 +01:00,2017-07-19 23:00:00 +01:00,1,1
ES,ES.BDCA.AQD,NET_ES131A,STA_ES0125A,,SP_28079017_14_6,SPP_28079017_14_6.1,SAM_28079017_14_6,O3,http://dd.eionet.europa.eu/vocabulary/aq/pollutant/7,hour,46.7599999900,µg/m3,2017-07-19 23:00:00 +01:00,2017-07-20 00:00:00 +01:00,1,1
ES,ES.BDCA.AQD,NET_ES131A,STA_ES0125A,,SP_28079017_14_6,SPP_28079017_14_6.1,SAM_28079017_14_6,O3,http://dd.eionet.europa.eu/vocabulary/aq/pollutant/7,hour,45.7599999900,µg/m3,2017-07-20 00:00:00 +01:00,2017-07-20 01:00:00 +01:00,1,1
ES,ES.BDCA.AQD,NET_ES131A,STA_ES0125A,,SP_28079017_14_6,SPP_28079017_14_6.1,SAM_28079017_14_6,O3,http://dd.eionet.europa.eu/vocabulary/aq/pollutant/7,hour,46.9900000000,µg/m3,2017-07-20 01:00:00 +01:00,2017-07-20 02:00:00 +01:00,1,1
ES,ES.BDCA.AQD,NET_ES131A,STA_ES0125A,,SP_28079017_14_6,SPP_28079017_14_6.1,SAM_28079017_14_6,O3,http://dd.eionet.europa.eu/vocabulary/aq/pollutant/7,hour,43.2700000000,µg/m3,2017-07-20 02:00:00 +01:00,2017-07-20 03:00:00 +01:00,1,1
ES,ES.BDCA.AQD,NET_ES131A,STA_ES0125A,,SP_28079017_14_6,SPP_28079017_14_6.1,SAM_28079017_14_6,O3,http://dd.eionet.europa.eu/vocabulary/aq/pollutant/7,hour,39.8299999900,µg/m3,2017-07-20 03:00:00 +01:00,2017-07-20 04:00:00 +01:00,1,1
ES,ES.BDCA.AQD,NET_ES131A,STA_ES0125A,,SP_28079017_14_6,SPP_28079017_14_6.1,SAM_28079017_14_6,O3,http://dd.eionet.europa.eu/vocabulary/aq/pollutant/7,hour,33.8400000000,µg/m3,2017-07-20 04:00:00 +01:00,2017-07-20 05:00:00 +01:00,1,1
ES,ES.BDCA.AQD,NET_ES131A,STA_ES0125A,,SP_28079017_14_6,SPP_28079017_14_6.1,SAM_28079017_14_6,O3,http://dd.eionet.europa.eu/vocabulary/aq/pollutant/7,hour,18.0900000000,µg/m3,2017-07-20 05:00:00 +01:00,2017-07-20 06:00:00 +01:00,1,1
ES,ES.BDCA.AQD,NET_ES131A,STA_ES0125A,,SP_28079017_14_6,SPP_28079017_14_6.1,SAM_28079017_14_6,O3,http://dd.eionet.europa.eu/vocabulary/aq/pollutant/7,hour,2.6699999900,µg/m3,2017-07-20 06:00:00 +01:00,2017-07-20 07:00:00 +01:00,1,1
ES,ES.BDCA.AQD,NET_ES131A,STA_ES0125A,,SP_28079017_14_6,SPP_28079017_14_6.1,SAM_28079017_14_6,O3,http://dd.eionet.europa.eu/vocabulary/aq/pollutant/7,hour,7.9299999900,µg/m3,2017-07-20 07:00:00 +01:00,2017-07-20 08:00:00 +01:00,1,1
ES,ES.BDCA.AQD,NET_ES131A,STA_ES0125A,,SP_28079017_14_6,SPP_28079017_14_6.1,SAM_28079017_14_6,O3,http://dd.eionet.europa.eu/vocabulary/aq/pollutant/7,hour,17.7399999900,µg/m3,2017-07-20 08:00:00 +01:00,2017-07-20 09:00:00 +01:00,1,1
ES,ES.BDCA.AQD,NET_ES131A,STA_ES0125A,,SP_28079017_14_6,SPP_28079017_14_6.1,SAM_28079017_14_6,O3,http://dd.eionet.europa.eu/vocabulary/aq/pollutant/7,hour,43.5300000000,µg/m3,2017-07-20 09:00:00 +01:00,2017-07-20 10:00:00 +01:00,1,1
ES,ES.BDCA.AQD,NET_ES131A,STA_ES0125A,,SP_28079017_14_6,SPP_28079017_14_6.1,SAM_28079017_14_6,O3,http://dd.eionet.europa.eu/vocabulary/aq/pollutant/7,hour,54.3999999900,µg/m3,2017-07-20 10:00:00 +01:00,2017-07-20 11:00:00 +01:00,1,1
ES,ES.BDCA.AQD,NET_ES131A,STA_ES0125A,,SP_28079017_14_6,SPP_28079017_14_6.1,SAM_28079017_14_6,O3,http://dd.eionet.europa.eu/vocabulary/aq/pollutant/7,hour,70.9599999900,µg/m3,2017-07-20 11:00:00 +01:00,2017-07-20 12:00:00 +01:00,1,1
ES,ES.BDCA.AQD,NET_ES131A,STA_ES0125A,,SP_28079017_14_6,SPP_28079017_14_6.1,SAM_28079017_14_6,O3,http://dd.eionet.europa.eu/vocabulary/aq/pollutant/7,hour,88.7300000000,µg/m3,2017-07-20 12:00:00 +01:00,2017-07-20 13:00:00 +01:00,1,1
ES,ES.BDCA.AQD,NET_ES131A,STA_ES0125A,,SP_28079017_14_6,SPP_28079017_14_6.1,SAM_28079017_14_6,O3,http://dd.eionet.europa.eu/vocabulary/aq/pollutant/7,hour,103.2000000000,µg/m3,2017-07-20 13:00:00 +01:00,2017-07-20 14:00:00 +01:00,1,1
ES,ES.BDCA.AQD,NET_ES131A,STA_ES0125A,,SP_28079017_14_6,SPP_28079017_14_6.1,SAM_28079017_14_6,O3,http://dd.eionet.europa.eu/vocabulary/aq/pollutant/7,hour,108.9000000000,µg/m3,2017-07-20 14:00:00 +01:00,2017-07-20 15:00:00 +01:00,1,1
ES,ES.BDCA.AQD,NET_ES131A,STA_ES0125A,,SP_28079017_14_6,SPP_28079017_14_6.1,SAM_28079017_14_6,O3,http://dd.eionet.europa.eu/vocabulary/aq/pollutant/7,hour,102.7000000000,µg/m3,2017-07-20 15:00:00 +01:00,2017-07-20 16:00:00 +01:00,1,1
ES,ES.BDCA.AQD,NET_ES131A,STA_ES0125A,,SP_28079017_14_6,SPP_28079017_14_6.1,SAM_28079017_14_6,O3,http://dd.eionet.europa.eu/vocabulary/aq/pollutant/7,hour,101.4000000000,µg/m3,2017-07-20 16:00:00 +01:00,2017-07-20 17:00:00 +01:00,1,1
ES,ES.BDCA.AQD,NET_ES131A,STA_ES0125A,,SP_28079017_14_6,SPP_28079017_14_6.1,SAM_28079017_14_6,O3,http://dd.eionet.europa.eu/vocabulary/aq/pollutant/7,hour,106.4000000000,µg/m3,2017-07-20 17:00:00 +01:00,2017-07-20 18:00:00 +01:00,1,1
ES,ES.BDCA.AQD,NET_ES131A,STA_ES0125A,,SP_28079017_14_6,SPP_28079017_14_6.1,SAM_28079017_14_6,O3,http://dd.eionet.europa.eu/vocabulary/aq/pollutant/7,hour,101.9000000000,µg/m3,2017-07-20 18:00:00 +01:00,2017-07-20 19:00:00 +01:00,1,1
ES,ES.BDCA.AQD,NET_ES131A,STA_ES0125A,,SP_28079017_14_6,SPP_28079017_14_6.1,SAM_28079017_14_6,O3,http://dd.eionet.europa.eu/vocabulary/aq/pollutant/7,hour,91.3400000000,µg/m3,2017-07-20 19:00:00 +01:00,2017-07-20 20:00:00 +01:00,1,1
ES,ES.BDCA.AQD,NET_ES131A,STA_ES0125A,,SP_28079017_14_6,SPP_28079017_14_6.1,SAM_28079017_14_6,O3,http://dd.eionet.europa.eu/vocabulary/aq/pollutant/7,hour,74.9899999900,µg/m3,2017-07-20 20:00:00 +01:00,2017-07-20 21:00:00 +01:00,1,1
ES,ES.BDCA.AQD,NET_ES131A,STA_ES0125A,,SP_28079017_14_6,SPP_28079017_14_6.1,SAM_28079017_14_6,O3,http://dd.eionet.europa.eu/vocabulary/aq/pollutant/7,hour,63.1499999900,µg/m3,2017-07-20 21:00:00 +01:00,2017-07-20 22:00:00 +01:00,1,1
ES,ES.BDCA.AQD,NET_ES131A,STA_ES0125A,,SP_28079017_14_6,SPP_28079017_14_6.1,SAM_28079017_14_6,O3,http://dd.eionet.europa.eu/vocabulary/aq/pollutant/7,hour,58.8800000000,µg/m3,2017-07-20 22:00:00 +01:00,2017-07-20 23:00:00 +01:00,1,1
ES,ES.BDCA.AQD,NET_ES131A,STA_ES0125A,,SP_28079017_14_6,SPP_28079017_14_6.1,SAM_28079017_14_6,O3,http://dd.eionet.europa.eu/vocabulary/aq/pollutant/7,hour,62.0099999900,µg/m3,2017-07-20 23:00:00 +01:00,2017-07-21 00:00:00 +01:00,1,1
ES,ES.BDCA.AQD,NET_ES131A,STA_ES0125A,,SP_28079017_14_6,SPP_28079017_14_6.1,SAM_28079017_14_6,O3,http://dd.eionet.europa.eu/vocabulary/aq/pollutant/7,hour,71.4500000000,µg/m3,2017-07-21 00:00:00 +01:00,2017-07-21 01:00:00 +01:00,1,1
ES,ES.BDCA.AQD,NET_ES131A,STA_ES0125A,,SP_28079017_14_6,SPP_28079017_14_6.1,SAM_28079017_14_6,O3,http://dd.eionet.europa.eu/vocabulary/aq/pollutant/7,hour,72.6400000000,µg/m3,2017-07-21 01:00:00 +01:00,2017-07-21 02:00:00 +01:00,1,1
ES,ES.BDCA.AQD,NET_ES131A,STA_ES0125A,,SP_28079017_14_6,SPP_28079017_14_6.1,SAM_28079017_14_6,O3,http://dd.eionet.europa.eu/vocabulary/aq/pollutant/7,hour,68.0600000000,µg/m3,2017-07-21 02:00:00 +01:00,2017-07-21 03:00:00 +01:00,1,1
ES,ES.BDCA.AQD,NET_ES131A,STA_ES0125A,,SP_28079017_14_6,SPP_28079017_14_6.1,SAM_28079017_14_6,O3,http://dd.eionet.europa.eu/vocabulary/aq/pollutant/7,hour,62.4600000000,µg/m3,2017-07-21 03:00:00 +01:00,2017-07-21 04:00:00 +01:00,1,1
ES,ES.BDCA.AQD,NET_ES131A,STA_ES0125A,,SP_28079017_14_6,SPP_28079017_14_6.1,SAM_28079017_14_6,O3,http://dd.eionet.europa.eu/vocabulary/aq/pollutant/7,hour,49.0000000000,µg/m3,2017-07-21 04:00:00 +01:00,2017-07-21 05:00:00 +01:00,1,1
ES,ES.BDCA.AQD,NET_ES131A,STA_ES0125A,,SP_28079017_14_6,SPP_28079017_14_6.1,SAM_28079017_14_6,O3,http://dd.eionet.europa.eu/vocabulary/aq/pollutant/7,hour,29.6400000000,µg/m3,2017-07-21 05:00:00 +01:00,2017-07-21 06:00:00 +01:00,1,1
ES,ES.BDCA.AQD,NET_ES131A,STA_ES0125A,,SP_28079017_14_6,SPP_28079017_14_6.1,SAM_28079017_14_6,O3,http://dd.eionet.europa.eu/vocabulary/aq/pollutant/7,hour,15.9000000000,µg/m3,2017-07-21 06:00:00 +01:00,2017-07-21 07:00:00 +01:00,1,1
ES,ES.BDCA.AQD,NET_ES131A,STA_ES0125A,,SP_28079017_14_6,SPP_28079017_14_6.1,SAM_28079017_14_6,O3,http://dd.eionet.europa.eu/vocabulary/aq/pollutant/7,hour,24.5300000000,µg/m3,2017-07-21 07:00:00 +01:00,2017-07-21 08:00:00 +01:00,1,1
ES,ES.BDCA.AQD,NET_ES131A,STA_ES0125A,,SP_28079017_14_6,SPP_28079017_14_6.1,SAM_28079017_14_6,O3,http://dd.eionet.europa.eu/vocabulary/aq/pollutant/7,hour,31.4400000000,µg/m3,2017-07-21 08:00:00 +01:00,2017-07-21 09:00:00 +01:00,1,1
ES,ES.BDCA.AQD,NET_ES131A,STA_ES0125A,,SP_28079017_14_6,SPP_28079017_14_6.1,SAM_28079017_14_6,O3,http://dd.eionet.europa.eu/vocabulary/aq/pollutant/7,hour,52.1000000000,µg/m3,2017-07-21 09:00:00 +01:00,2017-07-21 10:00:00 +01:00,1,1
ES,ES.BDCA.AQD,NET_ES131A,STA_ES0125A,,SP_28079017_14_6,SPP_28079017_14_6.1,SAM_28079017_14_6,O3,http://dd.eionet.europa.eu/vocabulary/aq/pollutant/7,hour,80.6700000000,µg/m3,2017-07-21 10:00:00 +01:00,2017-07-21 11:00:00 +01:00,1,1
ES,ES.BDCA.AQD,NET_ES131A,STA_ES0125A,,SP_28079017_14_6,SPP_28079017_14_6.1,SAM_28079017_14_6,O3,http://dd.eionet.europa.eu/vocabulary/aq/pollutant/7,hour,87.0199999900,µg/m3,2017-07-21 11:00:00 +01:00,2017-07-21 12:00:00 +01:00,1,1
ES,ES.BDCA.AQD,NET_ES131A,STA_ES0125A,,SP_28079017_14_6,SPP_28079017_14_6.1,SAM_28079017_14_6,O3,http://dd.eionet.europa.eu/vocabulary/aq/pollutant/7,hour,88.4200000000,µg/m3,2017-07-21 12:00:00 +01:00,2017-07-21 13:00:00 +01:00,1,1
ES,ES.BDCA.AQD,NET_ES131A,STA_ES0125A,,SP_28079017_14_6,SPP_28079017_14_6.1,SAM_28079017_14_6,O3,http://dd.eionet.europa.eu/vocabulary/aq/pollutant/7,hour,92.0799999900,µg/m3,2017-07-21 13:00:00 +01:00,2017-07-21 14:00:00 +01:00,1,1
ES,ES.BDCA.AQD,NET_ES131A,STA_ES0125A,,SP_28079017_14_6,SPP_28079017_14_6.1,SAM_28079017_14_6,O3,http://dd.eionet.europa.eu/vocabulary/aq/pollutant/7,hour,95.5000000000,µg/m3,2017-07-21 14:00:00 +01:00,2017-07-21 15:00:00 +01:00,1,1
ES,ES.BDCA.AQD,NET_ES131A,STA_ES0125A,,SP_28079017_14_6,SPP_28079017_14_6.1,SAM_28079017_14_6,O3,http://dd.eionet.europa.eu/vocabulary/aq/pollutant/7,hour,99.0100000000,µg/m3,2017-07-21 15:00:00 +01:00,2017-07-21 16:00:00 +01:00,1,1
ES,ES.BDCA.AQD,NET_ES131A,STA_ES0125A,,SP_28079017_14_6,SPP_28079017_14_6.1,SAM_28079017_14_6,O3,http://dd.eionet.europa.eu/vocabulary/aq/pollutant/7,hour,106.2000000000,µg/m3,2017-07-21 16:00:00 +01:00,2017-07-21 17:00:00 +01:00,1,1
ES,ES.BDCA.AQD,NET_ES131A,STA_ES0125A,,SP_28079017_14_6,SPP_28079017_14_6.1,SAM_28079017_14_6,O3,http://dd.eionet.europa.eu/vocabulary/aq/pollutant/7,hour,102.5999999900,µg/m3,2017-07-21 17:00:00 +01:00,2017-07-21 18:00:00 +01:00,1,1
ES,ES.BDCA.AQD,NET_ES131A,STA_ES0125A,,SP_28079017_14_6,SPP_28079017_14_6.1,SAM_28079017_14_6,O3,http://dd.eionet.europa.eu/vocabulary/aq/pollutant/7,hour,97.2099999900,µg/m3,2017-07-21 18:00:00 +01:00,2017-07-21 19:00:00 +01:00,1,1
ES,ES.BDCA.AQD,NET_ES131A,STA_ES0125A,,SP_28079017_14_6,SPP_28079017_14_6.1,SAM_28079017_14_6,O3,http://dd.eionet.europa.eu/vocabulary/aq/pollutant/7,hour,85.3499999900,µg/m3,2017-07-21 19:00:00 +01:00,2017-07-21 20:00:00 +01:00,1,1
ES,ES.BDCA.AQD,NET_ES131A,STA_ES0125A,,SP_28079017_14_6,SPP_28079017_14_6.1,SAM_28079017_14_6,O3,http://dd.eionet.europa.eu/vocabulary/aq/pollutant/7,hour,81.1400000000,µg/m3,2017-07-21 20:00:00 +01:00,2017-07-21 21:00:00 +01:00,1,1
ES,ES.BDCA.AQD,NET_ES131A,STA_ES0125A,,SP_28079017_14_6,SPP_28079017_14_6.1,SAM_28079017_14_6,O3,http://dd.eionet.europa.eu/vocabulary/aq/pollutant/7,hour,76.2800000000,µg/m3,2017-07-21 21:00:00 +01:00,2017-07-21 22:00:00 +01:00,1,1
ES,ES.BDCA.AQD,NET_ES131A,STA_ES0125A,,SP_28079017_14_6,SPP_28079017_14_6.1,SAM_28079017_14_6,O3,http://dd.eionet.europa.eu/vocabulary/aq/pollutant/7,hour,74.1899999900,µg/m3,2017-07-21 22:00:00 +01:00,2017-07-21 23:00:00 +01:00,1,1
ES,ES.BDCA.AQD,NET_ES131A,STA_ES0125A,,SP_28079017_14_6,SPP_28079017_14_6.1,SAM_28079017_14_6,O3,http://dd.eionet.europa.eu/vocabulary/aq/pollutant/7,hour,64.0199999900,µg/m3,2017-07-21 23:00:00 +01:00,2017-07-22 00:00:00 +01:00,1,1
ES,ES.BDCA.AQD,NET_ES131A,STA_ES0125A,,SP_28079017_14_6,SPP_28079017_14_6.1,SAM_28079017_14_6,O3,http://dd.eionet.europa.eu/vocabulary/aq/pollutant/7,hour,58.4799999900,µg/m3,2017-07-22 00:00:00 +01:00,2017-07-22 01:00:00 +01:00,1,1
ES,ES.BDCA.AQD,NET_ES131A,STA_ES0125A,,SP_28079017_14_6,SPP_28079017_14_6.1,SAM_28079017_14_6,O3,http://dd.eionet.europa.eu/vocabulary/aq/pollutant/7,hour,51.4099999900,µg/m3,2017-07-22 01:00:00 +01:00,2017-07-22 02:00:00 +01:00,1,1
ES,ES.BDCA.AQD,NET_ES131A,STA_ES0125A,,SP_28079017_14_6,SPP_28079017_14_6.1,SAM_28079017_14_6,O3,http://dd.eionet.europa.eu/vocabulary/aq/pollutant/7,hour,54.8900000000,µg/m3,2017-07-22 02:00:00 +01:00,2017-07-22 03:00:00 +01:00,1,1
ES,ES.BDCA.AQD,NET_ES131A,STA_ES0125A,,SP_28079017_14_6,SPP_28079017_14_6.1,SAM_28079017_14_6,O3,http://dd.eionet.europa.eu/vocabulary/aq/pollutant/7,hour,56.3299999900,µg/m3,2017-07-22 03:00:00 +01:00,2017-07-22 04:00:00 +01:00,1,1
ES,ES.BDCA.AQD,NET_ES131A,STA_ES0125A,,SP_28079017_14_6,SPP_28079017_14_6.1,SAM_28079017_14_6,O3,http://dd.eionet.europa.eu/vocabulary/aq/pollutant/7,hour,48.7700000000,µg/m3,2017-07-22 04:00:00 +01:00,2017-07-22 05:00:00 +01:00,1,1
ES,ES.BDCA.AQD,NET_ES131A,STA_ES0125A,,SP_28079017_14_6,SPP_28079017_14_6.1,SAM_28079017_14_6,O3,http://dd.eionet.europa.eu/vocabulary/aq/pollutant/7,hour,21.9800000000,µg/m3,2017-07-22 05:00:00 +01:00,2017-07-22 06:00:00 +01:00,1,1
ES,ES.BDCA.AQD,NET_ES131A,STA_ES0125A,,SP_28079017_14_6,SPP_28079017_14_6.1,SAM_28079017_14_6,O3,http://dd.eionet.europa.eu/vocabulary/aq/pollutant/7,hour,6.4400000000,µg/m3,2017-07-22 06:00:00 +01:00,2017-07-22 07:00:00 +01:00,1,1
ES,ES.BDCA.AQD,NET_ES131A,STA_ES0125A,,SP_28079017_14_6,SPP_28079017_14_6.1,SAM_28079017_14_6,O3,http://dd.eionet.europa.eu/vocabulary/aq/pollutant/7,hour,7.7999999900,µg/m3,2017-07-22 07:00:00 +01:00,2017-07-22 08:00:00 +01:00,1,1
ES,ES.BDCA.AQD,NET_ES131A,STA_ES0125A,,SP_28079017_14_6,SPP_28079017_14_6.1,SAM_28079017_14_6,O3,http://dd.eionet.europa.eu/vocabulary/aq/pollutant/7,hour,20.1299999900,µg/m3,2017-07-22 08:00:00 +01:00,2017-07-22 09:00:00 +01:00,1,1
ES,ES.BDCA.AQD,NET_ES131A,STA_ES0125A,,SP_28079017_14_6,SPP_28079017_14_6.1,SAM_28079017_14_6,O3,http://dd.eionet.europa.eu/vocabulary/aq/pollutant/7,hour,47.2700000000,µg/m3,2017-07-22 09:00:00 +01:00,2017-07-22 10:00:00 +01:00,1,1
ES,ES.BDCA.AQD,NET_ES131A,STA_ES0125A,,SP_28079017_14_6,SPP_28079017_14_6.1,SAM_28079017_14_6,O3,http://dd.eionet.europa.eu/vocabulary/aq/pollutant/7,hour,63.1400000000,µg/m3,2017-07-22 10:00:00 +01:00,2017-07-22 11:00:00 +01:00,1,1
ES,ES.BDCA.AQD,NET_ES131A,STA_ES0125A,,SP_28079017_14_6,SPP_28079017_14_6.1,SAM_28079017_14_6,O3,http://dd.eionet.europa.eu/vocabulary/aq/pollutant/7,hour,84.3799999900,µg/m3,2017-07-22 11:00:00 +01:00,2017-07-22 12:00:00 +01:00,1,1
ES,ES.BDCA.AQD,NET_ES131A,STA_ES0125A,,SP_28079017_14_6,SPP_28079017_14_6.1,SAM_28079017_14_6,O3,http://dd.eionet.europa.eu/vocabulary/aq/pollutant/7,hour,99.6599999900,µg/m3,2017-07-22 12:00:00 +01:00,2017-07-22 13:00:00 +01:00,1,1
ES,ES.BDCA.AQD,NET_ES131A,STA_ES0125A,,SP_28079017_14_6,SPP_28079017_14_6.1,SAM_28079017_14_6,O3,http://dd.eionet.europa.eu/vocabulary/aq/pollutant/7,hour,98.6299999900,µg/m3,2017-07-22 13:00:00 +01:00,2017-07-22 14:00:00 +01:00,1,1
ES,ES.BDCA.AQD,NET_ES131A,STA_ES0125A,,SP_28079017_14_6,SPP_28079017_14_6.1,SAM_28079017_14_6,O3,http://dd.eionet.europa.eu/vocabulary/aq/pollutant/7,hour,101.2000000000,µg/m3,2017-07-22 14:00:00 +01:00,2017-07-22 15:00:00 +01:00,1,1
ES,ES.BDCA.AQD,NET_ES131A,STA_ES0125A,,SP_28079017_14_6,SPP_28079017_14_6.1,SAM_28079017_14_6,O3,http://dd.eionet.europa.eu/vocabulary/aq/pollutant/7,hour,101.9000000000,µg/m3,2017-07-22 15:00:00 +01:00,2017-07-22 16:00:00 +01:00,1,1
ES,ES.BDCA.AQD,NET_ES131A,STA_ES0125A,,SP_28079017_14_6,SPP_28079017_14_6.1,SAM_28079017_14_6,O3,http://dd.eionet.europa.eu/vocabulary/aq/pollutant/7,hour,105.5999999900,µg/m3,2017-07-22 16:00:00 +01:00,2017-07-22 17:00:00 +01:00,1,1
ES,ES.BDCA.AQD,NET_ES131A,STA_ES0125A,,SP_28079017_14_6,SPP_28079017_14_6.1,SAM_28079017_14_6,O3,http://dd.eionet.europa.eu/vocabulary/aq/pollutant/7,hour,107.0000000000,µg/m3,2017-07-22 17:00:00 +01:00,2017-07-22 18:00:00 +01:00,1,1
ES,ES.BDCA.AQD,NET_ES131A,STA_ES0125A,,SP_28079017_14_6,SPP_28079017_14_6.1,SAM_28079017_14_6,O3,http://dd.eionet.europa.eu/vocabulary/aq/pollutant/7,hour,105.2000000000,µg/m3,2017-07-22 18:00:00 +01:00,2017-07-22 19:00:00 +01:00,1,1
ES,ES.BDCA.AQD,NET_ES131A,STA_ES0125A,,SP_28079017_14_6,SPP_28079017_14_6.1,SAM_28079017_14_6,O3,http://dd.eionet.europa.eu/vocabulary/aq/pollutant/7,hour,97.1400000000,µg/m3,2017-07-22 19:00:00 +01:00,2017-07-22 20:00:00 +01:00,1,1
ES,ES.BDCA.AQD,NET_ES131A,STA_ES0125A,,SP_28079017_14_6,SPP_28079017_14_6.1,SAM_28079017_14_6,O3,http://dd.eionet.europa.eu/vocabulary/aq/pollutant/7,hour,73.8299999900,µg/m3,2017-07-22 20:00:00 +01:00,2017-07-22 21:00:00 +01:00,1,1
ES,ES.BDCA.AQD,NET_ES131A,STA_ES0125A,,SP_28079017_14_6,SPP_28079017_14_6.1,SAM_28079017_14_6,O3,http://dd.eionet.europa.eu/vocabulary/aq/pollutant/7,hour,54.9699999900,µg/m3,2017-07-22 21:00:00 +01:00,2017-07-22 22:00:00 +01:00,1,1
ES,ES.BDCA.AQD,NET_ES131A,STA_ES0125A,,SP_28079017_14_6,SPP_28079017_14_6.1,SAM_28079017_14_6,O3,http://dd.eionet.europa.eu/vocabulary/aq/pollutant/7,hour,33.8500000000,µg/m3,2017-07-22 22:00:00 +01:00,2017-07-22 23:00:00 +01:00,1,1
ES,ES.BDCA.AQD,NET_ES131A,STA_ES0125A,,SP_28079017_14_6,SPP_28079017_14_6.1,SAM_28079017_14_6,O3,http://dd.eionet.europa.eu/vocabulary/aq/pollutant/7,hour,21.1200000000,µg/m3,2017-07-22 23:00:00 +01:00,2017-07-23 00:00:00 +01:00,1,1
ES,ES.BDCA.AQD,NET_ES131A,STA_ES0125A,,SP_28079017_14_6,SPP_28079017_14_6.1,SAM_28079017_14_6,O3,http://dd.eionet.europa.eu/vocabulary/aq/pollutant/7,hour,30.0200000000,µg/m3,2017-07-23 00:00:00 +01:00,2017-07-23 01:00:00 +01:00,1,1
ES,ES.BDCA.AQD,NET_ES131A,STA_ES0125A,,SP_28079017_14_6,SPP_28079017_14_6.1,SAM_28079017_14_6,O3,http://dd.eionet.europa.eu/vocabulary/aq/pollutant/7,hour,14.3900000000,µg/m3,2017-07-23 01:00:00 +01:00,2017-07-23 02:00:00 +01:00,1,1
ES,ES.BDCA.AQD,NET_ES131A,STA_ES0125A,,SP_28079017_14_6,SPP_28079017_14_6.1,SAM_28079017_14_6,O3,http://dd.eionet.europa.eu/vocabulary/aq/pollutant/7,hour,18.3599999900,µg/m3,2017-07-23 02:00:00 +01:00,2017-07-23 03:00:00 +01:00,1,1
ES,ES.BDCA.AQD,NET_ES131A,STA_ES0125A,,SP_28079017_14_6,SPP_28079017_14_6.1,SAM_28079017_14_6,O3,http://dd.eionet.europa.eu/vocabulary/aq/pollutant/7,hour,20.8500000000,µg/m3,2017-07-23 03:00:00 +01:00,2017-07-23 04:00:00 +01:00,1,1
ES,ES.BDCA.AQD,NET_ES131A,STA_ES0125A,,SP_28079017_14_6,SPP_28079017_14_6.1,SAM_28079017_14_6,O3,http://dd.eionet.europa.eu/vocabulary/aq/pollutant/7,hour,25.8200000000,µg/m3,2017-07-23 04:00:00 +01:00,2017-07-23 05:00:00 +01:00,1,1
ES,ES.BDCA.AQD,NET_ES131A,STA_ES0125A,,SP_28079017_14_6,SPP_28079017_14_6.1,SAM_28079017_14_6,O3,http://dd.eionet.europa.eu/vocabulary/aq/pollutant/7,hour,30.1700000000,µg/m3,2017-07-23 05:00:00 +01:00,2017-07-23 06:00:00 +01:00,1,1
ES,ES.BDCA.AQD,NET_ES131A,STA_ES0125A,,SP_28079017_14_6,SPP_28079017_14_6.1,SAM_28079017_14_6,O3,http://dd.eionet.europa.eu/vocabulary/aq/pollutant/7,hour,11.1500000000,µg/m3,2017-07-23 06:00:00 +01:00,2017-07-23 07:00:00 +01:00,1,1
ES,ES.BDCA.AQD,NET_ES131A,STA_ES0125A,,SP_28079017_14_6,SPP_28079017_14_6.1,SAM_28079017_14_6,O3,http://dd.eionet.europa.eu/vocabulary/aq/pollutant/7,hour,35.5700000000,µg/m3,2017-07-23 07:00:00 +01:00,2017-07-23 08:00:00 +01:00,1,1
ES,ES.BDCA.AQD,NET_ES131A,STA_ES0125A,,SP_28079017_14_6,SPP_28079017_14_6.1,SAM_28079017_14_6,O3,http://dd.eionet.europa.eu/vocabulary/aq/pollutant/7,hour,54.2899999900,µg/m3,2017-07-23 08:00:00 +01:00,2017-07-23 09:00:00 +01:00,1,1
ES,ES.BDCA.AQD,NET_ES131A,STA_ES0125A,,SP_28079017_14_6,SPP_28079017_14_6.1,SAM_28079017_14_6,O3,http://dd.eionet.europa.eu/vocabulary/aq/pollutant/7,hour,66.9200000000,µg/m3,2017-07-23 09:00:00 +01:00,2017-07-23 10:00:00 +01:00,1,1
ES,ES.BDCA.AQD,NET_ES131A,STA_ES0125A,,SP_28079017_14_6,SPP_28079017_14_6.1,SAM_28079017_14_6,O3,http://dd.eionet.europa.eu/vocabulary/aq/pollutant/7,hour,76.5100000000,µg/m3,2017-07-23 10:00:00 +01:00,2017-07-23 11:00:00 +01:00,1,1
ES,ES.BDCA.AQD,NET_ES131A,STA_ES0125A,,SP_28079017_14_6,SPP_28079017_14_6.1,SAM_28079017_14_6,O3,http://dd.eionet.europa.eu/vocabulary/aq/pollutant/7,hour,97.0499999900,µg/m3,2017-07-23 11:00:00 +01:00,2017-07-23 12:00:00 +01:00,1,1
ES,ES.BDCA.AQD,NET_ES131A,STA_ES0125A,,SP_28079017_14_6,SPP_28079017_14_6.1,SAM_28079017_14_6,O3,http://dd.eionet.europa.eu/vocabulary/aq/pollutant/7,hour,109.8000000000,µg/m3,2017-07-23 12:00:00 +01:00,2017-07-23 13:00:00 +01:00,1,1
ES,ES.BDCA.AQD,NET_ES131A,STA_ES0125A,,SP_28079017_14_6,SPP_28079017_14_6.1,SAM_28079017_14_6,O3,http://dd.eionet.europa.eu/vocabulary/aq/pollutant/7,hour,119.0999999900,µg/m3,2017-07-23 13:00:00 +01:00,2017-07-23 14:00:00 +01:00,1,1
ES,ES.BDCA.AQD,NET_ES131A,STA_ES0125A,,SP_28079017_14_6,SPP_28079017_14_6.1,SAM_28079017_14_6,O3,http://dd.eionet.europa.eu/vocabulary/aq/pollutant/7,hour,112.5999999900,µg/m3,2017-07-23 14:00:00 +01:00,2017-07-23 15:00:00 +01:00,1,1
ES,ES.BDCA.AQD,NET_ES131A,STA_ES0125A,,SP_28079017_14_6,SPP_28079017_14_6.1,SAM_28079017_14_6,O3,http://dd.eionet.europa.eu/vocabulary/aq/pollutant/7,hour,111.2000000000,µg/m3,2017-07-23 15:00:00 +01:00,2017-07-23 16:00:00 +01:00,1,1
ES,ES.BDCA.AQD,NET_ES131A,STA_ES0125A,,SP_28079017_14_6,SPP_28079017_14_6.1,SAM_28079017_14_6,O3,http://dd.eionet.europa.eu/vocabulary/aq/pollutant/7,hour,108.0999999900,µg/m3,2017-07-23 16:00:00 +01:00,2017-07-23 17:00:00 +01:00,1,1
ES,ES.BDCA.AQD,NET_ES131A,STA_ES0125A,,SP_28079017_14_6,SPP_28079017_14_6.1,SAM_28079017_14_6,O3,http://dd.eionet.europa.eu/vocabulary/aq/pollutant/7,hour,104.9000000000,µg/m3,2017-07-23 17:00:00 +01:00,2017-07-23 18:00:00 +01:00,1,1
ES,ES.BDCA.AQD,NET_ES131A,STA_ES0125A,,SP_28079017_14_6,SPP_28079017_14_6.1,SAM_28079017_14_6,O3,http://dd.eionet.europa.eu/vocabulary/aq/pollutant/7,hour,98.7399999900,µg/m3,2017-07-23 18:00:00 +01:00,2017-07-23 19:00:00 +01:00,1,1
ES,ES.BDCA.AQD,NET_ES131A,STA_ES0125A,,SP_28079017_14_6,SPP_28079017_14_6.1,SAM_28079017_14_6,O3,http://dd.eionet.europa.eu/vocabulary/aq/pollutant/7,hour,94.7600000000,µg/m3,2017-07-23 19:00:00 +01:00,2017-07-23 20:00:00 +01:00,1,1
ES,ES.BDCA.AQD,NET_ES131A,STA_ES0125A,,SP_28079017_14_6,SPP_28079017_14_6.1,SAM_28079017_14_6,O3,http://dd.eionet.europa.eu/vocabulary/aq/pollutant/7,hour,76.7900000000,µg/m3,2017-07-23 20:00:00 +01:00,2017-07-23 21:00:00 +01:00,1,1
ES,ES.BDCA.AQD,NET_ES131A,STA_ES0125A,,SP_28079017_14_6,SPP_28079017_14_6.1,SAM_28079017_14_6,O3,http://dd.eionet.europa.eu/vocabulary/aq/pollutant/7,hour,53.0900000000,µg/m3,2017-07-23 21:00:00 +01:00,2017-07-23 22:00:00 +01:00,1,1
ES,ES.BDCA.AQD,NET_ES131A,STA_ES0125A,,SP_28079017_14_6,SPP_28079017_14_6.1,SAM_28079017_14_6,O3,http://dd.eionet.europa.eu/vocabulary/aq/pollutant/7,hour,42.2400000000,µg/m3,2017-07-23 22:00:00 +01:00,2017-07-23 23:00:00 +01:00,1,1
ES,ES.BDCA.AQD,NET_ES131A,STA_ES0125A,,SP_28079017_14_6,SPP_28079017_14_6.1,SAM_28079017_14_6,O3,http://dd.eionet.europa.eu/vocabulary/aq/pollutant/7,hour,23.9200000000,µg/m3,2017-07-23 23:00:00 +01:00,2017-07-24 00:00:00 +01:00,1,1
ES,ES.BDCA.AQD,NET_ES131A,STA_ES0125A,,SP_28079017_14_6,SPP_28079017_14_6.1,SAM_28079017_14_6,O3,http://dd.eionet.europa.eu/vocabulary/aq/pollutant/7,hour,11.2600000000,µg/m3,2017-07-24 00:00:00 +01:00,2017-07-24 01:00:00 +01:00,1,1
ES,ES.BDCA.AQD,NET_ES131A,STA_ES0125A,,SP_28079017_14_6,SPP_28079017_14_6.1,SAM_28079017_14_6,O3,http://dd.eionet.europa.eu/vocabulary/aq/pollutant/7,hour,37.5200000000,µg/m3,2017-07-24 01:00:00 +01:00,2017-07-24 02:00:00 +01:00,1,1
ES,ES.BDCA.AQD,NET_ES131A,STA_ES0125A,,SP_28079017_14_6,SPP_28079017_14_6.1,SAM_28079017_14_6,O3,http://dd.eionet.europa.eu/vocabulary/aq/pollutant/7,hour,36.0300000000,µg/m3,2017-07-24 02:00:00 +01:00,2017-07-24 03:00:00 +01:00,1,1
ES,ES.BDCA.AQD,NET_ES131A,STA_ES0125A,,SP_28079017_14_6,SPP_28079017_14_6.1,SAM_28079017_14_6,O3,http://dd.eionet.europa.eu/vocabulary/aq/pollutant/7,hour,35.5700000000,µg/m3,2017-07-24 03:00:00 +01:00,2017-07-24 04:00:00 +01:00,1,1
ES,ES.BDCA.AQD,NET_ES131A,STA_ES0125A,,SP_28079017_14_6,SPP_28079017_14_6.1,SAM_28079017_14_6,O3,http://dd.eionet.europa.eu/vocabulary/aq/pollutant/7,hour,34.8100000000,µg/m3,2017-07-24 04:00:00 +01:00,2017-07-24 05:00:00 +01:00,1,1
ES,ES.BDCA.AQD,NET_ES131A,STA_ES0125A,,SP_28079017_14_6,SPP_28079017_14_6.1,SAM_28079017_14_6,O3,http://dd.eionet.europa.eu/vocabulary/aq/pollutant/7,hour,25.8799999900,µg/m3,2017-07-24 05:00:00 +01:00,2017-07-24 06:00:00 +01:00,1,1
ES,ES.BDCA.AQD,NET_ES131A,STA_ES0125A,,SP_28079017_14_6,SPP_28079017_14_6.1,SAM_28079017_14_6,O3,http://dd.eionet.europa.eu/vocabulary/aq/pollutant/7,hour,16.1499999900,µg/m3,2017-07-24 06:00:00 +01:00,2017-07-24 07:00:00 +01:00,1,1
ES,ES.BDCA.AQD,NET_ES131A,STA_ES0125A,,SP_28079017_14_6,SPP_28079017_14_6.1,SAM_28079017_14_6,O3,http://dd.eionet.europa.eu/vocabulary/aq/pollutant/7,hour,19.2600000000,µg/m3,2017-07-24 07:00:00 +01:00,2017-07-24 08:00:00 +01:00,1,1
ES,ES.BDCA.AQD,NET_ES131A,STA_ES0125A,,SP_28079017_14_6,SPP_28079017_14_6.1,SAM_28079017_14_6,O3,http://dd.eionet.europa.eu/vocabulary/aq/pollutant/7,hour,28.6200000000,µg/m3,2017-07-24 08:00:00 +01:00,2017-07-24 09:00:00 +01:00,1,1
ES,ES.BDCA.AQD,NET_ES131A,STA_ES0125A,,SP_28079017_14_6,SPP_28079017_14_6.1,SAM_28079017_14_6,O3,http://dd.eionet.europa.eu/vocabulary/aq/pollutant/7,hour,51.5499999900,µg/m3,2017-07-24 09:00:00 +01:00,2017-07-24 10:00:00 +01:00,1,1
ES,ES.BDCA.AQD,NET_ES131A,STA_ES0125A,,SP_28079017_14_6,SPP_28079017_14_6.1,SAM_28079017_14_6,O3,http://dd.eionet.europa.eu/vocabulary/aq/pollutant/7,hour,63.2999999900,µg/m3,2017-07-24 10:00:00 +01:00,2017-07-24 11:00:00 +01:00,1,1
ES,ES.BDCA.AQD,NET_ES131A,STA_ES0125A,,SP_28079017_14_6,SPP_28079017_14_6.1,SAM_28079017_14_6,O3,http://dd.eionet.europa.eu/vocabulary/aq/pollutant/7,hour,72.7000000000,µg/m3,2017-07-24 11:00:00 +01:00,2017-07-24 12:00:00 +01:00,1,1
ES,ES.BDCA.AQD,NET_ES131A,STA_ES0125A,,SP_28079017_14_6,SPP_28079017_14_6.1,SAM_28079017_14_6,O3,http://dd.eionet.europa.eu/vocabulary/aq/pollutant/7,hour,84.6299999900,µg/m3,2017-07-24 12:00:00 +01:00,2017-07-24 13:00:00 +01:00,1,1
ES,ES.BDCA.AQD,NET_ES131A,STA_ES0125A,,SP_28079017_14_6,SPP_28079017_14_6.1,SAM_28079017_14_6,O3,http://dd.eionet.europa.eu/vocabulary/aq/pollutant/7,hour,97.2000000000,µg/m3,2017-07-24 13:00:00 +01:00,2017-07-24 14:00:00 +01:00,1,1
ES,ES.BDCA.AQD,NET_ES131A,STA_ES0125A,,SP_28079017_14_6,SPP_28079017_14_6.1,SAM_28079017_14_6,O3,http://dd.eionet.europa.eu/vocabulary/aq/pollutant/7,hour,116.7000000000,µg/m3,2017-07-24 14:00:00 +01:00,2017-07-24 15:00:00 +01:00,1,1
ES,ES.BDCA.AQD,NET_ES131A,STA_ES0125A,,SP_28079017_14_6,SPP_28079017_14_6.1,SAM_28079017_14_6,O3,http://dd.eionet.europa.eu/vocabulary/aq/pollutant/7,hour,136.1999999900,µg/m3,2017-07-24 15:00:00 +01:00,2017-07-24 16:00:00 +01:00,1,1
ES,ES.BDCA.AQD,NET_ES131A,STA_ES0125A,,SP_28079017_14_6,SPP_28079017_14_6.1,SAM_28079017_14_6,O3,http://dd.eionet.europa.eu/vocabulary/aq/pollutant/7,hour,149.5999999900,µg/m3,2017-07-24 16:00:00 +01:00,2017-07-24 17:00:00 +01:00,1,1
ES,ES.BDCA.AQD,NET_ES131A,STA_ES0125A,,SP_28079017_14_6,SPP_28079017_14_6.1,SAM_28079017_14_6,O3,http://dd.eionet.europa.eu/vocabulary/aq/pollutant/7,hour,149.8000000000,µg/m3,2017-07-24 17:00:00 +01:00,2017-07-24 18:00:00 +01:00,1,1
ES,ES.BDCA.AQD,NET_ES131A,STA_ES0125A,,SP_28079017_14_6,SPP_28079017_14_6.1,SAM_28079017_14_6,O3,http://dd.eionet.europa.eu/vocabulary/aq/pollutant/7,hour,125.0000000000,µg/m3,2017-07-24 18:00:00 +01:00,2017-07-24 19:00:00 +01:00,1,1
ES,ES.BDCA.AQD,NET_ES131A,STA_ES0125A,,SP_28079017_14_6,SPP_28079017_14_6.1,SAM_28079017_14_6,O3,http://dd.eionet.europa.eu/vocabulary/aq/pollutant/7,hour,85.6099999900,µg/m3,2017-07-24 19:00:00 +01:00,2017-07-24 20:00:00 +01:00,1,1
ES,ES.BDCA.AQD,NET_ES131A,STA_ES0125A,,SP_28079017_14_6,SPP_28079017_14_6.1,SAM_28079017_14_6,O3,http://dd.eionet.europa.eu/vocabulary/aq/pollutant/7,hour,74.8100000000,µg/m3,2017-07-24 20:00:00 +01:00,2017-07-24 21:00:00 +01:00,1,1
ES,ES.BDCA.AQD,NET_ES131A,STA_ES0125A,,SP_28079017_14_6,SPP_28079017_14_6.1,SAM_28079017_14_6,O3,http://dd.eionet.europa.eu/vocabulary/aq/pollutant/7,hour,72.2699999900,µg/m3,2017-07-24 21:00:00 +01:00,2017-07-24 22:00:00 +01:00,1,1
ES,ES.BDCA.AQD,NET_ES131A,STA_ES0125A,,SP_28079017_14_6,SPP_28079017_14_6.1,SAM_28079017_14_6,O3,http://dd.eionet.europa.eu/vocabulary/aq/pollutant/7,hour,66.9099999900,µg/m3,2017-07-24 22:00:00 +01:00,2017-07-24 23:00:00 +01:00,1,1
ES,ES.BDCA.AQD,NET_ES131A,STA_ES0125A,,SP_28079017_14_6,SPP_28079017_14_6.1,SAM_28079017_14_6,O3,http://dd.eionet.europa.eu/vocabulary/aq/pollutant/7,hour,57.2100000000,µg/m3,2017-07-24 23:00:00 +01:00,2017-07-25 00:00:00 +01:00,1,1
ES,ES.BDCA.AQD,NET_ES131A,STA_ES0125A,,SP_28079017_14_6,SPP_28079017_14_6.1,SAM_28079017_14_6,O3,http://dd.eionet.europa.eu/vocabulary/aq/pollutant/7,hour,51.1899999900,µg/m3,2017-07-25 00:00:00 +01:00,2017-07-25 01:00:00 +01:00,1,1
ES,ES.BDCA.AQD,NET_ES131A,STA_ES0125A,,SP_28079017_14_6,SPP_28079017_14_6.1,SAM_28079017_14_6,O3,http://dd.eionet.europa.eu/vocabulary/aq/pollutant/7,hour,47.3299999900,µg/m3,2017-07-25 01:00:00 +01:00,2017-07-25 02:00:00 +01:00,1,1
ES,ES.BDCA.AQD,NET_ES131A,STA_ES0125A,,SP_28079017_14_6,SPP_28079017_14_6.1,SAM_28079017_14_6,O3,http://dd.eionet.europa.eu/vocabulary/aq/pollutant/7,hour,41.3100000000,µg/m3,2017-07-25 02:00:00 +01:00,2017-07-25 03:00:00 +01:00,1,1
ES,ES.BDCA.AQD,NET_ES131A,STA_ES0125A,,SP_28079017_14_6,SPP_28079017_14_6.1,SAM_28079017_14_6,O3,http://dd.eionet.europa.eu/vocabulary/aq/pollutant/7,hour,38.5900000000,µg/m3,2017-07-25 03:00:00 +01:00,2017-07-25 04:00:00 +01:00,1,1
ES,ES.BDCA.AQD,NET_ES131A,STA_ES0125A,,SP_28079017_14_6,SPP_28079017_14_6.1,SAM_28079017_14_6,O3,http://dd.eionet.europa.eu/vocabulary/aq/pollutant/7,hour,36.3900000000,µg/m3,2017-07-25 04:00:00 +01:00,2017-07-25 05:00:00 +01:00,1,1
ES,ES.BDCA.AQD,NET_ES131A,STA_ES0125A,,SP_28079017_14_6,SPP_28079017_14_6.1,SAM_28079017_14_6,O3,http://dd.eionet.europa.eu/vocabulary/aq/pollutant/7,hour,30.3599999900,µg/m3,2017-07-25 05:00:00 +01:00,2017-07-25 06:00:00 +01:00,1,1
ES,ES.BDCA.AQD,NET_ES131A,STA_ES0125A,,SP_28079017_14_6,SPP_28079017_14_6.1,SAM_28079017_14_6,O3,http://dd.eionet.europa.eu/vocabulary/aq/pollutant/7,hour,28.6299999900,µg/m3,2017-07-25 06:00:00 +01:00,2017-07-25 07:00:00 +01:00,1,1
ES,ES.BDCA.AQD,NET_ES131A,STA_ES0125A,,SP_28079017_14_6,SPP_28079017_14_6.1,SAM_28079017_14_6,O3,http://dd.eionet.europa.eu/vocabulary/aq/pollutant/7,hour,33.2999999900,µg/m3,2017-07-25 07:00:00 +01:00,2017-07-25 08:00:00 +01:00,1,1
ES,ES.BDCA.AQD,NET_ES131A,STA_ES0125A,,SP_28079017_14_6,SPP_28079017_14_6.1,SAM_28079017_14_6,O3,http://dd.eionet.europa.eu/vocabulary/aq/pollutant/7,hour,39.4200000000,µg/m3,2017-07-25 08:00:00 +01:00,2017-07-25 09:00:00 +01:00,1,1
ES,ES.BDCA.AQD,NET_ES131A,STA_ES0125A,,SP_28079017_14_6,SPP_28079017_14_6.1,SAM_28079017_14_6,O3,http://dd.eionet.europa.eu/vocabulary/aq/pollutant/7,hour,47.9799999900,µg/m3,2017-07-25 09:00:00 +01:00,2017-07-25 10:00:00 +01:00,1,1
ES,ES.BDCA.AQD,NET_ES131A,STA_ES0125A,,SP_28079017_14_6,SPP_28079017_14_6.1,SAM_28079017_14_6,O3,http://dd.eionet.europa.eu/vocabulary/aq/pollutant/7,hour,55.1400000000,µg/m3,2017-07-25 10:00:00 +01:00,2017-07-25 11:00:00 +01:00,1,1
ES,ES.BDCA.AQD,NET_ES131A,STA_ES0125A,,SP_28079017_14_6,SPP_28079017_14_6.1,SAM_28079017_14_6,O3,http://dd.eionet.europa.eu/vocabulary/aq/pollutant/7,hour,63.3999999900,µg/m3,2017-07-25 11:00:00 +01:00,2017-07-25 12:00:00 +01:00,1,1
ES,ES.BDCA.AQD,NET_ES131A,STA_ES0125A,,SP_28079017_14_6,SPP_28079017_14_6.1,SAM_28079017_14_6,O3,http://dd.eionet.europa.eu/vocabulary/aq/pollutant/7,hour,73.1299999900,µg/m3,2017-07-25 12:00:00 +01:00,2017-07-25 13:00:00 +01:00,1,1
ES,ES.BDCA.AQD,NET_ES131A,STA_ES0125A,,SP_28079017_14_6,SPP_28079017_14_6.1,SAM_28079017_14_6,O3,http://dd.eionet.europa.eu/vocabulary/aq/pollutant/7,hour,81.7199999900,µg/m3,2017-07-25 13:00:00 +01:00,2017-07-25 14:00:00 +01:00,1,1
ES,ES.BDCA.AQD,NET_ES131A,STA_ES0125A,,SP_28079017_14_6,SPP_28079017_14_6.1,SAM_28079017_14_6,O3,http://dd.eionet.europa.eu/vocabulary/aq/pollutant/7,hour,95.0699999900,µg/m3,2017-07-25 14:00:00 +01:00,2017-07-25 15:00:00 +01:00,1,1
ES,ES.BDCA.AQD,NET_ES131A,STA_ES0125A,,SP_28079017_14_6,SPP_28079017_14_6.1,SAM_28079017_14_6,O3,http://dd.eionet.europa.eu/vocabulary/aq/pollutant/7,hour,104.0000000000,µg/m3,2017-07-25 15:00:00 +01:00,2017-07-25 16:00:00 +01:00,1,1
ES,ES.BDCA.AQD,NET_ES131A,STA_ES0125A,,SP_28079017_14_6,SPP_28079017_14_6.1,SAM_28079017_14_6,O3,http://dd.eionet.europa.eu/vocabulary/aq/pollutant/7,hour,119.3000000000,µg/m3,2017-07-25 16:00:00 +01:00,2017-07-25 17:00:00 +01:00,1,1
ES,ES.BDCA.AQD,NET_ES131A,STA_ES0125A,,SP_28079017_14_6,SPP_28079017_14_6.1,SAM_28079017_14_6,O3,http://dd.eionet.europa.eu/vocabulary/aq/pollutant/7,hour,124.3000000000,µg/m3,2017-07-25 17:00:00 +01:00,2017-07-25 18:00:00 +01:00,1,1
ES,ES.BDCA.AQD,NET_ES131A,STA_ES0125A,,SP_28079017_14_6,SPP_28079017_14_6.1,SAM_28079017_14_6,O3,http://dd.eionet.europa.eu/vocabulary/aq/pollutant/7,hour,117.7000000000,µg/m3,2017-07-25 18:00:00 +01:00,2017-07-25 19:00:00 +01:00,1,1
ES,ES.BDCA.AQD,NET_ES131A,STA_ES0125A,,SP_28079017_14_6,SPP_28079017_14_6.1,SAM_28079017_14_6,O3,http://dd.eionet.europa.eu/vocabulary/aq/pollutant/7,hour,93.2699999900,µg/m3,2017-07-25 19:00:00 +01:00,2017-07-25 20:00:00 +01:00,1,1
ES,ES.BDCA.AQD,NET_ES131A,STA_ES0125A,,SP_28079017_14_6,SPP_28079017_14_6.1,SAM_28079017_14_6,O3,http://dd.eionet.europa.eu/vocabulary/aq/pollutant/7,hour,78.3100000000,µg/m3,2017-07-25 20:00:00 +01:00,2017-07-25 21:00:00 +01:00,1,1
ES,ES.BDCA.AQD,NET_ES131A,STA_ES0125A,,SP_28079017_14_6,SPP_28079017_14_6.1,SAM_28079017_14_6,O3,http://dd.eionet.europa.eu/vocabulary/aq/pollutant/7,hour,80.1500000000,µg/m3,2017-07-25 21:00:00 +01:00,2017-07-25 22:00:00 +01:00,1,1
ES,ES.BDCA.AQD,NET_ES131A,STA_ES0125A,,SP_28079017_14_6,SPP_28079017_14_6.1,SAM_28079017_14_6,O3,http://dd.eionet.europa.eu/vocabulary/aq/pollutant/7,hour,76.3299999900,µg/m3,2017-07-25 22:00:00 +01:00,2017-07-25 23:00:00 +01:00,1,1
ES,ES.BDCA.AQD,NET_ES131A,STA_ES0125A,,SP_28079017_14_6,SPP_28079017_14_6.1,SAM_28079017_14_6,O3,http://dd.eionet.europa.eu/vocabulary/aq/pollutant/7,hour,70.4399999900,µg/m3,2017-07-25 23:00:00 +01:00,2017-07-26 00:00:00 +01:00,1,1
ES,ES.BDCA.AQD,NET_ES131A,STA_ES0125A,,SP_28079017_14_6,SPP_28079017_14_6.1,SAM_28079017_14_6,O3,http://dd.eionet.europa.eu/vocabulary/aq/pollutant/7,hour,69.5100000000,µg/m3,2017-07-26 00:00:00 +01:00,2017-07-26 01:00:00 +01:00,1,1
ES,ES.BDCA.AQD,NET_ES131A,STA_ES0125A,,SP_28079017_14_6,SPP_28079017_14_6.1,SAM_28079017_14_6,O3,http://dd.eionet.europa.eu/vocabulary/aq/pollutant/7,hour,62.8200000000,µg/m3,2017-07-26 01:00:00 +01:00,2017-07-26 02:00:00 +01:00,1,1
ES,ES.BDCA.AQD,NET_ES131A,STA_ES0125A,,SP_28079017_14_6,SPP_28079017_14_6.1,SAM_28079017_14_6,O3,http://dd.eionet.europa.eu/vocabulary/aq/pollutant/7,hour,61.2199999900,µg/m3,2017-07-26 02:00:00 +01:00,2017-07-26 03:00:00 +01:00,1,1
ES,ES.BDCA.AQD,NET_ES131A,STA_ES0125A,,SP_28079017_14_6,SPP_28079017_14_6.1,SAM_28079017_14_6,O3,http://dd.eionet.europa.eu/vocabulary/aq/pollutant/7,hour,57.0900000000,µg/m3,2017-07-26 03:00:00 +01:00,2017-07-26 04:00:00 +01:00,1,1
ES,ES.BDCA.AQD,NET_ES131A,STA_ES0125A,,SP_28079017_14_6,SPP_28079017_14_6.1,SAM_28079017_14_6,O3,http://dd.eionet.europa.eu/vocabulary/aq/pollutant/7,hour,54.5499999900,µg/m3,2017-07-26 04:00:00 +01:00,2017-07-26 05:00:00 +01:00,1,1
ES,ES.BDCA.AQD,NET_ES131A,STA_ES0125A,,SP_28079017_14_6,SPP_28079017_14_6.1,SAM_28079017_14_6,O3,http://dd.eionet.europa.eu/vocabulary/aq/pollutant/7,hour,39.3100000000,µg/m3,2017-07-26 05:00:00 +01:00,2017-07-26 06:00:00 +01:00,1,1
ES,ES.BDCA.AQD,NET_ES131A,STA_ES0125A,,SP_28079017_14_6,SPP_28079017_14_6.1,SAM_28079017_14_6,O3,http://dd.eionet.europa.eu/vocabulary/aq/pollutant/7,hour,23.3700000000,µg/m3,2017-07-26 06:00:00 +01:00,2017-07-26 07:00:00 +01:00,1,1
ES,ES.BDCA.AQD,NET_ES131A,STA_ES0125A,,SP_28079017_14_6,SPP_28079017_14_6.1,SAM_28079017_14_6,O3,http://dd.eionet.europa.eu/vocabulary/aq/pollutant/7,hour,31.1999999900,µg/m3,2017-07-26 07:00:00 +01:00,2017-07-26 08:00:00 +01:00,1,1
ES,ES.BDCA.AQD,NET_ES131A,STA_ES0125A,,SP_28079017_14_6,SPP_28079017_14_6.1,SAM_28079017_14_6,O3,http://dd.eionet.europa.eu/vocabulary/aq/pollutant/7,hour,30.0500000000,µg/m3,2017-07-26 08:00:00 +01:00,2017-07-26 09:00:00 +01:00,1,1
ES,ES.BDCA.AQD,NET_ES131A,STA_ES0125A,,SP_28079017_14_6,SPP_28079017_14_6.1,SAM_28079017_14_6,O3,http://dd.eionet.europa.eu/vocabulary/aq/pollutant/7,hour,44.3800000000,µg/m3,2017-07-26 09:00:00 +01:00,2017-07-26 10:00:00 +01:00,1,1
ES,ES.BDCA.AQD,NET_ES131A,STA_ES0125A,,SP_28079017_14_6,SPP_28079017_14_6.1,SAM_28079017_14_6,O3,http://dd.eionet.europa.eu/vocabulary/aq/pollutant/7,hour,60.9099999900,µg/m3,2017-07-26 10:00:00 +01:00,2017-07-26 11:00:00 +01:00,1,1
ES,ES.BDCA.AQD,NET_ES131A,STA_ES0125A,,SP_28079017_14_6,SPP_28079017_14_6.1,SAM_28079017_14_6,O3,http://dd.eionet.europa.eu/vocabulary/aq/pollutant/7,hour,70.3100000000,µg/m3,2017-07-26 11:00:00 +01:00,2017-07-26 12:00:00 +01:00,1,1
ES,ES.BDCA.AQD,NET_ES131A,STA_ES0125A,,SP_28079017_14_6,SPP_28079017_14_6.1,SAM_28079017_14_6,O3,http://dd.eionet.europa.eu/vocabulary/aq/pollutant/7,hour,71.7900000000,µg/m3,2017-07-26 12:00:00 +01:00,2017-07-26 13:00:00 +01:00,1,1
ES,ES.BDCA.AQD,NET_ES131A,STA_ES0125A,,SP_28079017_14_6,SPP_28079017_14_6.1,SAM_28079017_14_6,O3,http://dd.eionet.europa.eu/vocabulary/aq/pollutant/7,hour,78.8400000000,µg/m3,2017-07-26 13:00:00 +01:00,2017-07-26 14:00:00 +01:00,1,1
ES,ES.BDCA.AQD,NET_ES131A,STA_ES0125A,,SP_28079017_14_6,SPP_28079017_14_6.1,SAM_28079017_14_6,O3,http://dd.eionet.europa.eu/vocabulary/aq/pollutant/7,hour,98.6099999900,µg/m3,2017-07-26 14:00:00 +01:00,2017-07-26 15:00:00 +01:00,1,1
ES,ES.BDCA.AQD,NET_ES131A,STA_ES0125A,,SP_28079017_14_6,SPP_28079017_14_6.1,SAM_28079017_14_6,O3,http://dd.eionet.europa.eu/vocabulary/aq/pollutant/7,hour,113.7000000000,µg/m3,2017-07-26 15:00:00 +01:00,2017-07-26 16:00:00 +01:00,1,1
ES,ES.BDCA.AQD,NET_ES131A,STA_ES0125A,,SP_28079017_14_6,SPP_28079017_14_6.1,SAM_28079017_14_6,O3,http://dd.eionet.europa.eu/vocabulary/aq/pollutant/7,hour,113.0999999900,µg/m3,2017-07-26 16:00:00 +01:00,2017-07-26 17:00:00 +01:00,1,1
ES,ES.BDCA.AQD,NET_ES131A,STA_ES0125A,,SP_28079017_14_6,SPP_28079017_14_6.1,SAM_28079017_14_6,O3,http://dd.eionet.europa.eu/vocabulary/aq/pollutant/7,hour,98.9699999900,µg/m3,2017-07-26 17:00:00 +01:00,2017-07-26 18:00:00 +01:00,1,1
ES,ES.BDCA.AQD,NET_ES131A,STA_ES0125A,,SP_28079017_14_6,SPP_28079017_14_6.1,SAM_28079017_14_6,O3,http://dd.eionet.europa.eu/vocabulary/aq/pollutant/7,hour,90.3900000000,µg/m3,2017-07-26 18:00:00 +01:00,2017-07-26 19:00:00 +01:00,1,1
ES,ES.BDCA.AQD,NET_ES131A,STA_ES0125A,,SP_28079017_14_6,SPP_28079017_14_6.1,SAM_28079017_14_6,O3,http://dd.eionet.europa.eu/vocabulary/aq/pollutant/7,hour,75.3499999900,µg/m3,2017-07-26 19:00:00 +01:00,2017-07-26 20:00:00 +01:00,1,1
ES,ES.BDCA.AQD,NET_ES131A,STA_ES0125A,,SP_28079017_14_6,SPP_28079017_14_6.1,SAM_28079017_14_6,O3,http://dd.eionet.europa.eu/vocabulary/aq/pollutant/7,hour,47.4300000000,µg/m3,2017-07-26 20:00:00 +01:00,2017-07-26 21:00:00 +01:00,1,1
ES,ES.BDCA.AQD,NET_ES131A,STA_ES0125A,,SP_28079017_14_6,SPP_28079017_14_6.1,SAM_28079017_14_6,O3,http://dd.eionet.europa.eu/vocabulary/aq/pollutant/7,hour,17.3200000000,µg/m3,2017-07-26 21:00:00 +01:00,2017-07-26 22:00:00 +01:00,1,1
ES,ES.BDCA.AQD,NET_ES131A,STA_ES0125A,,SP_28079017_14_6,SPP_28079017_14_6.1,SAM_28079017_14_6,O3,http://dd.eionet.europa.eu/vocabulary/aq/pollutant/7,hour,5.5300000000,µg/m3,2017-07-26 22:00:00 +01:00,2017-07-26 23:00:00 +01:00,1,1
ES,ES.BDCA.AQD,NET_ES131A,STA_ES0125A,,SP_28079017_14_6,SPP_28079017_14_6.1,SAM_28079017_14_6,O3,http://dd.eionet.europa.eu/vocabulary/aq/pollutant/7,hour,2.9199999900,µg/m3,2017-07-26 23:00:00 +01:00,2017-07-27 00:00:00 +01:00,1,1
ES,ES.BDCA.AQD,NET_ES131A,STA_ES0125A,,SP_28079017_14_6,SPP_28079017_14_6.1,SAM_28079017_14_6,O3,http://dd.eionet.europa.eu/vocabulary/aq/pollutant/7,hour,5.3700000000,µg/m3,2017-07-27 00:00:00 +01:00,2017-07-27 01:00:00 +01:00,1,1
ES,ES.BDCA.AQD,NET_ES131A,STA_ES0125A,,SP_28079017_14_6,SPP_28079017_14_6.1,SAM_28079017_14_6,O3,http://dd.eionet.europa.eu/vocabulary/aq/pollutant/7,hour,3.9300000000,µg/m3,2017-07-27 01:00:00 +01:00,2017-07-27 02:00:00 +01:00,1,1
ES,ES.BDCA.AQD,NET_ES131A,STA_ES0125A,,SP_28079017_14_6,SPP_28079017_14_6.1,SAM_28079017_14_6,O3,http://dd.eionet.europa.eu/vocabulary/aq/pollutant/7,hour,11.9700000000,µg/m3,2017-07-27 02:00:00 +01:00,2017-07-27 03:00:00 +01:00,1,1
ES,ES.BDCA.AQD,NET_ES131A,STA_ES0125A,,SP_28079017_14_6,SPP_28079017_14_6.1,SAM_28079017_14_6,O3,http://dd.eionet.europa.eu/vocabulary/aq/pollutant/7,hour,13.7799999900,µg/m3,2017-07-27 03:00:00 +01:00,2017-07-27 04:00:00 +01:00,1,1
ES,ES.BDCA.AQD,NET_ES131A,STA_ES0125A,,SP_28079017_14_6,SPP_28079017_14_6.1,SAM_28079017_14_6,O3,http://dd.eionet.europa.eu/vocabulary/aq/pollutant/7,hour,7.2300000000,µg/m3,2017-07-27 04:00:00 +01:00,2017-07-27 05:00:00 +01:00,1,1
ES,ES.BDCA.AQD,NET_ES131A,STA_ES0125A,,SP_28079017_14_6,SPP_28079017_14_6.1,SAM_28079017_14_6,O3,http://dd.eionet.europa.eu/vocabulary/aq/pollutant/7,hour,4.9600000000,µg/m3,2017-07-27 05:00:00 +01:00,2017-07-27 06:00:00 +01:00,1,1
ES,ES.BDCA.AQD,NET_ES131A,STA_ES0125A,,SP_28079017_14_6,SPP_28079017_14_6.1,SAM_28079017_14_6,O3,http://dd.eionet.europa.eu/vocabulary/aq/pollutant/7,hour,2.2599999900,µg/m3,2017-07-27 06:00:00 +01:00,2017-07-27 07:00:00 +01:00,1,1
ES,ES.BDCA.AQD,NET_ES131A,STA_ES0125A,,SP_28079017_14_6,SPP_28079017_14_6.1,SAM_28079017_14_6,O3,http://dd.eionet.europa.eu/vocabulary/aq/pollutant/7,hour,4.0499999900,µg/m3,2017-07-27 07:00:00 +01:00,2017-07-27 08:00:00 +01:00,1,1
ES,ES.BDCA.AQD,NET_ES131A,STA_ES0125A,,SP_28079017_14_6,SPP_28079017_14_6.1,SAM_28079017_14_6,O3,http://dd.eionet.europa.eu/vocabulary/aq/pollutant/7,hour,14.1300000000,µg/m3,2017-07-27 08:00:00 +01:00,2017-07-27 09:00:00 +01:00,1,1
ES,ES.BDCA.AQD,NET_ES131A,STA_ES0125A,,SP_28079017_14_6,SPP_28079017_14_6.1,SAM_28079017_14_6,O3,http://dd.eionet.europa.eu/vocabulary/aq/pollutant/7,hour,38.1400000000,µg/m3,2017-07-27 09:00:00 +01:00,2017-07-27 10:00:00 +01:00,1,1
ES,ES.BDCA.AQD,NET_ES131A,STA_ES0125A,,SP_28079017_14_6,SPP_28079017_14_6.1,SAM_28079017_14_6,O3,http://dd.eionet.europa.eu/vocabulary/aq/pollutant/7,hour,67.1200000000,µg/m3,2017-07-27 10:00:00 +01:00,2017-07-27 11:00:00 +01:00,1,1
ES,ES.BDCA.AQD,NET_ES131A,STA_ES0125A,,SP_28079017_14_6,SPP_28079017_14_6.1,SAM_28079017_14_6,O3,http://dd.eionet.europa.eu/vocabulary/aq/pollutant/7,hour,78.5900000000,µg/m3,2017-07-27 11:00:00 +01:00,2017-07-27 12:00:00 +01:00,1,1
ES,ES.BDCA.AQD,NET_ES131A,STA_ES0125A,,SP_28079017_14_6,SPP_28079017_14_6.1,SAM_28079017_14_6,O3,http://dd.eionet.europa.eu/vocabulary/aq/pollutant/7,hour,96.2099999900,µg/m3,2017-07-27 12:00:00 +01:00,2017-07-27 13:00:00 +01:00,1,1
ES,ES.BDCA.AQD,NET_ES131A,STA_ES0125A,,SP_28079017_14_6,SPP_28079017_14_6.1,SAM_28079017_14_6,O3,http://dd.eionet.europa.eu/vocabulary/aq/pollutant/7,hour,103.0999999900,µg/m3,2017-07-27 13:00:00 +01:00,2017-07-27 14:00:00 +01:00,1,1
ES,ES.BDCA.AQD,NET_ES131A,STA_ES0125A,,SP_28079017_14_6,SPP_28079017_14_6.1,SAM_28079017_14_6,O3,http://dd.eionet.europa.eu/vocabulary/aq/pollutant/7,hour,102.0000000000,µg/m3,2017-07-27 14:00:00 +01:00,2017-07-27 15:00:00 +01:00,1,1
ES,ES.BDCA.AQD,NET_ES131A,STA_ES0125A,,SP_28079017_14_6,SPP_28079017_14_6.1,SAM_28079017_14_6,O3,http://dd.eionet.europa.eu/vocabulary/aq/pollutant/7,hour,91.1599999900,µg/m3,2017-07-27 15:00:00 +01:00,2017-07-27 16:00:00 +01:00,1,1
ES,ES.BDCA.AQD,NET_ES131A,STA_ES0125A,,SP_28079017_14_6,SPP_28079017_14_6.1,SAM_28079017_14_6,O3,http://dd.eionet.europa.eu/vocabulary/aq/pollutant/7,hour,92.4800000000,µg/m3,2017-07-27 16:00:00 +01:00,2017-07-27 17:00:00 +01:00,1,1
ES,ES.BDCA.AQD,NET_ES131A,STA_ES0125A,,SP_28079017_14_6,SPP_28079017_14_6.1,SAM_28079017_14_6,O3,http://dd.eionet.europa.eu/vocabulary/aq/pollutant/7,hour,94.6899999900,µg/m3,2017-07-27 17:00:00 +01:00,2017-07-27 18:00:00 +01:00,1,1
ES,ES.BDCA.AQD,NET_ES131A,STA_ES0125A,,SP_28079017_14_6,SPP_28079017_14_6.1,SAM_28079017_14_6,O3,http://dd.eionet.europa.eu/vocabulary/aq/pollutant/7,hour,86.1800000000,µg/m3,2017-07-27 18:00:00 +01:00,2017-07-27 19:00:00 +01:00,1,1
ES,ES.BDCA.AQD,NET_ES131A,STA_ES0125A,,SP_28079017_14_6,SPP_28079017_14_6.1,SAM_28079017_14_6,O3,http://dd.eionet.europa.eu/vocabulary/aq/pollutant/7,hour,79.8700000000,µg/m3,2017-07-27 19:00:00 +01:00,2017-07-27 20:00:00 +01:00,1,1
ES,ES.BDCA.AQD,NET_ES131A,STA_ES0125A,,SP_28079017_14_6,SPP_28079017_14_6.1,SAM_28079017_14_6,O3,http://dd.eionet.europa.eu/vocabulary/aq/pollutant/7,hour,75.0100000000,µg/m3,2017-07-27 20:00:00 +01:00,2017-07-27 21:00:00 +01:00,1,1
ES,ES.BDCA.AQD,NET_ES131A,STA_ES0125A,,SP_28079017_14_6,SPP_28079017_14_6.1,SAM_28079017_14_6,O3,http://dd.eionet.europa.eu/vocabulary/aq/pollutant/7,hour,52.7500000000,µg/m3,2017-07-27 21:00:00 +01:00,2017-07-27 22:00:00 +01:00,1,1
ES,ES.BDCA.AQD,NET_ES131A,STA_ES0125A,,SP_28079017_14_6,SPP_28079017_14_6.1,SAM_28079017_14_6,O3,http://dd.eionet.europa.eu/vocabulary/aq/pollutant/7,hour,61.3500000000,µg/m3,2017-07-27 22:00:00 +01:00,2017-07-27 23:00:00 +01:00,1,1
ES,ES.BDCA.AQD,NET_ES131A,STA_ES0125A,,SP_28079017_14_6,SPP_28079017_14_6.1,SAM_28079017_14_6,O3,http://dd.eionet.europa.eu/vocabulary/aq/pollutant/7,hour,54.8100000000,µg/m3,2017-07-27 23:00:00 +01:00,2017-07-28 00:00:00 +01:00,1,1
ES,ES.BDCA.AQD,NET_ES131A,STA_ES0125A,,SP_28079017_14_6,SPP_28079017_14_6.1,SAM_28079017_14_6,O3,http://dd.eionet.europa.eu/vocabulary/aq/pollutant/7,hour,57.0099999900,µg/m3,2017-07-28 00:00:00 +01:00,2017-07-28 01:00:00 +01:00,1,1
ES,ES.BDCA.AQD,NET_ES131A,STA_ES0125A,,SP_28079017_14_6,SPP_28079017_14_6.1,SAM_28079017_14_6,O3,http://dd.eionet.europa.eu/vocabulary/aq/pollutant/7,hour,48.3400000000,µg/m3,2017-07-28 01:00:00 +01:00,2017-07-28 02:00:00 +01:00,1,1
ES,ES.BDCA.AQD,NET_ES131A,STA_ES0125A,,SP_28079017_14_6,SPP_28079017_14_6.1,SAM_28079017_14_6,O3,http://dd.eionet.europa.eu/vocabulary/aq/pollutant/7,hour,38.8699999900,µg/m3,2017-07-28 02:00:00 +01:00,2017-07-28 03:00:00 +01:00,1,1
ES,ES.BDCA.AQD,NET_ES131A,STA_ES0125A,,SP_28079017_14_6,SPP_28079017_14_6.1,SAM_28079017_14_6,O3,http://dd.eionet.europa.eu/vocabulary/aq/pollutant/7,hour,21.1099999900,µg/m3,2017-07-28 03:00:00 +01:00,2017-07-28 04:00:00 +01:00,1,1
ES,ES.BDCA.AQD,NET_ES131A,STA_ES0125A,,SP_28079017_14_6,SPP_28079017_14_6.1,SAM_28079017_14_6,O3,http://dd.eionet.europa.eu/vocabulary/aq/pollutant/7,hour,25.5000000000,µg/m3,2017-07-28 04:00:00 +01:00,2017-07-28 05:00:00 +01:00,1,1
ES,ES.BDCA.AQD,NET_ES131A,STA_ES0125A,,SP_28079017_14_6,SPP_28079017_14_6.1,SAM_28079017_14_6,O3,http://dd.eionet.europa.eu/vocabulary/aq/pollutant/7,hour,10.4900000000,µg/m3,2017-07-28 05:00:00 +01:00,2017-07-28 06:00:00 +01:00,1,1
ES,ES.BDCA.AQD,NET_ES131A,STA_ES0125A,,SP_28079017_14_6,SPP_28079017_14_6.1,SAM_28079017_14_6,O3,http://dd.eionet.europa.eu/vocabulary/aq/pollutant/7,hour,1.7800000000,µg/m3,2017-07-28 06:00:00 +01:00,2017-07-28 07:00:00 +01:00,1,1
ES,ES.BDCA.AQD,NET_ES131A,STA_ES0125A,,SP_28079017_14_6,SPP_28079017_14_6.1,SAM_28079017_14_6,O3,http://dd.eionet.europa.eu/vocabulary/aq/pollutant/7,hour,3.9199999900,µg/m3,2017-07-28 07:00:00 +01:00,2017-07-28 08:00:00 +01:00,1,1
ES,ES.BDCA.AQD,NET_ES131A,STA_ES0125A,,SP_28079017_14_6,SPP_28079017_14_6.1,SAM_28079017_14_6,O3,http://dd.eionet.europa.eu/vocabulary/aq/pollutant/7,hour,7.0700000000,µg/m3,2017-07-28 08:00:00 +01:00,2017-07-28 09:00:00 +01:00,1,1
ES,ES.BDCA.AQD,NET_ES131A,STA_ES0125A,,SP_28079017_14_6,SPP_28079017_14_6.1,SAM_28079017_14_6,O3,http://dd.eionet.europa.eu/vocabulary/aq/pollutant/7,hour,26.1600000000,µg/m3,2017-07-28 09:00:00 +01:00,2017-07-28 10:00:00 +01:00,1,1
ES,ES.BDCA.AQD,NET_ES131A,STA_ES0125A,,SP_28079017_14_6,SPP_28079017_14_6.1,SAM_28079017_14_6,O3,http://dd.eionet.europa.eu/vocabulary/aq/pollutant/7,hour,60.2000000000,µg/m3,2017-07-28 10:00:00 +01:00,2017-07-28 11:00:00 +01:00,1,1
ES,ES.BDCA.AQD,NET_ES131A,STA_ES0125A,,SP_28079017_14_6,SPP_28079017_14_6.1,SAM_28079017_14_6,O3,http://dd.eionet.europa.eu/vocabulary/aq/pollutant/7,hour,78.3599999900,µg/m3,2017-07-28 11:00:00 +01:00,2017-07-28 12:00:00 +01:00,1,1
ES,ES.BDCA.AQD,NET_ES131A,STA_ES0125A,,SP_28079017_14_6,SPP_28079017_14_6.1,SAM_28079017_14_6,O3,http://dd.eionet.europa.eu/vocabulary/aq/pollutant/7,hour,108.7000000000,µg/m3,2017-07-28 12:00:00 +01:00,2017-07-28 13:00:00 +01:00,1,1
ES,ES.BDCA.AQD,NET_ES131A,STA_ES0125A,,SP_28079017_14_6,SPP_28079017_14_6.1,SAM_28079017_14_6,O3,http://dd.eionet.europa.eu/vocabulary/aq/pollutant/7,hour,125.2000000000,µg/m3,2017-07-28 13:00:00 +01:00,2017-07-28 14:00:00 +01:00,1,1
ES,ES.BDCA.AQD,NET_ES131A,STA_ES0125A,,SP_28079017_14_6,SPP_28079017_14_6.1,SAM_28079017_14_6,O3,http://dd.eionet.europa.eu/vocabulary/aq/pollutant/7,hour,125.5999999900,µg/m3,2017-07-28 14:00:00 +01:00,2017-07-28 15:00:00 +01:00,1,1
ES,ES.BDCA.AQD,NET_ES131A,STA_ES0125A,,SP_28079017_14_6,SPP_28079017_14_6.1,SAM_28079017_14_6,O3,http://dd.eionet.europa.eu/vocabulary/aq/pollutant/7,hour,123.7000000000,µg/m3,2017-07-28 15:00:00 +01:00,2017-07-28 16:00:00 +01:00,1,1
ES,ES.BDCA.AQD,NET_ES131A,STA_ES0125A,,SP_28079017_14_6,SPP_28079017_14_6.1,SAM_28079017_14_6,O3,http://dd.eionet.europa.eu/vocabulary/aq/pollutant/7,hour,123.0999999900,µg/m3,2017-07-28 16:00:00 +01:00,2017-07-28 17:00:00 +01:00,1,1
ES,ES.BDCA.AQD,NET_ES131A,STA_ES0125A,,SP_28079017_14_6,SPP_28079017_14_6.1,SAM_28079017_14_6,O3,http://dd.eionet.europa.eu/vocabulary/aq/pollutant/7,hour,112.3000000000,µg/m3,2017-07-28 17:00:00 +01:00,2017-07-28 18:00:00 +01:00,1,1
ES,ES.BDCA.AQD,NET_ES131A,STA_ES0125A,,SP_28079017_14_6,SPP_28079017_14_6.1,SAM_28079017_14_6,O3,http://dd.eionet.europa.eu/vocabulary/aq/pollutant/7,hour,106.0999999900,µg/m3,2017-07-28 18:00:00 +01:00,2017-07-28 19:00:00 +01:00,1,1
ES,ES.BDCA.AQD,NET_ES131A,STA_ES0125A,,SP_28079017_14_6,SPP_28079017_14_6.1,SAM_28079017_14_6,O3,http://dd.eionet.europa.eu/vocabulary/aq/pollutant/7,hour,97.7500000000,µg/m3,2017-07-28 19:00:00 +01:00,2017-07-28 20:00:00 +01:00,1,1
ES,ES.BDCA.AQD,NET_ES131A,STA_ES0125A,,SP_28079017_14_6,SPP_28079017_14_6.1,SAM_28079017_14_6,O3,http://dd.eionet.europa.eu/vocabulary/aq/pollutant/7,hour,84.5400000000,µg/m3,2017-07-28 20:00:00 +01:00,2017-07-28 21:00:00 +01:00,1,1
ES,ES.BDCA.AQD,NET_ES131A,STA_ES0125A,,SP_28079017_14_6,SPP_28079017_14_6.1,SAM_28079017_14_6,O3,http://dd.eionet.europa.eu/vocabulary/aq/pollutant/7,hour,65.9399999900,µg/m3,2017-07-28 21:00:00 +01:00,2017-07-28 22:00:00 +01:00,1,1
ES,ES.BDCA.AQD,NET_ES131A,STA_ES0125A,,SP_28079017_14_6,SPP_28079017_14_6.1,SAM_28079017_14_6,O3,http://dd.eionet.europa.eu/vocabulary/aq/pollutant/7,hour,50.5499999900,µg/m3,2017-07-28 22:00:00 +01:00,2017-07-28 23:00:00 +01:00,1,1
ES,ES.BDCA.AQD,NET_ES131A,STA_ES0125A,,SP_28079017_14_6,SPP_28079017_14_6.1,SAM_28079017_14_6,O3,http://dd.eionet.europa.eu/vocabulary/aq/pollutant/7,hour,48.7599999900,µg/m3,2017-07-28 23:00:00 +01:00,2017-07-29 00:00:00 +01:00,1,1
ES,ES.BDCA.AQD,NET_ES131A,STA_ES0125A,,SP_28079017_14_6,SPP_28079017_14_6.1,SAM_28079017_14_6,O3,http://dd.eionet.europa.eu/vocabulary/aq/pollutant/7,hour,30.1800000000,µg/m3,2017-07-29 00:00:00 +01:00,2017-07-29 01:00:00 +01:00,1,1
ES,ES.BDCA.AQD,NET_ES131A,STA_ES0125A,,SP_28079017_14_6,SPP_28079017_14_6.1,SAM_28079017_14_6,O3,http://dd.eionet.europa.eu/vocabulary/aq/pollutant/7,hour,16.3099999900,µg/m3,2017-07-29 01:00:00 +01:00,2017-07-29 02:00:00 +01:00,1,1
ES,ES.BDCA.AQD,NET_ES131A,STA_ES0125A,,SP_28079017_14_6,SPP_28079017_14_6.1,SAM_28079017_14_6,O3,http://dd.eionet.europa.eu/vocabulary/aq/pollutant/7,hour,17.3099999900,µg/m3,2017-07-29 02:00:00 +01:00,2017-07-29 03:00:00 +01:00,1,1
ES,ES.BDCA.AQD,NET_ES131A,STA_ES0125A,,SP_28079017_14_6,SPP_28079017_14_6.1,SAM_28079017_14_6,O3,http://dd.eionet.europa.eu/vocabulary/aq/pollutant/7,hour,4.4500000000,µg/m3,2017-07-29 03:00:00 +01:00,2017-07-29 04:00:00 +01:00,1,1
ES,ES.BDCA.AQD,NET_ES131A,STA_ES0125A,,SP_28079017_14_6,SPP_28079017_14_6.1,SAM_28079017_14_6,O3,http://dd.eionet.europa.eu/vocabulary/aq/pollutant/7,hour,2.0499999900,µg/m3,2017-07-29 04:00:00 +01:00,2017-07-29 05:00:00 +01:00,1,1
ES,ES.BDCA.AQD,NET_ES131A,STA_ES0125A,,SP_28079017_14_6,SPP_28079017_14_6.1,SAM_28079017_14_6,O3,http://dd.eionet.europa.eu/vocabulary/aq/pollutant/7,hour,1.4700000000,µg/m3,2017-07-29 05:00:00 +01:00,2017-07-29 06:00:00 +01:00,1,1
ES,ES.BDCA.AQD,NET_ES131A,STA_ES0125A,,SP_28079017_14_6,SPP_28079017_14_6.1,SAM_28079017_14_6,O3,http://dd.eionet.europa.eu/vocabulary/aq/pollutant/7,hour,3.1600000000,µg/m3,2017-07-29 06:00:00 +01:00,2017-07-29 07:00:00 +01:00,1,1
ES,ES.BDCA.AQD,NET_ES131A,STA_ES0125A,,SP_28079017_14_6,SPP_28079017_14_6.1,SAM_28079017_14_6,O3,http://dd.eionet.europa.eu/vocabulary/aq/pollutant/7,hour,17.8700000000,µg/m3,2017-07-29 07:00:00 +01:00,2017-07-29 08:00:00 +01:00,1,1
ES,ES.BDCA.AQD,NET_ES131A,STA_ES0125A,,SP_28079017_14_6,SPP_28079017_14_6.1,SAM_28079017_14_6,O3,http://dd.eionet.europa.eu/vocabulary/aq/pollutant/7,hour,36.3299999900,µg/m3,2017-07-29 08:00:00 +01:00,2017-07-29 09:00:00 +01:00,1,1
ES,ES.BDCA.AQD,NET_ES131A,STA_ES0125A,,SP_28079017_14_6,SPP_28079017_14_6.1,SAM_28079017_14_6,O3,http://dd.eionet.europa.eu/vocabulary/aq/pollutant/7,hour,57.4200000000,µg/m3,2017-07-29 09:00:00 +01:00,2017-07-29 10:00:00 +01:00,1,1
ES,ES.BDCA.AQD,NET_ES131A,STA_ES0125A,,SP_28079017_14_6,SPP_28079017_14_6.1,SAM_28079017_14_6,O3,http://dd.eionet.europa.eu/vocabulary/aq/pollutant/7,hour,75.5600000000,µg/m3,2017-07-29 10:00:00 +01:00,2017-07-29 11:00:00 +01:00,1,1
ES,ES.BDCA.AQD,NET_ES131A,STA_ES0125A,,SP_28079017_14_6,SPP_28079017_14_6.1,SAM_28079017_14_6,O3,http://dd.eionet.europa.eu/vocabulary/aq/pollutant/7,hour,102.9000000000,µg/m3,2017-07-29 11:00:00 +01:00,2017-07-29 12:00:00 +01:00,1,1
ES,ES.BDCA.AQD,NET_ES131A,STA_ES0125A,,SP_28079017_14_6,SPP_28079017_14_6.1,SAM_28079017_14_6,O3,http://dd.eionet.europa.eu/vocabulary/aq/pollutant/7,hour,103.5999999900,µg/m3,2017-07-29 12:00:00 +01:00,2017-07-29 13:00:00 +01:00,1,1
ES,ES.BDCA.AQD,NET_ES131A,STA_ES0125A,,SP_28079017_14_6,SPP_28079017_14_6.1,SAM_28079017_14_6,O3,http://dd.eionet.europa.eu/vocabulary/aq/pollutant/7,hour,96.6800000000,µg/m3,2017-07-29 13:00:00 +01:00,2017-07-29 14:00:00 +01:00,1,1
ES,ES.BDCA.AQD,NET_ES131A,STA_ES0125A,,SP_28079017_14_6,SPP_28079017_14_6.1,SAM_28079017_14_6,O3,http://dd.eionet.europa.eu/vocabulary/aq/pollutant/7,hour,98.6200000000,µg/m3,2017-07-29 14:00:00 +01:00,2017-07-29 15:00:00 +01:00,1,1
ES,ES.BDCA.AQD,NET_ES131A,STA_ES0125A,,SP_28079017_14_6,SPP_28079017_14_6.1,SAM_28079017_14_6,O3,http://dd.eionet.europa.eu/vocabulary/aq/pollutant/7,hour,108.4000000000,µg/m3,2017-07-29 15:00:00 +01:00,2017-07-29 16:00:00 +01:00,1,1
ES,ES.BDCA.AQD,NET_ES131A,STA_ES0125A,,SP_28079017_14_6,SPP_28079017_14_6.1,SAM_28079017_14_6,O3,http://dd.eionet.europa.eu/vocabulary/aq/pollutant/7,hour,108.0999999900,µg/m3,2017-07-29 16:00:00 +01:00,2017-07-29 17:00:00 +01:00,1,1
ES,ES.BDCA.AQD,NET_ES131A,STA_ES0125A,,SP_28079017_14_6,SPP_28079017_14_6.1,SAM_28079017_14_6,O3,http://dd.eionet.europa.eu/vocabulary/aq/pollutant/7,hour,105.4000000000,µg/m3,2017-07-29 17:00:00 +01:00,2017-07-29 18:00:00 +01:00,1,1
ES,ES.BDCA.AQD,NET_ES131A,STA_ES0125A,,SP_28079017_14_6,SPP_28079017_14_6.1,SAM_28079017_14_6,O3,http://dd.eionet.europa.eu/vocabulary/aq/pollutant/7,hour,101.0000000000,µg/m3,2017-07-29 18:00:00 +01:00,2017-07-29 19:00:00 +01:00,1,1
ES,ES.BDCA.AQD,NET_ES131A,STA_ES0125A,,SP_28079017_14_6,SPP_28079017_14_6.1,SAM_28079017_14_6,O3,http://dd.eionet.europa.eu/vocabulary/aq/pollutant/7,hour,86.5100000000,µg/m3,2017-07-29 19:00:00 +01:00,2017-07-29 20:00:00 +01:00,1,1
ES,ES.BDCA.AQD,NET_ES131A,STA_ES0125A,,SP_28079017_14_6,SPP_28079017_14_6.1,SAM_28079017_14_6,O3,http://dd.eionet.europa.eu/vocabulary/aq/pollutant/7,hour,65.3499999900,µg/m3,2017-07-29 20:00:00 +01:00,2017-07-29 21:00:00 +01:00,1,1
ES,ES.BDCA.AQD,NET_ES131A,STA_ES0125A,,SP_28079017_14_6,SPP_28079017_14_6.1,SAM_28079017_14_6,O3,http://dd.eionet.europa.eu/vocabulary/aq/pollutant/7,hour,45.3200000000,µg/m3,2017-07-29 21:00:00 +01:00,2017-07-29 22:00:00 +01:00,1,1
ES,ES.BDCA.AQD,NET_ES131A,STA_ES0125A,,SP_28079017_14_6,SPP_28079017_14_6.1,SAM_28079017_14_6,O3,http://dd.eionet.europa.eu/vocabulary/aq/pollutant/7,hour,50.9600000000,µg/m3,2017-07-29 22:00:00 +01:00,2017-07-29 23:00:00 +01:00,1,1
ES,ES.BDCA.AQD,NET_ES131A,STA_ES0125A,,SP_28079017_14_6,SPP_28079017_14_6.1,SAM_28079017_14_6,O3,http://dd.eionet.europa.eu/vocabulary/aq/pollutant/7,hour,36.5399999900,µg/m3,2017-07-29 23:00:00 +01:00,2017-07-30 00:00:00 +01:00,1,1
ES,ES.BDCA.AQD,NET_ES131A,STA_ES0125A,,SP_28079017_14_6,SPP_28079017_14_6.1,SAM_28079017_14_6,O3,http://dd.eionet.europa.eu/vocabulary/aq/pollutant/7,hour,27.7700000000,µg/m3,2017-07-30 00:00:00 +01:00,2017-07-30 01:00:00 +01:00,1,1
ES,ES.BDCA.AQD,NET_ES131A,STA_ES0125A,,SP_28079017_14_6,SPP_28079017_14_6.1,SAM_28079017_14_6,O3,http://dd.eionet.europa.eu/vocabulary/aq/pollutant/7,hour,27.6800000000,µg/m3,2017-07-30 01:00:00 +01:00,2017-07-30 02:00:00 +01:00,1,1
ES,ES.BDCA.AQD,NET_ES131A,STA_ES0125A,,SP_28079017_14_6,SPP_28079017_14_6.1,SAM_28079017_14_6,O3,http://dd.eionet.europa.eu/vocabulary/aq/pollutant/7,hour,14.7100000000,µg/m3,2017-07-30 02:00:00 +01:00,2017-07-30 03:00:00 +01:00,1,1
ES,ES.BDCA.AQD,NET_ES131A,STA_ES0125A,,SP_28079017_14_6,SPP_28079017_14_6.1,SAM_28079017_14_6,O3,http://dd.eionet.europa.eu/vocabulary/aq/pollutant/7,hour,4.5899999900,µg/m3,2017-07-30 03:00:00 +01:00,2017-07-30 04:00:00 +01:00,1,1
ES,ES.BDCA.AQD,NET_ES131A,STA_ES0125A,,SP_28079017_14_6,SPP_28079017_14_6.1,SAM_28079017_14_6,O3,http://dd.eionet.europa.eu/vocabulary/aq/pollutant/7,hour,5.3399999900,µg/m3,2017-07-30 04:00:00 +01:00,2017-07-30 05:00:00 +01:00,1,1
ES,ES.BDCA.AQD,NET_ES131A,STA_ES0125A,,SP_28079017_14_6,SPP_28079017_14_6.1,SAM_28079017_14_6,O3,http://dd.eionet.europa.eu/vocabulary/aq/pollutant/7,hour,2.4199999900,µg/m3,2017-07-30 05:00:00 +01:00,2017-07-30 06:00:00 +01:00,1,1
ES,ES.BDCA.AQD,NET_ES131A,STA_ES0125A,,SP_28079017_14_6,SPP_28079017_14_6.1,SAM_28079017_14_6,O3,http://dd.eionet.europa.eu/vocabulary/aq/pollutant/7,hour,3.6699999900,µg/m3,2017-07-30 06:00:00 +01:00,2017-07-30 07:00:00 +01:00,1,1
ES,ES.BDCA.AQD,NET_ES131A,STA_ES0125A,,SP_28079017_14_6,SPP_28079017_14_6.1,SAM_28079017_14_6,O3,http://dd.eionet.europa.eu/vocabulary/aq/pollutant/7,hour,13.8300000000,µg/m3,2017-07-30 07:00:00 +01:00,2017-07-30 08:00:00 +01:00,1,1
ES,ES.BDCA.AQD,NET_ES131A,STA_ES0125A,,SP_28079017_14_6,SPP_28079017_14_6.1,SAM_28079017_14_6,O3,http://dd.eionet.europa.eu/vocabulary/aq/pollutant/7,hour,31.5300000000,µg/m3,2017-07-30 08:00:00 +01:00,2017-07-30 09:00:00 +01:00,1,1
ES,ES.BDCA.AQD,NET_ES131A,STA_ES0125A,,SP_28079017_14_6,SPP_28079017_14_6.1,SAM_28079017_14_6,O3,http://dd.eionet.europa.eu/vocabulary/aq/pollutant/7,hour,53.1099999900,µg/m3,2017-07-30 09:00:00 +01:00,2017-07-30 10:00:00 +01:00,1,1
ES,ES.BDCA.AQD,NET_ES131A,STA_ES0125A,,SP_28079017_14_6,SPP_28079017_14_6.1,SAM_28079017_14_6,O3,http://dd.eionet.europa.eu/vocabulary/aq/pollutant/7,hour,72.0300000000,µg/m3,2017-07-30 10:00:00 +01:00,2017-07-30 11:00:00 +01:00,1,1
ES,ES.BDCA.AQD,NET_ES131A,STA_ES0125A,,SP_28079017_14_6,SPP_28079017_14_6.1,SAM_28079017_14_6,O3,http://dd.eionet.europa.eu/vocabulary/aq/pollutant/7,hour,69.6599999900,µg/m3,2017-07-30 11:00:00 +01:00,2017-07-30 12:00:00 +01:00,1,1
ES,ES.BDCA.AQD,NET_ES131A,STA_ES0125A,,SP_28079017_14_6,SPP_28079017_14_6.1,SAM_28079017_14_6,O3,http://dd.eionet.europa.eu/vocabulary/aq/pollutant/7,hour,62.5700000000,µg/m3,2017-07-30 12:00:00 +01:00,2017-07-30 13:00:00 +01:00,1,1
ES,ES.BDCA.AQD,NET_ES131A,STA_ES0125A,,SP_28079017_14_6,SPP_28079017_14_6.1,SAM_28079017_14_6,O3,http://dd.eionet.europa.eu/vocabulary/aq/pollutant/7,hour,62.8299999900,µg/m3,2017-07-30 13:00:00 +01:00,2017-07-30 14:00:00 +01:00,1,1
ES,ES.BDCA.AQD,NET_ES131A,STA_ES0125A,,SP_28079017_14_6,SPP_28079017_14_6.1,SAM_28079017_14_6,O3,http://dd.eionet.europa.eu/vocabulary/aq/pollutant/7,hour,64.0499999900,µg/m3,2017-07-30 14:00:00 +01:00,2017-07-30 15:00:00 +01:00,1,1
ES,ES.BDCA.AQD,NET_ES131A,STA_ES0125A,,SP_28079017_14_6,SPP_28079017_14_6.1,SAM_28079017_14_6,O3,http://dd.eionet.europa.eu/vocabulary/aq/pollutant/7,hour,65.9399999900,µg/m3,2017-07-30 15:00:00 +01:00,2017-07-30 16:00:00 +01:00,1,1
ES,ES.BDCA.AQD,NET_ES131A,STA_ES0125A,,SP_28079017_14_6,SPP_28079017_14_6.1,SAM_28079017_14_6,O3,http://dd.eionet.europa.eu/vocabulary/aq/pollutant/7,hour,68.5999999900,µg/m3,2017-07-30 16:00:00 +01:00,2017-07-30 17:00:00 +01:00,1,1
ES,ES.BDCA.AQD,NET_ES131A,STA_ES0125A,,SP_28079017_14_6,SPP_28079017_14_6.1,SAM_28079017_14_6,O3,http://dd.eionet.europa.eu/vocabulary/aq/pollutant/7,hour,71.0999999900,µg/m3,2017-07-30 17:00:00 +01:00,2017-07-30 18:00:00 +01:00,1,1
ES,ES.BDCA.AQD,NET_ES131A,STA_ES0125A,,SP_28079017_14_6,SPP_28079017_14_6.1,SAM_28079017_14_6,O3,http://dd.eionet.europa.eu/vocabulary/aq/pollutant/7,hour,68.5999999900,µg/m3,2017-07-30 18:00:00 +01:00,2017-07-30 19:00:00 +01:00,1,1
ES,ES.BDCA.AQD,NET_ES131A,STA_ES0125A,,SP_28079017_14_6,SPP_28079017_14_6.1,SAM_28079017_14_6,O3,http://dd.eionet.europa.eu/vocabulary/aq/pollutant/7,hour,65.3400000000,µg/m3,2017-07-30 19:00:00 +01:00,2017-07-30 20:00:00 +01:00,1,1
ES,ES.BDCA.AQD,NET_ES131A,STA_ES0125A,,SP_28079017_14_6,SPP_28079017_14_6.1,SAM_28079017_14_6,O3,http://dd.eionet.europa.eu/vocabulary/aq/pollutant/7,hour,38.3800000000,µg/m3,2017-07-30 20:00:00 +01:00,2017-07-30 21:00:00 +01:00,1,1
ES,ES.BDCA.AQD,NET_ES131A,STA_ES0125A,,SP_28079017_14_6,SPP_28079017_14_6.1,SAM_28079017_14_6,O3,http://dd.eionet.europa.eu/vocabulary/aq/pollutant/7,hour,14.2700000000,µg/m3,2017-07-30 21:00:00 +01:00,2017-07-30 22:00:00 +01:00,1,1
ES,ES.BDCA.AQD,NET_ES131A,STA_ES0125A,,SP_28079017_14_6,SPP_28079017_14_6.1,SAM_28079017_14_6,O3,http://dd.eionet.europa.eu/vocabulary/aq/pollutant/7,hour,14.3100000000,µg/m3,2017-07-30 22:00:00 +01:00,2017-07-30 23:00:00 +01:00,1,1
ES,ES.BDCA.AQD,NET_ES131A,STA_ES0125A,,SP_28079017_14_6,SPP_28079017_14_6.1,SAM_28079017_14_6,O3,http://dd.eionet.europa.eu/vocabulary/aq/pollutant/7,hour,8.3399999900,µg/m3,2017-07-30 23:00:00 +01:00,2017-07-31 00:00:00 +01:00,1,1
ES,ES.BDCA.AQD,NET_ES131A,STA_ES0125A,,SP_28079017_14_6,SPP_28079017_14_6.1,SAM_28079017_14_6,O3,http://dd.eionet.europa.eu/vocabulary/aq/pollutant/7,hour,6.0499999900,µg/m3,2017-07-31 00:00:00 +01:00,2017-07-31 01:00:00 +01:00,1,1
ES,ES.BDCA.AQD,NET_ES131A,STA_ES0125A,,SP_28079017_14_6,SPP_28079017_14_6.1,SAM_28079017_14_6,O3,http://dd.eionet.europa.eu/vocabulary/aq/pollutant/7,hour,2.4700000000,µg/m3,2017-07-31 01:00:00 +01:00,2017-07-31 02:00:00 +01:00,1,1
ES,ES.BDCA.AQD,NET_ES131A,STA_ES0125A,,SP_28079017_14_6,SPP_28079017_14_6.1,SAM_28079017_14_6,O3,http://dd.eionet.europa.eu/vocabulary/aq/pollutant/7,hour,4.1200000000,µg/m3,2017-07-31 02:00:00 +01:00,2017-07-31 03:00:00 +01:00,1,1
ES,ES.BDCA.AQD,NET_ES131A,STA_ES0125A,,SP_28079017_14_6,SPP_28079017_14_6.1,SAM_28079017_14_6,O3,http://dd.eionet.europa.eu/vocabulary/aq/pollutant/7,hour,32.2700000000,µg/m3,2017-07-31 03:00:00 +01:00,2017-07-31 04:00:00 +01:00,1,1
ES,ES.BDCA.AQD,NET_ES131A,STA_ES0125A,,SP_28079017_14_6,SPP_28079017_14_6.1,SAM_28079017_14_6,O3,http://dd.eionet.europa.eu/vocabulary/aq/pollutant/7,hour,31.6900000000,µg/m3,2017-07-31 04:00:00 +01:00,2017-07-31 05:00:00 +01:00,1,1
ES,ES.BDCA.AQD,NET_ES131A,STA_ES0125A,,SP_28079017_14_6,SPP_28079017_14_6.1,SAM_28079017_14_6,O3,http://dd.eionet.europa.eu/vocabulary/aq/pollutant/7,hour,14.9000000000,µg/m3,2017-07-31 05:00:00 +01:00,2017-07-31 06:00:00 +01:00,1,1
ES,ES.BDCA.AQD,NET_ES131A,STA_ES0125A,,SP_28079017_14_6,SPP_28079017_14_6.1,SAM_28079017_14_6,O3,http://dd.eionet.europa.eu/vocabulary/aq/pollutant/7,hour,1.8700000000,µg/m3,2017-07-31 06:00:00 +01:00,2017-07-31 07:00:00 +01:00,1,1
ES,ES.BDCA.AQD,NET_ES131A,STA_ES0125A,,SP_28079017_14_6,SPP_28079017_14_6.1,SAM_28079017_14_6,O3,http://dd.eionet.europa.eu/vocabulary/aq/pollutant/7,hour,4.0599999900,µg/m3,2017-07-31 07:00:00 +01:00,2017-07-31 08:00:00 +01:00,1,1
ES,ES.BDCA.AQD,NET_ES131A,STA_ES0125A,,SP_28079017_14_6,SPP_28079017_14_6.1,SAM_28079017_14_6,O3,http://dd.eionet.europa.eu/vocabulary/aq/pollutant/7,hour,25.9100000000,µg/m3,2017-07-31 08:00:00 +01:00,2017-07-31 09:00:00 +01:00,1,1
ES,ES.BDCA.AQD,NET_ES131A,STA_ES0125A,,SP_28079017_14_6,SPP_28079017_14_6.1,SAM_28079017_14_6,O3,http://dd.eionet.europa.eu/vocabulary/aq/pollutant/7,hour,49.9699999900,µg/m3,2017-07-31 09:00:00 +01:00,2017-07-31 10:00:00 +01:00,1,1
ES,ES.BDCA.AQD,NET_ES131A,STA_ES0125A,,SP_28079017_14_6,SPP_28079017_14_6.1,SAM_28079017_14_6,O3,http://dd.eionet.europa.eu/vocabulary/aq/pollutant/7,hour,75.3100000000,µg/m3,2017-07-31 10:00:00 +01:00,2017-07-31 11:00:00 +01:00,1,1
ES,ES.BDCA.AQD,NET_ES131A,STA_ES0125A,,SP_28079017_14_6,SPP_28079017_14_6.1,SAM_28079017_14_6,O3,http://dd.eionet.europa.eu/vocabulary/aq/pollutant/7,hour,78.5499999900,µg/m3,2017-07-31 11:00:00 +01:00,2017-07-31 12:00:00 +01:00,1,1
ES,ES.BDCA.AQD,NET_ES131A,STA_ES0125A,,SP_28079017_14_6,SPP_28079017_14_6.1,SAM_28079017_14_6,O3,http://dd.eionet.europa.eu/vocabulary/aq/pollutant/7,hour,76.7699999900,µg/m3,2017-07-31 12:00:00 +01:00,2017-07-31 13:00:00 +01:00,1,1
ES,ES.BDCA.AQD,NET_ES131A,STA_ES0125A,,SP_28079017_14_6,SPP_28079017_14_6.1,SAM_28079017_14_6,O3,http://dd.eionet.europa.eu/vocabulary/aq/pollutant/7,hour,61.5200000000,µg/m3,2017-07-31 13:00:00 +01:00,2017-07-31 14:00:00 +01:00,1,1
ES,ES.BDCA.AQD,NET_ES131A,STA_ES0125A,,SP_28079017_14_6,SPP_28079017_14_6.1,SAM_28079017_14_6,O3,http://dd.eionet.europa.eu/vocabulary/aq/pollutant/7,hour,63.2599999900,µg/m3,2017-07-31 14:00:00 +01:00,2017-07-31 15:00:00 +01:00,1,1
ES,ES.BDCA.AQD,NET_ES131A,STA_ES0125A,,SP_28079017_14_6,SPP_28079017_14_6.1,SAM_28079017_14_6,O3,http://dd.eionet.europa.eu/vocabulary/aq/pollutant/7,hour,69.1099999900,µg/m3,2017-07-31 15:00:00 +01:00,2017-07-31 16:00:00 +01:00,1,1
ES,ES.BDCA.AQD,NET_ES131A,STA_ES0125A,,SP_28079017_14_6,SPP_28079017_14_6.1,SAM_28079017_14_6,O3,http://dd.eionet.europa.eu/vocabulary/aq/pollutant/7,hour,76.2099999900,µg/m3,2017-07-31 16:00:00 +01:00,2017-07-31 17:00:00 +01:00,1,1
ES,ES.BDCA.AQD,NET_ES131A,STA_ES0125A,,SP_28079017_14_6,SPP_28079017_14_6.1,SAM_28079017_14_6,O3,http://dd.eionet.europa.eu/vocabulary/aq/pollutant/7,hour,82.5999999900,µg/m3,2017-07-31 17:00:00 +01:00,2017-07-31 18:00:00 +01:00,1,1
ES,ES.BDCA.AQD,NET_ES131A,STA_ES0125A,,SP_28079017_14_6,SPP_28079017_14_6.1,SAM_28079017_14_6,O3,http://dd.eionet.europa.eu/vocabulary/aq/pollutant/7,hour,82.1500000000,µg/m3,2017-07-31 18:00:00 +01:00,2017-07-31 19:00:00 +01:00,1,1
ES,ES.BDCA.AQD,NET_ES131A,STA_ES0125A,,SP_28079017_14_6,SPP_28079017_14_6.1,SAM_28079017_14_6,O3,http://dd.eionet.europa.eu/vocabulary/aq/pollutant/7,hour,70.8799999900,µg/m3,2017-07-31 19:00:00 +01:00,2017-07-31 20:00:00 +01:00,1,1
ES,ES.BDCA.AQD,NET_ES131A,STA_ES0125A,,SP_28079017_14_6,SPP_28079017_14_6.1,SAM_28079017_14_6,O3,http://dd.eionet.europa.eu/vocabulary/aq/pollutant/7,hour,64.9899999900,µg/m3,2017-07-31 20:00:00 +01:00,2017-07-31 21:00:00 +01:00,1,1
ES,ES.BDCA.AQD,NET_ES131A,STA_ES0125A,,SP_28079017_14_6,SPP_28079017_14_6.1,SAM_28079017_14_6,O3,http://dd.eionet.europa.eu/vocabulary/aq/pollutant/7,hour,49.2500000000,µg/m3,2017-07-31 21:00:00 +01:00,2017-07-31 22:00:00 +01:00,1,1
ES,ES.BDCA.AQD,NET_ES131A,STA_ES0125A,,SP_28079017_14_6,SPP_28079017_14_6.1,SAM_28079017_14_6,O3,http://dd.eionet.europa.eu/vocabulary/aq/pollutant/7,hour,54.9500000000,µg/m3,2017-07-31 22:00:00 +01:00,2017-07-31 23:00:00 +01:00,1,1
ES,ES.BDCA.AQD,NET_ES131A,STA_ES0125A,,SP_28079017_14_6,SPP_28079017_14_6.1,SAM_28079017_14_6,O3,http://dd.eionet.europa.eu/vocabulary/aq/pollutant/7,hour,48.1400000000,µg/m3,2017-07-31 23:00:00 +01:00,2017-08-01 00:00:00 +01:00,1,1
ES,ES.BDCA.AQD,NET_ES131A,STA_ES0125A,,SP_28079017_14_6,SPP_28079017_14_6.1,SAM_28079017_14_6,O3,http://dd.eionet.europa.eu/vocabulary/aq/pollutant/7,hour,37.0300000000,µg/m3,2017-08-01 00:00:00 +01:00,2017-08-01 01:00:00 +01:00,1,1
ES,ES.BDCA.AQD,NET_ES131A,STA_ES0125A,,SP_28079017_14_6,SPP_28079017_14_6.1,SAM_28079017_14_6,O3,http://dd.eionet.europa.eu/vocabulary/aq/pollutant/7,hour,27.7100000000,µg/m3,2017-08-01 01:00:00 +01:00,2017-08-01 02:00:00 +01:00,1,1
ES,ES.BDCA.AQD,NET_ES131A,STA_ES0125A,,SP_28079017_14_6,SPP_28079017_14_6.1,SAM_28079017_14_6,O3,http://dd.eionet.europa.eu/vocabulary/aq/pollutant/7,hour,35.9600000000,µg/m3,2017-08-01 02:00:00 +01:00,2017-08-01 03:00:00 +01:00,1,1
ES,ES.BDCA.AQD,NET_ES131A,STA_ES0125A,,SP_28079017_14_6,SPP_28079017_14_6.1,SAM_28079017_14_6,O3,http://dd.eionet.europa.eu/vocabulary/aq/pollutant/7,hour,65.5000000000,µg/m3,2017-08-01 03:00:00 +01:00,2017-08-01 04:00:00 +01:00,1,1
ES,ES.BDCA.AQD,NET_ES131A,STA_ES0125A,,SP_28079017_14_6,SPP_28079017_14_6.1,SAM_28079017_14_6,O3,http://dd.eionet.europa.eu/vocabulary/aq/pollutant/7,hour,54.7400000000,µg/m3,2017-08-01 04:00:00 +01:00,2017-08-01 05:00:00 +01:00,1,1
ES,ES.BDCA.AQD,NET_ES131A,STA_ES0125A,,SP_28079017_14_6,SPP_28079017_14_6.1,SAM_28079017_14_6,O3,http://dd.eionet.europa.eu/vocabulary/aq/pollutant/7,hour,27.2800000000,µg/m3,2017-08-01 05:00:00 +01:00,2017-08-01 06:00:00 +01:00,1,1
ES,ES.BDCA.AQD,NET_ES131A,STA_ES0125A,,SP_28079017_14_6,SPP_28079017_14_6.1,SAM_28079017_14_6,O3,http://dd.eionet.europa.eu/vocabulary/aq/pollutant/7,hour,16.2700000000,µg/m3,2017-08-01 06:00:00 +01:00,2017-08-01 07:00:00 +01:00,1,1
ES,ES.BDCA.AQD,NET_ES131A,STA_ES0125A,,SP_28079017_14_6,SPP_28079017_14_6.1,SAM_28079017_14_6,O3,http://dd.eionet.europa.eu/vocabulary/aq/pollutant/7,hour,16.3099999900,µg/m3,2017-08-01 07:00:00 +01:00,2017-08-01 08:00:00 +01:00,1,1
ES,ES.BDCA.AQD,NET_ES131A,STA_ES0125A,,SP_28079017_14_6,SPP_28079017_14_6.1,SAM_28079017_14_6,O3,http://dd.eionet.europa.eu/vocabulary/aq/pollutant/7,hour,27.8099999900,µg/m3,2017-08-01 08:00:00 +01:00,2017-08-01 09:00:00 +01:00,1,1
ES,ES.BDCA.AQD,NET_ES131A,STA_ES0125A,,SP_28079017_14_6,SPP_28079017_14_6.1,SAM_28079017_14_6,O3,http://dd.eionet.europa.eu/vocabulary/aq/pollutant/7,hour,40.5700000000,µg/m3,2017-08-01 09:00:00 +01:00,2017-08-01 10:00:00 +01:00,1,1
ES,ES.BDCA.AQD,NET_ES131A,STA_ES0125A,,SP_28079017_14_6,SPP_28079017_14_6.1,SAM_28079017_14_6,O3,http://dd.eionet.europa.eu/vocabulary/aq/pollutant/7,hour,64.2600000000,µg/m3,2017-08-01 10:00:00 +01:00,2017-08-01 11:00:00 +01:00,1,1
ES,ES.BDCA.AQD,NET_ES131A,STA_ES0125A,,SP_28079017_14_6,SPP_28079017_14_6.1,SAM_28079017_14_6,O3,http://dd.eionet.europa.eu/vocabulary/aq/pollutant/7,hour,83.9300000000,µg/m3,2017-08-01 11:00:00 +01:00,2017-08-01 12:00:00 +01:00,1,1
ES,ES.BDCA.AQD,NET_ES131A,STA_ES0125A,,SP_28079017_14_6,SPP_28079017_14_6.1,SAM_28079017_14_6,O3,http://dd.eionet.europa.eu/vocabulary/aq/pollutant/7,hour,90.7900000000,µg/m3,2017-08-01 12:00:00 +01:00,2017-08-01 13:00:00 +01:00,1,1
ES,ES.BDCA.AQD,NET_ES131A,STA_ES0125A,,SP_28079017_14_6,SPP_28079017_14_6.1,SAM_28079017_14_6,O3,http://dd.eionet.europa.eu/vocabulary/aq/pollutant/7,hour,92.4699999900,µg/m3,2017-08-01 13:00:00 +01:00,2017-08-01 14:00:00 +01:00,1,1
ES,ES.BDCA.AQD,NET_ES131A,STA_ES0125A,,SP_28079017_14_6,SPP_28079017_14_6.1,SAM_28079017_14_6,O3,http://dd.eionet.europa.eu/vocabulary/aq/pollutant/7,hour,92.5499999900,µg/m3,2017-08-01 14:00:00 +01:00,2017-08-01 15:00:00 +01:00,1,1
ES,ES.BDCA.AQD,NET_ES131A,STA_ES0125A,,SP_28079017_14_6,SPP_28079017_14_6.1,SAM_28079017_14_6,O3,http://dd.eionet.europa.eu/vocabulary/aq/pollutant/7,hour,96.9599999900,µg/m3,2017-08-01 15:00:00 +01:00,2017-08-01 16:00:00 +01:00,1,1
ES,ES.BDCA.AQD,NET_ES131A,STA_ES0125A,,SP_28079017_14_6,SPP_28079017_14_6.1,SAM_28079017_14_6,O3,http://dd.eionet.europa.eu/vocabulary/aq/pollutant/7,hour,91.7199999900,µg/m3,2017-08-01 16:00:00 +01:00,2017-08-01 17:00:00 +01:00,1,1
ES,ES.BDCA.AQD,NET_ES131A,STA_ES0125A,,SP_28079017_14_6,SPP_28079017_14_6.1,SAM_28079017_14_6,O3,http://dd.eionet.europa.eu/vocabulary/aq/pollutant/7,hour,87.9899999900,µg/m3,2017-08-01 17:00:00 +01:00,2017-08-01 18:00:00 +01:00,1,1
ES,ES.BDCA.AQD,NET_ES131A,STA_ES0125A,,SP_28079017_14_6,SPP_28079017_14_6.1,SAM_28079017_14_6,O3,http://dd.eionet.europa.eu/vocabulary/aq/pollutant/7,hour,77.8499999900,µg/m3,2017-08-01 18:00:00 +01:00,2017-08-01 19:00:00 +01:00,1,1
ES,ES.BDCA.AQD,NET_ES131A,STA_ES0125A,,SP_28079017_14_6,SPP_28079017_14_6.1,SAM_28079017_14_6,O3,http://dd.eionet.europa.eu/vocabulary/aq/pollutant/7,hour,68.3700000000,µg/m3,2017-08-01 19:00:00 +01:00,2017-08-01 20:00:00 +01:00,1,1
ES,ES.BDCA.AQD,NET_ES131A,STA_ES0125A,,SP_28079017_14_6,SPP_28079017_14_6.1,SAM_28079017_14_6,O3,http://dd.eionet.europa.eu/vocabulary/aq/pollutant/7,hour,43.7800000000,µg/m3,2017-08-01 20:00:00 +01:00,2017-08-01 21:00:00 +01:00,1,1
ES,ES.BDCA.AQD,NET_ES131A,STA_ES0125A,,SP_28079017_14_6,SPP_28079017_14_6.1,SAM_28079017_14_6,O3,http://dd.eionet.europa.eu/vocabulary/aq/pollutant/7,hour,15.4100000000,µg/m3,2017-08-01 21:00:00 +01:00,2017-08-01 22:00:00 +01:00,1,1
ES,ES.BDCA.AQD,NET_ES131A,STA_ES0125A,,SP_28079017_14_6,SPP_28079017_14_6.1,SAM_28079017_14_6,O3,http://dd.eionet.europa.eu/vocabulary/aq/pollutant/7,hour,15.4400000000,µg/m3,2017-08-01 22:00:00 +01:00,2017-08-01 23:00:00 +01:00,1,1
ES,ES.BDCA.AQD,NET_ES131A,STA_ES0125A,,SP_28079017_14_6,SPP_28079017_14_6.1,SAM_28079017_14_6,O3,http://dd.eionet.europa.eu/vocabulary/aq/pollutant/7,hour,32.1599999900,µg/m3,2017-08-01 23:00:00 +01:00,2017-08-02 00:00:00 +01:00,1,1
ES,ES.BDCA.AQD,NET_ES131A,STA_ES0125A,,SP_28079017_14_6,SPP_28079017_14_6.1,SAM_28079017_14_6,O3,http://dd.eionet.europa.eu/vocabulary/aq/pollutant/7,hour,23.7199999900,µg/m3,2017-08-02 00:00:00 +01:00,2017-08-02 01:00:00 +01:00,1,1
ES,ES.BDCA.AQD,NET_ES131A,STA_ES0125A,,SP_28079017_14_6,SPP_28079017_14_6.1,SAM_28079017_14_6,O3,http://dd.eionet.europa.eu/vocabulary/aq/pollutant/7,hour,6.5700000000,µg/m3,2017-08-02 01:00:00 +01:00,2017-08-02 02:00:00 +01:00,1,1
ES,ES.BDCA.AQD,NET_ES131A,STA_ES0125A,,SP_28079017_14_6,SPP_28079017_14_6.1,SAM_28079017_14_6,O3,http://dd.eionet.europa.eu/vocabulary/aq/pollutant/7,hour,9.3100000000,µg/m3,2017-08-02 02:00:00 +01:00,2017-08-02 03:00:00 +01:00,1,1
ES,ES.BDCA.AQD,NET_ES131A,STA_ES0125A,,SP_28079017_14_6,SPP_28079017_14_6.1,SAM_28079017_14_6,O3,http://dd.eionet.europa.eu/vocabulary/aq/pollutant/7,hour,2.0200000000,µg/m3,2017-08-02 03:00:00 +01:00,2017-08-02 04:00:00 +01:00,1,1
ES,ES.BDCA.AQD,NET_ES131A,STA_ES0125A,,SP_28079017_14_6,SPP_28079017_14_6.1,SAM_28079017_14_6,O3,http://dd.eionet.europa.eu/vocabulary/aq/pollutant/7,hour,7.8200000000,µg/m3,2017-08-02 04:00:00 +01:00,2017-08-02 05:00:00 +01:00,1,1
ES,ES.BDCA.AQD,NET_ES131A,STA_ES0125A,,SP_28079017_14_6,SPP_28079017_14_6.1,SAM_28079017_14_6,O3,http://dd.eionet.europa.eu/vocabulary/aq/pollutant/7,hour,1.3000000000,µg/m3,2017-08-02 05:00:00 +01:00,2017-08-02 06:00:00 +01:00,1,1
ES,ES.BDCA.AQD,NET_ES131A,STA_ES0125A,,SP_28079017_14_6,SPP_28079017_14_6.1,SAM_28079017_14_6,O3,http://dd.eionet.europa.eu/vocabulary/aq/pollutant/7,hour,1.0500000000,µg/m3,2017-08-02 06:00:00 +01:00,2017-08-02 07:00:00 +01:00,1,1
ES,ES.BDCA.AQD,NET_ES131A,STA_ES0125A,,SP_28079017_14_6,SPP_28079017_14_6.1,SAM_28079017_14_6,O3,http://dd.eionet.europa.eu/vocabulary/aq/pollutant/7,hour,2.6800000000,µg/m3,2017-08-02 07:00:00 +01:00,2017-08-02 08:00:00 +01:00,1,1
ES,ES.BDCA.AQD,NET_ES131A,STA_ES0125A,,SP_28079017_14_6,SPP_28079017_14_6.1,SAM_28079017_14_6,O3,http://dd.eionet.europa.eu/vocabulary/aq/pollutant/7,hour,17.5900000000,µg/m3,2017-08-02 08:00:00 +01:00,2017-08-02 09:00:00 +01:00,1,1
ES,ES.BDCA.AQD,NET_ES131A,STA_ES0125A,,SP_28079017_14_6,SPP_28079017_14_6.1,SAM_28079017_14_6,O3,http://dd.eionet.europa.eu/vocabulary/aq/pollutant/7,hour,36.0399999900,µg/m3,2017-08-02 09:00:00 +01:00,2017-08-02 10:00:00 +01:00,1,1
ES,ES.BDCA.AQD,NET_ES131A,STA_ES0125A,,SP_28079017_14_6,SPP_28079017_14_6.1,SAM_28079017_14_6,O3,http://dd.eionet.europa.eu/vocabulary/aq/pollutant/7,hour,60.4900000000,µg/m3,2017-08-02 10:00:00 +01:00,2017-08-02 11:00:00 +01:00,1,1
ES,ES.BDCA.AQD,NET_ES131A,STA_ES0125A,,SP_28079017_14_6,SPP_28079017_14_6.1,SAM_28079017_14_6,O3,http://dd.eionet.europa.eu/vocabulary/aq/pollutant/7,hour,83.2300000000,µg/m3,2017-08-02 11:00:00 +01:00,2017-08-02 12:00:00 +01:00,1,1
ES,ES.BDCA.AQD,NET_ES131A,STA_ES0125A,,SP_28079017_14_6,SPP_28079017_14_6.1,SAM_28079017_14_6,O3,http://dd.eionet.europa.eu/vocabulary/aq/pollutant/7,hour,97.4899999900,µg/m3,2017-08-02 12:00:00 +01:00,2017-08-02 13:00:00 +01:00,1,1
ES,ES.BDCA.AQD,NET_ES131A,STA_ES0125A,,SP_28079017_14_6,SPP_28079017_14_6.1,SAM_28079017_14_6,O3,http://dd.eionet.europa.eu/vocabulary/aq/pollutant/7,hour,102.8000000000,µg/m3,2017-08-02 13:00:00 +01:00,2017-08-02 14:00:00 +01:00,1,1
ES,ES.BDCA.AQD,NET_ES131A,STA_ES0125A,,SP_28079017_14_6,SPP_28079017_14_6.1,SAM_28079017_14_6,O3,http://dd.eionet.europa.eu/vocabulary/aq/pollutant/7,hour,116.0000000000,µg/m3,2017-08-02 14:00:00 +01:00,2017-08-02 15:00:00 +01:00,1,1
ES,ES.BDCA.AQD,NET_ES131A,STA_ES0125A,,SP_28079017_14_6,SPP_28079017_14_6.1,SAM_28079017_14_6,O3,http://dd.eionet.europa.eu/vocabulary/aq/pollutant/7,hour,114.4000000000,µg/m3,2017-08-02 15:00:00 +01:00,2017-08-02 16:00:00 +01:00,1,1
ES,ES.BDCA.AQD,NET_ES131A,STA_ES0125A,,SP_28079017_14_6,SPP_28079017_14_6.1,SAM_28079017_14_6,O3,http://dd.eionet.europa.eu/vocabulary/aq/pollutant/7,hour,,µg/m3,2017-08-02 16:00:00 +01:00,2017-08-02 17:00:00 +01:00,-1,1
ES,ES.BDCA.AQD,NET_ES131A,STA_ES0125A,,SP_28079017_14_6,SPP_28079017_14_6.1,SAM_28079017_14_6,O3,http://dd.eionet.europa.eu/vocabulary/aq/pollutant/7,hour,121.4000000000,µg/m3,2017-08-02 17:00:00 +01:00,2017-08-02 18:00:00 +01:00,1,1
ES,ES.BDCA.AQD,NET_ES131A,STA_ES0125A,,SP_28079017_14_6,SPP_28079017_14_6.1,SAM_28079017_14_6,O3,http://dd.eionet.europa.eu/vocabulary/aq/pollutant/7,hour,114.4000000000,µg/m3,2017-08-02 18:00:00 +01:00,2017-08-02 19:00:00 +01:00,1,1
ES,ES.BDCA.AQD,NET_ES131A,STA_ES0125A,,SP_28079017_14_6,SPP_28079017_14_6.1,SAM_28079017_14_6,O3,http://dd.eionet.europa.eu/vocabulary/aq/pollutant/7,hour,94.4899999900,µg/m3,2017-08-02 19:00:00 +01:00,2017-08-02 20:00:00 +01:00,1,1
ES,ES.BDCA.AQD,NET_ES131A,STA_ES0125A,,SP_28079017_14_6,SPP_28079017_14_6.1,SAM_28079017_14_6,O3,http://dd.eionet.europa.eu/vocabulary/aq/pollutant/7,hour,54.8100000000,µg/m3,2017-08-02 20:00:00 +01:00,2017-08-02 21:00:00 +01:00,1,1
ES,ES.BDCA.AQD,NET_ES131A,STA_ES0125A,,SP_28079017_14_6,SPP_28079017_14_6.1,SAM_28079017_14_6,O3,http://dd.eionet.europa.eu/vocabulary/aq/pollutant/7,hour,5.9400000000,µg/m3,2017-08-02 21:00:00 +01:00,2017-08-02 22:00:00 +01:00,1,1
ES,ES.BDCA.AQD,NET_ES131A,STA_ES0125A,,SP_28079017_14_6,SPP_28079017_14_6.1,SAM_28079017_14_6,O3,http://dd.eionet.europa.eu/vocabulary/aq/pollutant/7,hour,1.5800000000,µg/m3,2017-08-02 22:00:00 +01:00,2017-08-02 23:00:00 +01:00,1,1
ES,ES.BDCA.AQD,NET_ES131A,STA_ES0125A,,SP_28079017_14_6,SPP_28079017_14_6.1,SAM_28079017_14_6,O3,http://dd.eionet.europa.eu/vocabulary/aq/pollutant/7,hour,7.9600000000,µg/m3,2017-08-02 23:00:00 +01:00,2017-08-03 00:00:00 +01:00,1,1
ES,ES.BDCA.AQD,NET_ES131A,STA_ES0125A,,SP_28079017_14_6,SPP_28079017_14_6.1,SAM_28079017_14_6,O3,http://dd.eionet.europa.eu/vocabulary/aq/pollutant/7,hour,8.6699999900,µg/m3,2017-08-03 00:00:00 +01:00,2017-08-03 01:00:00 +01:00,1,1
ES,ES.BDCA.AQD,NET_ES131A,STA_ES0125A,,SP_28079017_14_6,SPP_28079017_14_6.1,SAM_28079017_14_6,O3,http://dd.eionet.europa.eu/vocabulary/aq/pollutant/7,hour,37.8900000000,µg/m3,2017-08-03 01:00:00 +01:00,2017-08-03 02:00:00 +01:00,1,1
ES,ES.BDCA.AQD,NET_ES131A,STA_ES0125A,,SP_28079017_14_6,SPP_28079017_14_6.1,SAM_28079017_14_6,O3,http://dd.eionet.europa.eu/vocabulary/aq/pollutant/7,hour,28.6800000000,µg/m3,2017-08-03 02:00:00 +01:00,2017-08-03 03:00:00 +01:00,1,1
ES,ES.BDCA.AQD,NET_ES131A,STA_ES0125A,,SP_28079017_14_6,SPP_28079017_14_6.1,SAM_28079017_14_6,O3,http://dd.eionet.europa.eu/vocabulary/aq/pollutant/7,hour,34.0200000000,µg/m3,2017-08-03 03:00:00 +01:00,2017-08-03 04:00:00 +01:00,1,1
ES,ES.BDCA.AQD,NET_ES131A,STA_ES0125A,,SP_28079017_14_6,SPP_28079017_14_6.1,SAM_28079017_14_6,O3,http://dd.eionet.europa.eu/vocabulary/aq/pollutant/7,hour,3.9300000000,µg/m3,2017-08-03 04:00:00 +01:00,2017-08-03 05:00:00 +01:00,1,1
ES,ES.BDCA.AQD,NET_ES131A,STA_ES0125A,,SP_28079017_14_6,SPP_28079017_14_6.1,SAM_28079017_14_6,O3,http://dd.eionet.europa.eu/vocabulary/aq/pollutant/7,hour,0.9100000000,µg/m3,2017-08-03 05:00:00 +01:00,2017-08-03 06:00:00 +01:00,1,1
ES,ES.BDCA.AQD,NET_ES131A,STA_ES0125A,,SP_28079017_14_6,SPP_28079017_14_6.1,SAM_28079017_14_6,O3,http://dd.eionet.europa.eu/vocabulary/aq/pollutant/7,hour,0.9800000000,µg/m3,2017-08-03 06:00:00 +01:00,2017-08-03 07:00:00 +01:00,1,1
ES,ES.BDCA.AQD,NET_ES131A,STA_ES0125A,,SP_28079017_14_6,SPP_28079017_14_6.1,SAM_28079017_14_6,O3,http://dd.eionet.europa.eu/vocabulary/aq/pollutant/7,hour,2.0000000000,µg/m3,2017-08-03 07:00:00 +01:00,2017-08-03 08:00:00 +01:00,1,1
ES,ES.BDCA.AQD,NET_ES131A,STA_ES0125A,,SP_28079017_14_6,SPP_28079017_14_6.1,SAM_28079017_14_6,O3,http://dd.eionet.europa.eu/vocabulary/aq/pollutant/7,hour,15.8800000000,µg/m3,2017-08-03 08:00:00 +01:00,2017-08-03 09:00:00 +01:00,1,1
ES,ES.BDCA.AQD,NET_ES131A,STA_ES0125A,,SP_28079017_14_6,SPP_28079017_14_6.1,SAM_28079017_14_6,O3,http://dd.eionet.europa.eu/vocabulary/aq/pollutant/7,hour,40.8299999900,µg/m3,2017-08-03 09:00:00 +01:00,2017-08-03 10:00:00 +01:00,1,1
ES,ES.BDCA.AQD,NET_ES131A,STA_ES0125A,,SP_28079017_14_6,SPP_28079017_14_6.1,SAM_28079017_14_6,O3,http://dd.eionet.europa.eu/vocabulary/aq/pollutant/7,hour,70.1099999900,µg/m3,2017-08-03 10:00:00 +01:00,2017-08-03 11:00:00 +01:00,1,1
ES,ES.BDCA.AQD,NET_ES131A,STA_ES0125A,,SP_28079017_14_6,SPP_28079017_14_6.1,SAM_28079017_14_6,O3,http://dd.eionet.europa.eu/vocabulary/aq/pollutant/7,hour,90.6899999900,µg/m3,2017-08-03 11:00:00 +01:00,2017-08-03 12:00:00 +01:00,1,1
ES,ES.BDCA.AQD,NET_ES131A,STA_ES0125A,,SP_28079017_14_6,SPP_28079017_14_6.1,SAM_28079017_14_6,O3,http://dd.eionet.europa.eu/vocabulary/aq/pollutant/7,hour,107.7000000000,µg/m3,2017-08-03 12:00:00 +01:00,2017-08-03 13:00:00 +01:00,1,1
ES,ES.BDCA.AQD,NET_ES131A,STA_ES0125A,,SP_28079017_14_6,SPP_28079017_14_6.1,SAM_28079017_14_6,O3,http://dd.eionet.europa.eu/vocabulary/aq/pollutant/7,hour,127.5999999900,µg/m3,2017-08-03 13:00:00 +01:00,2017-08-03 14:00:00 +01:00,1,1
ES,ES.BDCA.AQD,NET_ES131A,STA_ES0125A,,SP_28079017_14_6,SPP_28079017_14_6.1,SAM_28079017_14_6,O3,http://dd.eionet.europa.eu/vocabulary/aq/pollutant/7,hour,139.0000000000,µg/m3,2017-08-03 14:00:00 +01:00,2017-08-03 15:00:00 +01:00,1,1
ES,ES.BDCA.AQD,NET_ES131A,STA_ES0125A,,SP_28079017_14_6,SPP_28079017_14_6.1,SAM_28079017_14_6,O3,http://dd.eionet.europa.eu/vocabulary/aq/pollutant/7,hour,123.3000000000,µg/m3,2017-08-03 15:00:00 +01:00,2017-08-03 16:00:00 +01:00,1,1
ES,ES.BDCA.AQD,NET_ES131A,STA_ES0125A,,SP_28079017_14_6,SPP_28079017_14_6.1,SAM_28079017_14_6,O3,http://dd.eionet.europa.eu/vocabulary/aq/pollutant/7,hour,117.0999999900,µg/m3,2017-08-03 16:00:00 +01:00,2017-08-03 17:00:00 +01:00,1,1
ES,ES.BDCA.AQD,NET_ES131A,STA_ES0125A,,SP_28079017_14_6,SPP_28079017_14_6.1,SAM_28079017_14_6,O3,http://dd.eionet.europa.eu/vocabulary/aq/pollutant/7,hour,114.7000000000,µg/m3,2017-08-03 17:00:00 +01:00,2017-08-03 18:00:00 +01:00,1,1
ES,ES.BDCA.AQD,NET_ES131A,STA_ES0125A,,SP_28079017_14_6,SPP_28079017_14_6.1,SAM_28079017_14_6,O3,http://dd.eionet.europa.eu/vocabulary/aq/pollutant/7,hour,108.0000000000,µg/m3,2017-08-03 18:00:00 +01:00,2017-08-03 19:00:00 +01:00,1,1
ES,ES.BDCA.AQD,NET_ES131A,STA_ES0125A,,SP_28079017_14_6,SPP_28079017_14_6.1,SAM_28079017_14_6,O3,http://dd.eionet.europa.eu/vocabulary/aq/pollutant/7,hour,89.1500000000,µg/m3,2017-08-03 19:00:00 +01:00,2017-08-03 20:00:00 +01:00,1,1
ES,ES.BDCA.AQD,NET_ES131A,STA_ES0125A,,SP_28079017_14_6,SPP_28079017_14_6.1,SAM_28079017_14_6,O3,http://dd.eionet.europa.eu/vocabulary/aq/pollutant/7,hour,65.3199999900,µg/m3,2017-08-03 20:00:00 +01:00,2017-08-03 21:00:00 +01:00,1,1
ES,ES.BDCA.AQD,NET_ES131A,STA_ES0125A,,SP_28079017_14_6,SPP_28079017_14_6.1,SAM_28079017_14_6,O3,http://dd.eionet.europa.eu/vocabulary/aq/pollutant/7,hour,56.0499999900,µg/m3,2017-08-03 21:00:00 +01:00,2017-08-03 22:00:00 +01:00,1,1
ES,ES.BDCA.AQD,NET_ES131A,STA_ES0125A,,SP_28079017_14_6,SPP_28079017_14_6.1,SAM_28079017_14_6,O3,http://dd.eionet.europa.eu/vocabulary/aq/pollutant/7,hour,44.6000000000,µg/m3,2017-08-03 22:00:00 +01:00,2017-08-03 23:00:00 +01:00,1,1
ES,ES.BDCA.AQD,NET_ES131A,STA_ES0125A,,SP_28079017_14_6,SPP_28079017_14_6.1,SAM_28079017_14_6,O3,http://dd.eionet.europa.eu/vocabulary/aq/pollutant/7,hour,36.4399999900,µg/m3,2017-08-03 23:00:00 +01:00,2017-08-04 00:00:00 +01:00,1,1
ES,ES.BDCA.AQD,NET_ES131A,STA_ES0125A,,SP_28079017_14_6,SPP_28079017_14_6.1,SAM_28079017_14_6,O3,http://dd.eionet.europa.eu/vocabulary/aq/pollutant/7,hour,45.6800000000,µg/m3,2017-08-04 00:00:00 +01:00,2017-08-04 01:00:00 +01:00,1,1
ES,ES.BDCA.AQD,NET_ES131A,STA_ES0125A,,SP_28079017_14_6,SPP_28079017_14_6.1,SAM_28079017_14_6,O3,http://dd.eionet.europa.eu/vocabulary/aq/pollutant/7,hour,49.3200000000,µg/m3,2017-08-04 01:00:00 +01:00,2017-08-04 02:00:00 +01:00,1,1
ES,ES.BDCA.AQD,NET_ES131A,STA_ES0125A,,SP_28079017_14_6,SPP_28079017_14_6.1,SAM_28079017_14_6,O3,http://dd.eionet.europa.eu/vocabulary/aq/pollutant/7,hour,46.2000000000,µg/m3,2017-08-04 02:00:00 +01:00,2017-08-04 03:00:00 +01:00,1,1
ES,ES.BDCA.AQD,NET_ES131A,STA_ES0125A,,SP_28079017_14_6,SPP_28079017_14_6.1,SAM_28079017_14_6,O3,http://dd.eionet.europa.eu/vocabulary/aq/pollutant/7,hour,37.2100000000,µg/m3,2017-08-04 03:00:00 +01:00,2017-08-04 04:00:00 +01:00,1,1
ES,ES.BDCA.AQD,NET_ES131A,STA_ES0125A,,SP_28079017_14_6,SPP_28079017_14_6.1,SAM_28079017_14_6,O3,http://dd.eionet.europa.eu/vocabulary/aq/pollutant/7,hour,21.3799999900,µg/m3,2017-08-04 04:00:00 +01:00,2017-08-04 05:00:00 +01:00,1,1
ES,ES.BDCA.AQD,NET_ES131A,STA_ES0125A,,SP_28079017_14_6,SPP_28079017_14_6.1,SAM_28079017_14_6,O3,http://dd.eionet.europa.eu/vocabulary/aq/pollutant/7,hour,11.4499999900,µg/m3,2017-08-04 05:00:00 +01:00,2017-08-04 06:00:00 +01:00,1,1
ES,ES.BDCA.AQD,NET_ES131A,STA_ES0125A,,SP_28079017_14_6,SPP_28079017_14_6.1,SAM_28079017_14_6,O3,http://dd.eionet.europa.eu/vocabulary/aq/pollutant/7,hour,1.5800000000,µg/m3,2017-08-04 06:00:00 +01:00,2017-08-04 07:00:00 +01:00,1,1
ES,ES.BDCA.AQD,NET_ES131A,STA_ES0125A,,SP_28079017_14_6,SPP_28079017_14_6.1,SAM_28079017_14_6,O3,http://dd.eionet.europa.eu/vocabulary/aq/pollutant/7,hour,2.2200000000,µg/m3,2017-08-04 07:00:00 +01:00,2017-08-04 08:00:00 +01:00,1,1
ES,ES.BDCA.AQD,NET_ES131A,STA_ES0125A,,SP_28079017_14_6,SPP_28079017_14_6.1,SAM_28079017_14_6,O3,http://dd.eionet.europa.eu/vocabulary/aq/pollutant/7,hour,16.1800000000,µg/m3,2017-08-04 08:00:00 +01:00,2017-08-04 09:00:00 +01:00,1,1
ES,ES.BDCA.AQD,NET_ES131A,STA_ES0125A,,SP_28079017_14_6,SPP_28079017_14_6.1,SAM_28079017_14_6,O3,http://dd.eionet.europa.eu/vocabulary/aq/pollutant/7,hour,39.3599999900,µg/m3,2017-08-04 09:00:00 +01:00,2017-08-04 10:00:00 +01:00,1,1
ES,ES.BDCA.AQD,NET_ES131A,STA_ES0125A,,SP_28079017_14_6,SPP_28079017_14_6.1,SAM_28079017_14_6,O3,http://dd.eionet.europa.eu/vocabulary/aq/pollutant/7,hour,49.1099999900,µg/m3,2017-08-04 10:00:00 +01:00,2017-08-04 11:00:00 +01:00,1,1
ES,ES.BDCA.AQD,NET_ES131A,STA_ES0125A,,SP_28079017_14_6,SPP_28079017_14_6.1,SAM_28079017_14_6,O3,http://dd.eionet.europa.eu/vocabulary/aq/pollutant/7,hour,70.3799999900,µg/m3,2017-08-04 11:00:00 +01:00,2017-08-04 12:00:00 +01:00,1,1
ES,ES.BDCA.AQD,NET_ES131A,STA_ES0125A,,SP_28079017_14_6,SPP_28079017_14_6.1,SAM_28079017_14_6,O3,http://dd.eionet.europa.eu/vocabulary/aq/pollutant/7,hour,85.6200000000,µg/m3,2017-08-04 12:00:00 +01:00,2017-08-04 13:00:00 +01:00,1,1
ES,ES.BDCA.AQD,NET_ES131A,STA_ES0125A,,SP_28079017_14_6,SPP_28079017_14_6.1,SAM_28079017_14_6,O3,http://dd.eionet.europa.eu/vocabulary/aq/pollutant/7,hour,104.9000000000,µg/m3,2017-08-04 13:00:00 +01:00,2017-08-04 14:00:00 +01:00,1,1
ES,ES.BDCA.AQD,NET_ES131A,STA_ES0125A,,SP_28079017_14_6,SPP_28079017_14_6.1,SAM_28079017_14_6,O3,http://dd.eionet.europa.eu/vocabulary/aq/pollutant/7,hour,115.0999999900,µg/m3,2017-08-04 14:00:00 +01:00,2017-08-04 15:00:00 +01:00,1,1
ES,ES.BDCA.AQD,NET_ES131A,STA_ES0125A,,SP_28079017_14_6,SPP_28079017_14_6.1,SAM_28079017_14_6,O3,http://dd.eionet.europa.eu/vocabulary/aq/pollutant/7,hour,133.5999999900,µg/m3,2017-08-04 15:00:00 +01:00,2017-08-04 16:00:00 +01:00,1,1
ES,ES.BDCA.AQD,NET_ES131A,STA_ES0125A,,SP_28079017_14_6,SPP_28079017_14_6.1,SAM_28079017_14_6,O3,http://dd.eionet.europa.eu/vocabulary/aq/pollutant/7,hour,124.9000000000,µg/m3,2017-08-04 16:00:00 +01:00,2017-08-04 17:00:00 +01:00,1,1
ES,ES.BDCA.AQD,NET_ES131A,STA_ES0125A,,SP_28079017_14_6,SPP_28079017_14_6.1,SAM_28079017_14_6,O3,http://dd.eionet.europa.eu/vocabulary/aq/pollutant/7,hour,107.3000000000,µg/m3,2017-08-04 17:00:00 +01:00,2017-08-04 18:00:00 +01:00,1,1
ES,ES.BDCA.AQD,NET_ES131A,STA_ES0125A,,SP_28079017_14_6,SPP_28079017_14_6.1,SAM_28079017_14_6,O3,http://dd.eionet.europa.eu/vocabulary/aq/pollutant/7,hour,92.1700000000,µg/m3,2017-08-04 18:00:00 +01:00,2017-08-04 19:00:00 +01:00,1,1
ES,ES.BDCA.AQD,NET_ES131A,STA_ES0125A,,SP_28079017_14_6,SPP_28079017_14_6.1,SAM_28079017_14_6,O3,http://dd.eionet.europa.eu/vocabulary/aq/pollutant/7,hour,71.3700000000,µg/m3,2017-08-04 19:00:00 +01:00,2017-08-04 20:00:00 +01:00,1,1
ES,ES.BDCA.AQD,NET_ES131A,STA_ES0125A,,SP_28079017_14_6,SPP_28079017_14_6.1,SAM_28079017_14_6,O3,http://dd.eionet.europa.eu/vocabulary/aq/pollutant/7,hour,34.9300000000,µg/m3,2017-08-04 20:00:00 +01:00,2017-08-04 21:00:00 +01:00,1,1
ES,ES.BDCA.AQD,NET_ES131A,STA_ES0125A,,SP_28079017_14_6,SPP_28079017_14_6.1,SAM_28079017_14_6,O3,http://dd.eionet.europa.eu/vocabulary/aq/pollutant/7,hour,41.3200000000,µg/m3,2017-08-04 21:00:00 +01:00,2017-08-04 22:00:00 +01:00,1,1
ES,ES.BDCA.AQD,NET_ES131A,STA_ES0125A,,SP_28079017_14_6,SPP_28079017_14_6.1,SAM_28079017_14_6,O3,http://dd.eionet.europa.eu/vocabulary/aq/pollutant/7,hour,33.2299999900,µg/m3,2017-08-04 22:00:00 +01:00,2017-08-04 23:00:00 +01:00,1,1
ES,ES.BDCA.AQD,NET_ES131A,STA_ES0125A,,SP_28079017_14_6,SPP_28079017_14_6.1,SAM_28079017_14_6,O3,http://dd.eionet.europa.eu/vocabulary/aq/pollutant/7,hour,12.5800000000,µg/m3,2017-08-04 23:00:00 +01:00,2017-08-05 00:00:00 +01:00,1,1
ES,ES.BDCA.AQD,NET_ES131A,STA_ES0125A,,SP_28079017_14_6,SPP_28079017_14_6.1,SAM_28079017_14_6,O3,http://dd.eionet.europa.eu/vocabulary/aq/pollutant/7,hour,43.9399999900,µg/m3,2017-08-05 00:00:00 +01:00,2017-08-05 01:00:00 +01:00,1,1
ES,ES.BDCA.AQD,NET_ES131A,STA_ES0125A,,SP_28079017_14_6,SPP_28079017_14_6.1,SAM_28079017_14_6,O3,http://dd.eionet.europa.eu/vocabulary/aq/pollutant/7,hour,15.4300000000,µg/m3,2017-08-05 01:00:00 +01:00,2017-08-05 02:00:00 +01:00,1,1
ES,ES.BDCA.AQD,NET_ES131A,STA_ES0125A,,SP_28079017_14_6,SPP_28079017_14_6.1,SAM_28079017_14_6,O3,http://dd.eionet.europa.eu/vocabulary/aq/pollutant/7,hour,17.2500000000,µg/m3,2017-08-05 02:00:00 +01:00,2017-08-05 03:00:00 +01:00,1,1
ES,ES.BDCA.AQD,NET_ES131A,STA_ES0125A,,SP_28079017_14_6,SPP_28079017_14_6.1,SAM_28079017_14_6,O3,http://dd.eionet.europa.eu/vocabulary/aq/pollutant/7,hour,22.5100000000,µg/m3,2017-08-05 03:00:00 +01:00,2017-08-05 04:00:00 +01:00,1,1
ES,ES.BDCA.AQD,NET_ES131A,STA_ES0125A,,SP_28079017_14_6,SPP_28079017_14_6.1,SAM_28079017_14_6,O3,http://dd.eionet.europa.eu/vocabulary/aq/pollutant/7,hour,16.2100000000,µg/m3,2017-08-05 04:00:00 +01:00,2017-08-05 05:00:00 +01:00,1,1
ES,ES.BDCA.AQD,NET_ES131A,STA_ES0125A,,SP_28079017_14_6,SPP_28079017_14_6.1,SAM_28079017_14_6,O3,http://dd.eionet.europa.eu/vocabulary/aq/pollutant/7,hour,5.1699999900,µg/m3,2017-08-05 05:00:00 +01:00,2017-08-05 06:00:00 +01:00,1,1
ES,ES.BDCA.AQD,NET_ES131A,STA_ES0125A,,SP_28079017_14_6,SPP_28079017_14_6.1,SAM_28079017_14_6,O3,http://dd.eionet.europa.eu/vocabulary/aq/pollutant/7,hour,1.2800000000,µg/m3,2017-08-05 06:00:00 +01:00,2017-08-05 07:00:00 +01:00,1,1
ES,ES.BDCA.AQD,NET_ES131A,STA_ES0125A,,SP_28079017_14_6,SPP_28079017_14_6.1,SAM_28079017_14_6,O3,http://dd.eionet.europa.eu/vocabulary/aq/pollutant/7,hour,9.1899999900,µg/m3,2017-08-05 07:00:00 +01:00,2017-08-05 08:00:00 +01:00,1,1
ES,ES.BDCA.AQD,NET_ES131A,STA_ES0125A,,SP_28079017_14_6,SPP_28079017_14_6.1,SAM_28079017_14_6,O3,http://dd.eionet.europa.eu/vocabulary/aq/pollutant/7,hour,37.6800000000,µg/m3,2017-08-05 08:00:00 +01:00,2017-08-05 09:00:00 +01:00,1,1
ES,ES.BDCA.AQD,NET_ES131A,STA_ES0125A,,SP_28079017_14_6,SPP_28079017_14_6.1,SAM_28079017_14_6,O3,http://dd.eionet.europa.eu/vocabulary/aq/pollutant/7,hour,66.2300000000,µg/m3,2017-08-05 09:00:00 +01:00,2017-08-05 10:00:00 +01:00,1,1
ES,ES.BDCA.AQD,NET_ES131A,STA_ES0125A,,SP_28079017_14_6,SPP_28079017_14_6.1,SAM_28079017_14_6,O3,http://dd.eionet.europa.eu/vocabulary/aq/pollutant/7,hour,79.5000000000,µg/m3,2017-08-05 10:00:00 +01:00,2017-08-05 11:00:00 +01:00,1,1
ES,ES.BDCA.AQD,NET_ES131A,STA_ES0125A,,SP_28079017_14_6,SPP_28079017_14_6.1,SAM_28079017_14_6,O3,http://dd.eionet.europa.eu/vocabulary/aq/pollutant/7,hour,103.8000000000,µg/m3,2017-08-05 11:00:00 +01:00,2017-08-05 12:00:00 +01:00,1,1
ES,ES.BDCA.AQD,NET_ES131A,STA_ES0125A,,SP_28079017_14_6,SPP_28079017_14_6.1,SAM_28079017_14_6,O3,http://dd.eionet.europa.eu/vocabulary/aq/pollutant/7,hour,120.5999999900,µg/m3,2017-08-05 12:00:00 +01:00,2017-08-05 13:00:00 +01:00,1,1
ES,ES.BDCA.AQD,NET_ES131A,STA_ES0125A,,SP_28079017_14_6,SPP_28079017_14_6.1,SAM_28079017_14_6,O3,http://dd.eionet.europa.eu/vocabulary/aq/pollutant/7,hour,108.9000000000,µg/m3,2017-08-05 13:00:00 +01:00,2017-08-05 14:00:00 +01:00,1,1
ES,ES.BDCA.AQD,NET_ES131A,STA_ES0125A,,SP_28079017_14_6,SPP_28079017_14_6.1,SAM_28079017_14_6,O3,http://dd.eionet.europa.eu/vocabulary/aq/pollutant/7,hour,93.0100000000,µg/m3,2017-08-05 14:00:00 +01:00,2017-08-05 15:00:00 +01:00,1,1
ES,ES.BDCA.AQD,NET_ES131A,STA_ES0125A,,SP_28079017_14_6,SPP_28079017_14_6.1,SAM_28079017_14_6,O3,http://dd.eionet.europa.eu/vocabulary/aq/pollutant/7,hour,93.1599999900,µg/m3,2017-08-05 15:00:00 +01:00,2017-08-05 16:00:00 +01:00,1,1
ES,ES.BDCA.AQD,NET_ES131A,STA_ES0125A,,SP_28079017_14_6,SPP_28079017_14_6.1,SAM_28079017_14_6,O3,http://dd.eionet.europa.eu/vocabulary/aq/pollutant/7,hour,86.9599999900,µg/m3,2017-08-05 16:00:00 +01:00,2017-08-05 17:00:00 +01:00,1,1
ES,ES.BDCA.AQD,NET_ES131A,STA_ES0125A,,SP_28079017_14_6,SPP_28079017_14_6.1,SAM_28079017_14_6,O3,http://dd.eionet.europa.eu/vocabulary/aq/pollutant/7,hour,86.8299999900,µg/m3,2017-08-05 17:00:00 +01:00,2017-08-05 18:00:00 +01:00,1,1
ES,ES.BDCA.AQD,NET_ES131A,STA_ES0125A,,SP_28079017_14_6,SPP_28079017_14_6.1,SAM_28079017_14_6,O3,http://dd.eionet.europa.eu/vocabulary/aq/pollutant/7,hour,78.7000000000,µg/m3,2017-08-05 18:00:00 +01:00,2017-08-05 19:00:00 +01:00,1,1
ES,ES.BDCA.AQD,NET_ES131A,STA_ES0125A,,SP_28079017_14_6,SPP_28079017_14_6.1,SAM_28079017_14_6,O3,http://dd.eionet.europa.eu/vocabulary/aq/pollutant/7,hour,81.6200000000,µg/m3,2017-08-05 19:00:00 +01:00,2017-08-05 20:00:00 +01:00,1,1
ES,ES.BDCA.AQD,NET_ES131A,STA_ES0125A,,SP_28079017_14_6,SPP_28079017_14_6.1,SAM_28079017_14_6,O3,http://dd.eionet.europa.eu/vocabulary/aq/pollutant/7,hour,68.6700000000,µg/m3,2017-08-05 20:00:00 +01:00,2017-08-05 21:00:00 +01:00,1,1
ES,ES.BDCA.AQD,NET_ES131A,STA_ES0125A,,SP_28079017_14_6,SPP_28079017_14_6.1,SAM_28079017_14_6,O3,http://dd.eionet.europa.eu/vocabulary/aq/pollutant/7,hour,38.9600000000,µg/m3,2017-08-05 21:00:00 +01:00,2017-08-05 22:00:00 +01:00,1,1
ES,ES.BDCA.AQD,NET_ES131A,STA_ES0125A,,SP_28079017_14_6,SPP_28079017_14_6.1,SAM_28079017_14_6,O3,http://dd.eionet.europa.eu/vocabulary/aq/pollutant/7,hour,31.8200000000,µg/m3,2017-08-05 22:00:00 +01:00,2017-08-05 23:00:00 +01:00,1,1
ES,ES.BDCA.AQD,NET_ES131A,STA_ES0125A,,SP_28079017_14_6,SPP_28079017_14_6.1,SAM_28079017_14_6,O3,http://dd.eionet.europa.eu/vocabulary/aq/pollutant/7,hour,48.1499999900,µg/m3,2017-08-05 23:00:00 +01:00,2017-08-06 00:00:00 +01:00,1,1
ES,ES.BDCA.AQD,NET_ES131A,STA_ES0125A,,SP_28079017_14_6,SPP_28079017_14_6.1,SAM_28079017_14_6,O3,http://dd.eionet.europa.eu/vocabulary/aq/pollutant/7,hour,43.7899999900,µg/m3,2017-08-06 00:00:00 +01:00,2017-08-06 01:00:00 +01:00,1,1
ES,ES.BDCA.AQD,NET_ES131A,STA_ES0125A,,SP_28079017_14_6,SPP_28079017_14_6.1,SAM_28079017_14_6,O3,http://dd.eionet.europa.eu/vocabulary/aq/pollutant/7,hour,48.2899999900,µg/m3,2017-08-06 01:00:00 +01:00,2017-08-06 02:00:00 +01:00,1,1
ES,ES.BDCA.AQD,NET_ES131A,STA_ES0125A,,SP_28079017_14_6,SPP_28079017_14_6.1,SAM_28079017_14_6,O3,http://dd.eionet.europa.eu/vocabulary/aq/pollutant/7,hour,49.1800000000,µg/m3,2017-08-06 02:00:00 +01:00,2017-08-06 03:00:00 +01:00,1,1
ES,ES.BDCA.AQD,NET_ES131A,STA_ES0125A,,SP_28079017_14_6,SPP_28079017_14_6.1,SAM_28079017_14_6,O3,http://dd.eionet.europa.eu/vocabulary/aq/pollutant/7,hour,49.6199999900,µg/m3,2017-08-06 03:00:00 +01:00,2017-08-06 04:00:00 +01:00,1,1
ES,ES.BDCA.AQD,NET_ES131A,STA_ES0125A,,SP_28079017_14_6,SPP_28079017_14_6.1,SAM_28079017_14_6,O3,http://dd.eionet.europa.eu/vocabulary/aq/pollutant/7,hour,45.6199999900,µg/m3,2017-08-06 04:00:00 +01:00,2017-08-06 05:00:00 +01:00,1,1
ES,ES.BDCA.AQD,NET_ES131A,STA_ES0125A,,SP_28079017_14_6,SPP_28079017_14_6.1,SAM_28079017_14_6,O3,http://dd.eionet.europa.eu/vocabulary/aq/pollutant/7,hour,39.6300000000,µg/m3,2017-08-06 05:00:00 +01:00,2017-08-06 06:00:00 +01:00,1,1
ES,ES.BDCA.AQD,NET_ES131A,STA_ES0125A,,SP_28079017_14_6,SPP_28079017_14_6.1,SAM_28079017_14_6,O3,http://dd.eionet.europa.eu/vocabulary/aq/pollutant/7,hour,37.7000000000,µg/m3,2017-08-06 06:00:00 +01:00,2017-08-06 07:00:00 +01:00,1,1
ES,ES.BDCA.AQD,NET_ES131A,STA_ES0125A,,SP_28079017_14_6,SPP_28079017_14_6.1,SAM_28079017_14_6,O3,http://dd.eionet.europa.eu/vocabulary/aq/pollutant/7,hour,39.8999999900,µg/m3,2017-08-06 07:00:00 +01:00,2017-08-06 08:00:00 +01:00,1,1
ES,ES.BDCA.AQD,NET_ES131A,STA_ES0125A,,SP_28079017_14_6,SPP_28079017_14_6.1,SAM_28079017_14_6,O3,http://dd.eionet.europa.eu/vocabulary/aq/pollutant/7,hour,45.5200000000,µg/m3,2017-08-06 08:00:00 +01:00,2017-08-06 09:00:00 +01:00,1,1
ES,ES.BDCA.AQD,NET_ES131A,STA_ES0125A,,SP_28079017_14_6,SPP_28079017_14_6.1,SAM_28079017_14_6,O3,http://dd.eionet.europa.eu/vocabulary/aq/pollutant/7,hour,52.6300000000,µg/m3,2017-08-06 09:00:00 +01:00,2017-08-06 10:00:00 +01:00,1,1
ES,ES.BDCA.AQD,NET_ES131A,STA_ES0125A,,SP_28079017_14_6,SPP_28079017_14_6.1,SAM_28079017_14_6,O3,http://dd.eionet.europa.eu/vocabulary/aq/pollutant/7,hour,65.9699999900,µg/m3,2017-08-06 10:00:00 +01:00,2017-08-06 11:00:00 +01:00,1,1
ES,ES.BDCA.AQD,NET_ES131A,STA_ES0125A,,SP_28079017_14_6,SPP_28079017_14_6.1,SAM_28079017_14_6,O3,http://dd.eionet.europa.eu/vocabulary/aq/pollutant/7,hour,84.6200000000,µg/m3,2017-08-06 11:00:00 +01:00,2017-08-06 12:00:00 +01:00,1,1
ES,ES.BDCA.AQD,NET_ES131A,STA_ES0125A,,SP_28079017_14_6,SPP_28079017_14_6.1,SAM_28079017_14_6,O3,http://dd.eionet.europa.eu/vocabulary/aq/pollutant/7,hour,99.7300000000,µg/m3,2017-08-06 12:00:00 +01:00,2017-08-06 13:00:00 +01:00,1,1
ES,ES.BDCA.AQD,NET_ES131A,STA_ES0125A,,SP_28079017_14_6,SPP_28079017_14_6.1,SAM_28079017_14_6,O3,http://dd.eionet.europa.eu/vocabulary/aq/pollutant/7,hour,111.9000000000,µg/m3,2017-08-06 13:00:00 +01:00,2017-08-06 14:00:00 +01:00,1,1
ES,ES.BDCA.AQD,NET_ES131A,STA_ES0125A,,SP_28079017_14_6,SPP_28079017_14_6.1,SAM_28079017_14_6,O3,http://dd.eionet.europa.eu/vocabulary/aq/pollutant/7,hour,121.2000000000,µg/m3,2017-08-06 14:00:00 +01:00,2017-08-06 15:00:00 +01:00,1,1
ES,ES.BDCA.AQD,NET_ES131A,STA_ES0125A,,SP_28079017_14_6,SPP_28079017_14_6.1,SAM_28079017_14_6,O3,http://dd.eionet.europa.eu/vocabulary/aq/pollutant/7,hour,117.5000000000,µg/m3,2017-08-06 15:00:00 +01:00,2017-08-06 16:00:00 +01:00,1,1
ES,ES.BDCA.AQD,NET_ES131A,STA_ES0125A,,SP_28079017_14_6,SPP_28079017_14_6.1,SAM_28079017_14_6,O3,http://dd.eionet.europa.eu/vocabulary/aq/pollutant/7,hour,110.0999999900,µg/m3,2017-08-06 16:00:00 +01:00,2017-08-06 17:00:00 +01:00,1,1
ES,ES.BDCA.AQD,NET_ES131A,STA_ES0125A,,SP_28079017_14_6,SPP_28079017_14_6.1,SAM_28079017_14_6,O3,http://dd.eionet.europa.eu/vocabulary/aq/pollutant/7,hour,107.3000000000,µg/m3,2017-08-06 17:00:00 +01:00,2017-08-06 18:00:00 +01:00,1,1
ES,ES.BDCA.AQD,NET_ES131A,STA_ES0125A,,SP_28079017_14_6,SPP_28079017_14_6.1,SAM_28079017_14_6,O3,http://dd.eionet.europa.eu/vocabulary/aq/pollutant/7,hour,101.2000000000,µg/m3,2017-08-06 18:00:00 +01:00,2017-08-06 19:00:00 +01:00,1,1
ES,ES.BDCA.AQD,NET_ES131A,STA_ES0125A,,SP_28079017_14_6,SPP_28079017_14_6.1,SAM_28079017_14_6,O3,http://dd.eionet.europa.eu/vocabulary/aq/pollutant/7,hour,95.7099999900,µg/m3,2017-08-06 19:00:00 +01:00,2017-08-06 20:00:00 +01:00,1,1
ES,ES.BDCA.AQD,NET_ES131A,STA_ES0125A,,SP_28079017_14_6,SPP_28079017_14_6.1,SAM_28079017_14_6,O3,http://dd.eionet.europa.eu/vocabulary/aq/pollutant/7,hour,78.4000000000,µg/m3,2017-08-06 20:00:00 +01:00,2017-08-06 21:00:00 +01:00,1,1
ES,ES.BDCA.AQD,NET_ES131A,STA_ES0125A,,SP_28079017_14_6,SPP_28079017_14_6.1,SAM_28079017_14_6,O3,http://dd.eionet.europa.eu/vocabulary/aq/pollutant/7,hour,69.7900000000,µg/m3,2017-08-06 21:00:00 +01:00,2017-08-06 22:00:00 +01:00,1,1
ES,ES.BDCA.AQD,NET_ES131A,STA_ES0125A,,SP_28079017_14_6,SPP_28079017_14_6.1,SAM_28079017_14_6,O3,http://dd.eionet.europa.eu/vocabulary/aq/pollutant/7,hour,77.6200000000,µg/m3,2017-08-06 22:00:00 +01:00,2017-08-06 23:00:00 +01:00,1,1
ES,ES.BDCA.AQD,NET_ES131A,STA_ES0125A,,SP_28079017_14_6,SPP_28079017_14_6.1,SAM_28079017_14_6,O3,http://dd.eionet.europa.eu/vocabulary/aq/pollutant/7,hour,65.9000000000,µg/m3,2017-08-06 23:00:00 +01:00,2017-08-07 00:00:00 +01:00,1,1
ES,ES.BDCA.AQD,NET_ES131A,STA_ES0125A,,SP_28079017_14_6,SPP_28079017_14_6.1,SAM_28079017_14_6,O3,http://dd.eionet.europa.eu/vocabulary/aq/pollutant/7,hour,64.9099999900,µg/m3,2017-08-07 00:00:00 +01:00,2017-08-07 01:00:00 +01:00,1,1
ES,ES.BDCA.AQD,NET_ES131A,STA_ES0125A,,SP_28079017_14_6,SPP_28079017_14_6.1,SAM_28079017_14_6,O3,http://dd.eionet.europa.eu/vocabulary/aq/pollutant/7,hour,50.6300000000,µg/m3,2017-08-07 01:00:00 +01:00,2017-08-07 02:00:00 +01:00,1,1
ES,ES.BDCA.AQD,NET_ES131A,STA_ES0125A,,SP_28079017_14_6,SPP_28079017_14_6.1,SAM_28079017_14_6,O3,http://dd.eionet.europa.eu/vocabulary/aq/pollutant/7,hour,50.5499999900,µg/m3,2017-08-07 02:00:00 +01:00,2017-08-07 03:00:00 +01:00,1,1
ES,ES.BDCA.AQD,NET_ES131A,STA_ES0125A,,SP_28079017_14_6,SPP_28079017_14_6.1,SAM_28079017_14_6,O3,http://dd.eionet.europa.eu/vocabulary/aq/pollutant/7,hour,43.8999999900,µg/m3,2017-08-07 03:00:00 +01:00,2017-08-07 04:00:00 +01:00,1,1
ES,ES.BDCA.AQD,NET_ES131A,STA_ES0125A,,SP_28079017_14_6,SPP_28079017_14_6.1,SAM_28079017_14_6,O3,http://dd.eionet.europa.eu/vocabulary/aq/pollutant/7,hour,39.6700000000,µg/m3,2017-08-07 04:00:00 +01:00,2017-08-07 05:00:00 +01:00,1,1
ES,ES.BDCA.AQD,NET_ES131A,STA_ES0125A,,SP_28079017_14_6,SPP_28079017_14_6.1,SAM_28079017_14_6,O3,http://dd.eionet.europa.eu/vocabulary/aq/pollutant/7,hour,31.1499999900,µg/m3,2017-08-07 05:00:00 +01:00,2017-08-07 06:00:00 +01:00,1,1
ES,ES.BDCA.AQD,NET_ES131A,STA_ES0125A,,SP_28079017_14_6,SPP_28079017_14_6.1,SAM_28079017_14_6,O3,http://dd.eionet.europa.eu/vocabulary/aq/pollutant/7,hour,21.7100000000,µg/m3,2017-08-07 06:00:00 +01:00,2017-08-07 07:00:00 +01:00,1,1
ES,ES.BDCA.AQD,NET_ES131A,STA_ES0125A,,SP_28079017_14_6,SPP_28079017_14_6.1,SAM_28079017_14_6,O3,http://dd.eionet.europa.eu/vocabulary/aq/pollutant/7,hour,22.9200000000,µg/m3,2017-08-07 07:00:00 +01:00,2017-08-07 08:00:00 +01:00,1,1
ES,ES.BDCA.AQD,NET_ES131A,STA_ES0125A,,SP_28079017_14_6,SPP_28079017_14_6.1,SAM_28079017_14_6,O3,http://dd.eionet.europa.eu/vocabulary/aq/pollutant/7,hour,31.2500000000,µg/m3,2017-08-07 08:00:00 +01:00,2017-08-07 09:00:00 +01:00,1,1
ES,ES.BDCA.AQD,NET_ES131A,STA_ES0125A,,SP_28079017_14_6,SPP_28079017_14_6.1,SAM_28079017_14_6,O3,http://dd.eionet.europa.eu/vocabulary/aq/pollutant/7,hour,56.5399999900,µg/m3,2017-08-07 09:00:00 +01:00,2017-08-07 10:00:00 +01:00,1,1
ES,ES.BDCA.AQD,NET_ES131A,STA_ES0125A,,SP_28079017_14_6,SPP_28079017_14_6.1,SAM_28079017_14_6,O3,http://dd.eionet.europa.eu/vocabulary/aq/pollutant/7,hour,90.2600000000,µg/m3,2017-08-07 10:00:00 +01:00,2017-08-07 11:00:00 +01:00,1,1
ES,ES.BDCA.AQD,NET_ES131A,STA_ES0125A,,SP_28079017_14_6,SPP_28079017_14_6.1,SAM_28079017_14_6,O3,http://dd.eionet.europa.eu/vocabulary/aq/pollutant/7,hour,106.2000000000,µg/m3,2017-08-07 11:00:00 +01:00,2017-08-07 12:00:00 +01:00,1,1
ES,ES.BDCA.AQD,NET_ES131A,STA_ES0125A,,SP_28079017_14_6,SPP_28079017_14_6.1,SAM_28079017_14_6,O3,http://dd.eionet.europa.eu/vocabulary/aq/pollutant/7,hour,110.5000000000,µg/m3,2017-08-07 12:00:00 +01:00,2017-08-07 13:00:00 +01:00,1,1
ES,ES.BDCA.AQD,NET_ES131A,STA_ES0125A,,SP_28079017_14_6,SPP_28079017_14_6.1,SAM_28079017_14_6,O3,http://dd.eionet.europa.eu/vocabulary/aq/pollutant/7,hour,115.5999999900,µg/m3,2017-08-07 13:00:00 +01:00,2017-08-07 14:00:00 +01:00,1,1
ES,ES.BDCA.AQD,NET_ES131A,STA_ES0125A,,SP_28079017_14_6,SPP_28079017_14_6.1,SAM_28079017_14_6,O3,http://dd.eionet.europa.eu/vocabulary/aq/pollutant/7,hour,115.8000000000,µg/m3,2017-08-07 14:00:00 +01:00,2017-08-07 15:00:00 +01:00,1,1
ES,ES.BDCA.AQD,NET_ES131A,STA_ES0125A,,SP_28079017_14_6,SPP_28079017_14_6.1,SAM_28079017_14_6,O3,http://dd.eionet.europa.eu/vocabulary/aq/pollutant/7,hour,115.8000000000,µg/m3,2017-08-07 15:00:00 +01:00,2017-08-07 16:00:00 +01:00,1,1
ES,ES.BDCA.AQD,NET_ES131A,STA_ES0125A,,SP_28079017_14_6,SPP_28079017_14_6.1,SAM_28079017_14_6,O3,http://dd.eionet.europa.eu/vocabulary/aq/pollutant/7,hour,101.0000000000,µg/m3,2017-08-07 16:00:00 +01:00,2017-08-07 17:00:00 +01:00,1,1
ES,ES.BDCA.AQD,NET_ES131A,STA_ES0125A,,SP_28079017_14_6,SPP_28079017_14_6.1,SAM_28079017_14_6,O3,http://dd.eionet.europa.eu/vocabulary/aq/pollutant/7,hour,93.1899999900,µg/m3,2017-08-07 17:00:00 +01:00,2017-08-07 18:00:00 +01:00,1,1
ES,ES.BDCA.AQD,NET_ES131A,STA_ES0125A,,SP_28079017_14_6,SPP_28079017_14_6.1,SAM_28079017_14_6,O3,http://dd.eionet.europa.eu/vocabulary/aq/pollutant/7,hour,87.4200000000,µg/m3,2017-08-07 18:00:00 +01:00,2017-08-07 19:00:00 +01:00,1,1
ES,ES.BDCA.AQD,NET_ES131A,STA_ES0125A,,SP_28079017_14_6,SPP_28079017_14_6.1,SAM_28079017_14_6,O3,http://dd.eionet.europa.eu/vocabulary/aq/pollutant/7,hour,87.8299999900,µg/m3,2017-08-07 19:00:00 +01:00,2017-08-07 20:00:00 +01:00,1,1
ES,ES.BDCA.AQD,NET_ES131A,STA_ES0125A,,SP_28079017_14_6,SPP_28079017_14_6.1,SAM_28079017_14_6,O3,http://dd.eionet.europa.eu/vocabulary/aq/pollutant/7,hour,84.4800000000,µg/m3,2017-08-07 20:00:00 +01:00,2017-08-07 21:00:00 +01:00,1,1
ES,ES.BDCA.AQD,NET_ES131A,STA_ES0125A,,SP_28079017_14_6,SPP_28079017_14_6.1,SAM_28079017_14_6,O3,http://dd.eionet.europa.eu/vocabulary/aq/pollutant/7,hour,85.8900000000,µg/m3,2017-08-07 21:00:00 +01:00,2017-08-07 22:00:00 +01:00,1,1
ES,ES.BDCA.AQD,NET_ES131A,STA_ES0125A,,SP_28079017_14_6,SPP_28079017_14_6.1,SAM_28079017_14_6,O3,http://dd.eionet.europa.eu/vocabulary/aq/pollutant/7,hour,92.2199999900,µg/m3,2017-08-07 22:00:00 +01:00,2017-08-07 23:00:00 +01:00,1,1
ES,ES.BDCA.AQD,NET_ES131A,STA_ES0125A,,SP_28079017_14_6,SPP_28079017_14_6.1,SAM_28079017_14_6,O3,http://dd.eionet.europa.eu/vocabulary/aq/pollutant/7,hour,93.0000000000,µg/m3,2017-08-07 23:00:00 +01:00,2017-08-08 00:00:00 +01:00,1,1
ES,ES.BDCA.AQD,NET_ES131A,STA_ES0125A,,SP_28079017_14_6,SPP_28079017_14_6.1,SAM_28079017_14_6,O3,http://dd.eionet.europa.eu/vocabulary/aq/pollutant/7,hour,82.9200000000,µg/m3,2017-08-08 00:00:00 +01:00,2017-08-08 01:00:00 +01:00,1,1
ES,ES.BDCA.AQD,NET_ES131A,STA_ES0125A,,SP_28079017_14_6,SPP_28079017_14_6.1,SAM_28079017_14_6,O3,http://dd.eionet.europa.eu/vocabulary/aq/pollutant/7,hour,82.4699999900,µg/m3,2017-08-08 01:00:00 +01:00,2017-08-08 02:00:00 +01:00,1,1
ES,ES.BDCA.AQD,NET_ES131A,STA_ES0125A,,SP_28079017_14_6,SPP_28079017_14_6.1,SAM_28079017_14_6,O3,http://dd.eionet.europa.eu/vocabulary/aq/pollutant/7,hour,79.6400000000,µg/m3,2017-08-08 02:00:00 +01:00,2017-08-08 03:00:00 +01:00,1,1
ES,ES.BDCA.AQD,NET_ES131A,STA_ES0125A,,SP_28079017_14_6,SPP_28079017_14_6.1,SAM_28079017_14_6,O3,http://dd.eionet.europa.eu/vocabulary/aq/pollutant/7,hour,72.1800000000,µg/m3,2017-08-08 03:00:00 +01:00,2017-08-08 04:00:00 +01:00,1,1
ES,ES.BDCA.AQD,NET_ES131A,STA_ES0125A,,SP_28079017_14_6,SPP_28079017_14_6.1,SAM_28079017_14_6,O3,http://dd.eionet.europa.eu/vocabulary/aq/pollutant/7,hour,71.4099999900,µg/m3,2017-08-08 04:00:00 +01:00,2017-08-08 05:00:00 +01:00,1,1
ES,ES.BDCA.AQD,NET_ES131A,STA_ES0125A,,SP_28079017_14_6,SPP_28079017_14_6.1,SAM_28079017_14_6,O3,http://dd.eionet.europa.eu/vocabulary/aq/pollutant/7,hour,61.4799999900,µg/m3,2017-08-08 05:00:00 +01:00,2017-08-08 06:00:00 +01:00,1,1
ES,ES.BDCA.AQD,NET_ES131A,STA_ES0125A,,SP_28079017_14_6,SPP_28079017_14_6.1,SAM_28079017_14_6,O3,http://dd.eionet.europa.eu/vocabulary/aq/pollutant/7,hour,45.3200000000,µg/m3,2017-08-08 06:00:00 +01:00,2017-08-08 07:00:00 +01:00,1,1
ES,ES.BDCA.AQD,NET_ES131A,STA_ES0125A,,SP_28079017_14_6,SPP_28079017_14_6.1,SAM_28079017_14_6,O3,http://dd.eionet.europa.eu/vocabulary/aq/pollutant/7,hour,38.7100000000,µg/m3,2017-08-08 07:00:00 +01:00,2017-08-08 08:00:00 +01:00,1,1
ES,ES.BDCA.AQD,NET_ES131A,STA_ES0125A,,SP_28079017_14_6,SPP_28079017_14_6.1,SAM_28079017_14_6,O3,http://dd.eionet.europa.eu/vocabulary/aq/pollutant/7,hour,55.7899999900,µg/m3,2017-08-08 08:00:00 +01:00,2017-08-08 09:00:00 +01:00,1,1
ES,ES.BDCA.AQD,NET_ES131A,STA_ES0125A,,SP_28079017_14_6,SPP_28079017_14_6.1,SAM_28079017_14_6,O3,http://dd.eionet.europa.eu/vocabulary/aq/pollutant/7,hour,57.6199999900,µg/m3,2017-08-08 09:00:00 +01:00,2017-08-08 10:00:00 +01:00,1,1
ES,ES.BDCA.AQD,NET_ES131A,STA_ES0125A,,SP_28079017_14_6,SPP_28079017_14_6.1,SAM_28079017_14_6,O3,http://dd.eionet.europa.eu/vocabulary/aq/pollutant/7,hour,67.3900000000,µg/m3,2017-08-08 10:00:00 +01:00,2017-08-08 11:00:00 +01:00,1,1
ES,ES.BDCA.AQD,NET_ES131A,STA_ES0125A,,SP_28079017_14_6,SPP_28079017_14_6.1,SAM_28079017_14_6,O3,http://dd.eionet.europa.eu/vocabulary/aq/pollutant/7,hour,82.9800000000,µg/m3,2017-08-08 11:00:00 +01:00,2017-08-08 12:00:00 +01:00,1,1
ES,ES.BDCA.AQD,NET_ES131A,STA_ES0125A,,SP_28079017_14_6,SPP_28079017_14_6.1,SAM_28079017_14_6,O3,http://dd.eionet.europa.eu/vocabulary/aq/pollutant/7,hour,92.6800000000,µg/m3,2017-08-08 12:00:00 +01:00,2017-08-08 13:00:00 +01:00,1,1
ES,ES.BDCA.AQD,NET_ES131A,STA_ES0125A,,SP_28079017_14_6,SPP_28079017_14_6.1,SAM_28079017_14_6,O3,http://dd.eionet.europa.eu/vocabulary/aq/pollutant/7,hour,101.4000000000,µg/m3,2017-08-08 13:00:00 +01:00,2017-08-08 14:00:00 +01:00,1,1
ES,ES.BDCA.AQD,NET_ES131A,STA_ES0125A,,SP_28079017_14_6,SPP_28079017_14_6.1,SAM_28079017_14_6,O3,http://dd.eionet.europa.eu/vocabulary/aq/pollutant/7,hour,114.5999999900,µg/m3,2017-08-08 14:00:00 +01:00,2017-08-08 15:00:00 +01:00,1,1
ES,ES.BDCA.AQD,NET_ES131A,STA_ES0125A,,SP_28079017_14_6,SPP_28079017_14_6.1,SAM_28079017_14_6,O3,http://dd.eionet.europa.eu/vocabulary/aq/pollutant/7,hour,107.8000000000,µg/m3,2017-08-08 15:00:00 +01:00,2017-08-08 16:00:00 +01:00,1,1
ES,ES.BDCA.AQD,NET_ES131A,STA_ES0125A,,SP_28079017_14_6,SPP_28079017_14_6.1,SAM_28079017_14_6,O3,http://dd.eionet.europa.eu/vocabulary/aq/pollutant/7,hour,97.7099999900,µg/m3,2017-08-08 16:00:00 +01:00,2017-08-08 17:00:00 +01:00,1,1
ES,ES.BDCA.AQD,NET_ES131A,STA_ES0125A,,SP_28079017_14_6,SPP_28079017_14_6.1,SAM_28079017_14_6,O3,http://dd.eionet.europa.eu/vocabulary/aq/pollutant/7,hour,95.2099999900,µg/m3,2017-08-08 17:00:00 +01:00,2017-08-08 18:00:00 +01:00,1,1
ES,ES.BDCA.AQD,NET_ES131A,STA_ES0125A,,SP_28079017_14_6,SPP_28079017_14_6.1,SAM_28079017_14_6,O3,http://dd.eionet.europa.eu/vocabulary/aq/pollutant/7,hour,90.8199999900,µg/m3,2017-08-08 18:00:00 +01:00,2017-08-08 19:00:00 +01:00,1,1
ES,ES.BDCA.AQD,NET_ES131A,STA_ES0125A,,SP_28079017_14_6,SPP_28079017_14_6.1,SAM_28079017_14_6,O3,http://dd.eionet.europa.eu/vocabulary/aq/pollutant/7,hour,86.8100000000,µg/m3,2017-08-08 19:00:00 +01:00,2017-08-08 20:00:00 +01:00,1,1
ES,ES.BDCA.AQD,NET_ES131A,STA_ES0125A,,SP_28079017_14_6,SPP_28079017_14_6.1,SAM_28079017_14_6,O3,http://dd.eionet.europa.eu/vocabulary/aq/pollutant/7,hour,80.5499999900,µg/m3,2017-08-08 20:00:00 +01:00,2017-08-08 21:00:00 +01:00,1,1
ES,ES.BDCA.AQD,NET_ES131A,STA_ES0125A,,SP_28079017_14_6,SPP_28079017_14_6.1,SAM_28079017_14_6,O3,http://dd.eionet.europa.eu/vocabulary/aq/pollutant/7,hour,63.7899999900,µg/m3,2017-08-08 21:00:00 +01:00,2017-08-08 22:00:00 +01:00,1,1
ES,ES.BDCA.AQD,NET_ES131A,STA_ES0125A,,SP_28079017_14_6,SPP_28079017_14_6.1,SAM_28079017_14_6,O3,http://dd.eionet.europa.eu/vocabulary/aq/pollutant/7,hour,62.7299999900,µg/m3,2017-08-08 22:00:00 +01:00,2017-08-08 23:00:00 +01:00,1,1
ES,ES.BDCA.AQD,NET_ES131A,STA_ES0125A,,SP_28079017_14_6,SPP_28079017_14_6.1,SAM_28079017_14_6,O3,http://dd.eionet.europa.eu/vocabulary/aq/pollutant/7,hour,72.8400000000,µg/m3,2017-08-08 23:00:00 +01:00,2017-08-09 00:00:00 +01:00,1,1
ES,ES.BDCA.AQD,NET_ES131A,STA_ES0125A,,SP_28079017_14_6,SPP_28079017_14_6.1,SAM_28079017_14_6,O3,http://dd.eionet.europa.eu/vocabulary/aq/pollutant/7,hour,72.2300000000,µg/m3,2017-08-09 00:00:00 +01:00,2017-08-09 01:00:00 +01:00,1,1
ES,ES.BDCA.AQD,NET_ES131A,STA_ES0125A,,SP_28079017_14_6,SPP_28079017_14_6.1,SAM_28079017_14_6,O3,http://dd.eionet.europa.eu/vocabulary/aq/pollutant/7,hour,65.0900000000,µg/m3,2017-08-09 01:00:00 +01:00,2017-08-09 02:00:00 +01:00,1,1
ES,ES.BDCA.AQD,NET_ES131A,STA_ES0125A,,SP_28079017_14_6,SPP_28079017_14_6.1,SAM_28079017_14_6,O3,http://dd.eionet.europa.eu/vocabulary/aq/pollutant/7,hour,58.7100000000,µg/m3,2017-08-09 02:00:00 +01:00,2017-08-09 03:00:00 +01:00,1,1
ES,ES.BDCA.AQD,NET_ES131A,STA_ES0125A,,SP_28079017_14_6,SPP_28079017_14_6.1,SAM_28079017_14_6,O3,http://dd.eionet.europa.eu/vocabulary/aq/pollutant/7,hour,61.9600000000,µg/m3,2017-08-09 03:00:00 +01:00,2017-08-09 04:00:00 +01:00,1,1
ES,ES.BDCA.AQD,NET_ES131A,STA_ES0125A,,SP_28079017_14_6,SPP_28079017_14_6.1,SAM_28079017_14_6,O3,http://dd.eionet.europa.eu/vocabulary/aq/pollutant/7,hour,58.7500000000,µg/m3,2017-08-09 04:00:00 +01:00,2017-08-09 05:00:00 +01:00,1,1
ES,ES.BDCA.AQD,NET_ES131A,STA_ES0125A,,SP_28079017_14_6,SPP_28079017_14_6.1,SAM_28079017_14_6,O3,http://dd.eionet.europa.eu/vocabulary/aq/pollutant/7,hour,47.2800000000,µg/m3,2017-08-09 05:00:00 +01:00,2017-08-09 06:00:00 +01:00,1,1
ES,ES.BDCA.AQD,NET_ES131A,STA_ES0125A,,SP_28079017_14_6,SPP_28079017_14_6.1,SAM_28079017_14_6,O3,http://dd.eionet.europa.eu/vocabulary/aq/pollutant/7,hour,22.4499999900,µg/m3,2017-08-09 06:00:00 +01:00,2017-08-09 07:00:00 +01:00,1,1
ES,ES.BDCA.AQD,NET_ES131A,STA_ES0125A,,SP_28079017_14_6,SPP_28079017_14_6.1,SAM_28079017_14_6,O3,http://dd.eionet.europa.eu/vocabulary/aq/pollutant/7,hour,23.1600000000,µg/m3,2017-08-09 07:00:00 +01:00,2017-08-09 08:00:00 +01:00,1,1
ES,ES.BDCA.AQD,NET_ES131A,STA_ES0125A,,SP_28079017_14_6,SPP_28079017_14_6.1,SAM_28079017_14_6,O3,http://dd.eionet.europa.eu/vocabulary/aq/pollutant/7,hour,33.2700000000,µg/m3,2017-08-09 08:00:00 +01:00,2017-08-09 09:00:00 +01:00,1,1
ES,ES.BDCA.AQD,NET_ES131A,STA_ES0125A,,SP_28079017_14_6,SPP_28079017_14_6.1,SAM_28079017_14_6,O3,http://dd.eionet.europa.eu/vocabulary/aq/pollutant/7,hour,42.1800000000,µg/m3,2017-08-09 09:00:00 +01:00,2017-08-09 10:00:00 +01:00,1,1
ES,ES.BDCA.AQD,NET_ES131A,STA_ES0125A,,SP_28079017_14_6,SPP_28079017_14_6.1,SAM_28079017_14_6,O3,http://dd.eionet.europa.eu/vocabulary/aq/pollutant/7,hour,63.3599999900,µg/m3,2017-08-09 10:00:00 +01:00,2017-08-09 11:00:00 +01:00,1,1
ES,ES.BDCA.AQD,NET_ES131A,STA_ES0125A,,SP_28079017_14_6,SPP_28079017_14_6.1,SAM_28079017_14_6,O3,http://dd.eionet.europa.eu/vocabulary/aq/pollutant/7,hour,74.8700000000,µg/m3,2017-08-09 11:00:00 +01:00,2017-08-09 12:00:00 +01:00,1,1
ES,ES.BDCA.AQD,NET_ES131A,STA_ES0125A,,SP_28079017_14_6,SPP_28079017_14_6.1,SAM_28079017_14_6,O3,http://dd.eionet.europa.eu/vocabulary/aq/pollutant/7,hour,85.5499999900,µg/m3,2017-08-09 12:00:00 +01:00,2017-08-09 13:00:00 +01:00,1,1
ES,ES.BDCA.AQD,NET_ES131A,STA_ES0125A,,SP_28079017_14_6,SPP_28079017_14_6.1,SAM_28079017_14_6,O3,http://dd.eionet.europa.eu/vocabulary/aq/pollutant/7,hour,105.2000000000,µg/m3,2017-08-09 13:00:00 +01:00,2017-08-09 14:00:00 +01:00,1,1
ES,ES.BDCA.AQD,NET_ES131A,STA_ES0125A,,SP_28079017_14_6,SPP_28079017_14_6.1,SAM_28079017_14_6,O3,http://dd.eionet.europa.eu/vocabulary/aq/pollutant/7,hour,104.0999999900,µg/m3,2017-08-09 14:00:00 +01:00,2017-08-09 15:00:00 +01:00,1,1
ES,ES.BDCA.AQD,NET_ES131A,STA_ES0125A,,SP_28079017_14_6,SPP_28079017_14_6.1,SAM_28079017_14_6,O3,http://dd.eionet.europa.eu/vocabulary/aq/pollutant/7,hour,97.7500000000,µg/m3,2017-08-09 15:00:00 +01:00,2017-08-09 16:00:00 +01:00,1,1
ES,ES.BDCA.AQD,NET_ES131A,STA_ES0125A,,SP_28079017_14_6,SPP_28079017_14_6.1,SAM_28079017_14_6,O3,http://dd.eionet.europa.eu/vocabulary/aq/pollutant/7,hour,95.1899999900,µg/m3,2017-08-09 16:00:00 +01:00,2017-08-09 17:00:00 +01:00,1,1
ES,ES.BDCA.AQD,NET_ES131A,STA_ES0125A,,SP_28079017_14_6,SPP_28079017_14_6.1,SAM_28079017_14_6,O3,http://dd.eionet.europa.eu/vocabulary/aq/pollutant/7,hour,92.2600000000,µg/m3,2017-08-09 17:00:00 +01:00,2017-08-09 18:00:00 +01:00,1,1
ES,ES.BDCA.AQD,NET_ES131A,STA_ES0125A,,SP_28079017_14_6,SPP_28079017_14_6.1,SAM_28079017_14_6,O3,http://dd.eionet.europa.eu/vocabulary/aq/pollutant/7,hour,80.5799999900,µg/m3,2017-08-09 18:00:00 +01:00,2017-08-09 19:00:00 +01:00,1,1
ES,ES.BDCA.AQD,NET_ES131A,STA_ES0125A,,SP_28079017_14_6,SPP_28079017_14_6.1,SAM_28079017_14_6,O3,http://dd.eionet.europa.eu/vocabulary/aq/pollutant/7,hour,71.4599999900,µg/m3,2017-08-09 19:00:00 +01:00,2017-08-09 20:00:00 +01:00,1,1
ES,ES.BDCA.AQD,NET_ES131A,STA_ES0125A,,SP_28079017_14_6,SPP_28079017_14_6.1,SAM_28079017_14_6,O3,http://dd.eionet.europa.eu/vocabulary/aq/pollutant/7,hour,67.9800000000,µg/m3,2017-08-09 20:00:00 +01:00,2017-08-09 21:00:00 +01:00,1,1
ES,ES.BDCA.AQD,NET_ES131A,STA_ES0125A,,SP_28079017_14_6,SPP_28079017_14_6.1,SAM_28079017_14_6,O3,http://dd.eionet.europa.eu/vocabulary/aq/pollutant/7,hour,66.1800000000,µg/m3,2017-08-09 21:00:00 +01:00,2017-08-09 22:00:00 +01:00,1,1
ES,ES.BDCA.AQD,NET_ES131A,STA_ES0125A,,SP_28079017_14_6,SPP_28079017_14_6.1,SAM_28079017_14_6,O3,http://dd.eionet.europa.eu/vocabulary/aq/pollutant/7,hour,70.4699999900,µg/m3,2017-08-09 22:00:00 +01:00,2017-08-09 23:00:00 +01:00,1,1
ES,ES.BDCA.AQD,NET_ES131A,STA_ES0125A,,SP_28079017_14_6,SPP_28079017_14_6.1,SAM_28079017_14_6,O3,http://dd.eionet.europa.eu/vocabulary/aq/pollutant/7,hour,72.9000000000,µg/m3,2017-08-09 23:00:00 +01:00,2017-08-10 00:00:00 +01:00,1,1
ES,ES.BDCA.AQD,NET_ES131A,STA_ES0125A,,SP_28079017_14_6,SPP_28079017_14_6.1,SAM_28079017_14_6,O3,http://dd.eionet.europa.eu/vocabulary/aq/pollutant/7,hour,74.7600000000,µg/m3,2017-08-10 00:00:00 +01:00,2017-08-10 01:00:00 +01:00,1,1
ES,ES.BDCA.AQD,NET_ES131A,STA_ES0125A,,SP_28079017_14_6,SPP_28079017_14_6.1,SAM_28079017_14_6,O3,http://dd.eionet.europa.eu/vocabulary/aq/pollutant/7,hour,73.7900000000,µg/m3,2017-08-10 01:00:00 +01:00,2017-08-10 02:00:00 +01:00,1,1
ES,ES.BDCA.AQD,NET_ES131A,STA_ES0125A,,SP_28079017_14_6,SPP_28079017_14_6.1,SAM_28079017_14_6,O3,http://dd.eionet.europa.eu/vocabulary/aq/pollutant/7,hour,71.6200000000,µg/m3,2017-08-10 02:00:00 +01:00,2017-08-10 03:00:00 +01:00,1,1
ES,ES.BDCA.AQD,NET_ES131A,STA_ES0125A,,SP_28079017_14_6,SPP_28079017_14_6.1,SAM_28079017_14_6,O3,http://dd.eionet.europa.eu/vocabulary/aq/pollutant/7,hour,69.8900000000,µg/m3,2017-08-10 03:00:00 +01:00,2017-08-10 04:00:00 +01:00,1,1
ES,ES.BDCA.AQD,NET_ES131A,STA_ES0125A,,SP_28079017_14_6,SPP_28079017_14_6.1,SAM_28079017_14_6,O3,http://dd.eionet.europa.eu/vocabulary/aq/pollutant/7,hour,69.1700000000,µg/m3,2017-08-10 04:00:00 +01:00,2017-08-10 05:00:00 +01:00,1,1
ES,ES.BDCA.AQD,NET_ES131A,STA_ES0125A,,SP_28079017_14_6,SPP_28079017_14_6.1,SAM_28079017_14_6,O3,http://dd.eionet.europa.eu/vocabulary/aq/pollutant/7,hour,64.4099999900,µg/m3,2017-08-10 05:00:00 +01:00,2017-08-10 06:00:00 +01:00,1,1
ES,ES.BDCA.AQD,NET_ES131A,STA_ES0125A,,SP_28079017_14_6,SPP_28079017_14_6.1,SAM_28079017_14_6,O3,http://dd.eionet.europa.eu/vocabulary/aq/pollutant/7,hour,58.2599999900,µg/m3,2017-08-10 06:00:00 +01:00,2017-08-10 07:00:00 +01:00,1,1
ES,ES.BDCA.AQD,NET_ES131A,STA_ES0125A,,SP_28079017_14_6,SPP_28079017_14_6.1,SAM_28079017_14_6,O3,http://dd.eionet.europa.eu/vocabulary/aq/pollutant/7,hour,53.2899999900,µg/m3,2017-08-10 07:00:00 +01:00,2017-08-10 08:00:00 +01:00,1,1
ES,ES.BDCA.AQD,NET_ES131A,STA_ES0125A,,SP_28079017_14_6,SPP_28079017_14_6.1,SAM_28079017_14_6,O3,http://dd.eionet.europa.eu/vocabulary/aq/pollutant/7,hour,55.8299999900,µg/m3,2017-08-10 08:00:00 +01:00,2017-08-10 09:00:00 +01:00,1,1
ES,ES.BDCA.AQD,NET_ES131A,STA_ES0125A,,SP_28079017_14_6,SPP_28079017_14_6.1,SAM_28079017_14_6,O3,http://dd.eionet.europa.eu/vocabulary/aq/pollutant/7,hour,67.1299999900,µg/m3,2017-08-10 09:00:00 +01:00,2017-08-10 10:00:00 +01:00,1,1
ES,ES.BDCA.AQD,NET_ES131A,STA_ES0125A,,SP_28079017_14_6,SPP_28079017_14_6.1,SAM_28079017_14_6,O3,http://dd.eionet.europa.eu/vocabulary/aq/pollutant/7,hour,70.8900000000,µg/m3,2017-08-10 10:00:00 +01:00,2017-08-10 11:00:00 +01:00,1,1
ES,ES.BDCA.AQD,NET_ES131A,STA_ES0125A,,SP_28079017_14_6,SPP_28079017_14_6.1,SAM_28079017_14_6,O3,http://dd.eionet.europa.eu/vocabulary/aq/pollutant/7,hour,73.9200000000,µg/m3,2017-08-10 11:00:00 +01:00,2017-08-10 12:00:00 +01:00,1,1
ES,ES.BDCA.AQD,NET_ES131A,STA_ES0125A,,SP_28079017_14_6,SPP_28079017_14_6.1,SAM_28079017_14_6,O3,http://dd.eionet.europa.eu/vocabulary/aq/pollutant/7,hour,77.0100000000,µg/m3,2017-08-10 12:00:00 +01:00,2017-08-10 13:00:00 +01:00,1,1
ES,ES.BDCA.AQD,NET_ES131A,STA_ES0125A,,SP_28079017_14_6,SPP_28079017_14_6.1,SAM_28079017_14_6,O3,http://dd.eionet.europa.eu/vocabulary/aq/pollutant/7,hour,80.2199999900,µg/m3,2017-08-10 13:00:00 +01:00,2017-08-10 14:00:00 +01:00,1,1
ES,ES.BDCA.AQD,NET_ES131A,STA_ES0125A,,SP_28079017_14_6,SPP_28079017_14_6.1,SAM_28079017_14_6,O3,http://dd.eionet.europa.eu/vocabulary/aq/pollutant/7,hour,81.7600000000,µg/m3,2017-08-10 14:00:00 +01:00,2017-08-10 15:00:00 +01:00,1,1
ES,ES.BDCA.AQD,NET_ES131A,STA_ES0125A,,SP_28079017_14_6,SPP_28079017_14_6.1,SAM_28079017_14_6,O3,http://dd.eionet.europa.eu/vocabulary/aq/pollutant/7,hour,83.3100000000,µg/m3,2017-08-10 15:00:00 +01:00,2017-08-10 16:00:00 +01:00,1,1
ES,ES.BDCA.AQD,NET_ES131A,STA_ES0125A,,SP_28079017_14_6,SPP_28079017_14_6.1,SAM_28079017_14_6,O3,http://dd.eionet.europa.eu/vocabulary/aq/pollutant/7,hour,86.3199999900,µg/m3,2017-08-10 16:00:00 +01:00,2017-08-10 17:00:00 +01:00,1,1
ES,ES.BDCA.AQD,NET_ES131A,STA_ES0125A,,SP_28079017_14_6,SPP_28079017_14_6.1,SAM_28079017_14_6,O3,http://dd.eionet.europa.eu/vocabulary/aq/pollutant/7,hour,89.9000000000,µg/m3,2017-08-10 17:00:00 +01:00,2017-08-10 18:00:00 +01:00,1,1
ES,ES.BDCA.AQD,NET_ES131A,STA_ES0125A,,SP_28079017_14_6,SPP_28079017_14_6.1,SAM_28079017_14_6,O3,http://dd.eionet.europa.eu/vocabulary/aq/pollutant/7,hour,93.1899999900,µg/m3,2017-08-10 18:00:00 +01:00,2017-08-10 19:00:00 +01:00,1,1
ES,ES.BDCA.AQD,NET_ES131A,STA_ES0125A,,SP_28079017_14_6,SPP_28079017_14_6.1,SAM_28079017_14_6,O3,http://dd.eionet.europa.eu/vocabulary/aq/pollutant/7,hour,88.8700000000,µg/m3,2017-08-10 19:00:00 +01:00,2017-08-10 20:00:00 +01:00,1,1
ES,ES.BDCA.AQD,NET_ES131A,STA_ES0125A,,SP_28079017_14_6,SPP_28079017_14_6.1,SAM_28079017_14_6,O3,http://dd.eionet.europa.eu/vocabulary/aq/pollutant/7,hour,73.3199999900,µg/m3,2017-08-10 20:00:00 +01:00,2017-08-10 21:00:00 +01:00,1,1
ES,ES.BDCA.AQD,NET_ES131A,STA_ES0125A,,SP_28079017_14_6,SPP_28079017_14_6.1,SAM_28079017_14_6,O3,http://dd.eionet.europa.eu/vocabulary/aq/pollutant/7,hour,71.8100000000,µg/m3,2017-08-10 21:00:00 +01:00,2017-08-10 22:00:00 +01:00,1,1
ES,ES.BDCA.AQD,NET_ES131A,STA_ES0125A,,SP_28079017_14_6,SPP_28079017_14_6.1,SAM_28079017_14_6,O3,http://dd.eionet.europa.eu/vocabulary/aq/pollutant/7,hour,70.0799999900,µg/m3,2017-08-10 22:00:00 +01:00,2017-08-10 23:00:00 +01:00,1,1
ES,ES.BDCA.AQD,NET_ES131A,STA_ES0125A,,SP_28079017_14_6,SPP_28079017_14_6.1,SAM_28079017_14_6,O3,http://dd.eionet.europa.eu/vocabulary/aq/pollutant/7,hour,70.4399999900,µg/m3,2017-08-10 23:00:00 +01:00,2017-08-11 00:00:00 +01:00,1,1
ES,ES.BDCA.AQD,NET_ES131A,STA_ES0125A,,SP_28079017_14_6,SPP_28079017_14_6.1,SAM_28079017_14_6,O3,http://dd.eionet.europa.eu/vocabulary/aq/pollutant/7,hour,67.5499999900,µg/m3,2017-08-11 00:00:00 +01:00,2017-08-11 01:00:00 +01:00,1,1
ES,ES.BDCA.AQD,NET_ES131A,STA_ES0125A,,SP_28079017_14_6,SPP_28079017_14_6.1,SAM_28079017_14_6,O3,http://dd.eionet.europa.eu/vocabulary/aq/pollutant/7,hour,64.6599999900,µg/m3,2017-08-11 01:00:00 +01:00,2017-08-11 02:00:00 +01:00,1,1
ES,ES.BDCA.AQD,NET_ES131A,STA_ES0125A,,SP_28079017_14_6,SPP_28079017_14_6.1,SAM_28079017_14_6,O3,http://dd.eionet.europa.eu/vocabulary/aq/pollutant/7,hour,62.5499999900,µg/m3,2017-08-11 02:00:00 +01:00,2017-08-11 03:00:00 +01:00,1,1
ES,ES.BDCA.AQD,NET_ES131A,STA_ES0125A,,SP_28079017_14_6,SPP_28079017_14_6.1,SAM_28079017_14_6,O3,http://dd.eionet.europa.eu/vocabulary/aq/pollutant/7,hour,60.7700000000,µg/m3,2017-08-11 03:00:00 +01:00,2017-08-11 04:00:00 +01:00,1,1
ES,ES.BDCA.AQD,NET_ES131A,STA_ES0125A,,SP_28079017_14_6,SPP_28079017_14_6.1,SAM_28079017_14_6,O3,http://dd.eionet.europa.eu/vocabulary/aq/pollutant/7,hour,60.9799999900,µg/m3,2017-08-11 04:00:00 +01:00,2017-08-11 05:00:00 +01:00,1,1
ES,ES.BDCA.AQD,NET_ES131A,STA_ES0125A,,SP_28079017_14_6,SPP_28079017_14_6.1,SAM_28079017_14_6,O3,http://dd.eionet.europa.eu/vocabulary/aq/pollutant/7,hour,58.2700000000,µg/m3,2017-08-11 05:00:00 +01:00,2017-08-11 06:00:00 +01:00,1,1
ES,ES.BDCA.AQD,NET_ES131A,STA_ES0125A,,SP_28079017_14_6,SPP_28079017_14_6.1,SAM_28079017_14_6,O3,http://dd.eionet.europa.eu/vocabulary/aq/pollutant/7,hour,44.2899999900,µg/m3,2017-08-11 06:00:00 +01:00,2017-08-11 07:00:00 +01:00,1,1
ES,ES.BDCA.AQD,NET_ES131A,STA_ES0125A,,SP_28079017_14_6,SPP_28079017_14_6.1,SAM_28079017_14_6,O3,http://dd.eionet.europa.eu/vocabulary/aq/pollutant/7,hour,39.2299999900,µg/m3,2017-08-11 07:00:00 +01:00,2017-08-11 08:00:00 +01:00,1,1
ES,ES.BDCA.AQD,NET_ES131A,STA_ES0125A,,SP_28079017_14_6,SPP_28079017_14_6.1,SAM_28079017_14_6,O3,http://dd.eionet.europa.eu/vocabulary/aq/pollutant/7,hour,46.1800000000,µg/m3,2017-08-11 08:00:00 +01:00,2017-08-11 09:00:00 +01:00,1,1
ES,ES.BDCA.AQD,NET_ES131A,STA_ES0125A,,SP_28079017_14_6,SPP_28079017_14_6.1,SAM_28079017_14_6,O3,http://dd.eionet.europa.eu/vocabulary/aq/pollutant/7,hour,51.0700000000,µg/m3,2017-08-11 09:00:00 +01:00,2017-08-11 10:00:00 +01:00,1,1
ES,ES.BDCA.AQD,NET_ES131A,STA_ES0125A,,SP_28079017_14_6,SPP_28079017_14_6.1,SAM_28079017_14_6,O3,http://dd.eionet.europa.eu/vocabulary/aq/pollutant/7,hour,55.6700000000,µg/m3,2017-08-11 10:00:00 +01:00,2017-08-11 11:00:00 +01:00,1,1
ES,ES.BDCA.AQD,NET_ES131A,STA_ES0125A,,SP_28079017_14_6,SPP_28079017_14_6.1,SAM_28079017_14_6,O3,http://dd.eionet.europa.eu/vocabulary/aq/pollutant/7,hour,60.1199999900,µg/m3,2017-08-11 11:00:00 +01:00,2017-08-11 12:00:00 +01:00,1,1
ES,ES.BDCA.AQD,NET_ES131A,STA_ES0125A,,SP_28079017_14_6,SPP_28079017_14_6.1,SAM_28079017_14_6,O3,http://dd.eionet.europa.eu/vocabulary/aq/pollutant/7,hour,65.3599999900,µg/m3,2017-08-11 12:00:00 +01:00,2017-08-11 13:00:00 +01:00,1,1
ES,ES.BDCA.AQD,NET_ES131A,STA_ES0125A,,SP_28079017_14_6,SPP_28079017_14_6.1,SAM_28079017_14_6,O3,http://dd.eionet.europa.eu/vocabulary/aq/pollutant/7,hour,81.6800000000,µg/m3,2017-08-11 13:00:00 +01:00,2017-08-11 14:00:00 +01:00,1,1
ES,ES.BDCA.AQD,NET_ES131A,STA_ES0125A,,SP_28079017_14_6,SPP_28079017_14_6.1,SAM_28079017_14_6,O3,http://dd.eionet.europa.eu/vocabulary/aq/pollutant/7,hour,89.5999999900,µg/m3,2017-08-11 14:00:00 +01:00,2017-08-11 15:00:00 +01:00,1,1
ES,ES.BDCA.AQD,NET_ES131A,STA_ES0125A,,SP_28079017_14_6,SPP_28079017_14_6.1,SAM_28079017_14_6,O3,http://dd.eionet.europa.eu/vocabulary/aq/pollutant/7,hour,93.4899999900,µg/m3,2017-08-11 15:00:00 +01:00,2017-08-11 16:00:00 +01:00,1,1
ES,ES.BDCA.AQD,NET_ES131A,STA_ES0125A,,SP_28079017_14_6,SPP_28079017_14_6.1,SAM_28079017_14_6,O3,http://dd.eionet.europa.eu/vocabulary/aq/pollutant/7,hour,100.9000000000,µg/m3,2017-08-11 16:00:00 +01:00,2017-08-11 17:00:00 +01:00,1,1
ES,ES.BDCA.AQD,NET_ES131A,STA_ES0125A,,SP_28079017_14_6,SPP_28079017_14_6.1,SAM_28079017_14_6,O3,http://dd.eionet.europa.eu/vocabulary/aq/pollutant/7,hour,106.4000000000,µg/m3,2017-08-11 17:00:00 +01:00,2017-08-11 18:00:00 +01:00,1,1
ES,ES.BDCA.AQD,NET_ES131A,STA_ES0125A,,SP_28079017_14_6,SPP_28079017_14_6.1,SAM_28079017_14_6,O3,http://dd.eionet.europa.eu/vocabulary/aq/pollutant/7,hour,111.7000000000,µg/m3,2017-08-11 18:00:00 +01:00,2017-08-11 19:00:00 +01:00,1,1
ES,ES.BDCA.AQD,NET_ES131A,STA_ES0125A,,SP_28079017_14_6,SPP_28079017_14_6.1,SAM_28079017_14_6,O3,http://dd.eionet.europa.eu/vocabulary/aq/pollutant/7,hour,110.0999999900,µg/m3,2017-08-11 19:00:00 +01:00,2017-08-11 20:00:00 +01:00,1,1
ES,ES.BDCA.AQD,NET_ES131A,STA_ES0125A,,SP_28079017_14_6,SPP_28079017_14_6.1,SAM_28079017_14_6,O3,http://dd.eionet.europa.eu/vocabulary/aq/pollutant/7,hour,61.0600000000,µg/m3,2017-08-11 20:00:00 +01:00,2017-08-11 21:00:00 +01:00,1,1
ES,ES.BDCA.AQD,NET_ES131A,STA_ES0125A,,SP_28079017_14_6,SPP_28079017_14_6.1,SAM_28079017_14_6,O3,http://dd.eionet.europa.eu/vocabulary/aq/pollutant/7,hour,65.2999999900,µg/m3,2017-08-11 21:00:00 +01:00,2017-08-11 22:00:00 +01:00,1,1
ES,ES.BDCA.AQD,NET_ES131A,STA_ES0125A,,SP_28079017_14_6,SPP_28079017_14_6.1,SAM_28079017_14_6,O3,http://dd.eionet.europa.eu/vocabulary/aq/pollutant/7,hour,74.0199999900,µg/m3,2017-08-11 22:00:00 +01:00,2017-08-11 23:00:00 +01:00,1,1
ES,ES.BDCA.AQD,NET_ES131A,STA_ES0125A,,SP_28079017_14_6,SPP_28079017_14_6.1,SAM_28079017_14_6,O3,http://dd.eionet.europa.eu/vocabulary/aq/pollutant/7,hour,72.3100000000,µg/m3,2017-08-11 23:00:00 +01:00,2017-08-12 00:00:00 +01:00,1,1
ES,ES.BDCA.AQD,NET_ES131A,STA_ES0125A,,SP_28079017_14_6,SPP_28079017_14_6.1,SAM_28079017_14_6,O3,http://dd.eionet.europa.eu/vocabulary/aq/pollutant/7,hour,73.9099999900,µg/m3,2017-08-12 00:00:00 +01:00,2017-08-12 01:00:00 +01:00,1,1
ES,ES.BDCA.AQD,NET_ES131A,STA_ES0125A,,SP_28079017_14_6,SPP_28079017_14_6.1,SAM_28079017_14_6,O3,http://dd.eionet.europa.eu/vocabulary/aq/pollutant/7,hour,73.2600000000,µg/m3,2017-08-12 01:00:00 +01:00,2017-08-12 02:00:00 +01:00,1,1
ES,ES.BDCA.AQD,NET_ES131A,STA_ES0125A,,SP_28079017_14_6,SPP_28079017_14_6.1,SAM_28079017_14_6,O3,http://dd.eionet.europa.eu/vocabulary/aq/pollutant/7,hour,67.8499999900,µg/m3,2017-08-12 02:00:00 +01:00,2017-08-12 03:00:00 +01:00,1,1
ES,ES.BDCA.AQD,NET_ES131A,STA_ES0125A,,SP_28079017_14_6,SPP_28079017_14_6.1,SAM_28079017_14_6,O3,http://dd.eionet.europa.eu/vocabulary/aq/pollutant/7,hour,68.3599999900,µg/m3,2017-08-12 03:00:00 +01:00,2017-08-12 04:00:00 +01:00,1,1
ES,ES.BDCA.AQD,NET_ES131A,STA_ES0125A,,SP_28079017_14_6,SPP_28079017_14_6.1,SAM_28079017_14_6,O3,http://dd.eionet.europa.eu/vocabulary/aq/pollutant/7,hour,63.8500000000,µg/m3,2017-08-12 04:00:00 +01:00,2017-08-12 05:00:00 +01:00,1,1
ES,ES.BDCA.AQD,NET_ES131A,STA_ES0125A,,SP_28079017_14_6,SPP_28079017_14_6.1,SAM_28079017_14_6,O3,http://dd.eionet.europa.eu/vocabulary/aq/pollutant/7,hour,52.3900000000,µg/m3,2017-08-12 05:00:00 +01:00,2017-08-12 06:00:00 +01:00,1,1
ES,ES.BDCA.AQD,NET_ES131A,STA_ES0125A,,SP_28079017_14_6,SPP_28079017_14_6.1,SAM_28079017_14_6,O3,http://dd.eionet.europa.eu/vocabulary/aq/pollutant/7,hour,49.2800000000,µg/m3,2017-08-12 06:00:00 +01:00,2017-08-12 07:00:00 +01:00,1,1
ES,ES.BDCA.AQD,NET_ES131A,STA_ES0125A,,SP_28079017_14_6,SPP_28079017_14_6.1,SAM_28079017_14_6,O3,http://dd.eionet.europa.eu/vocabulary/aq/pollutant/7,hour,49.9600000000,µg/m3,2017-08-12 07:00:00 +01:00,2017-08-12 08:00:00 +01:00,1,1
ES,ES.BDCA.AQD,NET_ES131A,STA_ES0125A,,SP_28079017_14_6,SPP_28079017_14_6.1,SAM_28079017_14_6,O3,http://dd.eionet.europa.eu/vocabulary/aq/pollutant/7,hour,54.6300000000,µg/m3,2017-08-12 08:00:00 +01:00,2017-08-12 09:00:00 +01:00,1,1
ES,ES.BDCA.AQD,NET_ES131A,STA_ES0125A,,SP_28079017_14_6,SPP_28079017_14_6.1,SAM_28079017_14_6,O3,http://dd.eionet.europa.eu/vocabulary/aq/pollutant/7,hour,61.7800000000,µg/m3,2017-08-12 09:00:00 +01:00,2017-08-12 10:00:00 +01:00,1,1
ES,ES.BDCA.AQD,NET_ES131A,STA_ES0125A,,SP_28079017_14_6,SPP_28079017_14_6.1,SAM_28079017_14_6,O3,http://dd.eionet.europa.eu/vocabulary/aq/pollutant/7,hour,73.2300000000,µg/m3,2017-08-12 10:00:00 +01:00,2017-08-12 11:00:00 +01:00,1,1
ES,ES.BDCA.AQD,NET_ES131A,STA_ES0125A,,SP_28079017_14_6,SPP_28079017_14_6.1,SAM_28079017_14_6,O3,http://dd.eionet.europa.eu/vocabulary/aq/pollutant/7,hour,83.8499999900,µg/m3,2017-08-12 11:00:00 +01:00,2017-08-12 12:00:00 +01:00,1,1
ES,ES.BDCA.AQD,NET_ES131A,STA_ES0125A,,SP_28079017_14_6,SPP_28079017_14_6.1,SAM_28079017_14_6,O3,http://dd.eionet.europa.eu/vocabulary/aq/pollutant/7,hour,85.5400000000,µg/m3,2017-08-12 12:00:00 +01:00,2017-08-12 13:00:00 +01:00,1,1
ES,ES.BDCA.AQD,NET_ES131A,STA_ES0125A,,SP_28079017_14_6,SPP_28079017_14_6.1,SAM_28079017_14_6,O3,http://dd.eionet.europa.eu/vocabulary/aq/pollutant/7,hour,98.2699999900,µg/m3,2017-08-12 13:00:00 +01:00,2017-08-12 14:00:00 +01:00,1,1
ES,ES.BDCA.AQD,NET_ES131A,STA_ES0125A,,SP_28079017_14_6,SPP_28079017_14_6.1,SAM_28079017_14_6,O3,http://dd.eionet.europa.eu/vocabulary/aq/pollutant/7,hour,112.9000000000,µg/m3,2017-08-12 14:00:00 +01:00,2017-08-12 15:00:00 +01:00,1,1
ES,ES.BDCA.AQD,NET_ES131A,STA_ES0125A,,SP_28079017_14_6,SPP_28079017_14_6.1,SAM_28079017_14_6,O3,http://dd.eionet.europa.eu/vocabulary/aq/pollutant/7,hour,122.5999999900,µg/m3,2017-08-12 15:00:00 +01:00,2017-08-12 16:00:00 +01:00,1,1
ES,ES.BDCA.AQD,NET_ES131A,STA_ES0125A,,SP_28079017_14_6,SPP_28079017_14_6.1,SAM_28079017_14_6,O3,http://dd.eionet.europa.eu/vocabulary/aq/pollutant/7,hour,130.6999999900,µg/m3,2017-08-12 16:00:00 +01:00,2017-08-12 17:00:00 +01:00,1,1
ES,ES.BDCA.AQD,NET_ES131A,STA_ES0125A,,SP_28079017_14_6,SPP_28079017_14_6.1,SAM_28079017_14_6,O3,http://dd.eionet.europa.eu/vocabulary/aq/pollutant/7,hour,133.3000000000,µg/m3,2017-08-12 17:00:00 +01:00,2017-08-12 18:00:00 +01:00,1,1
ES,ES.BDCA.AQD,NET_ES131A,STA_ES0125A,,SP_28079017_14_6,SPP_28079017_14_6.1,SAM_28079017_14_6,O3,http://dd.eionet.europa.eu/vocabulary/aq/pollutant/7,hour,133.3000000000,µg/m3,2017-08-12 18:00:00 +01:00,2017-08-12 19:00:00 +01:00,1,1
ES,ES.BDCA.AQD,NET_ES131A,STA_ES0125A,,SP_28079017_14_6,SPP_28079017_14_6.1,SAM_28079017_14_6,O3,http://dd.eionet.europa.eu/vocabulary/aq/pollutant/7,hour,121.5999999900,µg/m3,2017-08-12 19:00:00 +01:00,2017-08-12 20:00:00 +01:00,1,1
ES,ES.BDCA.AQD,NET_ES131A,STA_ES0125A,,SP_28079017_14_6,SPP_28079017_14_6.1,SAM_28079017_14_6,O3,http://dd.eionet.europa.eu/vocabulary/aq/pollutant/7,hour,82.6200000000,µg/m3,2017-08-12 20:00:00 +01:00,2017-08-12 21:00:00 +01:00,1,1
ES,ES.BDCA.AQD,NET_ES131A,STA_ES0125A,,SP_28079017_14_6,SPP_28079017_14_6.1,SAM_28079017_14_6,O3,http://dd.eionet.europa.eu/vocabulary/aq/pollutant/7,hour,25.3700000000,µg/m3,2017-08-12 21:00:00 +01:00,2017-08-12 22:00:00 +01:00,1,1
ES,ES.BDCA.AQD,NET_ES131A,STA_ES0125A,,SP_28079017_14_6,SPP_28079017_14_6.1,SAM_28079017_14_6,O3,http://dd.eionet.europa.eu/vocabulary/aq/pollutant/7,hour,3.0400000000,µg/m3,2017-08-12 22:00:00 +01:00,2017-08-12 23:00:00 +01:00,1,1
ES,ES.BDCA.AQD,NET_ES131A,STA_ES0125A,,SP_28079017_14_6,SPP_28079017_14_6.1,SAM_28079017_14_6,O3,http://dd.eionet.europa.eu/vocabulary/aq/pollutant/7,hour,2.7100000000,µg/m3,2017-08-12 23:00:00 +01:00,2017-08-13 00:00:00 +01:00,1,1
ES,ES.BDCA.AQD,NET_ES131A,STA_ES0125A,,SP_28079017_14_6,SPP_28079017_14_6.1,SAM_28079017_14_6,O3,http://dd.eionet.europa.eu/vocabulary/aq/pollutant/7,hour,3.3300000000,µg/m3,2017-08-13 00:00:00 +01:00,2017-08-13 01:00:00 +01:00,1,1
ES,ES.BDCA.AQD,NET_ES131A,STA_ES0125A,,SP_28079017_14_6,SPP_28079017_14_6.1,SAM_28079017_14_6,O3,http://dd.eionet.europa.eu/vocabulary/aq/pollutant/7,hour,2.0699999900,µg/m3,2017-08-13 01:00:00 +01:00,2017-08-13 02:00:00 +01:00,1,1
ES,ES.BDCA.AQD,NET_ES131A,STA_ES0125A,,SP_28079017_14_6,SPP_28079017_14_6.1,SAM_28079017_14_6,O3,http://dd.eionet.europa.eu/vocabulary/aq/pollutant/7,hour,29.3799999900,µg/m3,2017-08-13 02:00:00 +01:00,2017-08-13 03:00:00 +01:00,1,1
ES,ES.BDCA.AQD,NET_ES131A,STA_ES0125A,,SP_28079017_14_6,SPP_28079017_14_6.1,SAM_28079017_14_6,O3,http://dd.eionet.europa.eu/vocabulary/aq/pollutant/7,hour,37.8800000000,µg/m3,2017-08-13 03:00:00 +01:00,2017-08-13 04:00:00 +01:00,1,1
ES,ES.BDCA.AQD,NET_ES131A,STA_ES0125A,,SP_28079017_14_6,SPP_28079017_14_6.1,SAM_28079017_14_6,O3,http://dd.eionet.europa.eu/vocabulary/aq/pollutant/7,hour,33.5099999900,µg/m3,2017-08-13 04:00:00 +01:00,2017-08-13 05:00:00 +01:00,1,1
ES,ES.BDCA.AQD,NET_ES131A,STA_ES0125A,,SP_28079017_14_6,SPP_28079017_14_6.1,SAM_28079017_14_6,O3,http://dd.eionet.europa.eu/vocabulary/aq/pollutant/7,hour,38.4600000000,µg/m3,2017-08-13 05:00:00 +01:00,2017-08-13 06:00:00 +01:00,1,1
ES,ES.BDCA.AQD,NET_ES131A,STA_ES0125A,,SP_28079017_14_6,SPP_28079017_14_6.1,SAM_28079017_14_6,O3,http://dd.eionet.europa.eu/vocabulary/aq/pollutant/7,hour,21.4699999900,µg/m3,2017-08-13 06:00:00 +01:00,2017-08-13 07:00:00 +01:00,1,1
ES,ES.BDCA.AQD,NET_ES131A,STA_ES0125A,,SP_28079017_14_6,SPP_28079017_14_6.1,SAM_28079017_14_6,O3,http://dd.eionet.europa.eu/vocabulary/aq/pollutant/7,hour,27.1499999900,µg/m3,2017-08-13 07:00:00 +01:00,2017-08-13 08:00:00 +01:00,1,1
ES,ES.BDCA.AQD,NET_ES131A,STA_ES0125A,,SP_28079017_14_6,SPP_28079017_14_6.1,SAM_28079017_14_6,O3,http://dd.eionet.europa.eu/vocabulary/aq/pollutant/7,hour,48.5000000000,µg/m3,2017-08-13 08:00:00 +01:00,2017-08-13 09:00:00 +01:00,1,1
ES,ES.BDCA.AQD,NET_ES131A,STA_ES0125A,,SP_28079017_14_6,SPP_28079017_14_6.1,SAM_28079017_14_6,O3,http://dd.eionet.europa.eu/vocabulary/aq/pollutant/7,hour,81.4899999900,µg/m3,2017-08-13 09:00:00 +01:00,2017-08-13 10:00:00 +01:00,1,1
ES,ES.BDCA.AQD,NET_ES131A,STA_ES0125A,,SP_28079017_14_6,SPP_28079017_14_6.1,SAM_28079017_14_6,O3,http://dd.eionet.europa.eu/vocabulary/aq/pollutant/7,hour,92.1899999900,µg/m3,2017-08-13 10:00:00 +01:00,2017-08-13 11:00:00 +01:00,1,1
ES,ES.BDCA.AQD,NET_ES131A,STA_ES0125A,,SP_28079017_14_6,SPP_28079017_14_6.1,SAM_28079017_14_6,O3,http://dd.eionet.europa.eu/vocabulary/aq/pollutant/7,hour,101.5999999900,µg/m3,2017-08-13 11:00:00 +01:00,2017-08-13 12:00:00 +01:00,1,1
ES,ES.BDCA.AQD,NET_ES131A,STA_ES0125A,,SP_28079017_14_6,SPP_28079017_14_6.1,SAM_28079017_14_6,O3,http://dd.eionet.europa.eu/vocabulary/aq/pollutant/7,hour,110.0999999900,µg/m3,2017-08-13 12:00:00 +01:00,2017-08-13 13:00:00 +01:00,1,1
ES,ES.BDCA.AQD,NET_ES131A,STA_ES0125A,,SP_28079017_14_6,SPP_28079017_14_6.1,SAM_28079017_14_6,O3,http://dd.eionet.europa.eu/vocabulary/aq/pollutant/7,hour,113.9000000000,µg/m3,2017-08-13 13:00:00 +01:00,2017-08-13 14:00:00 +01:00,1,1
ES,ES.BDCA.AQD,NET_ES131A,STA_ES0125A,,SP_28079017_14_6,SPP_28079017_14_6.1,SAM_28079017_14_6,O3,http://dd.eionet.europa.eu/vocabulary/aq/pollutant/7,hour,120.0999999900,µg/m3,2017-08-13 14:00:00 +01:00,2017-08-13 15:00:00 +01:00,1,1
ES,ES.BDCA.AQD,NET_ES131A,STA_ES0125A,,SP_28079017_14_6,SPP_28079017_14_6.1,SAM_28079017_14_6,O3,http://dd.eionet.europa.eu/vocabulary/aq/pollutant/7,hour,119.9000000000,µg/m3,2017-08-13 15:00:00 +01:00,2017-08-13 16:00:00 +01:00,1,1
ES,ES.BDCA.AQD,NET_ES131A,STA_ES0125A,,SP_28079017_14_6,SPP_28079017_14_6.1,SAM_28079017_14_6,O3,http://dd.eionet.europa.eu/vocabulary/aq/pollutant/7,hour,120.5000000000,µg/m3,2017-08-13 16:00:00 +01:00,2017-08-13 17:00:00 +01:00,1,1
ES,ES.BDCA.AQD,NET_ES131A,STA_ES0125A,,SP_28079017_14_6,SPP_28079017_14_6.1,SAM_28079017_14_6,O3,http://dd.eionet.europa.eu/vocabulary/aq/pollutant/7,hour,115.3000000000,µg/m3,2017-08-13 17:00:00 +01:00,2017-08-13 18:00:00 +01:00,1,1
ES,ES.BDCA.AQD,NET_ES131A,STA_ES0125A,,SP_28079017_14_6,SPP_28079017_14_6.1,SAM_28079017_14_6,O3,http://dd.eionet.europa.eu/vocabulary/aq/pollutant/7,hour,104.8000000000,µg/m3,2017-08-13 18:00:00 +01:00,2017-08-13 19:00:00 +01:00,1,1
ES,ES.BDCA.AQD,NET_ES131A,STA_ES0125A,,SP_28079017_14_6,SPP_28079017_14_6.1,SAM_28079017_14_6,O3,http://dd.eionet.europa.eu/vocabulary/aq/pollutant/7,hour,96.3900000000,µg/m3,2017-08-13 19:00:00 +01:00,2017-08-13 20:00:00 +01:00,1,1
ES,ES.BDCA.AQD,NET_ES131A,STA_ES0125A,,SP_28079017_14_6,SPP_28079017_14_6.1,SAM_28079017_14_6,O3,http://dd.eionet.europa.eu/vocabulary/aq/pollutant/7,hour,45.8599999900,µg/m3,2017-08-13 20:00:00 +01:00,2017-08-13 21:00:00 +01:00,1,1
ES,ES.BDCA.AQD,NET_ES131A,STA_ES0125A,,SP_28079017_14_6,SPP_28079017_14_6.1,SAM_28079017_14_6,O3,http://dd.eionet.europa.eu/vocabulary/aq/pollutant/7,hour,4.3300000000,µg/m3,2017-08-13 21:00:00 +01:00,2017-08-13 22:00:00 +01:00,1,1
ES,ES.BDCA.AQD,NET_ES131A,STA_ES0125A,,SP_28079017_14_6,SPP_28079017_14_6.1,SAM_28079017_14_6,O3,http://dd.eionet.europa.eu/vocabulary/aq/pollutant/7,hour,2.4399999900,µg/m3,2017-08-13 22:00:00 +01:00,2017-08-13 23:00:00 +01:00,1,1
ES,ES.BDCA.AQD,NET_ES131A,STA_ES0125A,,SP_28079017_14_6,SPP_28079017_14_6.1,SAM_28079017_14_6,O3,http://dd.eionet.europa.eu/vocabulary/aq/pollutant/7,hour,25.9200000000,µg/m3,2017-08-13 23:00:00 +01:00,2017-08-14 00:00:00 +01:00,1,1
ES,ES.BDCA.AQD,NET_ES131A,STA_ES0125A,,SP_28079017_14_6,SPP_28079017_14_6.1,SAM_28079017_14_6,O3,http://dd.eionet.europa.eu/vocabulary/aq/pollutant/7,hour,57.0600000000,µg/m3,2017-08-14 00:00:00 +01:00,2017-08-14 01:00:00 +01:00,1,1
ES,ES.BDCA.AQD,NET_ES131A,STA_ES0125A,,SP_28079017_14_6,SPP_28079017_14_6.1,SAM_28079017_14_6,O3,http://dd.eionet.europa.eu/vocabulary/aq/pollutant/7,hour,66.8100000000,µg/m3,2017-08-14 01:00:00 +01:00,2017-08-14 02:00:00 +01:00,1,1
ES,ES.BDCA.AQD,NET_ES131A,STA_ES0125A,,SP_28079017_14_6,SPP_28079017_14_6.1,SAM_28079017_14_6,O3,http://dd.eionet.europa.eu/vocabulary/aq/pollutant/7,hour,66.4899999900,µg/m3,2017-08-14 02:00:00 +01:00,2017-08-14 03:00:00 +01:00,1,1
ES,ES.BDCA.AQD,NET_ES131A,STA_ES0125A,,SP_28079017_14_6,SPP_28079017_14_6.1,SAM_28079017_14_6,O3,http://dd.eionet.europa.eu/vocabulary/aq/pollutant/7,hour,59.6400000000,µg/m3,2017-08-14 03:00:00 +01:00,2017-08-14 04:00:00 +01:00,1,1
ES,ES.BDCA.AQD,NET_ES131A,STA_ES0125A,,SP_28079017_14_6,SPP_28079017_14_6.1,SAM_28079017_14_6,O3,http://dd.eionet.europa.eu/vocabulary/aq/pollutant/7,hour,57.2599999900,µg/m3,2017-08-14 04:00:00 +01:00,2017-08-14 05:00:00 +01:00,1,1
ES,ES.BDCA.AQD,NET_ES131A,STA_ES0125A,,SP_28079017_14_6,SPP_28079017_14_6.1,SAM_28079017_14_6,O3,http://dd.eionet.europa.eu/vocabulary/aq/pollutant/7,hour,57.5900000000,µg/m3,2017-08-14 05:00:00 +01:00,2017-08-14 06:00:00 +01:00,1,1
ES,ES.BDCA.AQD,NET_ES131A,STA_ES0125A,,SP_28079017_14_6,SPP_28079017_14_6.1,SAM_28079017_14_6,O3,http://dd.eionet.europa.eu/vocabulary/aq/pollutant/7,hour,55.6800000000,µg/m3,2017-08-14 06:00:00 +01:00,2017-08-14 07:00:00 +01:00,1,1
ES,ES.BDCA.AQD,NET_ES131A,STA_ES0125A,,SP_28079017_14_6,SPP_28079017_14_6.1,SAM_28079017_14_6,O3,http://dd.eionet.europa.eu/vocabulary/aq/pollutant/7,hour,48.5000000000,µg/m3,2017-08-14 07:00:00 +01:00,2017-08-14 08:00:00 +01:00,1,1
ES,ES.BDCA.AQD,NET_ES131A,STA_ES0125A,,SP_28079017_14_6,SPP_28079017_14_6.1,SAM_28079017_14_6,O3,http://dd.eionet.europa.eu/vocabulary/aq/pollutant/7,hour,44.7400000000,µg/m3,2017-08-14 08:00:00 +01:00,2017-08-14 09:00:00 +01:00,1,1
ES,ES.BDCA.AQD,NET_ES131A,STA_ES0125A,,SP_28079017_14_6,SPP_28079017_14_6.1,SAM_28079017_14_6,O3,http://dd.eionet.europa.eu/vocabulary/aq/pollutant/7,hour,64.5199999900,µg/m3,2017-08-14 09:00:00 +01:00,2017-08-14 10:00:00 +01:00,1,1
ES,ES.BDCA.AQD,NET_ES131A,STA_ES0125A,,SP_28079017_14_6,SPP_28079017_14_6.1,SAM_28079017_14_6,O3,http://dd.eionet.europa.eu/vocabulary/aq/pollutant/7,hour,77.8299999900,µg/m3,2017-08-14 10:00:00 +01:00,2017-08-14 11:00:00 +01:00,1,1
ES,ES.BDCA.AQD,NET_ES131A,STA_ES0125A,,SP_28079017_14_6,SPP_28079017_14_6.1,SAM_28079017_14_6,O3,http://dd.eionet.europa.eu/vocabulary/aq/pollutant/7,hour,88.2099999900,µg/m3,2017-08-14 11:00:00 +01:00,2017-08-14 12:00:00 +01:00,1,1
ES,ES.BDCA.AQD,NET_ES131A,STA_ES0125A,,SP_28079017_14_6,SPP_28079017_14_6.1,SAM_28079017_14_6,O3,http://dd.eionet.europa.eu/vocabulary/aq/pollutant/7,hour,96.0799999900,µg/m3,2017-08-14 12:00:00 +01:00,2017-08-14 13:00:00 +01:00,1,1
ES,ES.BDCA.AQD,NET_ES131A,STA_ES0125A,,SP_28079017_14_6,SPP_28079017_14_6.1,SAM_28079017_14_6,O3,http://dd.eionet.europa.eu/vocabulary/aq/pollutant/7,hour,92.2000000000,µg/m3,2017-08-14 13:00:00 +01:00,2017-08-14 14:00:00 +01:00,1,1
ES,ES.BDCA.AQD,NET_ES131A,STA_ES0125A,,SP_28079017_14_6,SPP_28079017_14_6.1,SAM_28079017_14_6,O3,http://dd.eionet.europa.eu/vocabulary/aq/pollutant/7,hour,94.3700000000,µg/m3,2017-08-14 14:00:00 +01:00,2017-08-14 15:00:00 +01:00,1,1
ES,ES.BDCA.AQD,NET_ES131A,STA_ES0125A,,SP_28079017_14_6,SPP_28079017_14_6.1,SAM_28079017_14_6,O3,http://dd.eionet.europa.eu/vocabulary/aq/pollutant/7,hour,101.8000000000,µg/m3,2017-08-14 15:00:00 +01:00,2017-08-14 16:00:00 +01:00,1,1
ES,ES.BDCA.AQD,NET_ES131A,STA_ES0125A,,SP_28079017_14_6,SPP_28079017_14_6.1,SAM_28079017_14_6,O3,http://dd.eionet.europa.eu/vocabulary/aq/pollutant/7,hour,101.0999999900,µg/m3,2017-08-14 16:00:00 +01:00,2017-08-14 17:00:00 +01:00,1,1
ES,ES.BDCA.AQD,NET_ES131A,STA_ES0125A,,SP_28079017_14_6,SPP_28079017_14_6.1,SAM_28079017_14_6,O3,http://dd.eionet.europa.eu/vocabulary/aq/pollutant/7,hour,98.7099999900,µg/m3,2017-08-14 17:00:00 +01:00,2017-08-14 18:00:00 +01:00,1,1
ES,ES.BDCA.AQD,NET_ES131A,STA_ES0125A,,SP_28079017_14_6,SPP_28079017_14_6.1,SAM_28079017_14_6,O3,http://dd.eionet.europa.eu/vocabulary/aq/pollutant/7,hour,96.6299999900,µg/m3,2017-08-14 18:00:00 +01:00,2017-08-14 19:00:00 +01:00,1,1
ES,ES.BDCA.AQD,NET_ES131A,STA_ES0125A,,SP_28079017_14_6,SPP_28079017_14_6.1,SAM_28079017_14_6,O3,http://dd.eionet.europa.eu/vocabulary/aq/pollutant/7,hour,83.8599999900,µg/m3,2017-08-14 19:00:00 +01:00,2017-08-14 20:00:00 +01:00,1,1
ES,ES.BDCA.AQD,NET_ES131A,STA_ES0125A,,SP_28079017_14_6,SPP_28079017_14_6.1,SAM_28079017_14_6,O3,http://dd.eionet.europa.eu/vocabulary/aq/pollutant/7,hour,62.9900000000,µg/m3,2017-08-14 20:00:00 +01:00,2017-08-14 21:00:00 +01:00,1,1
ES,ES.BDCA.AQD,NET_ES131A,STA_ES0125A,,SP_28079017_14_6,SPP_28079017_14_6.1,SAM_28079017_14_6,O3,http://dd.eionet.europa.eu/vocabulary/aq/pollutant/7,hour,56.1800000000,µg/m3,2017-08-14 21:00:00 +01:00,2017-08-14 22:00:00 +01:00,1,1
ES,ES.BDCA.AQD,NET_ES131A,STA_ES0125A,,SP_28079017_14_6,SPP_28079017_14_6.1,SAM_28079017_14_6,O3,http://dd.eionet.europa.eu/vocabulary/aq/pollutant/7,hour,68.7999999900,µg/m3,2017-08-14 22:00:00 +01:00,2017-08-14 23:00:00 +01:00,1,1
ES,ES.BDCA.AQD,NET_ES131A,STA_ES0125A,,SP_28079017_14_6,SPP_28079017_14_6.1,SAM_28079017_14_6,O3,http://dd.eionet.europa.eu/vocabulary/aq/pollutant/7,hour,67.3299999900,µg/m3,2017-08-14 23:00:00 +01:00,2017-08-15 00:00:00 +01:00,1,1
ES,ES.BDCA.AQD,NET_ES131A,STA_ES0125A,,SP_28079017_14_6,SPP_28079017_14_6.1,SAM_28079017_14_6,O3,http://dd.eionet.europa.eu/vocabulary/aq/pollutant/7,hour,67.0499999900,µg/m3,2017-08-15 00:00:00 +01:00,2017-08-15 01:00:00 +01:00,1,1
ES,ES.BDCA.AQD,NET_ES131A,STA_ES0125A,,SP_28079017_14_6,SPP_28079017_14_6.1,SAM_28079017_14_6,O3,http://dd.eionet.europa.eu/vocabulary/aq/pollutant/7,hour,67.5600000000,µg/m3,2017-08-15 01:00:00 +01:00,2017-08-15 02:00:00 +01:00,1,1
ES,ES.BDCA.AQD,NET_ES131A,STA_ES0125A,,SP_28079017_14_6,SPP_28079017_14_6.1,SAM_28079017_14_6,O3,http://dd.eionet.europa.eu/vocabulary/aq/pollutant/7,hour,63.7299999900,µg/m3,2017-08-15 02:00:00 +01:00,2017-08-15 03:00:00 +01:00,1,1
ES,ES.BDCA.AQD,NET_ES131A,STA_ES0125A,,SP_28079017_14_6,SPP_28079017_14_6.1,SAM_28079017_14_6,O3,http://dd.eionet.europa.eu/vocabulary/aq/pollutant/7,hour,64.6700000000,µg/m3,2017-08-15 03:00:00 +01:00,2017-08-15 04:00:00 +01:00,1,1
ES,ES.BDCA.AQD,NET_ES131A,STA_ES0125A,,SP_28079017_14_6,SPP_28079017_14_6.1,SAM_28079017_14_6,O3,http://dd.eionet.europa.eu/vocabulary/aq/pollutant/7,hour,59.5099999900,µg/m3,2017-08-15 04:00:00 +01:00,2017-08-15 05:00:00 +01:00,1,1
ES,ES.BDCA.AQD,NET_ES131A,STA_ES0125A,,SP_28079017_14_6,SPP_28079017_14_6.1,SAM_28079017_14_6,O3,http://dd.eionet.europa.eu/vocabulary/aq/pollutant/7,hour,59.9900000000,µg/m3,2017-08-15 05:00:00 +01:00,2017-08-15 06:00:00 +01:00,1,1
ES,ES.BDCA.AQD,NET_ES131A,STA_ES0125A,,SP_28079017_14_6,SPP_28079017_14_6.1,SAM_28079017_14_6,O3,http://dd.eionet.europa.eu/vocabulary/aq/pollutant/7,hour,58.2000000000,µg/m3,2017-08-15 06:00:00 +01:00,2017-08-15 07:00:00 +01:00,1,1
ES,ES.BDCA.AQD,NET_ES131A,STA_ES0125A,,SP_28079017_14_6,SPP_28079017_14_6.1,SAM_28079017_14_6,O3,http://dd.eionet.europa.eu/vocabulary/aq/pollutant/7,hour,60.3299999900,µg/m3,2017-08-15 07:00:00 +01:00,2017-08-15 08:00:00 +01:00,1,1
ES,ES.BDCA.AQD,NET_ES131A,STA_ES0125A,,SP_28079017_14_6,SPP_28079017_14_6.1,SAM_28079017_14_6,O3,http://dd.eionet.europa.eu/vocabulary/aq/pollutant/7,hour,68.7699999900,µg/m3,2017-08-15 08:00:00 +01:00,2017-08-15 09:00:00 +01:00,1,1
ES,ES.BDCA.AQD,NET_ES131A,STA_ES0125A,,SP_28079017_14_6,SPP_28079017_14_6.1,SAM_28079017_14_6,O3,http://dd.eionet.europa.eu/vocabulary/aq/pollutant/7,hour,72.3499999900,µg/m3,2017-08-15 09:00:00 +01:00,2017-08-15 10:00:00 +01:00,1,1
ES,ES.BDCA.AQD,NET_ES131A,STA_ES0125A,,SP_28079017_14_6,SPP_28079017_14_6.1,SAM_28079017_14_6,O3,http://dd.eionet.europa.eu/vocabulary/aq/pollutant/7,hour,78.2099999900,µg/m3,2017-08-15 10:00:00 +01:00,2017-08-15 11:00:00 +01:00,1,1
ES,ES.BDCA.AQD,NET_ES131A,STA_ES0125A,,SP_28079017_14_6,SPP_28079017_14_6.1,SAM_28079017_14_6,O3,http://dd.eionet.europa.eu/vocabulary/aq/pollutant/7,hour,91.3799999900,µg/m3,2017-08-15 11:00:00 +01:00,2017-08-15 12:00:00 +01:00,1,1
ES,ES.BDCA.AQD,NET_ES131A,STA_ES0125A,,SP_28079017_14_6,SPP_28079017_14_6.1,SAM_28079017_14_6,O3,http://dd.eionet.europa.eu/vocabulary/aq/pollutant/7,hour,104.5000000000,µg/m3,2017-08-15 12:00:00 +01:00,2017-08-15 13:00:00 +01:00,1,1
ES,ES.BDCA.AQD,NET_ES131A,STA_ES0125A,,SP_28079017_14_6,SPP_28079017_14_6.1,SAM_28079017_14_6,O3,http://dd.eionet.europa.eu/vocabulary/aq/pollutant/7,hour,115.5999999900,µg/m3,2017-08-15 13:00:00 +01:00,2017-08-15 14:00:00 +01:00,1,1
ES,ES.BDCA.AQD,NET_ES131A,STA_ES0125A,,SP_28079017_14_6,SPP_28079017_14_6.1,SAM_28079017_14_6,O3,http://dd.eionet.europa.eu/vocabulary/aq/pollutant/7,hour,116.0999999900,µg/m3,2017-08-15 14:00:00 +01:00,2017-08-15 15:00:00 +01:00,1,1
ES,ES.BDCA.AQD,NET_ES131A,STA_ES0125A,,SP_28079017_14_6,SPP_28079017_14_6.1,SAM_28079017_14_6,O3,http://dd.eionet.europa.eu/vocabulary/aq/pollutant/7,hour,118.7000000000,µg/m3,2017-08-15 15:00:00 +01:00,2017-08-15 16:00:00 +01:00,1,1
ES,ES.BDCA.AQD,NET_ES131A,STA_ES0125A,,SP_28079017_14_6,SPP_28079017_14_6.1,SAM_28079017_14_6,O3,http://dd.eionet.europa.eu/vocabulary/aq/pollutant/7,hour,93.5999999900,µg/m3,2017-08-15 16:00:00 +01:00,2017-08-15 17:00:00 +01:00,1,1
ES,ES.BDCA.AQD,NET_ES131A,STA_ES0125A,,SP_28079017_14_6,SPP_28079017_14_6.1,SAM_28079017_14_6,O3,http://dd.eionet.europa.eu/vocabulary/aq/pollutant/7,hour,69.8199999900,µg/m3,2017-08-15 17:00:00 +01:00,2017-08-15 18:00:00 +01:00,1,1
ES,ES.BDCA.AQD,NET_ES131A,STA_ES0125A,,SP_28079017_14_6,SPP_28079017_14_6.1,SAM_28079017_14_6,O3,http://dd.eionet.europa.eu/vocabulary/aq/pollutant/7,hour,62.0000000000,µg/m3,2017-08-15 18:00:00 +01:00,2017-08-15 19:00:00 +01:00,1,1
ES,ES.BDCA.AQD,NET_ES131A,STA_ES0125A,,SP_28079017_14_6,SPP_28079017_14_6.1,SAM_28079017_14_6,O3,http://dd.eionet.europa.eu/vocabulary/aq/pollutant/7,hour,50.3900000000,µg/m3,2017-08-15 19:00:00 +01:00,2017-08-15 20:00:00 +01:00,1,1
ES,ES.BDCA.AQD,NET_ES131A,STA_ES0125A,,SP_28079017_14_6,SPP_28079017_14_6.1,SAM_28079017_14_6,O3,http://dd.eionet.europa.eu/vocabulary/aq/pollutant/7,hour,46.2899999900,µg/m3,2017-08-15 20:00:00 +01:00,2017-08-15 21:00:00 +01:00,1,1
ES,ES.BDCA.AQD,NET_ES131A,STA_ES0125A,,SP_28079017_14_6,SPP_28079017_14_6.1,SAM_28079017_14_6,O3,http://dd.eionet.europa.eu/vocabulary/aq/pollutant/7,hour,45.6099999900,µg/m3,2017-08-15 21:00:00 +01:00,2017-08-15 22:00:00 +01:00,1,1
ES,ES.BDCA.AQD,NET_ES131A,STA_ES0125A,,SP_28079017_14_6,SPP_28079017_14_6.1,SAM_28079017_14_6,O3,http://dd.eionet.europa.eu/vocabulary/aq/pollutant/7,hour,52.0200000000,µg/m3,2017-08-15 22:00:00 +01:00,2017-08-15 23:00:00 +01:00,1,1
ES,ES.BDCA.AQD,NET_ES131A,STA_ES0125A,,SP_28079017_14_6,SPP_28079017_14_6.1,SAM_28079017_14_6,O3,http://dd.eionet.europa.eu/vocabulary/aq/pollutant/7,hour,52.5600000000,µg/m3,2017-08-15 23:00:00 +01:00,2017-08-16 00:00:00 +01:00,1,1
ES,ES.BDCA.AQD,NET_ES131A,STA_ES0125A,,SP_28079017_14_6,SPP_28079017_14_6.1,SAM_28079017_14_6,O3,http://dd.eionet.europa.eu/vocabulary/aq/pollutant/7,hour,52.5300000000,µg/m3,2017-08-16 00:00:00 +01:00,2017-08-16 01:00:00 +01:00,1,1
ES,ES.BDCA.AQD,NET_ES131A,STA_ES0125A,,SP_28079017_14_6,SPP_28079017_14_6.1,SAM_28079017_14_6,O3,http://dd.eionet.europa.eu/vocabulary/aq/pollutant/7,hour,45.5200000000,µg/m3,2017-08-16 01:00:00 +01:00,2017-08-16 02:00:00 +01:00,1,1
ES,ES.BDCA.AQD,NET_ES131A,STA_ES0125A,,SP_28079017_14_6,SPP_28079017_14_6.1,SAM_28079017_14_6,O3,http://dd.eionet.europa.eu/vocabulary/aq/pollutant/7,hour,37.2599999900,µg/m3,2017-08-16 02:00:00 +01:00,2017-08-16 03:00:00 +01:00,1,1
ES,ES.BDCA.AQD,NET_ES131A,STA_ES0125A,,SP_28079017_14_6,SPP_28079017_14_6.1,SAM_28079017_14_6,O3,http://dd.eionet.europa.eu/vocabulary/aq/pollutant/7,hour,23.5200000000,µg/m3,2017-08-16 03:00:00 +01:00,2017-08-16 04:00:00 +01:00,1,1
ES,ES.BDCA.AQD,NET_ES131A,STA_ES0125A,,SP_28079017_14_6,SPP_28079017_14_6.1,SAM_28079017_14_6,O3,http://dd.eionet.europa.eu/vocabulary/aq/pollutant/7,hour,21.1499999900,µg/m3,2017-08-16 04:00:00 +01:00,2017-08-16 05:00:00 +01:00,1,1
ES,ES.BDCA.AQD,NET_ES131A,STA_ES0125A,,SP_28079017_14_6,SPP_28079017_14_6.1,SAM_28079017_14_6,O3,http://dd.eionet.europa.eu/vocabulary/aq/pollutant/7,hour,4.2500000000,µg/m3,2017-08-16 05:00:00 +01:00,2017-08-16 06:00:00 +01:00,1,1
ES,ES.BDCA.AQD,NET_ES131A,STA_ES0125A,,SP_28079017_14_6,SPP_28079017_14_6.1,SAM_28079017_14_6,O3,http://dd.eionet.europa.eu/vocabulary/aq/pollutant/7,hour,1.7200000000,µg/m3,2017-08-16 06:00:00 +01:00,2017-08-16 07:00:00 +01:00,1,1
ES,ES.BDCA.AQD,NET_ES131A,STA_ES0125A,,SP_28079017_14_6,SPP_28079017_14_6.1,SAM_28079017_14_6,O3,http://dd.eionet.europa.eu/vocabulary/aq/pollutant/7,hour,2.5600000000,µg/m3,2017-08-16 07:00:00 +01:00,2017-08-16 08:00:00 +01:00,1,1
ES,ES.BDCA.AQD,NET_ES131A,STA_ES0125A,,SP_28079017_14_6,SPP_28079017_14_6.1,SAM_28079017_14_6,O3,http://dd.eionet.europa.eu/vocabulary/aq/pollutant/7,hour,5.2500000000,µg/m3,2017-08-16 08:00:00 +01:00,2017-08-16 09:00:00 +01:00,1,1
ES,ES.BDCA.AQD,NET_ES131A,STA_ES0125A,,SP_28079017_14_6,SPP_28079017_14_6.1,SAM_28079017_14_6,O3,http://dd.eionet.europa.eu/vocabulary/aq/pollutant/7,hour,25.9899999900,µg/m3,2017-08-16 09:00:00 +01:00,2017-08-16 10:00:00 +01:00,1,1
ES,ES.BDCA.AQD,NET_ES131A,STA_ES0125A,,SP_28079017_14_6,SPP_28079017_14_6.1,SAM_28079017_14_6,O3,http://dd.eionet.europa.eu/vocabulary/aq/pollutant/7,hour,45.8800000000,µg/m3,2017-08-16 10:00:00 +01:00,2017-08-16 11:00:00 +01:00,1,1
ES,ES.BDCA.AQD,NET_ES131A,STA_ES0125A,,SP_28079017_14_6,SPP_28079017_14_6.1,SAM_28079017_14_6,O3,http://dd.eionet.europa.eu/vocabulary/aq/pollutant/7,hour,62.0200000000,µg/m3,2017-08-16 11:00:00 +01:00,2017-08-16 12:00:00 +01:00,1,1
ES,ES.BDCA.AQD,NET_ES131A,STA_ES0125A,,SP_28079017_14_6,SPP_28079017_14_6.1,SAM_28079017_14_6,O3,http://dd.eionet.europa.eu/vocabulary/aq/pollutant/7,hour,89.6400000000,µg/m3,2017-08-16 12:00:00 +01:00,2017-08-16 13:00:00 +01:00,1,1
ES,ES.BDCA.AQD,NET_ES131A,STA_ES0125A,,SP_28079017_14_6,SPP_28079017_14_6.1,SAM_28079017_14_6,O3,http://dd.eionet.europa.eu/vocabulary/aq/pollutant/7,hour,107.0999999900,µg/m3,2017-08-16 13:00:00 +01:00,2017-08-16 14:00:00 +01:00,1,1
ES,ES.BDCA.AQD,NET_ES131A,STA_ES0125A,,SP_28079017_14_6,SPP_28079017_14_6.1,SAM_28079017_14_6,O3,http://dd.eionet.europa.eu/vocabulary/aq/pollutant/7,hour,125.2000000000,µg/m3,2017-08-16 14:00:00 +01:00,2017-08-16 15:00:00 +01:00,1,1
ES,ES.BDCA.AQD,NET_ES131A,STA_ES0125A,,SP_28079017_14_6,SPP_28079017_14_6.1,SAM_28079017_14_6,O3,http://dd.eionet.europa.eu/vocabulary/aq/pollutant/7,hour,137.6999999900,µg/m3,2017-08-16 15:00:00 +01:00,2017-08-16 16:00:00 +01:00,1,1
ES,ES.BDCA.AQD,NET_ES131A,STA_ES0125A,,SP_28079017_14_6,SPP_28079017_14_6.1,SAM_28079017_14_6,O3,http://dd.eionet.europa.eu/vocabulary/aq/pollutant/7,hour,130.3000000000,µg/m3,2017-08-16 16:00:00 +01:00,2017-08-16 17:00:00 +01:00,1,1
ES,ES.BDCA.AQD,NET_ES131A,STA_ES0125A,,SP_28079017_14_6,SPP_28079017_14_6.1,SAM_28079017_14_6,O3,http://dd.eionet.europa.eu/vocabulary/aq/pollutant/7,hour,125.0000000000,µg/m3,2017-08-16 17:00:00 +01:00,2017-08-16 18:00:00 +01:00,1,1
ES,ES.BDCA.AQD,NET_ES131A,STA_ES0125A,,SP_28079017_14_6,SPP_28079017_14_6.1,SAM_28079017_14_6,O3,http://dd.eionet.europa.eu/vocabulary/aq/pollutant/7,hour,116.8000000000,µg/m3,2017-08-16 18:00:00 +01:00,2017-08-16 19:00:00 +01:00,1,1
ES,ES.BDCA.AQD,NET_ES131A,STA_ES0125A,,SP_28079017_14_6,SPP_28079017_14_6.1,SAM_28079017_14_6,O3,http://dd.eionet.europa.eu/vocabulary/aq/pollutant/7,hour,87.5799999900,µg/m3,2017-08-16 19:00:00 +01:00,2017-08-16 20:00:00 +01:00,1,1
ES,ES.BDCA.AQD,NET_ES131A,STA_ES0125A,,SP_28079017_14_6,SPP_28079017_14_6.1,SAM_28079017_14_6,O3,http://dd.eionet.europa.eu/vocabulary/aq/pollutant/7,hour,69.4899999900,µg/m3,2017-08-16 20:00:00 +01:00,2017-08-16 21:00:00 +01:00,1,1
ES,ES.BDCA.AQD,NET_ES131A,STA_ES0125A,,SP_28079017_14_6,SPP_28079017_14_6.1,SAM_28079017_14_6,O3,http://dd.eionet.europa.eu/vocabulary/aq/pollutant/7,hour,55.5700000000,µg/m3,2017-08-16 21:00:00 +01:00,2017-08-16 22:00:00 +01:00,1,1
ES,ES.BDCA.AQD,NET_ES131A,STA_ES0125A,,SP_28079017_14_6,SPP_28079017_14_6.1,SAM_28079017_14_6,O3,http://dd.eionet.europa.eu/vocabulary/aq/pollutant/7,hour,60.7299999900,µg/m3,2017-08-16 22:00:00 +01:00,2017-08-16 23:00:00 +01:00,1,1
ES,ES.BDCA.AQD,NET_ES131A,STA_ES0125A,,SP_28079017_14_6,SPP_28079017_14_6.1,SAM_28079017_14_6,O3,http://dd.eionet.europa.eu/vocabulary/aq/pollutant/7,hour,72.6200000000,µg/m3,2017-08-16 23:00:00 +01:00,2017-08-17 00:00:00 +01:00,1,1
ES,ES.BDCA.AQD,NET_ES131A,STA_ES0125A,,SP_28079017_14_6,SPP_28079017_14_6.1,SAM_28079017_14_6,O3,http://dd.eionet.europa.eu/vocabulary/aq/pollutant/7,hour,61.1400000000,µg/m3,2017-08-17 00:00:00 +01:00,2017-08-17 01:00:00 +01:00,1,1
ES,ES.BDCA.AQD,NET_ES131A,STA_ES0125A,,SP_28079017_14_6,SPP_28079017_14_6.1,SAM_28079017_14_6,O3,http://dd.eionet.europa.eu/vocabulary/aq/pollutant/7,hour,67.1500000000,µg/m3,2017-08-17 01:00:00 +01:00,2017-08-17 02:00:00 +01:00,1,1
ES,ES.BDCA.AQD,NET_ES131A,STA_ES0125A,,SP_28079017_14_6,SPP_28079017_14_6.1,SAM_28079017_14_6,O3,http://dd.eionet.europa.eu/vocabulary/aq/pollutant/7,hour,72.2199999900,µg/m3,2017-08-17 02:00:00 +01:00,2017-08-17 03:00:00 +01:00,1,1
ES,ES.BDCA.AQD,NET_ES131A,STA_ES0125A,,SP_28079017_14_6,SPP_28079017_14_6.1,SAM_28079017_14_6,O3,http://dd.eionet.europa.eu/vocabulary/aq/pollutant/7,hour,71.2600000000,µg/m3,2017-08-17 03:00:00 +01:00,2017-08-17 04:00:00 +01:00,1,1
ES,ES.BDCA.AQD,NET_ES131A,STA_ES0125A,,SP_28079017_14_6,SPP_28079017_14_6.1,SAM_28079017_14_6,O3,http://dd.eionet.europa.eu/vocabulary/aq/pollutant/7,hour,65.8199999900,µg/m3,2017-08-17 04:00:00 +01:00,2017-08-17 05:00:00 +01:00,1,1
ES,ES.BDCA.AQD,NET_ES131A,STA_ES0125A,,SP_28079017_14_6,SPP_28079017_14_6.1,SAM_28079017_14_6,O3,http://dd.eionet.europa.eu/vocabulary/aq/pollutant/7,hour,55.6400000000,µg/m3,2017-08-17 05:00:00 +01:00,2017-08-17 06:00:00 +01:00,1,1
ES,ES.BDCA.AQD,NET_ES131A,STA_ES0125A,,SP_28079017_14_6,SPP_28079017_14_6.1,SAM_28079017_14_6,O3,http://dd.eionet.europa.eu/vocabulary/aq/pollutant/7,hour,27.8099999900,µg/m3,2017-08-17 06:00:00 +01:00,2017-08-17 07:00:00 +01:00,1,1
ES,ES.BDCA.AQD,NET_ES131A,STA_ES0125A,,SP_28079017_14_6,SPP_28079017_14_6.1,SAM_28079017_14_6,O3,http://dd.eionet.europa.eu/vocabulary/aq/pollutant/7,hour,18.9400000000,µg/m3,2017-08-17 07:00:00 +01:00,2017-08-17 08:00:00 +01:00,1,1
ES,ES.BDCA.AQD,NET_ES131A,STA_ES0125A,,SP_28079017_14_6,SPP_28079017_14_6.1,SAM_28079017_14_6,O3,http://dd.eionet.europa.eu/vocabulary/aq/pollutant/7,hour,32.8200000000,µg/m3,2017-08-17 08:00:00 +01:00,2017-08-17 09:00:00 +01:00,1,1
ES,ES.BDCA.AQD,NET_ES131A,STA_ES0125A,,SP_28079017_14_6,SPP_28079017_14_6.1,SAM_28079017_14_6,O3,http://dd.eionet.europa.eu/vocabulary/aq/pollutant/7,hour,100.3000000000,µg/m3,2017-08-17 09:00:00 +01:00,2017-08-17 10:00:00 +01:00,1,1
ES,ES.BDCA.AQD,NET_ES131A,STA_ES0125A,,SP_28079017_14_6,SPP_28079017_14_6.1,SAM_28079017_14_6,O3,http://dd.eionet.europa.eu/vocabulary/aq/pollutant/7,hour,67.0799999900,µg/m3,2017-08-17 10:00:00 +01:00,2017-08-17 11:00:00 +01:00,1,1
ES,ES.BDCA.AQD,NET_ES131A,STA_ES0125A,,SP_28079017_14_6,SPP_28079017_14_6.1,SAM_28079017_14_6,O3,http://dd.eionet.europa.eu/vocabulary/aq/pollutant/7,hour,83.6400000000,µg/m3,2017-08-17 11:00:00 +01:00,2017-08-17 12:00:00 +01:00,1,1
ES,ES.BDCA.AQD,NET_ES131A,STA_ES0125A,,SP_28079017_14_6,SPP_28079017_14_6.1,SAM_28079017_14_6,O3,http://dd.eionet.europa.eu/vocabulary/aq/pollutant/7,hour,116.7000000000,µg/m3,2017-08-17 12:00:00 +01:00,2017-08-17 13:00:00 +01:00,1,1
ES,ES.BDCA.AQD,NET_ES131A,STA_ES0125A,,SP_28079017_14_6,SPP_28079017_14_6.1,SAM_28079017_14_6,O3,http://dd.eionet.europa.eu/vocabulary/aq/pollutant/7,hour,135.6999999900,µg/m3,2017-08-17 13:00:00 +01:00,2017-08-17 14:00:00 +01:00,1,1
ES,ES.BDCA.AQD,NET_ES131A,STA_ES0125A,,SP_28079017_14_6,SPP_28079017_14_6.1,SAM_28079017_14_6,O3,http://dd.eionet.europa.eu/vocabulary/aq/pollutant/7,hour,138.6999999900,µg/m3,2017-08-17 14:00:00 +01:00,2017-08-17 15:00:00 +01:00,1,1
ES,ES.BDCA.AQD,NET_ES131A,STA_ES0125A,,SP_28079017_14_6,SPP_28079017_14_6.1,SAM_28079017_14_6,O3,http://dd.eionet.europa.eu/vocabulary/aq/pollutant/7,hour,135.4000000000,µg/m3,2017-08-17 15:00:00 +01:00,2017-08-17 16:00:00 +01:00,1,1
ES,ES.BDCA.AQD,NET_ES131A,STA_ES0125A,,SP_28079017_14_6,SPP_28079017_14_6.1,SAM_28079017_14_6,O3,http://dd.eionet.europa.eu/vocabulary/aq/pollutant/7,hour,128.3000000000,µg/m3,2017-08-17 16:00:00 +01:00,2017-08-17 17:00:00 +01:00,1,1
ES,ES.BDCA.AQD,NET_ES131A,STA_ES0125A,,SP_28079017_14_6,SPP_28079017_14_6.1,SAM_28079017_14_6,O3,http://dd.eionet.europa.eu/vocabulary/aq/pollutant/7,hour,120.2000000000,µg/m3,2017-08-17 17:00:00 +01:00,2017-08-17 18:00:00 +01:00,1,1
ES,ES.BDCA.AQD,NET_ES131A,STA_ES0125A,,SP_28079017_14_6,SPP_28079017_14_6.1,SAM_28079017_14_6,O3,http://dd.eionet.europa.eu/vocabulary/aq/pollutant/7,hour,99.1800000000,µg/m3,2017-08-17 18:00:00 +01:00,2017-08-17 19:00:00 +01:00,1,1
ES,ES.BDCA.AQD,NET_ES131A,STA_ES0125A,,SP_28079017_14_6,SPP_28079017_14_6.1,SAM_28079017_14_6,O3,http://dd.eionet.europa.eu/vocabulary/aq/pollutant/7,hour,72.8799999900,µg/m3,2017-08-17 19:00:00 +01:00,2017-08-17 20:00:00 +01:00,1,1
ES,ES.BDCA.AQD,NET_ES131A,STA_ES0125A,,SP_28079017_14_6,SPP_28079017_14_6.1,SAM_28079017_14_6,O3,http://dd.eionet.europa.eu/vocabulary/aq/pollutant/7,hour,11.7300000000,µg/m3,2017-08-17 20:00:00 +01:00,2017-08-17 21:00:00 +01:00,1,1
ES,ES.BDCA.AQD,NET_ES131A,STA_ES0125A,,SP_28079017_14_6,SPP_28079017_14_6.1,SAM_28079017_14_6,O3,http://dd.eionet.europa.eu/vocabulary/aq/pollutant/7,hour,1.6000000000,µg/m3,2017-08-17 21:00:00 +01:00,2017-08-17 22:00:00 +01:00,1,1
ES,ES.BDCA.AQD,NET_ES131A,STA_ES0125A,,SP_28079017_14_6,SPP_28079017_14_6.1,SAM_28079017_14_6,O3,http://dd.eionet.europa.eu/vocabulary/aq/pollutant/7,hour,4.1699999900,µg/m3,2017-08-17 22:00:00 +01:00,2017-08-17 23:00:00 +01:00,1,1
ES,ES.BDCA.AQD,NET_ES131A,STA_ES0125A,,SP_28079017_14_6,SPP_28079017_14_6.1,SAM_28079017_14_6,O3,http://dd.eionet.europa.eu/vocabulary/aq/pollutant/7,hour,3.9700000000,µg/m3,2017-08-17 23:00:00 +01:00,2017-08-18 00:00:00 +01:00,1,1
ES,ES.BDCA.AQD,NET_ES131A,STA_ES0125A,,SP_28079017_14_6,SPP_28079017_14_6.1,SAM_28079017_14_6,O3,http://dd.eionet.europa.eu/vocabulary/aq/pollutant/7,hour,1.8500000000,µg/m3,2017-08-18 00:00:00 +01:00,2017-08-18 01:00:00 +01:00,1,1
ES,ES.BDCA.AQD,NET_ES131A,STA_ES0125A,,SP_28079017_14_6,SPP_28079017_14_6.1,SAM_28079017_14_6,O3,http://dd.eionet.europa.eu/vocabulary/aq/pollutant/7,hour,6.5899999900,µg/m3,2017-08-18 01:00:00 +01:00,2017-08-18 02:00:00 +01:00,1,1
ES,ES.BDCA.AQD,NET_ES131A,STA_ES0125A,,SP_28079017_14_6,SPP_28079017_14_6.1,SAM_28079017_14_6,O3,http://dd.eionet.europa.eu/vocabulary/aq/pollutant/7,hour,11.0299999900,µg/m3,2017-08-18 02:00:00 +01:00,2017-08-18 03:00:00 +01:00,1,1
ES,ES.BDCA.AQD,NET_ES131A,STA_ES0125A,,SP_28079017_14_6,SPP_28079017_14_6.1,SAM_28079017_14_6,O3,http://dd.eionet.europa.eu/vocabulary/aq/pollutant/7,hour,8.9299999900,µg/m3,2017-08-18 03:00:00 +01:00,2017-08-18 04:00:00 +01:00,1,1
ES,ES.BDCA.AQD,NET_ES131A,STA_ES0125A,,SP_28079017_14_6,SPP_28079017_14_6.1,SAM_28079017_14_6,O3,http://dd.eionet.europa.eu/vocabulary/aq/pollutant/7,hour,4.3600000000,µg/m3,2017-08-18 04:00:00 +01:00,2017-08-18 05:00:00 +01:00,1,1
ES,ES.BDCA.AQD,NET_ES131A,STA_ES0125A,,SP_28079017_14_6,SPP_28079017_14_6.1,SAM_28079017_14_6,O3,http://dd.eionet.europa.eu/vocabulary/aq/pollutant/7,hour,1.8000000000,µg/m3,2017-08-18 05:00:00 +01:00,2017-08-18 06:00:00 +01:00,1,1
ES,ES.BDCA.AQD,NET_ES131A,STA_ES0125A,,SP_28079017_14_6,SPP_28079017_14_6.1,SAM_28079017_14_6,O3,http://dd.eionet.europa.eu/vocabulary/aq/pollutant/7,hour,2.4300000000,µg/m3,2017-08-18 06:00:00 +01:00,2017-08-18 07:00:00 +01:00,1,1
ES,ES.BDCA.AQD,NET_ES131A,STA_ES0125A,,SP_28079017_14_6,SPP_28079017_14_6.1,SAM_28079017_14_6,O3,http://dd.eionet.europa.eu/vocabulary/aq/pollutant/7,hour,4.4800000000,µg/m3,2017-08-18 07:00:00 +01:00,2017-08-18 08:00:00 +01:00,1,1
ES,ES.BDCA.AQD,NET_ES131A,STA_ES0125A,,SP_28079017_14_6,SPP_28079017_14_6.1,SAM_28079017_14_6,O3,http://dd.eionet.europa.eu/vocabulary/aq/pollutant/7,hour,40.2899999900,µg/m3,2017-08-18 08:00:00 +01:00,2017-08-18 09:00:00 +01:00,1,1
ES,ES.BDCA.AQD,NET_ES131A,STA_ES0125A,,SP_28079017_14_6,SPP_28079017_14_6.1,SAM_28079017_14_6,O3,http://dd.eionet.europa.eu/vocabulary/aq/pollutant/7,hour,36.5900000000,µg/m3,2017-08-18 09:00:00 +01:00,2017-08-18 10:00:00 +01:00,1,1
ES,ES.BDCA.AQD,NET_ES131A,STA_ES0125A,,SP_28079017_14_6,SPP_28079017_14_6.1,SAM_28079017_14_6,O3,http://dd.eionet.europa.eu/vocabulary/aq/pollutant/7,hour,54.6300000000,µg/m3,2017-08-18 10:00:00 +01:00,2017-08-18 11:00:00 +01:00,1,1
ES,ES.BDCA.AQD,NET_ES131A,STA_ES0125A,,SP_28079017_14_6,SPP_28079017_14_6.1,SAM_28079017_14_6,O3,http://dd.eionet.europa.eu/vocabulary/aq/pollutant/7,hour,78.9500000000,µg/m3,2017-08-18 11:00:00 +01:00,2017-08-18 12:00:00 +01:00,1,1
ES,ES.BDCA.AQD,NET_ES131A,STA_ES0125A,,SP_28079017_14_6,SPP_28079017_14_6.1,SAM_28079017_14_6,O3,http://dd.eionet.europa.eu/vocabulary/aq/pollutant/7,hour,101.4000000000,µg/m3,2017-08-18 12:00:00 +01:00,2017-08-18 13:00:00 +01:00,1,1
ES,ES.BDCA.AQD,NET_ES131A,STA_ES0125A,,SP_28079017_14_6,SPP_28079017_14_6.1,SAM_28079017_14_6,O3,http://dd.eionet.europa.eu/vocabulary/aq/pollutant/7,hour,117.5000000000,µg/m3,2017-08-18 13:00:00 +01:00,2017-08-18 14:00:00 +01:00,1,1
ES,ES.BDCA.AQD,NET_ES131A,STA_ES0125A,,SP_28079017_14_6,SPP_28079017_14_6.1,SAM_28079017_14_6,O3,http://dd.eionet.europa.eu/vocabulary/aq/pollutant/7,hour,126.3000000000,µg/m3,2017-08-18 14:00:00 +01:00,2017-08-18 15:00:00 +01:00,1,1
ES,ES.BDCA.AQD,NET_ES131A,STA_ES0125A,,SP_28079017_14_6,SPP_28079017_14_6.1,SAM_28079017_14_6,O3,http://dd.eionet.europa.eu/vocabulary/aq/pollutant/7,hour,123.7000000000,µg/m3,2017-08-18 15:00:00 +01:00,2017-08-18 16:00:00 +01:00,1,1
ES,ES.BDCA.AQD,NET_ES131A,STA_ES0125A,,SP_28079017_14_6,SPP_28079017_14_6.1,SAM_28079017_14_6,O3,http://dd.eionet.europa.eu/vocabulary/aq/pollutant/7,hour,114.8000000000,µg/m3,2017-08-18 16:00:00 +01:00,2017-08-18 17:00:00 +01:00,1,1
ES,ES.BDCA.AQD,NET_ES131A,STA_ES0125A,,SP_28079017_14_6,SPP_28079017_14_6.1,SAM_28079017_14_6,O3,http://dd.eionet.europa.eu/vocabulary/aq/pollutant/7,hour,115.0000000000,µg/m3,2017-08-18 17:00:00 +01:00,2017-08-18 18:00:00 +01:00,1,1
ES,ES.BDCA.AQD,NET_ES131A,STA_ES0125A,,SP_28079017_14_6,SPP_28079017_14_6.1,SAM_28079017_14_6,O3,http://dd.eionet.europa.eu/vocabulary/aq/pollutant/7,hour,98.1899999900,µg/m3,2017-08-18 18:00:00 +01:00,2017-08-18 19:00:00 +01:00,1,1
ES,ES.BDCA.AQD,NET_ES131A,STA_ES0125A,,SP_28079017_14_6,SPP_28079017_14_6.1,SAM_28079017_14_6,O3,http://dd.eionet.europa.eu/vocabulary/aq/pollutant/7,hour,77.8499999900,µg/m3,2017-08-18 19:00:00 +01:00,2017-08-18 20:00:00 +01:00,1,1
ES,ES.BDCA.AQD,NET_ES131A,STA_ES0125A,,SP_28079017_14_6,SPP_28079017_14_6.1,SAM_28079017_14_6,O3,http://dd.eionet.europa.eu/vocabulary/aq/pollutant/7,hour,58.4500000000,µg/m3,2017-08-18 20:00:00 +01:00,2017-08-18 21:00:00 +01:00,1,1
ES,ES.BDCA.AQD,NET_ES131A,STA_ES0125A,,SP_28079017_14_6,SPP_28079017_14_6.1,SAM_28079017_14_6,O3,http://dd.eionet.europa.eu/vocabulary/aq/pollutant/7,hour,15.5500000000,µg/m3,2017-08-18 21:00:00 +01:00,2017-08-18 22:00:00 +01:00,1,1
ES,ES.BDCA.AQD,NET_ES131A,STA_ES0125A,,SP_28079017_14_6,SPP_28079017_14_6.1,SAM_28079017_14_6,O3,http://dd.eionet.europa.eu/vocabulary/aq/pollutant/7,hour,31.1600000000,µg/m3,2017-08-18 22:00:00 +01:00,2017-08-18 23:00:00 +01:00,1,1
ES,ES.BDCA.AQD,NET_ES131A,STA_ES0125A,,SP_28079017_14_6,SPP_28079017_14_6.1,SAM_28079017_14_6,O3,http://dd.eionet.europa.eu/vocabulary/aq/pollutant/7,hour,56.1099999900,µg/m3,2017-08-18 23:00:00 +01:00,2017-08-19 00:00:00 +01:00,1,1
ES,ES.BDCA.AQD,NET_ES131A,STA_ES0125A,,SP_28079017_14_6,SPP_28079017_14_6.1,SAM_28079017_14_6,O3,http://dd.eionet.europa.eu/vocabulary/aq/pollutant/7,hour,,µg/m3,2017-08-19 00:00:00 +01:00,2017-08-19 01:00:00 +01:00,-1,1
ES,ES.BDCA.AQD,NET_ES131A,STA_ES0125A,,SP_28079017_14_6,SPP_28079017_14_6.1,SAM_28079017_14_6,O3,http://dd.eionet.europa.eu/vocabulary/aq/pollutant/7,hour,59.6800000000,µg/m3,2017-08-19 01:00:00 +01:00,2017-08-19 02:00:00 +01:00,1,1
ES,ES.BDCA.AQD,NET_ES131A,STA_ES0125A,,SP_28079017_14_6,SPP_28079017_14_6.1,SAM_28079017_14_6,O3,http://dd.eionet.europa.eu/vocabulary/aq/pollutant/7,hour,63.0200000000,µg/m3,2017-08-19 02:00:00 +01:00,2017-08-19 03:00:00 +01:00,1,1
ES,ES.BDCA.AQD,NET_ES131A,STA_ES0125A,,SP_28079017_14_6,SPP_28079017_14_6.1,SAM_28079017_14_6,O3,http://dd.eionet.europa.eu/vocabulary/aq/pollutant/7,hour,54.9099999900,µg/m3,2017-08-19 03:00:00 +01:00,2017-08-19 04:00:00 +01:00,1,1
ES,ES.BDCA.AQD,NET_ES131A,STA_ES0125A,,SP_28079017_14_6,SPP_28079017_14_6.1,SAM_28079017_14_6,O3,http://dd.eionet.europa.eu/vocabulary/aq/pollutant/7,hour,54.5300000000,µg/m3,2017-08-19 04:00:00 +01:00,2017-08-19 05:00:00 +01:00,1,1
ES,ES.BDCA.AQD,NET_ES131A,STA_ES0125A,,SP_28079017_14_6,SPP_28079017_14_6.1,SAM_28079017_14_6,O3,http://dd.eionet.europa.eu/vocabulary/aq/pollutant/7,hour,57.8999999900,µg/m3,2017-08-19 05:00:00 +01:00,2017-08-19 06:00:00 +01:00,1,1
ES,ES.BDCA.AQD,NET_ES131A,STA_ES0125A,,SP_28079017_14_6,SPP_28079017_14_6.1,SAM_28079017_14_6,O3,http://dd.eionet.europa.eu/vocabulary/aq/pollutant/7,hour,48.1700000000,µg/m3,2017-08-19 06:00:00 +01:00,2017-08-19 07:00:00 +01:00,1,1
ES,ES.BDCA.AQD,NET_ES131A,STA_ES0125A,,SP_28079017_14_6,SPP_28079017_14_6.1,SAM_28079017_14_6,O3,http://dd.eionet.europa.eu/vocabulary/aq/pollutant/7,hour,50.4300000000,µg/m3,2017-08-19 07:00:00 +01:00,2017-08-19 08:00:00 +01:00,1,1
ES,ES.BDCA.AQD,NET_ES131A,STA_ES0125A,,SP_28079017_14_6,SPP_28079017_14_6.1,SAM_28079017_14_6,O3,http://dd.eionet.europa.eu/vocabulary/aq/pollutant/7,hour,52.8400000000,µg/m3,2017-08-19 08:00:00 +01:00,2017-08-19 09:00:00 +01:00,1,1
ES,ES.BDCA.AQD,NET_ES131A,STA_ES0125A,,SP_28079017_14_6,SPP_28079017_14_6.1,SAM_28079017_14_6,O3,http://dd.eionet.europa.eu/vocabulary/aq/pollutant/7,hour,61.7199999900,µg/m3,2017-08-19 09:00:00 +01:00,2017-08-19 10:00:00 +01:00,1,1
ES,ES.BDCA.AQD,NET_ES131A,STA_ES0125A,,SP_28079017_14_6,SPP_28079017_14_6.1,SAM_28079017_14_6,O3,http://dd.eionet.europa.eu/vocabulary/aq/pollutant/7,hour,68.8599999900,µg/m3,2017-08-19 10:00:00 +01:00,2017-08-19 11:00:00 +01:00,1,1
ES,ES.BDCA.AQD,NET_ES131A,STA_ES0125A,,SP_28079017_14_6,SPP_28079017_14_6.1,SAM_28079017_14_6,O3,http://dd.eionet.europa.eu/vocabulary/aq/pollutant/7,hour,84.4899999900,µg/m3,2017-08-19 11:00:00 +01:00,2017-08-19 12:00:00 +01:00,1,1
ES,ES.BDCA.AQD,NET_ES131A,STA_ES0125A,,SP_28079017_14_6,SPP_28079017_14_6.1,SAM_28079017_14_6,O3,http://dd.eionet.europa.eu/vocabulary/aq/pollutant/7,hour,101.8000000000,µg/m3,2017-08-19 12:00:00 +01:00,2017-08-19 13:00:00 +01:00,1,1
ES,ES.BDCA.AQD,NET_ES131A,STA_ES0125A,,SP_28079017_14_6,SPP_28079017_14_6.1,SAM_28079017_14_6,O3,http://dd.eionet.europa.eu/vocabulary/aq/pollutant/7,hour,116.2000000000,µg/m3,2017-08-19 13:00:00 +01:00,2017-08-19 14:00:00 +01:00,1,1
ES,ES.BDCA.AQD,NET_ES131A,STA_ES0125A,,SP_28079017_14_6,SPP_28079017_14_6.1,SAM_28079017_14_6,O3,http://dd.eionet.europa.eu/vocabulary/aq/pollutant/7,hour,119.9000000000,µg/m3,2017-08-19 14:00:00 +01:00,2017-08-19 15:00:00 +01:00,1,1
ES,ES.BDCA.AQD,NET_ES131A,STA_ES0125A,,SP_28079017_14_6,SPP_28079017_14_6.1,SAM_28079017_14_6,O3,http://dd.eionet.europa.eu/vocabulary/aq/pollutant/7,hour,117.3000000000,µg/m3,2017-08-19 15:00:00 +01:00,2017-08-19 16:00:00 +01:00,1,1
ES,ES.BDCA.AQD,NET_ES131A,STA_ES0125A,,SP_28079017_14_6,SPP_28079017_14_6.1,SAM_28079017_14_6,O3,http://dd.eionet.europa.eu/vocabulary/aq/pollutant/7,hour,120.3000000000,µg/m3,2017-08-19 16:00:00 +01:00,2017-08-19 17:00:00 +01:00,1,1
ES,ES.BDCA.AQD,NET_ES131A,STA_ES0125A,,SP_28079017_14_6,SPP_28079017_14_6.1,SAM_28079017_14_6,O3,http://dd.eionet.europa.eu/vocabulary/aq/pollutant/7,hour,130.1999999900,µg/m3,2017-08-19 17:00:00 +01:00,2017-08-19 18:00:00 +01:00,1,1
ES,ES.BDCA.AQD,NET_ES131A,STA_ES0125A,,SP_28079017_14_6,SPP_28079017_14_6.1,SAM_28079017_14_6,O3,http://dd.eionet.europa.eu/vocabulary/aq/pollutant/7,hour,125.8000000000,µg/m3,2017-08-19 18:00:00 +01:00,2017-08-19 19:00:00 +01:00,1,1
ES,ES.BDCA.AQD,NET_ES131A,STA_ES0125A,,SP_28079017_14_6,SPP_28079017_14_6.1,SAM_28079017_14_6,O3,http://dd.eionet.europa.eu/vocabulary/aq/pollutant/7,hour,123.2000000000,µg/m3,2017-08-19 19:00:00 +01:00,2017-08-19 20:00:00 +01:00,1,1
ES,ES.BDCA.AQD,NET_ES131A,STA_ES0125A,,SP_28079017_14_6,SPP_28079017_14_6.1,SAM_28079017_14_6,O3,http://dd.eionet.europa.eu/vocabulary/aq/pollutant/7,hour,44.3999999900,µg/m3,2017-08-19 20:00:00 +01:00,2017-08-19 21:00:00 +01:00,1,1
ES,ES.BDCA.AQD,NET_ES131A,STA_ES0125A,,SP_28079017_14_6,SPP_28079017_14_6.1,SAM_28079017_14_6,O3,http://dd.eionet.europa.eu/vocabulary/aq/pollutant/7,hour,5.8099999900,µg/m3,2017-08-19 21:00:00 +01:00,2017-08-19 22:00:00 +01:00,1,1
ES,ES.BDCA.AQD,NET_ES131A,STA_ES0125A,,SP_28079017_14_6,SPP_28079017_14_6.1,SAM_28079017_14_6,O3,http://dd.eionet.europa.eu/vocabulary/aq/pollutant/7,hour,,µg/m3,2017-08-19 22:00:00 +01:00,2017-08-19 23:00:00 +01:00,-1,1
ES,ES.BDCA.AQD,NET_ES131A,STA_ES0125A,,SP_28079017_14_6,SPP_28079017_14_6.1,SAM_28079017_14_6,O3,http://dd.eionet.europa.eu/vocabulary/aq/pollutant/7,hour,,µg/m3,2017-08-19 23:00:00 +01:00,2017-08-20 00:00:00 +01:00,-1,1
ES,ES.BDCA.AQD,NET_ES131A,STA_ES0125A,,SP_28079017_14_6,SPP_28079017_14_6.1,SAM_28079017_14_6,O3,http://dd.eionet.europa.eu/vocabulary/aq/pollutant/7,hour,,µg/m3,2017-08-20 00:00:00 +01:00,2017-08-20 01:00:00 +01:00,-1,1
ES,ES.BDCA.AQD,NET_ES131A,STA_ES0125A,,SP_28079017_14_6,SPP_28079017_14_6.1,SAM_28079017_14_6,O3,http://dd.eionet.europa.eu/vocabulary/aq/pollutant/7,hour,,µg/m3,2017-08-20 01:00:00 +01:00,2017-08-20 02:00:00 +01:00,-1,1
ES,ES.BDCA.AQD,NET_ES131A,STA_ES0125A,,SP_28079017_14_6,SPP_28079017_14_6.1,SAM_28079017_14_6,O3,http://dd.eionet.europa.eu/vocabulary/aq/pollutant/7,hour,,µg/m3,2017-08-20 02:00:00 +01:00,2017-08-20 03:00:00 +01:00,-1,1
ES,ES.BDCA.AQD,NET_ES131A,STA_ES0125A,,SP_28079017_14_6,SPP_28079017_14_6.1,SAM_28079017_14_6,O3,http://dd.eionet.europa.eu/vocabulary/aq/pollutant/7,hour,,µg/m3,2017-08-20 03:00:00 +01:00,2017-08-20 04:00:00 +01:00,-1,1
ES,ES.BDCA.AQD,NET_ES131A,STA_ES0125A,,SP_28079017_14_6,SPP_28079017_14_6.1,SAM_28079017_14_6,O3,http://dd.eionet.europa.eu/vocabulary/aq/pollutant/7,hour,,µg/m3,2017-08-20 04:00:00 +01:00,2017-08-20 05:00:00 +01:00,-1,1
ES,ES.BDCA.AQD,NET_ES131A,STA_ES0125A,,SP_28079017_14_6,SPP_28079017_14_6.1,SAM_28079017_14_6,O3,http://dd.eionet.europa.eu/vocabulary/aq/pollutant/7,hour,,µg/m3,2017-08-20 05:00:00 +01:00,2017-08-20 06:00:00 +01:00,-1,1
ES,ES.BDCA.AQD,NET_ES131A,STA_ES0125A,,SP_28079017_14_6,SPP_28079017_14_6.1,SAM_28079017_14_6,O3,http://dd.eionet.europa.eu/vocabulary/aq/pollutant/7,hour,,µg/m3,2017-08-20 06:00:00 +01:00,2017-08-20 07:00:00 +01:00,-1,1
ES,ES.BDCA.AQD,NET_ES131A,STA_ES0125A,,SP_28079017_14_6,SPP_28079017_14_6.1,SAM_28079017_14_6,O3,http://dd.eionet.europa.eu/vocabulary/aq/pollutant/7,hour,,µg/m3,2017-08-20 07:00:00 +01:00,2017-08-20 08:00:00 +01:00,-1,1
ES,ES.BDCA.AQD,NET_ES131A,STA_ES0125A,,SP_28079017_14_6,SPP_28079017_14_6.1,SAM_28079017_14_6,O3,http://dd.eionet.europa.eu/vocabulary/aq/pollutant/7,hour,,µg/m3,2017-08-20 08:00:00 +01:00,2017-08-20 09:00:00 +01:00,-1,1
ES,ES.BDCA.AQD,NET_ES131A,STA_ES0125A,,SP_28079017_14_6,SPP_28079017_14_6.1,SAM_28079017_14_6,O3,http://dd.eionet.europa.eu/vocabulary/aq/pollutant/7,hour,,µg/m3,2017-08-20 09:00:00 +01:00,2017-08-20 10:00:00 +01:00,-1,1
ES,ES.BDCA.AQD,NET_ES131A,STA_ES0125A,,SP_28079017_14_6,SPP_28079017_14_6.1,SAM_28079017_14_6,O3,http://dd.eionet.europa.eu/vocabulary/aq/pollutant/7,hour,,µg/m3,2017-08-20 10:00:00 +01:00,2017-08-20 11:00:00 +01:00,-1,1
ES,ES.BDCA.AQD,NET_ES131A,STA_ES0125A,,SP_28079017_14_6,SPP_28079017_14_6.1,SAM_28079017_14_6,O3,http://dd.eionet.europa.eu/vocabulary/aq/pollutant/7,hour,,µg/m3,2017-08-20 11:00:00 +01:00,2017-08-20 12:00:00 +01:00,-1,1
ES,ES.BDCA.AQD,NET_ES131A,STA_ES0125A,,SP_28079017_14_6,SPP_28079017_14_6.1,SAM_28079017_14_6,O3,http://dd.eionet.europa.eu/vocabulary/aq/pollutant/7,hour,,µg/m3,2017-08-20 12:00:00 +01:00,2017-08-20 13:00:00 +01:00,-1,1
ES,ES.BDCA.AQD,NET_ES131A,STA_ES0125A,,SP_28079017_14_6,SPP_28079017_14_6.1,SAM_28079017_14_6,O3,http://dd.eionet.europa.eu/vocabulary/aq/pollutant/7,hour,,µg/m3,2017-08-20 13:00:00 +01:00,2017-08-20 14:00:00 +01:00,-1,1
ES,ES.BDCA.AQD,NET_ES131A,STA_ES0125A,,SP_28079017_14_6,SPP_28079017_14_6.1,SAM_28079017_14_6,O3,http://dd.eionet.europa.eu/vocabulary/aq/pollutant/7,hour,,µg/m3,2017-08-20 14:00:00 +01:00,2017-08-20 15:00:00 +01:00,-1,1
ES,ES.BDCA.AQD,NET_ES131A,STA_ES0125A,,SP_28079017_14_6,SPP_28079017_14_6.1,SAM_28079017_14_6,O3,http://dd.eionet.europa.eu/vocabulary/aq/pollutant/7,hour,,µg/m3,2017-08-20 15:00:00 +01:00,2017-08-20 16:00:00 +01:00,-1,1
ES,ES.BDCA.AQD,NET_ES131A,STA_ES0125A,,SP_28079017_14_6,SPP_28079017_14_6.1,SAM_28079017_14_6,O3,http://dd.eionet.europa.eu/vocabulary/aq/pollutant/7,hour,,µg/m3,2017-08-20 16:00:00 +01:00,2017-08-20 17:00:00 +01:00,-1,1
ES,ES.BDCA.AQD,NET_ES131A,STA_ES0125A,,SP_28079017_14_6,SPP_28079017_14_6.1,SAM_28079017_14_6,O3,http://dd.eionet.europa.eu/vocabulary/aq/pollutant/7,hour,,µg/m3,2017-08-20 17:00:00 +01:00,2017-08-20 18:00:00 +01:00,-1,1
ES,ES.BDCA.AQD,NET_ES131A,STA_ES0125A,,SP_28079017_14_6,SPP_28079017_14_6.1,SAM_28079017_14_6,O3,http://dd.eionet.europa.eu/vocabulary/aq/pollutant/7,hour,,µg/m3,2017-08-20 18:00:00 +01:00,2017-08-20 19:00:00 +01:00,-1,1
ES,ES.BDCA.AQD,NET_ES131A,STA_ES0125A,,SP_28079017_14_6,SPP_28079017_14_6.1,SAM_28079017_14_6,O3,http://dd.eionet.europa.eu/vocabulary/aq/pollutant/7,hour,,µg/m3,2017-08-20 19:00:00 +01:00,2017-08-20 20:00:00 +01:00,-1,1
ES,ES.BDCA.AQD,NET_ES131A,STA_ES0125A,,SP_28079017_14_6,SPP_28079017_14_6.1,SAM_28079017_14_6,O3,http://dd.eionet.europa.eu/vocabulary/aq/pollutant/7,hour,,µg/m3,2017-08-20 20:00:00 +01:00,2017-08-20 21:00:00 +01:00,-1,1
ES,ES.BDCA.AQD,NET_ES131A,STA_ES0125A,,SP_28079017_14_6,SPP_28079017_14_6.1,SAM_28079017_14_6,O3,http://dd.eionet.europa.eu/vocabulary/aq/pollutant/7,hour,,µg/m3,2017-08-20 21:00:00 +01:00,2017-08-20 22:00:00 +01:00,-1,1
ES,ES.BDCA.AQD,NET_ES131A,STA_ES0125A,,SP_28079017_14_6,SPP_28079017_14_6.1,SAM_28079017_14_6,O3,http://dd.eionet.europa.eu/vocabulary/aq/pollutant/7,hour,,µg/m3,2017-08-20 22:00:00 +01:00,2017-08-20 23:00:00 +01:00,-1,1
ES,ES.BDCA.AQD,NET_ES131A,STA_ES0125A,,SP_28079017_14_6,SPP_28079017_14_6.1,SAM_28079017_14_6,O3,http://dd.eionet.europa.eu/vocabulary/aq/pollutant/7,hour,,µg/m3,2017-08-20 23:00:00 +01:00,2017-08-21 00:00:00 +01:00,-1,1
ES,ES.BDCA.AQD,NET_ES131A,STA_ES0125A,,SP_28079017_14_6,SPP_28079017_14_6.1,SAM_28079017_14_6,O3,http://dd.eionet.europa.eu/vocabulary/aq/pollutant/7,hour,,µg/m3,2017-08-21 00:00:00 +01:00,2017-08-21 01:00:00 +01:00,-1,1
ES,ES.BDCA.AQD,NET_ES131A,STA_ES0125A,,SP_28079017_14_6,SPP_28079017_14_6.1,SAM_28079017_14_6,O3,http://dd.eionet.europa.eu/vocabulary/aq/pollutant/7,hour,,µg/m3,2017-08-21 01:00:00 +01:00,2017-08-21 02:00:00 +01:00,-1,1
ES,ES.BDCA.AQD,NET_ES131A,STA_ES0125A,,SP_28079017_14_6,SPP_28079017_14_6.1,SAM_28079017_14_6,O3,http://dd.eionet.europa.eu/vocabulary/aq/pollutant/7,hour,,µg/m3,2017-08-21 02:00:00 +01:00,2017-08-21 03:00:00 +01:00,-1,1
ES,ES.BDCA.AQD,NET_ES131A,STA_ES0125A,,SP_28079017_14_6,SPP_28079017_14_6.1,SAM_28079017_14_6,O3,http://dd.eionet.europa.eu/vocabulary/aq/pollutant/7,hour,,µg/m3,2017-08-21 03:00:00 +01:00,2017-08-21 04:00:00 +01:00,-1,1
ES,ES.BDCA.AQD,NET_ES131A,STA_ES0125A,,SP_28079017_14_6,SPP_28079017_14_6.1,SAM_28079017_14_6,O3,http://dd.eionet.europa.eu/vocabulary/aq/pollutant/7,hour,,µg/m3,2017-08-21 04:00:00 +01:00,2017-08-21 05:00:00 +01:00,-1,1
ES,ES.BDCA.AQD,NET_ES131A,STA_ES0125A,,SP_28079017_14_6,SPP_28079017_14_6.1,SAM_28079017_14_6,O3,http://dd.eionet.europa.eu/vocabulary/aq/pollutant/7,hour,,µg/m3,2017-08-21 05:00:00 +01:00,2017-08-21 06:00:00 +01:00,-1,1
ES,ES.BDCA.AQD,NET_ES131A,STA_ES0125A,,SP_28079017_14_6,SPP_28079017_14_6.1,SAM_28079017_14_6,O3,http://dd.eionet.europa.eu/vocabulary/aq/pollutant/7,hour,,µg/m3,2017-08-21 06:00:00 +01:00,2017-08-21 07:00:00 +01:00,-1,1
ES,ES.BDCA.AQD,NET_ES131A,STA_ES0125A,,SP_28079017_14_6,SPP_28079017_14_6.1,SAM_28079017_14_6,O3,http://dd.eionet.europa.eu/vocabulary/aq/pollutant/7,hour,,µg/m3,2017-08-21 07:00:00 +01:00,2017-08-21 08:00:00 +01:00,-1,1
ES,ES.BDCA.AQD,NET_ES131A,STA_ES0125A,,SP_28079017_14_6,SPP_28079017_14_6.1,SAM_28079017_14_6,O3,http://dd.eionet.europa.eu/vocabulary/aq/pollutant/7,hour,,µg/m3,2017-08-21 08:00:00 +01:00,2017-08-21 09:00:00 +01:00,-1,1
ES,ES.BDCA.AQD,NET_ES131A,STA_ES0125A,,SP_28079017_14_6,SPP_28079017_14_6.1,SAM_28079017_14_6,O3,http://dd.eionet.europa.eu/vocabulary/aq/pollutant/7,hour,,µg/m3,2017-08-21 09:00:00 +01:00,2017-08-21 10:00:00 +01:00,-1,1
ES,ES.BDCA.AQD,NET_ES131A,STA_ES0125A,,SP_28079017_14_6,SPP_28079017_14_6.1,SAM_28079017_14_6,O3,http://dd.eionet.europa.eu/vocabulary/aq/pollutant/7,hour,,µg/m3,2017-08-21 10:00:00 +01:00,2017-08-21 11:00:00 +01:00,-1,1
ES,ES.BDCA.AQD,NET_ES131A,STA_ES0125A,,SP_28079017_14_6,SPP_28079017_14_6.1,SAM_28079017_14_6,O3,http://dd.eionet.europa.eu/vocabulary/aq/pollutant/7,hour,,µg/m3,2017-08-21 11:00:00 +01:00,2017-08-21 12:00:00 +01:00,-1,1
ES,ES.BDCA.AQD,NET_ES131A,STA_ES0125A,,SP_28079017_14_6,SPP_28079017_14_6.1,SAM_28079017_14_6,O3,http://dd.eionet.europa.eu/vocabulary/aq/pollutant/7,hour,,µg/m3,2017-08-21 12:00:00 +01:00,2017-08-21 13:00:00 +01:00,-1,1
ES,ES.BDCA.AQD,NET_ES131A,STA_ES0125A,,SP_28079017_14_6,SPP_28079017_14_6.1,SAM_28079017_14_6,O3,http://dd.eionet.europa.eu/vocabulary/aq/pollutant/7,hour,,µg/m3,2017-08-21 13:00:00 +01:00,2017-08-21 14:00:00 +01:00,-1,1
ES,ES.BDCA.AQD,NET_ES131A,STA_ES0125A,,SP_28079017_14_6,SPP_28079017_14_6.1,SAM_28079017_14_6,O3,http://dd.eionet.europa.eu/vocabulary/aq/pollutant/7,hour,,µg/m3,2017-08-21 14:00:00 +01:00,2017-08-21 15:00:00 +01:00,-1,1
ES,ES.BDCA.AQD,NET_ES131A,STA_ES0125A,,SP_28079017_14_6,SPP_28079017_14_6.1,SAM_28079017_14_6,O3,http://dd.eionet.europa.eu/vocabulary/aq/pollutant/7,hour,,µg/m3,2017-08-21 15:00:00 +01:00,2017-08-21 16:00:00 +01:00,-1,1
ES,ES.BDCA.AQD,NET_ES131A,STA_ES0125A,,SP_28079017_14_6,SPP_28079017_14_6.1,SAM_28079017_14_6,O3,http://dd.eionet.europa.eu/vocabulary/aq/pollutant/7,hour,112.5999999900,µg/m3,2017-08-21 16:00:00 +01:00,2017-08-21 17:00:00 +01:00,1,1
ES,ES.BDCA.AQD,NET_ES131A,STA_ES0125A,,SP_28079017_14_6,SPP_28079017_14_6.1,SAM_28079017_14_6,O3,http://dd.eionet.europa.eu/vocabulary/aq/pollutant/7,hour,110.2000000000,µg/m3,2017-08-21 17:00:00 +01:00,2017-08-21 18:00:00 +01:00,1,1
ES,ES.BDCA.AQD,NET_ES131A,STA_ES0125A,,SP_28079017_14_6,SPP_28079017_14_6.1,SAM_28079017_14_6,O3,http://dd.eionet.europa.eu/vocabulary/aq/pollutant/7,hour,99.5499999900,µg/m3,2017-08-21 18:00:00 +01:00,2017-08-21 19:00:00 +01:00,1,1
ES,ES.BDCA.AQD,NET_ES131A,STA_ES0125A,,SP_28079017_14_6,SPP_28079017_14_6.1,SAM_28079017_14_6,O3,http://dd.eionet.europa.eu/vocabulary/aq/pollutant/7,hour,91.7099999900,µg/m3,2017-08-21 19:00:00 +01:00,2017-08-21 20:00:00 +01:00,1,1
ES,ES.BDCA.AQD,NET_ES131A,STA_ES0125A,,SP_28079017_14_6,SPP_28079017_14_6.1,SAM_28079017_14_6,O3,http://dd.eionet.europa.eu/vocabulary/aq/pollutant/7,hour,55.1599999900,µg/m3,2017-08-21 20:00:00 +01:00,2017-08-21 21:00:00 +01:00,1,1
ES,ES.BDCA.AQD,NET_ES131A,STA_ES0125A,,SP_28079017_14_6,SPP_28079017_14_6.1,SAM_28079017_14_6,O3,http://dd.eionet.europa.eu/vocabulary/aq/pollutant/7,hour,41.4200000000,µg/m3,2017-08-21 21:00:00 +01:00,2017-08-21 22:00:00 +01:00,1,1
ES,ES.BDCA.AQD,NET_ES131A,STA_ES0125A,,SP_28079017_14_6,SPP_28079017_14_6.1,SAM_28079017_14_6,O3,http://dd.eionet.europa.eu/vocabulary/aq/pollutant/7,hour,59.4200000000,µg/m3,2017-08-21 22:00:00 +01:00,2017-08-21 23:00:00 +01:00,1,1
ES,ES.BDCA.AQD,NET_ES131A,STA_ES0125A,,SP_28079017_14_6,SPP_28079017_14_6.1,SAM_28079017_14_6,O3,http://dd.eionet.europa.eu/vocabulary/aq/pollutant/7,hour,54.9900000000,µg/m3,2017-08-21 23:00:00 +01:00,2017-08-22 00:00:00 +01:00,1,1
ES,ES.BDCA.AQD,NET_ES131A,STA_ES0125A,,SP_28079017_14_6,SPP_28079017_14_6.1,SAM_28079017_14_6,O3,http://dd.eionet.europa.eu/vocabulary/aq/pollutant/7,hour,59.5799999900,µg/m3,2017-08-22 00:00:00 +01:00,2017-08-22 01:00:00 +01:00,1,1
ES,ES.BDCA.AQD,NET_ES131A,STA_ES0125A,,SP_28079017_14_6,SPP_28079017_14_6.1,SAM_28079017_14_6,O3,http://dd.eionet.europa.eu/vocabulary/aq/pollutant/7,hour,62.9699999900,µg/m3,2017-08-22 01:00:00 +01:00,2017-08-22 02:00:00 +01:00,1,1
ES,ES.BDCA.AQD,NET_ES131A,STA_ES0125A,,SP_28079017_14_6,SPP_28079017_14_6.1,SAM_28079017_14_6,O3,http://dd.eionet.europa.eu/vocabulary/aq/pollutant/7,hour,64.7199999900,µg/m3,2017-08-22 02:00:00 +01:00,2017-08-22 03:00:00 +01:00,1,1
ES,ES.BDCA.AQD,NET_ES131A,STA_ES0125A,,SP_28079017_14_6,SPP_28079017_14_6.1,SAM_28079017_14_6,O3,http://dd.eionet.europa.eu/vocabulary/aq/pollutant/7,hour,57.9600000000,µg/m3,2017-08-22 03:00:00 +01:00,2017-08-22 04:00:00 +01:00,1,1
ES,ES.BDCA.AQD,NET_ES131A,STA_ES0125A,,SP_28079017_14_6,SPP_28079017_14_6.1,SAM_28079017_14_6,O3,http://dd.eionet.europa.eu/vocabulary/aq/pollutant/7,hour,57.2299999900,µg/m3,2017-08-22 04:00:00 +01:00,2017-08-22 05:00:00 +01:00,1,1
ES,ES.BDCA.AQD,NET_ES131A,STA_ES0125A,,SP_28079017_14_6,SPP_28079017_14_6.1,SAM_28079017_14_6,O3,http://dd.eionet.europa.eu/vocabulary/aq/pollutant/7,hour,56.5399999900,µg/m3,2017-08-22 05:00:00 +01:00,2017-08-22 06:00:00 +01:00,1,1
ES,ES.BDCA.AQD,NET_ES131A,STA_ES0125A,,SP_28079017_14_6,SPP_28079017_14_6.1,SAM_28079017_14_6,O3,http://dd.eionet.europa.eu/vocabulary/aq/pollutant/7,hour,40.1899999900,µg/m3,2017-08-22 06:00:00 +01:00,2017-08-22 07:00:00 +01:00,1,1
ES,ES.BDCA.AQD,NET_ES131A,STA_ES0125A,,SP_28079017_14_6,SPP_28079017_14_6.1,SAM_28079017_14_6,O3,http://dd.eionet.europa.eu/vocabulary/aq/pollutant/7,hour,23.7800000000,µg/m3,2017-08-22 07:00:00 +01:00,2017-08-22 08:00:00 +01:00,1,1
ES,ES.BDCA.AQD,NET_ES131A,STA_ES0125A,,SP_28079017_14_6,SPP_28079017_14_6.1,SAM_28079017_14_6,O3,http://dd.eionet.europa.eu/vocabulary/aq/pollutant/7,hour,49.0399999900,µg/m3,2017-08-22 08:00:00 +01:00,2017-08-22 09:00:00 +01:00,1,1
ES,ES.BDCA.AQD,NET_ES131A,STA_ES0125A,,SP_28079017_14_6,SPP_28079017_14_6.1,SAM_28079017_14_6,O3,http://dd.eionet.europa.eu/vocabulary/aq/pollutant/7,hour,63.1000000000,µg/m3,2017-08-22 09:00:00 +01:00,2017-08-22 10:00:00 +01:00,1,1
ES,ES.BDCA.AQD,NET_ES131A,STA_ES0125A,,SP_28079017_14_6,SPP_28079017_14_6.1,SAM_28079017_14_6,O3,http://dd.eionet.europa.eu/vocabulary/aq/pollutant/7,hour,70.8900000000,µg/m3,2017-08-22 10:00:00 +01:00,2017-08-22 11:00:00 +01:00,1,1
ES,ES.BDCA.AQD,NET_ES131A,STA_ES0125A,,SP_28079017_14_6,SPP_28079017_14_6.1,SAM_28079017_14_6,O3,http://dd.eionet.europa.eu/vocabulary/aq/pollutant/7,hour,85.7600000000,µg/m3,2017-08-22 11:00:00 +01:00,2017-08-22 12:00:00 +01:00,1,1
ES,ES.BDCA.AQD,NET_ES131A,STA_ES0125A,,SP_28079017_14_6,SPP_28079017_14_6.1,SAM_28079017_14_6,O3,http://dd.eionet.europa.eu/vocabulary/aq/pollutant/7,hour,102.3000000000,µg/m3,2017-08-22 12:00:00 +01:00,2017-08-22 13:00:00 +01:00,1,1
ES,ES.BDCA.AQD,NET_ES131A,STA_ES0125A,,SP_28079017_14_6,SPP_28079017_14_6.1,SAM_28079017_14_6,O3,http://dd.eionet.europa.eu/vocabulary/aq/pollutant/7,hour,114.0000000000,µg/m3,2017-08-22 13:00:00 +01:00,2017-08-22 14:00:00 +01:00,1,1
ES,ES.BDCA.AQD,NET_ES131A,STA_ES0125A,,SP_28079017_14_6,SPP_28079017_14_6.1,SAM_28079017_14_6,O3,http://dd.eionet.europa.eu/vocabulary/aq/pollutant/7,hour,120.7000000000,µg/m3,2017-08-22 14:00:00 +01:00,2017-08-22 15:00:00 +01:00,1,1
ES,ES.BDCA.AQD,NET_ES131A,STA_ES0125A,,SP_28079017_14_6,SPP_28079017_14_6.1,SAM_28079017_14_6,O3,http://dd.eionet.europa.eu/vocabulary/aq/pollutant/7,hour,109.5000000000,µg/m3,2017-08-22 15:00:00 +01:00,2017-08-22 16:00:00 +01:00,1,1
ES,ES.BDCA.AQD,NET_ES131A,STA_ES0125A,,SP_28079017_14_6,SPP_28079017_14_6.1,SAM_28079017_14_6,O3,http://dd.eionet.europa.eu/vocabulary/aq/pollutant/7,hour,109.5000000000,µg/m3,2017-08-22 16:00:00 +01:00,2017-08-22 17:00:00 +01:00,1,1
ES,ES.BDCA.AQD,NET_ES131A,STA_ES0125A,,SP_28079017_14_6,SPP_28079017_14_6.1,SAM_28079017_14_6,O3,http://dd.eionet.europa.eu/vocabulary/aq/pollutant/7,hour,106.0000000000,µg/m3,2017-08-22 17:00:00 +01:00,2017-08-22 18:00:00 +01:00,1,1
ES,ES.BDCA.AQD,NET_ES131A,STA_ES0125A,,SP_28079017_14_6,SPP_28079017_14_6.1,SAM_28079017_14_6,O3,http://dd.eionet.europa.eu/vocabulary/aq/pollutant/7,hour,101.0000000000,µg/m3,2017-08-22 18:00:00 +01:00,2017-08-22 19:00:00 +01:00,1,1
ES,ES.BDCA.AQD,NET_ES131A,STA_ES0125A,,SP_28079017_14_6,SPP_28079017_14_6.1,SAM_28079017_14_6,O3,http://dd.eionet.europa.eu/vocabulary/aq/pollutant/7,hour,85.2699999900,µg/m3,2017-08-22 19:00:00 +01:00,2017-08-22 20:00:00 +01:00,1,1
ES,ES.BDCA.AQD,NET_ES131A,STA_ES0125A,,SP_28079017_14_6,SPP_28079017_14_6.1,SAM_28079017_14_6,O3,http://dd.eionet.europa.eu/vocabulary/aq/pollutant/7,hour,45.0099999900,µg/m3,2017-08-22 20:00:00 +01:00,2017-08-22 21:00:00 +01:00,1,1
ES,ES.BDCA.AQD,NET_ES131A,STA_ES0125A,,SP_28079017_14_6,SPP_28079017_14_6.1,SAM_28079017_14_6,O3,http://dd.eionet.europa.eu/vocabulary/aq/pollutant/7,hour,15.7799999900,µg/m3,2017-08-22 21:00:00 +01:00,2017-08-22 22:00:00 +01:00,1,1
ES,ES.BDCA.AQD,NET_ES131A,STA_ES0125A,,SP_28079017_14_6,SPP_28079017_14_6.1,SAM_28079017_14_6,O3,http://dd.eionet.europa.eu/vocabulary/aq/pollutant/7,hour,51.0200000000,µg/m3,2017-08-22 22:00:00 +01:00,2017-08-22 23:00:00 +01:00,1,1
ES,ES.BDCA.AQD,NET_ES131A,STA_ES0125A,,SP_28079017_14_6,SPP_28079017_14_6.1,SAM_28079017_14_6,O3,http://dd.eionet.europa.eu/vocabulary/aq/pollutant/7,hour,42.6300000000,µg/m3,2017-08-22 23:00:00 +01:00,2017-08-23 00:00:00 +01:00,1,1
ES,ES.BDCA.AQD,NET_ES131A,STA_ES0125A,,SP_28079017_14_6,SPP_28079017_14_6.1,SAM_28079017_14_6,O3,http://dd.eionet.europa.eu/vocabulary/aq/pollutant/7,hour,46.8400000000,µg/m3,2017-08-23 00:00:00 +01:00,2017-08-23 01:00:00 +01:00,1,1
ES,ES.BDCA.AQD,NET_ES131A,STA_ES0125A,,SP_28079017_14_6,SPP_28079017_14_6.1,SAM_28079017_14_6,O3,http://dd.eionet.europa.eu/vocabulary/aq/pollutant/7,hour,62.2899999900,µg/m3,2017-08-23 01:00:00 +01:00,2017-08-23 02:00:00 +01:00,1,1
ES,ES.BDCA.AQD,NET_ES131A,STA_ES0125A,,SP_28079017_14_6,SPP_28079017_14_6.1,SAM_28079017_14_6,O3,http://dd.eionet.europa.eu/vocabulary/aq/pollutant/7,hour,50.2400000000,µg/m3,2017-08-23 02:00:00 +01:00,2017-08-23 03:00:00 +01:00,1,1
ES,ES.BDCA.AQD,NET_ES131A,STA_ES0125A,,SP_28079017_14_6,SPP_28079017_14_6.1,SAM_28079017_14_6,O3,http://dd.eionet.europa.eu/vocabulary/aq/pollutant/7,hour,28.9400000000,µg/m3,2017-08-23 03:00:00 +01:00,2017-08-23 04:00:00 +01:00,1,1
ES,ES.BDCA.AQD,NET_ES131A,STA_ES0125A,,SP_28079017_14_6,SPP_28079017_14_6.1,SAM_28079017_14_6,O3,http://dd.eionet.europa.eu/vocabulary/aq/pollutant/7,hour,19.0799999900,µg/m3,2017-08-23 04:00:00 +01:00,2017-08-23 05:00:00 +01:00,1,1
ES,ES.BDCA.AQD,NET_ES131A,STA_ES0125A,,SP_28079017_14_6,SPP_28079017_14_6.1,SAM_28079017_14_6,O3,http://dd.eionet.europa.eu/vocabulary/aq/pollutant/7,hour,11.0600000000,µg/m3,2017-08-23 05:00:00 +01:00,2017-08-23 06:00:00 +01:00,1,1
ES,ES.BDCA.AQD,NET_ES131A,STA_ES0125A,,SP_28079017_14_6,SPP_28079017_14_6.1,SAM_28079017_14_6,O3,http://dd.eionet.europa.eu/vocabulary/aq/pollutant/7,hour,5.9900000000,µg/m3,2017-08-23 06:00:00 +01:00,2017-08-23 07:00:00 +01:00,1,1
ES,ES.BDCA.AQD,NET_ES131A,STA_ES0125A,,SP_28079017_14_6,SPP_28079017_14_6.1,SAM_28079017_14_6,O3,http://dd.eionet.europa.eu/vocabulary/aq/pollutant/7,hour,3.3999999900,µg/m3,2017-08-23 07:00:00 +01:00,2017-08-23 08:00:00 +01:00,1,1
ES,ES.BDCA.AQD,NET_ES131A,STA_ES0125A,,SP_28079017_14_6,SPP_28079017_14_6.1,SAM_28079017_14_6,O3,http://dd.eionet.europa.eu/vocabulary/aq/pollutant/7,hour,17.8599999900,µg/m3,2017-08-23 08:00:00 +01:00,2017-08-23 09:00:00 +01:00,1,1
ES,ES.BDCA.AQD,NET_ES131A,STA_ES0125A,,SP_28079017_14_6,SPP_28079017_14_6.1,SAM_28079017_14_6,O3,http://dd.eionet.europa.eu/vocabulary/aq/pollutant/7,hour,43.1000000000,µg/m3,2017-08-23 09:00:00 +01:00,2017-08-23 10:00:00 +01:00,1,1
ES,ES.BDCA.AQD,NET_ES131A,STA_ES0125A,,SP_28079017_14_6,SPP_28079017_14_6.1,SAM_28079017_14_6,O3,http://dd.eionet.europa.eu/vocabulary/aq/pollutant/7,hour,66.9099999900,µg/m3,2017-08-23 10:00:00 +01:00,2017-08-23 11:00:00 +01:00,1,1
ES,ES.BDCA.AQD,NET_ES131A,STA_ES0125A,,SP_28079017_14_6,SPP_28079017_14_6.1,SAM_28079017_14_6,O3,http://dd.eionet.europa.eu/vocabulary/aq/pollutant/7,hour,86.2999999900,µg/m3,2017-08-23 11:00:00 +01:00,2017-08-23 12:00:00 +01:00,1,1
ES,ES.BDCA.AQD,NET_ES131A,STA_ES0125A,,SP_28079017_14_6,SPP_28079017_14_6.1,SAM_28079017_14_6,O3,http://dd.eionet.europa.eu/vocabulary/aq/pollutant/7,hour,105.0999999900,µg/m3,2017-08-23 12:00:00 +01:00,2017-08-23 13:00:00 +01:00,1,1
ES,ES.BDCA.AQD,NET_ES131A,STA_ES0125A,,SP_28079017_14_6,SPP_28079017_14_6.1,SAM_28079017_14_6,O3,http://dd.eionet.europa.eu/vocabulary/aq/pollutant/7,hour,120.0000000000,µg/m3,2017-08-23 13:00:00 +01:00,2017-08-23 14:00:00 +01:00,1,1
ES,ES.BDCA.AQD,NET_ES131A,STA_ES0125A,,SP_28079017_14_6,SPP_28079017_14_6.1,SAM_28079017_14_6,O3,http://dd.eionet.europa.eu/vocabulary/aq/pollutant/7,hour,117.4000000000,µg/m3,2017-08-23 14:00:00 +01:00,2017-08-23 15:00:00 +01:00,1,1
ES,ES.BDCA.AQD,NET_ES131A,STA_ES0125A,,SP_28079017_14_6,SPP_28079017_14_6.1,SAM_28079017_14_6,O3,http://dd.eionet.europa.eu/vocabulary/aq/pollutant/7,hour,119.0999999900,µg/m3,2017-08-23 15:00:00 +01:00,2017-08-23 16:00:00 +01:00,1,1
ES,ES.BDCA.AQD,NET_ES131A,STA_ES0125A,,SP_28079017_14_6,SPP_28079017_14_6.1,SAM_28079017_14_6,O3,http://dd.eionet.europa.eu/vocabulary/aq/pollutant/7,hour,112.0999999900,µg/m3,2017-08-23 16:00:00 +01:00,2017-08-23 17:00:00 +01:00,1,1
ES,ES.BDCA.AQD,NET_ES131A,STA_ES0125A,,SP_28079017_14_6,SPP_28079017_14_6.1,SAM_28079017_14_6,O3,http://dd.eionet.europa.eu/vocabulary/aq/pollutant/7,hour,105.7000000000,µg/m3,2017-08-23 17:00:00 +01:00,2017-08-23 18:00:00 +01:00,1,1
ES,ES.BDCA.AQD,NET_ES131A,STA_ES0125A,,SP_28079017_14_6,SPP_28079017_14_6.1,SAM_28079017_14_6,O3,http://dd.eionet.europa.eu/vocabulary/aq/pollutant/7,hour,104.0000000000,µg/m3,2017-08-23 18:00:00 +01:00,2017-08-23 19:00:00 +01:00,1,1
ES,ES.BDCA.AQD,NET_ES131A,STA_ES0125A,,SP_28079017_14_6,SPP_28079017_14_6.1,SAM_28079017_14_6,O3,http://dd.eionet.europa.eu/vocabulary/aq/pollutant/7,hour,91.5100000000,µg/m3,2017-08-23 19:00:00 +01:00,2017-08-23 20:00:00 +01:00,1,1
ES,ES.BDCA.AQD,NET_ES131A,STA_ES0125A,,SP_28079017_14_6,SPP_28079017_14_6.1,SAM_28079017_14_6,O3,http://dd.eionet.europa.eu/vocabulary/aq/pollutant/7,hour,59.7500000000,µg/m3,2017-08-23 20:00:00 +01:00,2017-08-23 21:00:00 +01:00,1,1
ES,ES.BDCA.AQD,NET_ES131A,STA_ES0125A,,SP_28079017_14_6,SPP_28079017_14_6.1,SAM_28079017_14_6,O3,http://dd.eionet.europa.eu/vocabulary/aq/pollutant/7,hour,48.8800000000,µg/m3,2017-08-23 21:00:00 +01:00,2017-08-23 22:00:00 +01:00,1,1
ES,ES.BDCA.AQD,NET_ES131A,STA_ES0125A,,SP_28079017_14_6,SPP_28079017_14_6.1,SAM_28079017_14_6,O3,http://dd.eionet.europa.eu/vocabulary/aq/pollutant/7,hour,41.8299999900,µg/m3,2017-08-23 22:00:00 +01:00,2017-08-23 23:00:00 +01:00,1,1
ES,ES.BDCA.AQD,NET_ES131A,STA_ES0125A,,SP_28079017_14_6,SPP_28079017_14_6.1,SAM_28079017_14_6,O3,http://dd.eionet.europa.eu/vocabulary/aq/pollutant/7,hour,31.3700000000,µg/m3,2017-08-23 23:00:00 +01:00,2017-08-24 00:00:00 +01:00,1,1
ES,ES.BDCA.AQD,NET_ES131A,STA_ES0125A,,SP_28079017_14_6,SPP_28079017_14_6.1,SAM_28079017_14_6,O3,http://dd.eionet.europa.eu/vocabulary/aq/pollutant/7,hour,20.3400000000,µg/m3,2017-08-24 00:00:00 +01:00,2017-08-24 01:00:00 +01:00,1,1
ES,ES.BDCA.AQD,NET_ES131A,STA_ES0125A,,SP_28079017_14_6,SPP_28079017_14_6.1,SAM_28079017_14_6,O3,http://dd.eionet.europa.eu/vocabulary/aq/pollutant/7,hour,5.9900000000,µg/m3,2017-08-24 01:00:00 +01:00,2017-08-24 02:00:00 +01:00,1,1
ES,ES.BDCA.AQD,NET_ES131A,STA_ES0125A,,SP_28079017_14_6,SPP_28079017_14_6.1,SAM_28079017_14_6,O3,http://dd.eionet.europa.eu/vocabulary/aq/pollutant/7,hour,4.7500000000,µg/m3,2017-08-24 02:00:00 +01:00,2017-08-24 03:00:00 +01:00,1,1
ES,ES.BDCA.AQD,NET_ES131A,STA_ES0125A,,SP_28079017_14_6,SPP_28079017_14_6.1,SAM_28079017_14_6,O3,http://dd.eionet.europa.eu/vocabulary/aq/pollutant/7,hour,2.6200000000,µg/m3,2017-08-24 03:00:00 +01:00,2017-08-24 04:00:00 +01:00,1,1
ES,ES.BDCA.AQD,NET_ES131A,STA_ES0125A,,SP_28079017_14_6,SPP_28079017_14_6.1,SAM_28079017_14_6,O3,http://dd.eionet.europa.eu/vocabulary/aq/pollutant/7,hour,13.9499999900,µg/m3,2017-08-24 04:00:00 +01:00,2017-08-24 05:00:00 +01:00,1,1
ES,ES.BDCA.AQD,NET_ES131A,STA_ES0125A,,SP_28079017_14_6,SPP_28079017_14_6.1,SAM_28079017_14_6,O3,http://dd.eionet.europa.eu/vocabulary/aq/pollutant/7,hour,5.9199999900,µg/m3,2017-08-24 05:00:00 +01:00,2017-08-24 06:00:00 +01:00,1,1
ES,ES.BDCA.AQD,NET_ES131A,STA_ES0125A,,SP_28079017_14_6,SPP_28079017_14_6.1,SAM_28079017_14_6,O3,http://dd.eionet.europa.eu/vocabulary/aq/pollutant/7,hour,5.0400000000,µg/m3,2017-08-24 06:00:00 +01:00,2017-08-24 07:00:00 +01:00,1,1
ES,ES.BDCA.AQD,NET_ES131A,STA_ES0125A,,SP_28079017_14_6,SPP_28079017_14_6.1,SAM_28079017_14_6,O3,http://dd.eionet.europa.eu/vocabulary/aq/pollutant/7,hour,2.7500000000,µg/m3,2017-08-24 07:00:00 +01:00,2017-08-24 08:00:00 +01:00,1,1
ES,ES.BDCA.AQD,NET_ES131A,STA_ES0125A,,SP_28079017_14_6,SPP_28079017_14_6.1,SAM_28079017_14_6,O3,http://dd.eionet.europa.eu/vocabulary/aq/pollutant/7,hour,9.5500000000,µg/m3,2017-08-24 08:00:00 +01:00,2017-08-24 09:00:00 +01:00,1,1
ES,ES.BDCA.AQD,NET_ES131A,STA_ES0125A,,SP_28079017_14_6,SPP_28079017_14_6.1,SAM_28079017_14_6,O3,http://dd.eionet.europa.eu/vocabulary/aq/pollutant/7,hour,41.7199999900,µg/m3,2017-08-24 09:00:00 +01:00,2017-08-24 10:00:00 +01:00,1,1
ES,ES.BDCA.AQD,NET_ES131A,STA_ES0125A,,SP_28079017_14_6,SPP_28079017_14_6.1,SAM_28079017_14_6,O3,http://dd.eionet.europa.eu/vocabulary/aq/pollutant/7,hour,60.4099999900,µg/m3,2017-08-24 10:00:00 +01:00,2017-08-24 11:00:00 +01:00,1,1
ES,ES.BDCA.AQD,NET_ES131A,STA_ES0125A,,SP_28079017_14_6,SPP_28079017_14_6.1,SAM_28079017_14_6,O3,http://dd.eionet.europa.eu/vocabulary/aq/pollutant/7,hour,79.8700000000,µg/m3,2017-08-24 11:00:00 +01:00,2017-08-24 12:00:00 +01:00,1,1
ES,ES.BDCA.AQD,NET_ES131A,STA_ES0125A,,SP_28079017_14_6,SPP_28079017_14_6.1,SAM_28079017_14_6,O3,http://dd.eionet.europa.eu/vocabulary/aq/pollutant/7,hour,102.2000000000,µg/m3,2017-08-24 12:00:00 +01:00,2017-08-24 13:00:00 +01:00,1,1
ES,ES.BDCA.AQD,NET_ES131A,STA_ES0125A,,SP_28079017_14_6,SPP_28079017_14_6.1,SAM_28079017_14_6,O3,http://dd.eionet.europa.eu/vocabulary/aq/pollutant/7,hour,108.9000000000,µg/m3,2017-08-24 13:00:00 +01:00,2017-08-24 14:00:00 +01:00,1,1
ES,ES.BDCA.AQD,NET_ES131A,STA_ES0125A,,SP_28079017_14_6,SPP_28079017_14_6.1,SAM_28079017_14_6,O3,http://dd.eionet.europa.eu/vocabulary/aq/pollutant/7,hour,111.7000000000,µg/m3,2017-08-24 14:00:00 +01:00,2017-08-24 15:00:00 +01:00,1,1
ES,ES.BDCA.AQD,NET_ES131A,STA_ES0125A,,SP_28079017_14_6,SPP_28079017_14_6.1,SAM_28079017_14_6,O3,http://dd.eionet.europa.eu/vocabulary/aq/pollutant/7,hour,97.0900000000,µg/m3,2017-08-24 15:00:00 +01:00,2017-08-24 16:00:00 +01:00,1,1
ES,ES.BDCA.AQD,NET_ES131A,STA_ES0125A,,SP_28079017_14_6,SPP_28079017_14_6.1,SAM_28079017_14_6,O3,http://dd.eionet.europa.eu/vocabulary/aq/pollutant/7,hour,92.2000000000,µg/m3,2017-08-24 16:00:00 +01:00,2017-08-24 17:00:00 +01:00,1,1
ES,ES.BDCA.AQD,NET_ES131A,STA_ES0125A,,SP_28079017_14_6,SPP_28079017_14_6.1,SAM_28079017_14_6,O3,http://dd.eionet.europa.eu/vocabulary/aq/pollutant/7,hour,95.8499999900,µg/m3,2017-08-24 17:00:00 +01:00,2017-08-24 18:00:00 +01:00,1,1
ES,ES.BDCA.AQD,NET_ES131A,STA_ES0125A,,SP_28079017_14_6,SPP_28079017_14_6.1,SAM_28079017_14_6,O3,http://dd.eionet.europa.eu/vocabulary/aq/pollutant/7,hour,96.6899999900,µg/m3,2017-08-24 18:00:00 +01:00,2017-08-24 19:00:00 +01:00,1,1
ES,ES.BDCA.AQD,NET_ES131A,STA_ES0125A,,SP_28079017_14_6,SPP_28079017_14_6.1,SAM_28079017_14_6,O3,http://dd.eionet.europa.eu/vocabulary/aq/pollutant/7,hour,80.1400000000,µg/m3,2017-08-24 19:00:00 +01:00,2017-08-24 20:00:00 +01:00,1,1
ES,ES.BDCA.AQD,NET_ES131A,STA_ES0125A,,SP_28079017_14_6,SPP_28079017_14_6.1,SAM_28079017_14_6,O3,http://dd.eionet.europa.eu/vocabulary/aq/pollutant/7,hour,44.0200000000,µg/m3,2017-08-24 20:00:00 +01:00,2017-08-24 21:00:00 +01:00,1,1
ES,ES.BDCA.AQD,NET_ES131A,STA_ES0125A,,SP_28079017_14_6,SPP_28079017_14_6.1,SAM_28079017_14_6,O3,http://dd.eionet.europa.eu/vocabulary/aq/pollutant/7,hour,8.0999999900,µg/m3,2017-08-24 21:00:00 +01:00,2017-08-24 22:00:00 +01:00,1,1
ES,ES.BDCA.AQD,NET_ES131A,STA_ES0125A,,SP_28079017_14_6,SPP_28079017_14_6.1,SAM_28079017_14_6,O3,http://dd.eionet.europa.eu/vocabulary/aq/pollutant/7,hour,1.0000000000,µg/m3,2017-08-24 22:00:00 +01:00,2017-08-24 23:00:00 +01:00,1,1
ES,ES.BDCA.AQD,NET_ES131A,STA_ES0125A,,SP_28079017_14_6,SPP_28079017_14_6.1,SAM_28079017_14_6,O3,http://dd.eionet.europa.eu/vocabulary/aq/pollutant/7,hour,1.0400000000,µg/m3,2017-08-24 23:00:00 +01:00,2017-08-25 00:00:00 +01:00,1,1
ES,ES.BDCA.AQD,NET_ES131A,STA_ES0125A,,SP_28079017_14_6,SPP_28079017_14_6.1,SAM_28079017_14_6,O3,http://dd.eionet.europa.eu/vocabulary/aq/pollutant/7,hour,1.0000000000,µg/m3,2017-08-25 00:00:00 +01:00,2017-08-25 01:00:00 +01:00,1,1
ES,ES.BDCA.AQD,NET_ES131A,STA_ES0125A,,SP_28079017_14_6,SPP_28079017_14_6.1,SAM_28079017_14_6,O3,http://dd.eionet.europa.eu/vocabulary/aq/pollutant/7,hour,1.0800000000,µg/m3,2017-08-25 01:00:00 +01:00,2017-08-25 02:00:00 +01:00,1,1
ES,ES.BDCA.AQD,NET_ES131A,STA_ES0125A,,SP_28079017_14_6,SPP_28079017_14_6.1,SAM_28079017_14_6,O3,http://dd.eionet.europa.eu/vocabulary/aq/pollutant/7,hour,11.2700000000,µg/m3,2017-08-25 02:00:00 +01:00,2017-08-25 03:00:00 +01:00,1,1
ES,ES.BDCA.AQD,NET_ES131A,STA_ES0125A,,SP_28079017_14_6,SPP_28079017_14_6.1,SAM_28079017_14_6,O3,http://dd.eionet.europa.eu/vocabulary/aq/pollutant/7,hour,15.8800000000,µg/m3,2017-08-25 03:00:00 +01:00,2017-08-25 04:00:00 +01:00,1,1
ES,ES.BDCA.AQD,NET_ES131A,STA_ES0125A,,SP_28079017_14_6,SPP_28079017_14_6.1,SAM_28079017_14_6,O3,http://dd.eionet.europa.eu/vocabulary/aq/pollutant/7,hour,38.6199999900,µg/m3,2017-08-25 04:00:00 +01:00,2017-08-25 05:00:00 +01:00,1,1
ES,ES.BDCA.AQD,NET_ES131A,STA_ES0125A,,SP_28079017_14_6,SPP_28079017_14_6.1,SAM_28079017_14_6,O3,http://dd.eionet.europa.eu/vocabulary/aq/pollutant/7,hour,21.6099999900,µg/m3,2017-08-25 05:00:00 +01:00,2017-08-25 06:00:00 +01:00,1,1
ES,ES.BDCA.AQD,NET_ES131A,STA_ES0125A,,SP_28079017_14_6,SPP_28079017_14_6.1,SAM_28079017_14_6,O3,http://dd.eionet.europa.eu/vocabulary/aq/pollutant/7,hour,3.5899999900,µg/m3,2017-08-25 06:00:00 +01:00,2017-08-25 07:00:00 +01:00,1,1
ES,ES.BDCA.AQD,NET_ES131A,STA_ES0125A,,SP_28079017_14_6,SPP_28079017_14_6.1,SAM_28079017_14_6,O3,http://dd.eionet.europa.eu/vocabulary/aq/pollutant/7,hour,1.2400000000,µg/m3,2017-08-25 07:00:00 +01:00,2017-08-25 08:00:00 +01:00,1,1
ES,ES.BDCA.AQD,NET_ES131A,STA_ES0125A,,SP_28079017_14_6,SPP_28079017_14_6.1,SAM_28079017_14_6,O3,http://dd.eionet.europa.eu/vocabulary/aq/pollutant/7,hour,3.9600000000,µg/m3,2017-08-25 08:00:00 +01:00,2017-08-25 09:00:00 +01:00,1,1
ES,ES.BDCA.AQD,NET_ES131A,STA_ES0125A,,SP_28079017_14_6,SPP_28079017_14_6.1,SAM_28079017_14_6,O3,http://dd.eionet.europa.eu/vocabulary/aq/pollutant/7,hour,15.1000000000,µg/m3,2017-08-25 09:00:00 +01:00,2017-08-25 10:00:00 +01:00,1,1
ES,ES.BDCA.AQD,NET_ES131A,STA_ES0125A,,SP_28079017_14_6,SPP_28079017_14_6.1,SAM_28079017_14_6,O3,http://dd.eionet.europa.eu/vocabulary/aq/pollutant/7,hour,38.7100000000,µg/m3,2017-08-25 10:00:00 +01:00,2017-08-25 11:00:00 +01:00,1,1
ES,ES.BDCA.AQD,NET_ES131A,STA_ES0125A,,SP_28079017_14_6,SPP_28079017_14_6.1,SAM_28079017_14_6,O3,http://dd.eionet.europa.eu/vocabulary/aq/pollutant/7,hour,84.1899999900,µg/m3,2017-08-25 11:00:00 +01:00,2017-08-25 12:00:00 +01:00,1,1
ES,ES.BDCA.AQD,NET_ES131A,STA_ES0125A,,SP_28079017_14_6,SPP_28079017_14_6.1,SAM_28079017_14_6,O3,http://dd.eionet.europa.eu/vocabulary/aq/pollutant/7,hour,87.7199999900,µg/m3,2017-08-25 12:00:00 +01:00,2017-08-25 13:00:00 +01:00,1,1
ES,ES.BDCA.AQD,NET_ES131A,STA_ES0125A,,SP_28079017_14_6,SPP_28079017_14_6.1,SAM_28079017_14_6,O3,http://dd.eionet.europa.eu/vocabulary/aq/pollutant/7,hour,90.2099999900,µg/m3,2017-08-25 13:00:00 +01:00,2017-08-25 14:00:00 +01:00,1,1
ES,ES.BDCA.AQD,NET_ES131A,STA_ES0125A,,SP_28079017_14_6,SPP_28079017_14_6.1,SAM_28079017_14_6,O3,http://dd.eionet.europa.eu/vocabulary/aq/pollutant/7,hour,85.9599999900,µg/m3,2017-08-25 14:00:00 +01:00,2017-08-25 15:00:00 +01:00,1,1
ES,ES.BDCA.AQD,NET_ES131A,STA_ES0125A,,SP_28079017_14_6,SPP_28079017_14_6.1,SAM_28079017_14_6,O3,http://dd.eionet.europa.eu/vocabulary/aq/pollutant/7,hour,86.4300000000,µg/m3,2017-08-25 15:00:00 +01:00,2017-08-25 16:00:00 +01:00,1,1
ES,ES.BDCA.AQD,NET_ES131A,STA_ES0125A,,SP_28079017_14_6,SPP_28079017_14_6.1,SAM_28079017_14_6,O3,http://dd.eionet.europa.eu/vocabulary/aq/pollutant/7,hour,83.0999999900,µg/m3,2017-08-25 16:00:00 +01:00,2017-08-25 17:00:00 +01:00,1,1
ES,ES.BDCA.AQD,NET_ES131A,STA_ES0125A,,SP_28079017_14_6,SPP_28079017_14_6.1,SAM_28079017_14_6,O3,http://dd.eionet.europa.eu/vocabulary/aq/pollutant/7,hour,73.7000000000,µg/m3,2017-08-25 17:00:00 +01:00,2017-08-25 18:00:00 +01:00,1,1
ES,ES.BDCA.AQD,NET_ES131A,STA_ES0125A,,SP_28079017_14_6,SPP_28079017_14_6.1,SAM_28079017_14_6,O3,http://dd.eionet.europa.eu/vocabulary/aq/pollutant/7,hour,55.8999999900,µg/m3,2017-08-25 18:00:00 +01:00,2017-08-25 19:00:00 +01:00,1,1
ES,ES.BDCA.AQD,NET_ES131A,STA_ES0125A,,SP_28079017_14_6,SPP_28079017_14_6.1,SAM_28079017_14_6,O3,http://dd.eionet.europa.eu/vocabulary/aq/pollutant/7,hour,47.9200000000,µg/m3,2017-08-25 19:00:00 +01:00,2017-08-25 20:00:00 +01:00,1,1
ES,ES.BDCA.AQD,NET_ES131A,STA_ES0125A,,SP_28079017_14_6,SPP_28079017_14_6.1,SAM_28079017_14_6,O3,http://dd.eionet.europa.eu/vocabulary/aq/pollutant/7,hour,24.5799999900,µg/m3,2017-08-25 20:00:00 +01:00,2017-08-25 21:00:00 +01:00,1,1
ES,ES.BDCA.AQD,NET_ES131A,STA_ES0125A,,SP_28079017_14_6,SPP_28079017_14_6.1,SAM_28079017_14_6,O3,http://dd.eionet.europa.eu/vocabulary/aq/pollutant/7,hour,6.7699999900,µg/m3,2017-08-25 21:00:00 +01:00,2017-08-25 22:00:00 +01:00,1,1
ES,ES.BDCA.AQD,NET_ES131A,STA_ES0125A,,SP_28079017_14_6,SPP_28079017_14_6.1,SAM_28079017_14_6,O3,http://dd.eionet.europa.eu/vocabulary/aq/pollutant/7,hour,1.2000000000,µg/m3,2017-08-25 22:00:00 +01:00,2017-08-25 23:00:00 +01:00,1,1
ES,ES.BDCA.AQD,NET_ES131A,STA_ES0125A,,SP_28079017_14_6,SPP_28079017_14_6.1,SAM_28079017_14_6,O3,http://dd.eionet.europa.eu/vocabulary/aq/pollutant/7,hour,8.2100000000,µg/m3,2017-08-25 23:00:00 +01:00,2017-08-26 00:00:00 +01:00,1,1
ES,ES.BDCA.AQD,NET_ES131A,STA_ES0125A,,SP_28079017_14_6,SPP_28079017_14_6.1,SAM_28079017_14_6,O3,http://dd.eionet.europa.eu/vocabulary/aq/pollutant/7,hour,19.1499999900,µg/m3,2017-08-26 00:00:00 +01:00,2017-08-26 01:00:00 +01:00,1,1
ES,ES.BDCA.AQD,NET_ES131A,STA_ES0125A,,SP_28079017_14_6,SPP_28079017_14_6.1,SAM_28079017_14_6,O3,http://dd.eionet.europa.eu/vocabulary/aq/pollutant/7,hour,3.0899999900,µg/m3,2017-08-26 01:00:00 +01:00,2017-08-26 02:00:00 +01:00,1,1
ES,ES.BDCA.AQD,NET_ES131A,STA_ES0125A,,SP_28079017_14_6,SPP_28079017_14_6.1,SAM_28079017_14_6,O3,http://dd.eionet.europa.eu/vocabulary/aq/pollutant/7,hour,2.9600000000,µg/m3,2017-08-26 02:00:00 +01:00,2017-08-26 03:00:00 +01:00,1,1
ES,ES.BDCA.AQD,NET_ES131A,STA_ES0125A,,SP_28079017_14_6,SPP_28079017_14_6.1,SAM_28079017_14_6,O3,http://dd.eionet.europa.eu/vocabulary/aq/pollutant/7,hour,3.6499999900,µg/m3,2017-08-26 03:00:00 +01:00,2017-08-26 04:00:00 +01:00,1,1
ES,ES.BDCA.AQD,NET_ES131A,STA_ES0125A,,SP_28079017_14_6,SPP_28079017_14_6.1,SAM_28079017_14_6,O3,http://dd.eionet.europa.eu/vocabulary/aq/pollutant/7,hour,0.8900000000,µg/m3,2017-08-26 04:00:00 +01:00,2017-08-26 05:00:00 +01:00,1,1
ES,ES.BDCA.AQD,NET_ES131A,STA_ES0125A,,SP_28079017_14_6,SPP_28079017_14_6.1,SAM_28079017_14_6,O3,http://dd.eionet.europa.eu/vocabulary/aq/pollutant/7,hour,0.9700000000,µg/m3,2017-08-26 05:00:00 +01:00,2017-08-26 06:00:00 +01:00,1,1
ES,ES.BDCA.AQD,NET_ES131A,STA_ES0125A,,SP_28079017_14_6,SPP_28079017_14_6.1,SAM_28079017_14_6,O3,http://dd.eionet.europa.eu/vocabulary/aq/pollutant/7,hour,0.8500000000,µg/m3,2017-08-26 06:00:00 +01:00,2017-08-26 07:00:00 +01:00,1,1
ES,ES.BDCA.AQD,NET_ES131A,STA_ES0125A,,SP_28079017_14_6,SPP_28079017_14_6.1,SAM_28079017_14_6,O3,http://dd.eionet.europa.eu/vocabulary/aq/pollutant/7,hour,1.2700000000,µg/m3,2017-08-26 07:00:00 +01:00,2017-08-26 08:00:00 +01:00,1,1
ES,ES.BDCA.AQD,NET_ES131A,STA_ES0125A,,SP_28079017_14_6,SPP_28079017_14_6.1,SAM_28079017_14_6,O3,http://dd.eionet.europa.eu/vocabulary/aq/pollutant/7,hour,5.4900000000,µg/m3,2017-08-26 08:00:00 +01:00,2017-08-26 09:00:00 +01:00,1,1
ES,ES.BDCA.AQD,NET_ES131A,STA_ES0125A,,SP_28079017_14_6,SPP_28079017_14_6.1,SAM_28079017_14_6,O3,http://dd.eionet.europa.eu/vocabulary/aq/pollutant/7,hour,27.6999999900,µg/m3,2017-08-26 09:00:00 +01:00,2017-08-26 10:00:00 +01:00,1,1
ES,ES.BDCA.AQD,NET_ES131A,STA_ES0125A,,SP_28079017_14_6,SPP_28079017_14_6.1,SAM_28079017_14_6,O3,http://dd.eionet.europa.eu/vocabulary/aq/pollutant/7,hour,57.2899999900,µg/m3,2017-08-26 10:00:00 +01:00,2017-08-26 11:00:00 +01:00,1,1
ES,ES.BDCA.AQD,NET_ES131A,STA_ES0125A,,SP_28079017_14_6,SPP_28079017_14_6.1,SAM_28079017_14_6,O3,http://dd.eionet.europa.eu/vocabulary/aq/pollutant/7,hour,71.1500000000,µg/m3,2017-08-26 11:00:00 +01:00,2017-08-26 12:00:00 +01:00,1,1
ES,ES.BDCA.AQD,NET_ES131A,STA_ES0125A,,SP_28079017_14_6,SPP_28079017_14_6.1,SAM_28079017_14_6,O3,http://dd.eionet.europa.eu/vocabulary/aq/pollutant/7,hour,77.2300000000,µg/m3,2017-08-26 12:00:00 +01:00,2017-08-26 13:00:00 +01:00,1,1
ES,ES.BDCA.AQD,NET_ES131A,STA_ES0125A,,SP_28079017_14_6,SPP_28079017_14_6.1,SAM_28079017_14_6,O3,http://dd.eionet.europa.eu/vocabulary/aq/pollutant/7,hour,83.0000000000,µg/m3,2017-08-26 13:00:00 +01:00,2017-08-26 14:00:00 +01:00,1,1
ES,ES.BDCA.AQD,NET_ES131A,STA_ES0125A,,SP_28079017_14_6,SPP_28079017_14_6.1,SAM_28079017_14_6,O3,http://dd.eionet.europa.eu/vocabulary/aq/pollutant/7,hour,86.8100000000,µg/m3,2017-08-26 14:00:00 +01:00,2017-08-26 15:00:00 +01:00,1,1
ES,ES.BDCA.AQD,NET_ES131A,STA_ES0125A,,SP_28079017_14_6,SPP_28079017_14_6.1,SAM_28079017_14_6,O3,http://dd.eionet.europa.eu/vocabulary/aq/pollutant/7,hour,81.8199999900,µg/m3,2017-08-26 15:00:00 +01:00,2017-08-26 16:00:00 +01:00,1,1
ES,ES.BDCA.AQD,NET_ES131A,STA_ES0125A,,SP_28079017_14_6,SPP_28079017_14_6.1,SAM_28079017_14_6,O3,http://dd.eionet.europa.eu/vocabulary/aq/pollutant/7,hour,76.3199999900,µg/m3,2017-08-26 16:00:00 +01:00,2017-08-26 17:00:00 +01:00,1,1
ES,ES.BDCA.AQD,NET_ES131A,STA_ES0125A,,SP_28079017_14_6,SPP_28079017_14_6.1,SAM_28079017_14_6,O3,http://dd.eionet.europa.eu/vocabulary/aq/pollutant/7,hour,66.5300000000,µg/m3,2017-08-26 17:00:00 +01:00,2017-08-26 18:00:00 +01:00,1,1
ES,ES.BDCA.AQD,NET_ES131A,STA_ES0125A,,SP_28079017_14_6,SPP_28079017_14_6.1,SAM_28079017_14_6,O3,http://dd.eionet.europa.eu/vocabulary/aq/pollutant/7,hour,54.4699999900,µg/m3,2017-08-26 18:00:00 +01:00,2017-08-26 19:00:00 +01:00,1,1
ES,ES.BDCA.AQD,NET_ES131A,STA_ES0125A,,SP_28079017_14_6,SPP_28079017_14_6.1,SAM_28079017_14_6,O3,http://dd.eionet.europa.eu/vocabulary/aq/pollutant/7,hour,46.7299999900,µg/m3,2017-08-26 19:00:00 +01:00,2017-08-26 20:00:00 +01:00,1,1
ES,ES.BDCA.AQD,NET_ES131A,STA_ES0125A,,SP_28079017_14_6,SPP_28079017_14_6.1,SAM_28079017_14_6,O3,http://dd.eionet.europa.eu/vocabulary/aq/pollutant/7,hour,23.6700000000,µg/m3,2017-08-26 20:00:00 +01:00,2017-08-26 21:00:00 +01:00,1,1
ES,ES.BDCA.AQD,NET_ES131A,STA_ES0125A,,SP_28079017_14_6,SPP_28079017_14_6.1,SAM_28079017_14_6,O3,http://dd.eionet.europa.eu/vocabulary/aq/pollutant/7,hour,18.1600000000,µg/m3,2017-08-26 21:00:00 +01:00,2017-08-26 22:00:00 +01:00,1,1
ES,ES.BDCA.AQD,NET_ES131A,STA_ES0125A,,SP_28079017_14_6,SPP_28079017_14_6.1,SAM_28079017_14_6,O3,http://dd.eionet.europa.eu/vocabulary/aq/pollutant/7,hour,41.2599999900,µg/m3,2017-08-26 22:00:00 +01:00,2017-08-26 23:00:00 +01:00,1,1
ES,ES.BDCA.AQD,NET_ES131A,STA_ES0125A,,SP_28079017_14_6,SPP_28079017_14_6.1,SAM_28079017_14_6,O3,http://dd.eionet.europa.eu/vocabulary/aq/pollutant/7,hour,57.8400000000,µg/m3,2017-08-26 23:00:00 +01:00,2017-08-27 00:00:00 +01:00,1,1
ES,ES.BDCA.AQD,NET_ES131A,STA_ES0125A,,SP_28079017_14_6,SPP_28079017_14_6.1,SAM_28079017_14_6,O3,http://dd.eionet.europa.eu/vocabulary/aq/pollutant/7,hour,62.6199999900,µg/m3,2017-08-27 00:00:00 +01:00,2017-08-27 01:00:00 +01:00,1,1
ES,ES.BDCA.AQD,NET_ES131A,STA_ES0125A,,SP_28079017_14_6,SPP_28079017_14_6.1,SAM_28079017_14_6,O3,http://dd.eionet.europa.eu/vocabulary/aq/pollutant/7,hour,63.3699999900,µg/m3,2017-08-27 01:00:00 +01:00,2017-08-27 02:00:00 +01:00,1,1
ES,ES.BDCA.AQD,NET_ES131A,STA_ES0125A,,SP_28079017_14_6,SPP_28079017_14_6.1,SAM_28079017_14_6,O3,http://dd.eionet.europa.eu/vocabulary/aq/pollutant/7,hour,60.6199999900,µg/m3,2017-08-27 02:00:00 +01:00,2017-08-27 03:00:00 +01:00,1,1
ES,ES.BDCA.AQD,NET_ES131A,STA_ES0125A,,SP_28079017_14_6,SPP_28079017_14_6.1,SAM_28079017_14_6,O3,http://dd.eionet.europa.eu/vocabulary/aq/pollutant/7,hour,59.0799999900,µg/m3,2017-08-27 03:00:00 +01:00,2017-08-27 04:00:00 +01:00,1,1
ES,ES.BDCA.AQD,NET_ES131A,STA_ES0125A,,SP_28079017_14_6,SPP_28079017_14_6.1,SAM_28079017_14_6,O3,http://dd.eionet.europa.eu/vocabulary/aq/pollutant/7,hour,47.5499999900,µg/m3,2017-08-27 04:00:00 +01:00,2017-08-27 05:00:00 +01:00,1,1
ES,ES.BDCA.AQD,NET_ES131A,STA_ES0125A,,SP_28079017_14_6,SPP_28079017_14_6.1,SAM_28079017_14_6,O3,http://dd.eionet.europa.eu/vocabulary/aq/pollutant/7,hour,40.9600000000,µg/m3,2017-08-27 05:00:00 +01:00,2017-08-27 06:00:00 +01:00,1,1
ES,ES.BDCA.AQD,NET_ES131A,STA_ES0125A,,SP_28079017_14_6,SPP_28079017_14_6.1,SAM_28079017_14_6,O3,http://dd.eionet.europa.eu/vocabulary/aq/pollutant/7,hour,40.4699999900,µg/m3,2017-08-27 06:00:00 +01:00,2017-08-27 07:00:00 +01:00,1,1
ES,ES.BDCA.AQD,NET_ES131A,STA_ES0125A,,SP_28079017_14_6,SPP_28079017_14_6.1,SAM_28079017_14_6,O3,http://dd.eionet.europa.eu/vocabulary/aq/pollutant/7,hour,30.7199999900,µg/m3,2017-08-27 07:00:00 +01:00,2017-08-27 08:00:00 +01:00,1,1
ES,ES.BDCA.AQD,NET_ES131A,STA_ES0125A,,SP_28079017_14_6,SPP_28079017_14_6.1,SAM_28079017_14_6,O3,http://dd.eionet.europa.eu/vocabulary/aq/pollutant/7,hour,26.9899999900,µg/m3,2017-08-27 08:00:00 +01:00,2017-08-27 09:00:00 +01:00,1,1
ES,ES.BDCA.AQD,NET_ES131A,STA_ES0125A,,SP_28079017_14_6,SPP_28079017_14_6.1,SAM_28079017_14_6,O3,http://dd.eionet.europa.eu/vocabulary/aq/pollutant/7,hour,34.1400000000,µg/m3,2017-08-27 09:00:00 +01:00,2017-08-27 10:00:00 +01:00,1,1
ES,ES.BDCA.AQD,NET_ES131A,STA_ES0125A,,SP_28079017_14_6,SPP_28079017_14_6.1,SAM_28079017_14_6,O3,http://dd.eionet.europa.eu/vocabulary/aq/pollutant/7,hour,49.3200000000,µg/m3,2017-08-27 10:00:00 +01:00,2017-08-27 11:00:00 +01:00,1,1
ES,ES.BDCA.AQD,NET_ES131A,STA_ES0125A,,SP_28079017_14_6,SPP_28079017_14_6.1,SAM_28079017_14_6,O3,http://dd.eionet.europa.eu/vocabulary/aq/pollutant/7,hour,46.5700000000,µg/m3,2017-08-27 11:00:00 +01:00,2017-08-27 12:00:00 +01:00,1,1
ES,ES.BDCA.AQD,NET_ES131A,STA_ES0125A,,SP_28079017_14_6,SPP_28079017_14_6.1,SAM_28079017_14_6,O3,http://dd.eionet.europa.eu/vocabulary/aq/pollutant/7,hour,47.8400000000,µg/m3,2017-08-27 12:00:00 +01:00,2017-08-27 13:00:00 +01:00,1,1
ES,ES.BDCA.AQD,NET_ES131A,STA_ES0125A,,SP_28079017_14_6,SPP_28079017_14_6.1,SAM_28079017_14_6,O3,http://dd.eionet.europa.eu/vocabulary/aq/pollutant/7,hour,53.5200000000,µg/m3,2017-08-27 13:00:00 +01:00,2017-08-27 14:00:00 +01:00,1,1
ES,ES.BDCA.AQD,NET_ES131A,STA_ES0125A,,SP_28079017_14_6,SPP_28079017_14_6.1,SAM_28079017_14_6,O3,http://dd.eionet.europa.eu/vocabulary/aq/pollutant/7,hour,63.3599999900,µg/m3,2017-08-27 14:00:00 +01:00,2017-08-27 15:00:00 +01:00,1,1
ES,ES.BDCA.AQD,NET_ES131A,STA_ES0125A,,SP_28079017_14_6,SPP_28079017_14_6.1,SAM_28079017_14_6,O3,http://dd.eionet.europa.eu/vocabulary/aq/pollutant/7,hour,69.8100000000,µg/m3,2017-08-27 15:00:00 +01:00,2017-08-27 16:00:00 +01:00,1,1
ES,ES.BDCA.AQD,NET_ES131A,STA_ES0125A,,SP_28079017_14_6,SPP_28079017_14_6.1,SAM_28079017_14_6,O3,http://dd.eionet.europa.eu/vocabulary/aq/pollutant/7,hour,67.7600000000,µg/m3,2017-08-27 16:00:00 +01:00,2017-08-27 17:00:00 +01:00,1,1
ES,ES.BDCA.AQD,NET_ES131A,STA_ES0125A,,SP_28079017_14_6,SPP_28079017_14_6.1,SAM_28079017_14_6,O3,http://dd.eionet.europa.eu/vocabulary/aq/pollutant/7,hour,69.4599999900,µg/m3,2017-08-27 17:00:00 +01:00,2017-08-27 18:00:00 +01:00,1,1
ES,ES.BDCA.AQD,NET_ES131A,STA_ES0125A,,SP_28079017_14_6,SPP_28079017_14_6.1,SAM_28079017_14_6,O3,http://dd.eionet.europa.eu/vocabulary/aq/pollutant/7,hour,66.5100000000,µg/m3,2017-08-27 18:00:00 +01:00,2017-08-27 19:00:00 +01:00,1,1
ES,ES.BDCA.AQD,NET_ES131A,STA_ES0125A,,SP_28079017_14_6,SPP_28079017_14_6.1,SAM_28079017_14_6,O3,http://dd.eionet.europa.eu/vocabulary/aq/pollutant/7,hour,55.1400000000,µg/m3,2017-08-27 19:00:00 +01:00,2017-08-27 20:00:00 +01:00,1,1
ES,ES.BDCA.AQD,NET_ES131A,STA_ES0125A,,SP_28079017_14_6,SPP_28079017_14_6.1,SAM_28079017_14_6,O3,http://dd.eionet.europa.eu/vocabulary/aq/pollutant/7,hour,43.7800000000,µg/m3,2017-08-27 20:00:00 +01:00,2017-08-27 21:00:00 +01:00,1,1
ES,ES.BDCA.AQD,NET_ES131A,STA_ES0125A,,SP_28079017_14_6,SPP_28079017_14_6.1,SAM_28079017_14_6,O3,http://dd.eionet.europa.eu/vocabulary/aq/pollutant/7,hour,42.5200000000,µg/m3,2017-08-27 21:00:00 +01:00,2017-08-27 22:00:00 +01:00,1,1
ES,ES.BDCA.AQD,NET_ES131A,STA_ES0125A,,SP_28079017_14_6,SPP_28079017_14_6.1,SAM_28079017_14_6,O3,http://dd.eionet.europa.eu/vocabulary/aq/pollutant/7,hour,37.1599999900,µg/m3,2017-08-27 22:00:00 +01:00,2017-08-27 23:00:00 +01:00,1,1
ES,ES.BDCA.AQD,NET_ES131A,STA_ES0125A,,SP_28079017_14_6,SPP_28079017_14_6.1,SAM_28079017_14_6,O3,http://dd.eionet.europa.eu/vocabulary/aq/pollutant/7,hour,36.0399999900,µg/m3,2017-08-27 23:00:00 +01:00,2017-08-28 00:00:00 +01:00,1,1
ES,ES.BDCA.AQD,NET_ES131A,STA_ES0125A,,SP_28079017_14_6,SPP_28079017_14_6.1,SAM_28079017_14_6,O3,http://dd.eionet.europa.eu/vocabulary/aq/pollutant/7,hour,40.6899999900,µg/m3,2017-08-28 00:00:00 +01:00,2017-08-28 01:00:00 +01:00,1,1
ES,ES.BDCA.AQD,NET_ES131A,STA_ES0125A,,SP_28079017_14_6,SPP_28079017_14_6.1,SAM_28079017_14_6,O3,http://dd.eionet.europa.eu/vocabulary/aq/pollutant/7,hour,29.9100000000,µg/m3,2017-08-28 01:00:00 +01:00,2017-08-28 02:00:00 +01:00,1,1
ES,ES.BDCA.AQD,NET_ES131A,STA_ES0125A,,SP_28079017_14_6,SPP_28079017_14_6.1,SAM_28079017_14_6,O3,http://dd.eionet.europa.eu/vocabulary/aq/pollutant/7,hour,41.9399999900,µg/m3,2017-08-28 02:00:00 +01:00,2017-08-28 03:00:00 +01:00,1,1
ES,ES.BDCA.AQD,NET_ES131A,STA_ES0125A,,SP_28079017_14_6,SPP_28079017_14_6.1,SAM_28079017_14_6,O3,http://dd.eionet.europa.eu/vocabulary/aq/pollutant/7,hour,39.3100000000,µg/m3,2017-08-28 03:00:00 +01:00,2017-08-28 04:00:00 +01:00,1,1
ES,ES.BDCA.AQD,NET_ES131A,STA_ES0125A,,SP_28079017_14_6,SPP_28079017_14_6.1,SAM_28079017_14_6,O3,http://dd.eionet.europa.eu/vocabulary/aq/pollutant/7,hour,34.0200000000,µg/m3,2017-08-28 04:00:00 +01:00,2017-08-28 05:00:00 +01:00,1,1
ES,ES.BDCA.AQD,NET_ES131A,STA_ES0125A,,SP_28079017_14_6,SPP_28079017_14_6.1,SAM_28079017_14_6,O3,http://dd.eionet.europa.eu/vocabulary/aq/pollutant/7,hour,20.8299999900,µg/m3,2017-08-28 05:00:00 +01:00,2017-08-28 06:00:00 +01:00,1,1
ES,ES.BDCA.AQD,NET_ES131A,STA_ES0125A,,SP_28079017_14_6,SPP_28079017_14_6.1,SAM_28079017_14_6,O3,http://dd.eionet.europa.eu/vocabulary/aq/pollutant/7,hour,11.5000000000,µg/m3,2017-08-28 06:00:00 +01:00,2017-08-28 07:00:00 +01:00,1,1
ES,ES.BDCA.AQD,NET_ES131A,STA_ES0125A,,SP_28079017_14_6,SPP_28079017_14_6.1,SAM_28079017_14_6,O3,http://dd.eionet.europa.eu/vocabulary/aq/pollutant/7,hour,8.0099999900,µg/m3,2017-08-28 07:00:00 +01:00,2017-08-28 08:00:00 +01:00,1,1
ES,ES.BDCA.AQD,NET_ES131A,STA_ES0125A,,SP_28079017_14_6,SPP_28079017_14_6.1,SAM_28079017_14_6,O3,http://dd.eionet.europa.eu/vocabulary/aq/pollutant/7,hour,11.4800000000,µg/m3,2017-08-28 08:00:00 +01:00,2017-08-28 09:00:00 +01:00,1,1
ES,ES.BDCA.AQD,NET_ES131A,STA_ES0125A,,SP_28079017_14_6,SPP_28079017_14_6.1,SAM_28079017_14_6,O3,http://dd.eionet.europa.eu/vocabulary/aq/pollutant/7,hour,23.1499999900,µg/m3,2017-08-28 09:00:00 +01:00,2017-08-28 10:00:00 +01:00,1,1
ES,ES.BDCA.AQD,NET_ES131A,STA_ES0125A,,SP_28079017_14_6,SPP_28079017_14_6.1,SAM_28079017_14_6,O3,http://dd.eionet.europa.eu/vocabulary/aq/pollutant/7,hour,30.0700000000,µg/m3,2017-08-28 10:00:00 +01:00,2017-08-28 11:00:00 +01:00,1,1
ES,ES.BDCA.AQD,NET_ES131A,STA_ES0125A,,SP_28079017_14_6,SPP_28079017_14_6.1,SAM_28079017_14_6,O3,http://dd.eionet.europa.eu/vocabulary/aq/pollutant/7,hour,20.0300000000,µg/m3,2017-08-28 11:00:00 +01:00,2017-08-28 12:00:00 +01:00,1,1
ES,ES.BDCA.AQD,NET_ES131A,STA_ES0125A,,SP_28079017_14_6,SPP_28079017_14_6.1,SAM_28079017_14_6,O3,http://dd.eionet.europa.eu/vocabulary/aq/pollutant/7,hour,11.3300000000,µg/m3,2017-08-28 12:00:00 +01:00,2017-08-28 13:00:00 +01:00,1,1
ES,ES.BDCA.AQD,NET_ES131A,STA_ES0125A,,SP_28079017_14_6,SPP_28079017_14_6.1,SAM_28079017_14_6,O3,http://dd.eionet.europa.eu/vocabulary/aq/pollutant/7,hour,21.2399999900,µg/m3,2017-08-28 13:00:00 +01:00,2017-08-28 14:00:00 +01:00,1,1
ES,ES.BDCA.AQD,NET_ES131A,STA_ES0125A,,SP_28079017_14_6,SPP_28079017_14_6.1,SAM_28079017_14_6,O3,http://dd.eionet.europa.eu/vocabulary/aq/pollutant/7,hour,23.7899999900,µg/m3,2017-08-28 14:00:00 +01:00,2017-08-28 15:00:00 +01:00,1,1
ES,ES.BDCA.AQD,NET_ES131A,STA_ES0125A,,SP_28079017_14_6,SPP_28079017_14_6.1,SAM_28079017_14_6,O3,http://dd.eionet.europa.eu/vocabulary/aq/pollutant/7,hour,29.3599999900,µg/m3,2017-08-28 15:00:00 +01:00,2017-08-28 16:00:00 +01:00,1,1
ES,ES.BDCA.AQD,NET_ES131A,STA_ES0125A,,SP_28079017_14_6,SPP_28079017_14_6.1,SAM_28079017_14_6,O3,http://dd.eionet.europa.eu/vocabulary/aq/pollutant/7,hour,28.0500000000,µg/m3,2017-08-28 16:00:00 +01:00,2017-08-28 17:00:00 +01:00,1,1
ES,ES.BDCA.AQD,NET_ES131A,STA_ES0125A,,SP_28079017_14_6,SPP_28079017_14_6.1,SAM_28079017_14_6,O3,http://dd.eionet.europa.eu/vocabulary/aq/pollutant/7,hour,31.7399999900,µg/m3,2017-08-28 17:00:00 +01:00,2017-08-28 18:00:00 +01:00,1,1
ES,ES.BDCA.AQD,NET_ES131A,STA_ES0125A,,SP_28079017_14_6,SPP_28079017_14_6.1,SAM_28079017_14_6,O3,http://dd.eionet.europa.eu/vocabulary/aq/pollutant/7,hour,41.0399999900,µg/m3,2017-08-28 18:00:00 +01:00,2017-08-28 19:00:00 +01:00,1,1
ES,ES.BDCA.AQD,NET_ES131A,STA_ES0125A,,SP_28079017_14_6,SPP_28079017_14_6.1,SAM_28079017_14_6,O3,http://dd.eionet.europa.eu/vocabulary/aq/pollutant/7,hour,46.7899999900,µg/m3,2017-08-28 19:00:00 +01:00,2017-08-28 20:00:00 +01:00,1,1
ES,ES.BDCA.AQD,NET_ES131A,STA_ES0125A,,SP_28079017_14_6,SPP_28079017_14_6.1,SAM_28079017_14_6,O3,http://dd.eionet.europa.eu/vocabulary/aq/pollutant/7,hour,24.2500000000,µg/m3,2017-08-28 20:00:00 +01:00,2017-08-28 21:00:00 +01:00,1,1
ES,ES.BDCA.AQD,NET_ES131A,STA_ES0125A,,SP_28079017_14_6,SPP_28079017_14_6.1,SAM_28079017_14_6,O3,http://dd.eionet.europa.eu/vocabulary/aq/pollutant/7,hour,18.9800000000,µg/m3,2017-08-28 21:00:00 +01:00,2017-08-28 22:00:00 +01:00,1,1
ES,ES.BDCA.AQD,NET_ES131A,STA_ES0125A,,SP_28079017_14_6,SPP_28079017_14_6.1,SAM_28079017_14_6,O3,http://dd.eionet.europa.eu/vocabulary/aq/pollutant/7,hour,15.8200000000,µg/m3,2017-08-28 22:00:00 +01:00,2017-08-28 23:00:00 +01:00,1,1
ES,ES.BDCA.AQD,NET_ES131A,STA_ES0125A,,SP_28079017_14_6,SPP_28079017_14_6.1,SAM_28079017_14_6,O3,http://dd.eionet.europa.eu/vocabulary/aq/pollutant/7,hour,21.6800000000,µg/m3,2017-08-28 23:00:00 +01:00,2017-08-29 00:00:00 +01:00,1,1
ES,ES.BDCA.AQD,NET_ES131A,STA_ES0125A,,SP_28079017_14_6,SPP_28079017_14_6.1,SAM_28079017_14_6,O3,http://dd.eionet.europa.eu/vocabulary/aq/pollutant/7,hour,32.6800000000,µg/m3,2017-08-29 00:00:00 +01:00,2017-08-29 01:00:00 +01:00,1,1
ES,ES.BDCA.AQD,NET_ES131A,STA_ES0125A,,SP_28079017_14_6,SPP_28079017_14_6.1,SAM_28079017_14_6,O3,http://dd.eionet.europa.eu/vocabulary/aq/pollutant/7,hour,34.3200000000,µg/m3,2017-08-29 01:00:00 +01:00,2017-08-29 02:00:00 +01:00,1,1
ES,ES.BDCA.AQD,NET_ES131A,STA_ES0125A,,SP_28079017_14_6,SPP_28079017_14_6.1,SAM_28079017_14_6,O3,http://dd.eionet.europa.eu/vocabulary/aq/pollutant/7,hour,31.2500000000,µg/m3,2017-08-29 02:00:00 +01:00,2017-08-29 03:00:00 +01:00,1,1
ES,ES.BDCA.AQD,NET_ES131A,STA_ES0125A,,SP_28079017_14_6,SPP_28079017_14_6.1,SAM_28079017_14_6,O3,http://dd.eionet.europa.eu/vocabulary/aq/pollutant/7,hour,34.1000000000,µg/m3,2017-08-29 03:00:00 +01:00,2017-08-29 04:00:00 +01:00,1,1
ES,ES.BDCA.AQD,NET_ES131A,STA_ES0125A,,SP_28079017_14_6,SPP_28079017_14_6.1,SAM_28079017_14_6,O3,http://dd.eionet.europa.eu/vocabulary/aq/pollutant/7,hour,32.5900000000,µg/m3,2017-08-29 04:00:00 +01:00,2017-08-29 05:00:00 +01:00,1,1
ES,ES.BDCA.AQD,NET_ES131A,STA_ES0125A,,SP_28079017_14_6,SPP_28079017_14_6.1,SAM_28079017_14_6,O3,http://dd.eionet.europa.eu/vocabulary/aq/pollutant/7,hour,16.0599999900,µg/m3,2017-08-29 05:00:00 +01:00,2017-08-29 06:00:00 +01:00,1,1
ES,ES.BDCA.AQD,NET_ES131A,STA_ES0125A,,SP_28079017_14_6,SPP_28079017_14_6.1,SAM_28079017_14_6,O3,http://dd.eionet.europa.eu/vocabulary/aq/pollutant/7,hour,6.3300000000,µg/m3,2017-08-29 06:00:00 +01:00,2017-08-29 07:00:00 +01:00,1,1
ES,ES.BDCA.AQD,NET_ES131A,STA_ES0125A,,SP_28079017_14_6,SPP_28079017_14_6.1,SAM_28079017_14_6,O3,http://dd.eionet.europa.eu/vocabulary/aq/pollutant/7,hour,5.6600000000,µg/m3,2017-08-29 07:00:00 +01:00,2017-08-29 08:00:00 +01:00,1,1
ES,ES.BDCA.AQD,NET_ES131A,STA_ES0125A,,SP_28079017_14_6,SPP_28079017_14_6.1,SAM_28079017_14_6,O3,http://dd.eionet.europa.eu/vocabulary/aq/pollutant/7,hour,15.5399999900,µg/m3,2017-08-29 08:00:00 +01:00,2017-08-29 09:00:00 +01:00,1,1
ES,ES.BDCA.AQD,NET_ES131A,STA_ES0125A,,SP_28079017_14_6,SPP_28079017_14_6.1,SAM_28079017_14_6,O3,http://dd.eionet.europa.eu/vocabulary/aq/pollutant/7,hour,24.9600000000,µg/m3,2017-08-29 09:00:00 +01:00,2017-08-29 10:00:00 +01:00,1,1
ES,ES.BDCA.AQD,NET_ES131A,STA_ES0125A,,SP_28079017_14_6,SPP_28079017_14_6.1,SAM_28079017_14_6,O3,http://dd.eionet.europa.eu/vocabulary/aq/pollutant/7,hour,38.0099999900,µg/m3,2017-08-29 10:00:00 +01:00,2017-08-29 11:00:00 +01:00,1,1
ES,ES.BDCA.AQD,NET_ES131A,STA_ES0125A,,SP_28079017_14_6,SPP_28079017_14_6.1,SAM_28079017_14_6,O3,http://dd.eionet.europa.eu/vocabulary/aq/pollutant/7,hour,57.4799999900,µg/m3,2017-08-29 11:00:00 +01:00,2017-08-29 12:00:00 +01:00,1,1
ES,ES.BDCA.AQD,NET_ES131A,STA_ES0125A,,SP_28079017_14_6,SPP_28079017_14_6.1,SAM_28079017_14_6,O3,http://dd.eionet.europa.eu/vocabulary/aq/pollutant/7,hour,67.1700000000,µg/m3,2017-08-29 12:00:00 +01:00,2017-08-29 13:00:00 +01:00,1,1
ES,ES.BDCA.AQD,NET_ES131A,STA_ES0125A,,SP_28079017_14_6,SPP_28079017_14_6.1,SAM_28079017_14_6,O3,http://dd.eionet.europa.eu/vocabulary/aq/pollutant/7,hour,74.6800000000,µg/m3,2017-08-29 13:00:00 +01:00,2017-08-29 14:00:00 +01:00,1,1
ES,ES.BDCA.AQD,NET_ES131A,STA_ES0125A,,SP_28079017_14_6,SPP_28079017_14_6.1,SAM_28079017_14_6,O3,http://dd.eionet.europa.eu/vocabulary/aq/pollutant/7,hour,76.8900000000,µg/m3,2017-08-29 14:00:00 +01:00,2017-08-29 15:00:00 +01:00,1,1
ES,ES.BDCA.AQD,NET_ES131A,STA_ES0125A,,SP_28079017_14_6,SPP_28079017_14_6.1,SAM_28079017_14_6,O3,http://dd.eionet.europa.eu/vocabulary/aq/pollutant/7,hour,,µg/m3,2017-08-29 15:00:00 +01:00,2017-08-29 16:00:00 +01:00,-1,1
ES,ES.BDCA.AQD,NET_ES131A,STA_ES0125A,,SP_28079017_14_6,SPP_28079017_14_6.1,SAM_28079017_14_6,O3,http://dd.eionet.europa.eu/vocabulary/aq/pollutant/7,hour,56.3699999900,µg/m3,2017-08-29 16:00:00 +01:00,2017-08-29 17:00:00 +01:00,1,1
ES,ES.BDCA.AQD,NET_ES131A,STA_ES0125A,,SP_28079017_14_6,SPP_28079017_14_6.1,SAM_28079017_14_6,O3,http://dd.eionet.europa.eu/vocabulary/aq/pollutant/7,hour,50.3699999900,µg/m3,2017-08-29 17:00:00 +01:00,2017-08-29 18:00:00 +01:00,1,1
ES,ES.BDCA.AQD,NET_ES131A,STA_ES0125A,,SP_28079017_14_6,SPP_28079017_14_6.1,SAM_28079017_14_6,O3,http://dd.eionet.europa.eu/vocabulary/aq/pollutant/7,hour,42.5399999900,µg/m3,2017-08-29 18:00:00 +01:00,2017-08-29 19:00:00 +01:00,1,1
ES,ES.BDCA.AQD,NET_ES131A,STA_ES0125A,,SP_28079017_14_6,SPP_28079017_14_6.1,SAM_28079017_14_6,O3,http://dd.eionet.europa.eu/vocabulary/aq/pollutant/7,hour,43.3999999900,µg/m3,2017-08-29 19:00:00 +01:00,2017-08-29 20:00:00 +01:00,1,1
ES,ES.BDCA.AQD,NET_ES131A,STA_ES0125A,,SP_28079017_14_6,SPP_28079017_14_6.1,SAM_28079017_14_6,O3,http://dd.eionet.europa.eu/vocabulary/aq/pollutant/7,hour,33.6499999900,µg/m3,2017-08-29 20:00:00 +01:00,2017-08-29 21:00:00 +01:00,1,1
ES,ES.BDCA.AQD,NET_ES131A,STA_ES0125A,,SP_28079017_14_6,SPP_28079017_14_6.1,SAM_28079017_14_6,O3,http://dd.eionet.europa.eu/vocabulary/aq/pollutant/7,hour,30.2600000000,µg/m3,2017-08-29 21:00:00 +01:00,2017-08-29 22:00:00 +01:00,1,1
ES,ES.BDCA.AQD,NET_ES131A,STA_ES0125A,,SP_28079017_14_6,SPP_28079017_14_6.1,SAM_28079017_14_6,O3,http://dd.eionet.europa.eu/vocabulary/aq/pollutant/7,hour,26.0200000000,µg/m3,2017-08-29 22:00:00 +01:00,2017-08-29 23:00:00 +01:00,1,1
ES,ES.BDCA.AQD,NET_ES131A,STA_ES0125A,,SP_28079017_14_6,SPP_28079017_14_6.1,SAM_28079017_14_6,O3,http://dd.eionet.europa.eu/vocabulary/aq/pollutant/7,hour,39.6899999900,µg/m3,2017-08-29 23:00:00 +01:00,2017-08-30 00:00:00 +01:00,1,1
ES,ES.BDCA.AQD,NET_ES131A,STA_ES0125A,,SP_28079017_14_6,SPP_28079017_14_6.1,SAM_28079017_14_6,O3,http://dd.eionet.europa.eu/vocabulary/aq/pollutant/7,hour,24.8900000000,µg/m3,2017-08-30 00:00:00 +01:00,2017-08-30 01:00:00 +01:00,1,1
ES,ES.BDCA.AQD,NET_ES131A,STA_ES0125A,,SP_28079017_14_6,SPP_28079017_14_6.1,SAM_28079017_14_6,O3,http://dd.eionet.europa.eu/vocabulary/aq/pollutant/7,hour,26.5700000000,µg/m3,2017-08-30 01:00:00 +01:00,2017-08-30 02:00:00 +01:00,1,1
ES,ES.BDCA.AQD,NET_ES131A,STA_ES0125A,,SP_28079017_14_6,SPP_28079017_14_6.1,SAM_28079017_14_6,O3,http://dd.eionet.europa.eu/vocabulary/aq/pollutant/7,hour,28.3400000000,µg/m3,2017-08-30 02:00:00 +01:00,2017-08-30 03:00:00 +01:00,1,1
ES,ES.BDCA.AQD,NET_ES131A,STA_ES0125A,,SP_28079017_14_6,SPP_28079017_14_6.1,SAM_28079017_14_6,O3,http://dd.eionet.europa.eu/vocabulary/aq/pollutant/7,hour,10.9700000000,µg/m3,2017-08-30 03:00:00 +01:00,2017-08-30 04:00:00 +01:00,1,1
ES,ES.BDCA.AQD,NET_ES131A,STA_ES0125A,,SP_28079017_14_6,SPP_28079017_14_6.1,SAM_28079017_14_6,O3,http://dd.eionet.europa.eu/vocabulary/aq/pollutant/7,hour,12.2700000000,µg/m3,2017-08-30 04:00:00 +01:00,2017-08-30 05:00:00 +01:00,1,1
ES,ES.BDCA.AQD,NET_ES131A,STA_ES0125A,,SP_28079017_14_6,SPP_28079017_14_6.1,SAM_28079017_14_6,O3,http://dd.eionet.europa.eu/vocabulary/aq/pollutant/7,hour,21.4200000000,µg/m3,2017-08-30 05:00:00 +01:00,2017-08-30 06:00:00 +01:00,1,1
ES,ES.BDCA.AQD,NET_ES131A,STA_ES0125A,,SP_28079017_14_6,SPP_28079017_14_6.1,SAM_28079017_14_6,O3,http://dd.eionet.europa.eu/vocabulary/aq/pollutant/7,hour,13.9900000000,µg/m3,2017-08-30 06:00:00 +01:00,2017-08-30 07:00:00 +01:00,1,1
ES,ES.BDCA.AQD,NET_ES131A,STA_ES0125A,,SP_28079017_14_6,SPP_28079017_14_6.1,SAM_28079017_14_6,O3,http://dd.eionet.europa.eu/vocabulary/aq/pollutant/7,hour,6.7000000000,µg/m3,2017-08-30 07:00:00 +01:00,2017-08-30 08:00:00 +01:00,1,1
ES,ES.BDCA.AQD,NET_ES131A,STA_ES0125A,,SP_28079017_14_6,SPP_28079017_14_6.1,SAM_28079017_14_6,O3,http://dd.eionet.europa.eu/vocabulary/aq/pollutant/7,hour,26.2300000000,µg/m3,2017-08-30 08:00:00 +01:00,2017-08-30 09:00:00 +01:00,1,1
ES,ES.BDCA.AQD,NET_ES131A,STA_ES0125A,,SP_28079017_14_6,SPP_28079017_14_6.1,SAM_28079017_14_6,O3,http://dd.eionet.europa.eu/vocabulary/aq/pollutant/7,hour,36.5600000000,µg/m3,2017-08-30 09:00:00 +01:00,2017-08-30 10:00:00 +01:00,1,1
ES,ES.BDCA.AQD,NET_ES131A,STA_ES0125A,,SP_28079017_14_6,SPP_28079017_14_6.1,SAM_28079017_14_6,O3,http://dd.eionet.europa.eu/vocabulary/aq/pollutant/7,hour,40.9099999900,µg/m3,2017-08-30 10:00:00 +01:00,2017-08-30 11:00:00 +01:00,1,1
ES,ES.BDCA.AQD,NET_ES131A,STA_ES0125A,,SP_28079017_14_6,SPP_28079017_14_6.1,SAM_28079017_14_6,O3,http://dd.eionet.europa.eu/vocabulary/aq/pollutant/7,hour,41.1800000000,µg/m3,2017-08-30 11:00:00 +01:00,2017-08-30 12:00:00 +01:00,1,1
ES,ES.BDCA.AQD,NET_ES131A,STA_ES0125A,,SP_28079017_14_6,SPP_28079017_14_6.1,SAM_28079017_14_6,O3,http://dd.eionet.europa.eu/vocabulary/aq/pollutant/7,hour,69.7500000000,µg/m3,2017-08-30 12:00:00 +01:00,2017-08-30 13:00:00 +01:00,1,1
ES,ES.BDCA.AQD,NET_ES131A,STA_ES0125A,,SP_28079017_14_6,SPP_28079017_14_6.1,SAM_28079017_14_6,O3,http://dd.eionet.europa.eu/vocabulary/aq/pollutant/7,hour,87.1400000000,µg/m3,2017-08-30 13:00:00 +01:00,2017-08-30 14:00:00 +01:00,1,1
ES,ES.BDCA.AQD,NET_ES131A,STA_ES0125A,,SP_28079017_14_6,SPP_28079017_14_6.1,SAM_28079017_14_6,O3,http://dd.eionet.europa.eu/vocabulary/aq/pollutant/7,hour,89.0499999900,µg/m3,2017-08-30 14:00:00 +01:00,2017-08-30 15:00:00 +01:00,1,1
ES,ES.BDCA.AQD,NET_ES131A,STA_ES0125A,,SP_28079017_14_6,SPP_28079017_14_6.1,SAM_28079017_14_6,O3,http://dd.eionet.europa.eu/vocabulary/aq/pollutant/7,hour,89.4300000000,µg/m3,2017-08-30 15:00:00 +01:00,2017-08-30 16:00:00 +01:00,1,1
ES,ES.BDCA.AQD,NET_ES131A,STA_ES0125A,,SP_28079017_14_6,SPP_28079017_14_6.1,SAM_28079017_14_6,O3,http://dd.eionet.europa.eu/vocabulary/aq/pollutant/7,hour,92.1599999900,µg/m3,2017-08-30 16:00:00 +01:00,2017-08-30 17:00:00 +01:00,1,1
ES,ES.BDCA.AQD,NET_ES131A,STA_ES0125A,,SP_28079017_14_6,SPP_28079017_14_6.1,SAM_28079017_14_6,O3,http://dd.eionet.europa.eu/vocabulary/aq/pollutant/7,hour,92.0799999900,µg/m3,2017-08-30 17:00:00 +01:00,2017-08-30 18:00:00 +01:00,1,1
ES,ES.BDCA.AQD,NET_ES131A,STA_ES0125A,,SP_28079017_14_6,SPP_28079017_14_6.1,SAM_28079017_14_6,O3,http://dd.eionet.europa.eu/vocabulary/aq/pollutant/7,hour,79.6800000000,µg/m3,2017-08-30 18:00:00 +01:00,2017-08-30 19:00:00 +01:00,1,1
ES,ES.BDCA.AQD,NET_ES131A,STA_ES0125A,,SP_28079017_14_6,SPP_28079017_14_6.1,SAM_28079017_14_6,O3,http://dd.eionet.europa.eu/vocabulary/aq/pollutant/7,hour,68.5999999900,µg/m3,2017-08-30 19:00:00 +01:00,2017-08-30 20:00:00 +01:00,1,1
ES,ES.BDCA.AQD,NET_ES131A,STA_ES0125A,,SP_28079017_14_6,SPP_28079017_14_6.1,SAM_28079017_14_6,O3,http://dd.eionet.europa.eu/vocabulary/aq/pollutant/7,hour,46.7500000000,µg/m3,2017-08-30 20:00:00 +01:00,2017-08-30 21:00:00 +01:00,1,1
ES,ES.BDCA.AQD,NET_ES131A,STA_ES0125A,,SP_28079017_14_6,SPP_28079017_14_6.1,SAM_28079017_14_6,O3,http://dd.eionet.europa.eu/vocabulary/aq/pollutant/7,hour,48.3100000000,µg/m3,2017-08-30 21:00:00 +01:00,2017-08-30 22:00:00 +01:00,1,1
ES,ES.BDCA.AQD,NET_ES131A,STA_ES0125A,,SP_28079017_14_6,SPP_28079017_14_6.1,SAM_28079017_14_6,O3,http://dd.eionet.europa.eu/vocabulary/aq/pollutant/7,hour,56.7400000000,µg/m3,2017-08-30 22:00:00 +01:00,2017-08-30 23:00:00 +01:00,1,1
ES,ES.BDCA.AQD,NET_ES131A,STA_ES0125A,,SP_28079017_14_6,SPP_28079017_14_6.1,SAM_28079017_14_6,O3,http://dd.eionet.europa.eu/vocabulary/aq/pollutant/7,hour,56.9300000000,µg/m3,2017-08-30 23:00:00 +01:00,2017-08-31 00:00:00 +01:00,1,1
ES,ES.BDCA.AQD,NET_ES131A,STA_ES0125A,,SP_28079017_14_6,SPP_28079017_14_6.1,SAM_28079017_14_6,O3,http://dd.eionet.europa.eu/vocabulary/aq/pollutant/7,hour,51.8299999900,µg/m3,2017-08-31 00:00:00 +01:00,2017-08-31 01:00:00 +01:00,1,1
ES,ES.BDCA.AQD,NET_ES131A,STA_ES0125A,,SP_28079017_14_6,SPP_28079017_14_6.1,SAM_28079017_14_6,O3,http://dd.eionet.europa.eu/vocabulary/aq/pollutant/7,hour,49.7100000000,µg/m3,2017-08-31 01:00:00 +01:00,2017-08-31 02:00:00 +01:00,1,1
ES,ES.BDCA.AQD,NET_ES131A,STA_ES0125A,,SP_28079017_14_6,SPP_28079017_14_6.1,SAM_28079017_14_6,O3,http://dd.eionet.europa.eu/vocabulary/aq/pollutant/7,hour,59.1800000000,µg/m3,2017-08-31 02:00:00 +01:00,2017-08-31 03:00:00 +01:00,1,1
ES,ES.BDCA.AQD,NET_ES131A,STA_ES0125A,,SP_28079017_14_6,SPP_28079017_14_6.1,SAM_28079017_14_6,O3,http://dd.eionet.europa.eu/vocabulary/aq/pollutant/7,hour,56.4200000000,µg/m3,2017-08-31 03:00:00 +01:00,2017-08-31 04:00:00 +01:00,1,1
ES,ES.BDCA.AQD,NET_ES131A,STA_ES0125A,,SP_28079017_14_6,SPP_28079017_14_6.1,SAM_28079017_14_6,O3,http://dd.eionet.europa.eu/vocabulary/aq/pollutant/7,hour,52.4300000000,µg/m3,2017-08-31 04:00:00 +01:00,2017-08-31 05:00:00 +01:00,1,1
ES,ES.BDCA.AQD,NET_ES131A,STA_ES0125A,,SP_28079017_14_6,SPP_28079017_14_6.1,SAM_28079017_14_6,O3,http://dd.eionet.europa.eu/vocabulary/aq/pollutant/7,hour,47.8100000000,µg/m3,2017-08-31 05:00:00 +01:00,2017-08-31 06:00:00 +01:00,1,1
ES,ES.BDCA.AQD,NET_ES131A,STA_ES0125A,,SP_28079017_14_6,SPP_28079017_14_6.1,SAM_28079017_14_6,O3,http://dd.eionet.europa.eu/vocabulary/aq/pollutant/7,hour,23.5599999900,µg/m3,2017-08-31 06:00:00 +01:00,2017-08-31 07:00:00 +01:00,1,1
ES,ES.BDCA.AQD,NET_ES131A,STA_ES0125A,,SP_28079017_14_6,SPP_28079017_14_6.1,SAM_28079017_14_6,O3,http://dd.eionet.europa.eu/vocabulary/aq/pollutant/7,hour,26.0900000000,µg/m3,2017-08-31 07:00:00 +01:00,2017-08-31 08:00:00 +01:00,1,1
ES,ES.BDCA.AQD,NET_ES131A,STA_ES0125A,,SP_28079017_14_6,SPP_28079017_14_6.1,SAM_28079017_14_6,O3,http://dd.eionet.europa.eu/vocabulary/aq/pollutant/7,hour,39.7000000000,µg/m3,2017-08-31 08:00:00 +01:00,2017-08-31 09:00:00 +01:00,1,1
ES,ES.BDCA.AQD,NET_ES131A,STA_ES0125A,,SP_28079017_14_6,SPP_28079017_14_6.1,SAM_28079017_14_6,O3,http://dd.eionet.europa.eu/vocabulary/aq/pollutant/7,hour,53.7700000000,µg/m3,2017-08-31 09:00:00 +01:00,2017-08-31 10:00:00 +01:00,1,1
ES,ES.BDCA.AQD,NET_ES131A,STA_ES0125A,,SP_28079017_14_6,SPP_28079017_14_6.1,SAM_28079017_14_6,O3,http://dd.eionet.europa.eu/vocabulary/aq/pollutant/7,hour,67.4599999900,µg/m3,2017-08-31 10:00:00 +01:00,2017-08-31 11:00:00 +01:00,1,1
ES,ES.BDCA.AQD,NET_ES131A,STA_ES0125A,,SP_28079017_14_6,SPP_28079017_14_6.1,SAM_28079017_14_6,O3,http://dd.eionet.europa.eu/vocabulary/aq/pollutant/7,hour,80.9699999900,µg/m3,2017-08-31 11:00:00 +01:00,2017-08-31 12:00:00 +01:00,1,1
ES,ES.BDCA.AQD,NET_ES131A,STA_ES0125A,,SP_28079017_14_6,SPP_28079017_14_6.1,SAM_28079017_14_6,O3,http://dd.eionet.europa.eu/vocabulary/aq/pollutant/7,hour,92.3199999900,µg/m3,2017-08-31 12:00:00 +01:00,2017-08-31 13:00:00 +01:00,1,1
ES,ES.BDCA.AQD,NET_ES131A,STA_ES0125A,,SP_28079017_14_6,SPP_28079017_14_6.1,SAM_28079017_14_6,O3,http://dd.eionet.europa.eu/vocabulary/aq/pollutant/7,hour,101.4000000000,µg/m3,2017-08-31 13:00:00 +01:00,2017-08-31 14:00:00 +01:00,1,1
ES,ES.BDCA.AQD,NET_ES131A,STA_ES0125A,,SP_28079017_14_6,SPP_28079017_14_6.1,SAM_28079017_14_6,O3,http://dd.eionet.europa.eu/vocabulary/aq/pollutant/7,hour,110.4000000000,µg/m3,2017-08-31 14:00:00 +01:00,2017-08-31 15:00:00 +01:00,1,1
ES,ES.BDCA.AQD,NET_ES131A,STA_ES0125A,,SP_28079017_14_6,SPP_28079017_14_6.1,SAM_28079017_14_6,O3,http://dd.eionet.europa.eu/vocabulary/aq/pollutant/7,hour,122.4000000000,µg/m3,2017-08-31 15:00:00 +01:00,2017-08-31 16:00:00 +01:00,1,1
ES,ES.BDCA.AQD,NET_ES131A,STA_ES0125A,,SP_28079017_14_6,SPP_28079017_14_6.1,SAM_28079017_14_6,O3,http://dd.eionet.europa.eu/vocabulary/aq/pollutant/7,hour,122.4000000000,µg/m3,2017-08-31 16:00:00 +01:00,2017-08-31 17:00:00 +01:00,1,1
ES,ES.BDCA.AQD,NET_ES131A,STA_ES0125A,,SP_28079017_14_6,SPP_28079017_14_6.1,SAM_28079017_14_6,O3,http://dd.eionet.europa.eu/vocabulary/aq/pollutant/7,hour,117.0000000000,µg/m3,2017-08-31 17:00:00 +01:00,2017-08-31 18:00:00 +01:00,1,1
ES,ES.BDCA.AQD,NET_ES131A,STA_ES0125A,,SP_28079017_14_6,SPP_28079017_14_6.1,SAM_28079017_14_6,O3,http://dd.eionet.europa.eu/vocabulary/aq/pollutant/7,hour,105.5000000000,µg/m3,2017-08-31 18:00:00 +01:00,2017-08-31 19:00:00 +01:00,1,1
ES,ES.BDCA.AQD,NET_ES131A,STA_ES0125A,,SP_28079017_14_6,SPP_28079017_14_6.1,SAM_28079017_14_6,O3,http://dd.eionet.europa.eu/vocabulary/aq/pollutant/7,hour,83.2900000000,µg/m3,2017-08-31 19:00:00 +01:00,2017-08-31 20:00:00 +01:00,1,1
ES,ES.BDCA.AQD,NET_ES131A,STA_ES0125A,,SP_28079017_14_6,SPP_28079017_14_6.1,SAM_28079017_14_6,O3,http://dd.eionet.europa.eu/vocabulary/aq/pollutant/7,hour,59.1300000000,µg/m3,2017-08-31 20:00:00 +01:00,2017-08-31 21:00:00 +01:00,1,1
ES,ES.BDCA.AQD,NET_ES131A,STA_ES0125A,,SP_28079017_14_6,SPP_28079017_14_6.1,SAM_28079017_14_6,O3,http://dd.eionet.europa.eu/vocabulary/aq/pollutant/7,hour,61.0799999900,µg/m3,2017-08-31 21:00:00 +01:00,2017-08-31 22:00:00 +01:00,1,1
ES,ES.BDCA.AQD,NET_ES131A,STA_ES0125A,,SP_28079017_14_6,SPP_28079017_14_6.1,SAM_28079017_14_6,O3,http://dd.eionet.europa.eu/vocabulary/aq/pollutant/7,hour,51.3599999900,µg/m3,2017-08-31 22:00:00 +01:00,2017-08-31 23:00:00 +01:00,1,1
ES,ES.BDCA.AQD,NET_ES131A,STA_ES0125A,,SP_28079017_14_6,SPP_28079017_14_6.1,SAM_28079017_14_6,O3,http://dd.eionet.europa.eu/vocabulary/aq/pollutant/7,hour,54.2899999900,µg/m3,2017-08-31 23:00:00 +01:00,2017-09-01 00:00:00 +01:00,1,1
ES,ES.BDCA.AQD,NET_ES131A,STA_ES0125A,,SP_28079017_14_6,SPP_28079017_14_6.1,SAM_28079017_14_6,O3,http://dd.eionet.europa.eu/vocabulary/aq/pollutant/7,hour,54.7700000000,µg/m3,2017-09-01 00:00:00 +01:00,2017-09-01 01:00:00 +01:00,1,1
ES,ES.BDCA.AQD,NET_ES131A,STA_ES0125A,,SP_28079017_14_6,SPP_28079017_14_6.1,SAM_28079017_14_6,O3,http://dd.eionet.europa.eu/vocabulary/aq/pollutant/7,hour,49.2299999900,µg/m3,2017-09-01 01:00:00 +01:00,2017-09-01 02:00:00 +01:00,1,1
ES,ES.BDCA.AQD,NET_ES131A,STA_ES0125A,,SP_28079017_14_6,SPP_28079017_14_6.1,SAM_28079017_14_6,O3,http://dd.eionet.europa.eu/vocabulary/aq/pollutant/7,hour,53.4500000000,µg/m3,2017-09-01 02:00:00 +01:00,2017-09-01 03:00:00 +01:00,1,1
ES,ES.BDCA.AQD,NET_ES131A,STA_ES0125A,,SP_28079017_14_6,SPP_28079017_14_6.1,SAM_28079017_14_6,O3,http://dd.eionet.europa.eu/vocabulary/aq/pollutant/7,hour,54.2100000000,µg/m3,2017-09-01 03:00:00 +01:00,2017-09-01 04:00:00 +01:00,1,1
ES,ES.BDCA.AQD,NET_ES131A,STA_ES0125A,,SP_28079017_14_6,SPP_28079017_14_6.1,SAM_28079017_14_6,O3,http://dd.eionet.europa.eu/vocabulary/aq/pollutant/7,hour,49.2800000000,µg/m3,2017-09-01 04:00:00 +01:00,2017-09-01 05:00:00 +01:00,1,1
ES,ES.BDCA.AQD,NET_ES131A,STA_ES0125A,,SP_28079017_14_6,SPP_28079017_14_6.1,SAM_28079017_14_6,O3,http://dd.eionet.europa.eu/vocabulary/aq/pollutant/7,hour,41.1300000000,µg/m3,2017-09-01 05:00:00 +01:00,2017-09-01 06:00:00 +01:00,1,1
ES,ES.BDCA.AQD,NET_ES131A,STA_ES0125A,,SP_28079017_14_6,SPP_28079017_14_6.1,SAM_28079017_14_6,O3,http://dd.eionet.europa.eu/vocabulary/aq/pollutant/7,hour,26.8000000000,µg/m3,2017-09-01 06:00:00 +01:00,2017-09-01 07:00:00 +01:00,1,1
ES,ES.BDCA.AQD,NET_ES131A,STA_ES0125A,,SP_28079017_14_6,SPP_28079017_14_6.1,SAM_28079017_14_6,O3,http://dd.eionet.europa.eu/vocabulary/aq/pollutant/7,hour,24.4100000000,µg/m3,2017-09-01 07:00:00 +01:00,2017-09-01 08:00:00 +01:00,1,1
ES,ES.BDCA.AQD,NET_ES131A,STA_ES0125A,,SP_28079017_14_6,SPP_28079017_14_6.1,SAM_28079017_14_6,O3,http://dd.eionet.europa.eu/vocabulary/aq/pollutant/7,hour,26.0500000000,µg/m3,2017-09-01 08:00:00 +01:00,2017-09-01 09:00:00 +01:00,1,1
ES,ES.BDCA.AQD,NET_ES131A,STA_ES0125A,,SP_28079017_14_6,SPP_28079017_14_6.1,SAM_28079017_14_6,O3,http://dd.eionet.europa.eu/vocabulary/aq/pollutant/7,hour,31.3500000000,µg/m3,2017-09-01 09:00:00 +01:00,2017-09-01 10:00:00 +01:00,1,1
ES,ES.BDCA.AQD,NET_ES131A,STA_ES0125A,,SP_28079017_14_6,SPP_28079017_14_6.1,SAM_28079017_14_6,O3,http://dd.eionet.europa.eu/vocabulary/aq/pollutant/7,hour,44.5399999900,µg/m3,2017-09-01 10:00:00 +01:00,2017-09-01 11:00:00 +01:00,1,1
ES,ES.BDCA.AQD,NET_ES131A,STA_ES0125A,,SP_28079017_14_6,SPP_28079017_14_6.1,SAM_28079017_14_6,O3,http://dd.eionet.europa.eu/vocabulary/aq/pollutant/7,hour,60.9600000000,µg/m3,2017-09-01 11:00:00 +01:00,2017-09-01 12:00:00 +01:00,1,1
ES,ES.BDCA.AQD,NET_ES131A,STA_ES0125A,,SP_28079017_14_6,SPP_28079017_14_6.1,SAM_28079017_14_6,O3,http://dd.eionet.europa.eu/vocabulary/aq/pollutant/7,hour,77.9699999900,µg/m3,2017-09-01 12:00:00 +01:00,2017-09-01 13:00:00 +01:00,1,1
ES,ES.BDCA.AQD,NET_ES131A,STA_ES0125A,,SP_28079017_14_6,SPP_28079017_14_6.1,SAM_28079017_14_6,O3,http://dd.eionet.europa.eu/vocabulary/aq/pollutant/7,hour,91.5999999900,µg/m3,2017-09-01 13:00:00 +01:00,2017-09-01 14:00:00 +01:00,1,1
ES,ES.BDCA.AQD,NET_ES131A,STA_ES0125A,,SP_28079017_14_6,SPP_28079017_14_6.1,SAM_28079017_14_6,O3,http://dd.eionet.europa.eu/vocabulary/aq/pollutant/7,hour,98.1500000000,µg/m3,2017-09-01 14:00:00 +01:00,2017-09-01 15:00:00 +01:00,1,1
ES,ES.BDCA.AQD,NET_ES131A,STA_ES0125A,,SP_28079017_14_6,SPP_28079017_14_6.1,SAM_28079017_14_6,O3,http://dd.eionet.europa.eu/vocabulary/aq/pollutant/7,hour,107.0999999900,µg/m3,2017-09-01 15:00:00 +01:00,2017-09-01 16:00:00 +01:00,1,1
ES,ES.BDCA.AQD,NET_ES131A,STA_ES0125A,,SP_28079017_14_6,SPP_28079017_14_6.1,SAM_28079017_14_6,O3,http://dd.eionet.europa.eu/vocabulary/aq/pollutant/7,hour,106.7000000000,µg/m3,2017-09-01 16:00:00 +01:00,2017-09-01 17:00:00 +01:00,1,1
ES,ES.BDCA.AQD,NET_ES131A,STA_ES0125A,,SP_28079017_14_6,SPP_28079017_14_6.1,SAM_28079017_14_6,O3,http://dd.eionet.europa.eu/vocabulary/aq/pollutant/7,hour,103.5000000000,µg/m3,2017-09-01 17:00:00 +01:00,2017-09-01 18:00:00 +01:00,1,1
ES,ES.BDCA.AQD,NET_ES131A,STA_ES0125A,,SP_28079017_14_6,SPP_28079017_14_6.1,SAM_28079017_14_6,O3,http://dd.eionet.europa.eu/vocabulary/aq/pollutant/7,hour,100.5000000000,µg/m3,2017-09-01 18:00:00 +01:00,2017-09-01 19:00:00 +01:00,1,1
ES,ES.BDCA.AQD,NET_ES131A,STA_ES0125A,,SP_28079017_14_6,SPP_28079017_14_6.1,SAM_28079017_14_6,O3,http://dd.eionet.europa.eu/vocabulary/aq/pollutant/7,hour,85.3199999900,µg/m3,2017-09-01 19:00:00 +01:00,2017-09-01 20:00:00 +01:00,1,1
ES,ES.BDCA.AQD,NET_ES131A,STA_ES0125A,,SP_28079017_14_6,SPP_28079017_14_6.1,SAM_28079017_14_6,O3,http://dd.eionet.europa.eu/vocabulary/aq/pollutant/7,hour,72.1599999900,µg/m3,2017-09-01 20:00:00 +01:00,2017-09-01 21:00:00 +01:00,1,1
ES,ES.BDCA.AQD,NET_ES131A,STA_ES0125A,,SP_28079017_14_6,SPP_28079017_14_6.1,SAM_28079017_14_6,O3,http://dd.eionet.europa.eu/vocabulary/aq/pollutant/7,hour,72.8799999900,µg/m3,2017-09-01 21:00:00 +01:00,2017-09-01 22:00:00 +01:00,1,1
ES,ES.BDCA.AQD,NET_ES131A,STA_ES0125A,,SP_28079017_14_6,SPP_28079017_14_6.1,SAM_28079017_14_6,O3,http://dd.eionet.europa.eu/vocabulary/aq/pollutant/7,hour,74.7900000000,µg/m3,2017-09-01 22:00:00 +01:00,2017-09-01 23:00:00 +01:00,1,1
ES,ES.BDCA.AQD,NET_ES131A,STA_ES0125A,,SP_28079017_14_6,SPP_28079017_14_6.1,SAM_28079017_14_6,O3,http://dd.eionet.europa.eu/vocabulary/aq/pollutant/7,hour,74.6299999900,µg/m3,2017-09-01 23:00:00 +01:00,2017-09-02 00:00:00 +01:00,1,1
ES,ES.BDCA.AQD,NET_ES131A,STA_ES0125A,,SP_28079017_14_6,SPP_28079017_14_6.1,SAM_28079017_14_6,O3,http://dd.eionet.europa.eu/vocabulary/aq/pollutant/7,hour,69.7000000000,µg/m3,2017-09-02 00:00:00 +01:00,2017-09-02 01:00:00 +01:00,1,1
ES,ES.BDCA.AQD,NET_ES131A,STA_ES0125A,,SP_28079017_14_6,SPP_28079017_14_6.1,SAM_28079017_14_6,O3,http://dd.eionet.europa.eu/vocabulary/aq/pollutant/7,hour,65.6800000000,µg/m3,2017-09-02 01:00:00 +01:00,2017-09-02 02:00:00 +01:00,1,1
ES,ES.BDCA.AQD,NET_ES131A,STA_ES0125A,,SP_28079017_14_6,SPP_28079017_14_6.1,SAM_28079017_14_6,O3,http://dd.eionet.europa.eu/vocabulary/aq/pollutant/7,hour,59.6099999900,µg/m3,2017-09-02 02:00:00 +01:00,2017-09-02 03:00:00 +01:00,1,1
ES,ES.BDCA.AQD,NET_ES131A,STA_ES0125A,,SP_28079017_14_6,SPP_28079017_14_6.1,SAM_28079017_14_6,O3,http://dd.eionet.europa.eu/vocabulary/aq/pollutant/7,hour,56.2999999900,µg/m3,2017-09-02 03:00:00 +01:00,2017-09-02 04:00:00 +01:00,1,1
ES,ES.BDCA.AQD,NET_ES131A,STA_ES0125A,,SP_28079017_14_6,SPP_28079017_14_6.1,SAM_28079017_14_6,O3,http://dd.eionet.europa.eu/vocabulary/aq/pollutant/7,hour,58.7999999900,µg/m3,2017-09-02 04:00:00 +01:00,2017-09-02 05:00:00 +01:00,1,1
ES,ES.BDCA.AQD,NET_ES131A,STA_ES0125A,,SP_28079017_14_6,SPP_28079017_14_6.1,SAM_28079017_14_6,O3,http://dd.eionet.europa.eu/vocabulary/aq/pollutant/7,hour,55.8500000000,µg/m3,2017-09-02 05:00:00 +01:00,2017-09-02 06:00:00 +01:00,1,1
ES,ES.BDCA.AQD,NET_ES131A,STA_ES0125A,,SP_28079017_14_6,SPP_28079017_14_6.1,SAM_28079017_14_6,O3,http://dd.eionet.europa.eu/vocabulary/aq/pollutant/7,hour,56.1300000000,µg/m3,2017-09-02 06:00:00 +01:00,2017-09-02 07:00:00 +01:00,1,1
ES,ES.BDCA.AQD,NET_ES131A,STA_ES0125A,,SP_28079017_14_6,SPP_28079017_14_6.1,SAM_28079017_14_6,O3,http://dd.eionet.europa.eu/vocabulary/aq/pollutant/7,hour,55.7899999900,µg/m3,2017-09-02 07:00:00 +01:00,2017-09-02 08:00:00 +01:00,1,1
ES,ES.BDCA.AQD,NET_ES131A,STA_ES0125A,,SP_28079017_14_6,SPP_28079017_14_6.1,SAM_28079017_14_6,O3,http://dd.eionet.europa.eu/vocabulary/aq/pollutant/7,hour,59.9399999900,µg/m3,2017-09-02 08:00:00 +01:00,2017-09-02 09:00:00 +01:00,1,1
ES,ES.BDCA.AQD,NET_ES131A,STA_ES0125A,,SP_28079017_14_6,SPP_28079017_14_6.1,SAM_28079017_14_6,O3,http://dd.eionet.europa.eu/vocabulary/aq/pollutant/7,hour,67.2500000000,µg/m3,2017-09-02 09:00:00 +01:00,2017-09-02 10:00:00 +01:00,1,1
ES,ES.BDCA.AQD,NET_ES131A,STA_ES0125A,,SP_28079017_14_6,SPP_28079017_14_6.1,SAM_28079017_14_6,O3,http://dd.eionet.europa.eu/vocabulary/aq/pollutant/7,hour,68.0300000000,µg/m3,2017-09-02 10:00:00 +01:00,2017-09-02 11:00:00 +01:00,1,1
ES,ES.BDCA.AQD,NET_ES131A,STA_ES0125A,,SP_28079017_14_6,SPP_28079017_14_6.1,SAM_28079017_14_6,O3,http://dd.eionet.europa.eu/vocabulary/aq/pollutant/7,hour,72.9099999900,µg/m3,2017-09-02 11:00:00 +01:00,2017-09-02 12:00:00 +01:00,1,1
ES,ES.BDCA.AQD,NET_ES131A,STA_ES0125A,,SP_28079017_14_6,SPP_28079017_14_6.1,SAM_28079017_14_6,O3,http://dd.eionet.europa.eu/vocabulary/aq/pollutant/7,hour,73.2999999900,µg/m3,2017-09-02 12:00:00 +01:00,2017-09-02 13:00:00 +01:00,1,1
ES,ES.BDCA.AQD,NET_ES131A,STA_ES0125A,,SP_28079017_14_6,SPP_28079017_14_6.1,SAM_28079017_14_6,O3,http://dd.eionet.europa.eu/vocabulary/aq/pollutant/7,hour,78.5600000000,µg/m3,2017-09-02 13:00:00 +01:00,2017-09-02 14:00:00 +01:00,1,1
ES,ES.BDCA.AQD,NET_ES131A,STA_ES0125A,,SP_28079017_14_6,SPP_28079017_14_6.1,SAM_28079017_14_6,O3,http://dd.eionet.europa.eu/vocabulary/aq/pollutant/7,hour,84.7900000000,µg/m3,2017-09-02 14:00:00 +01:00,2017-09-02 15:00:00 +01:00,1,1
ES,ES.BDCA.AQD,NET_ES131A,STA_ES0125A,,SP_28079017_14_6,SPP_28079017_14_6.1,SAM_28079017_14_6,O3,http://dd.eionet.europa.eu/vocabulary/aq/pollutant/7,hour,85.9000000000,µg/m3,2017-09-02 15:00:00 +01:00,2017-09-02 16:00:00 +01:00,1,1
ES,ES.BDCA.AQD,NET_ES131A,STA_ES0125A,,SP_28079017_14_6,SPP_28079017_14_6.1,SAM_28079017_14_6,O3,http://dd.eionet.europa.eu/vocabulary/aq/pollutant/7,hour,91.2999999900,µg/m3,2017-09-02 16:00:00 +01:00,2017-09-02 17:00:00 +01:00,1,1
ES,ES.BDCA.AQD,NET_ES131A,STA_ES0125A,,SP_28079017_14_6,SPP_28079017_14_6.1,SAM_28079017_14_6,O3,http://dd.eionet.europa.eu/vocabulary/aq/pollutant/7,hour,94.8299999900,µg/m3,2017-09-02 17:00:00 +01:00,2017-09-02 18:00:00 +01:00,1,1
ES,ES.BDCA.AQD,NET_ES131A,STA_ES0125A,,SP_28079017_14_6,SPP_28079017_14_6.1,SAM_28079017_14_6,O3,http://dd.eionet.europa.eu/vocabulary/aq/pollutant/7,hour,92.0100000000,µg/m3,2017-09-02 18:00:00 +01:00,2017-09-02 19:00:00 +01:00,1,1
ES,ES.BDCA.AQD,NET_ES131A,STA_ES0125A,,SP_28079017_14_6,SPP_28079017_14_6.1,SAM_28079017_14_6,O3,http://dd.eionet.europa.eu/vocabulary/aq/pollutant/7,hour,80.4899999900,µg/m3,2017-09-02 19:00:00 +01:00,2017-09-02 20:00:00 +01:00,1,1
ES,ES.BDCA.AQD,NET_ES131A,STA_ES0125A,,SP_28079017_14_6,SPP_28079017_14_6.1,SAM_28079017_14_6,O3,http://dd.eionet.europa.eu/vocabulary/aq/pollutant/7,hour,30.2300000000,µg/m3,2017-09-02 20:00:00 +01:00,2017-09-02 21:00:00 +01:00,1,1
ES,ES.BDCA.AQD,NET_ES131A,STA_ES0125A,,SP_28079017_14_6,SPP_28079017_14_6.1,SAM_28079017_14_6,O3,http://dd.eionet.europa.eu/vocabulary/aq/pollutant/7,hour,1.1299999900,µg/m3,2017-09-02 21:00:00 +01:00,2017-09-02 22:00:00 +01:00,1,1
ES,ES.BDCA.AQD,NET_ES131A,STA_ES0125A,,SP_28079017_14_6,SPP_28079017_14_6.1,SAM_28079017_14_6,O3,http://dd.eionet.europa.eu/vocabulary/aq/pollutant/7,hour,0.9700000000,µg/m3,2017-09-02 22:00:00 +01:00,2017-09-02 23:00:00 +01:00,1,1
ES,ES.BDCA.AQD,NET_ES131A,STA_ES0125A,,SP_28079017_14_6,SPP_28079017_14_6.1,SAM_28079017_14_6,O3,http://dd.eionet.europa.eu/vocabulary/aq/pollutant/7,hour,0.8100000000,µg/m3,2017-09-02 23:00:00 +01:00,2017-09-03 00:00:00 +01:00,1,1
ES,ES.BDCA.AQD,NET_ES131A,STA_ES0125A,,SP_28079017_14_6,SPP_28079017_14_6.1,SAM_28079017_14_6,O3,http://dd.eionet.europa.eu/vocabulary/aq/pollutant/7,hour,0.8700000000,µg/m3,2017-09-03 00:00:00 +01:00,2017-09-03 01:00:00 +01:00,1,1
ES,ES.BDCA.AQD,NET_ES131A,STA_ES0125A,,SP_28079017_14_6,SPP_28079017_14_6.1,SAM_28079017_14_6,O3,http://dd.eionet.europa.eu/vocabulary/aq/pollutant/7,hour,1.0500000000,µg/m3,2017-09-03 01:00:00 +01:00,2017-09-03 02:00:00 +01:00,1,1
ES,ES.BDCA.AQD,NET_ES131A,STA_ES0125A,,SP_28079017_14_6,SPP_28079017_14_6.1,SAM_28079017_14_6,O3,http://dd.eionet.europa.eu/vocabulary/aq/pollutant/7,hour,0.9800000000,µg/m3,2017-09-03 02:00:00 +01:00,2017-09-03 03:00:00 +01:00,1,1
ES,ES.BDCA.AQD,NET_ES131A,STA_ES0125A,,SP_28079017_14_6,SPP_28079017_14_6.1,SAM_28079017_14_6,O3,http://dd.eionet.europa.eu/vocabulary/aq/pollutant/7,hour,0.8500000000,µg/m3,2017-09-03 03:00:00 +01:00,2017-09-03 04:00:00 +01:00,1,1
ES,ES.BDCA.AQD,NET_ES131A,STA_ES0125A,,SP_28079017_14_6,SPP_28079017_14_6.1,SAM_28079017_14_6,O3,http://dd.eionet.europa.eu/vocabulary/aq/pollutant/7,hour,0.9200000000,µg/m3,2017-09-03 04:00:00 +01:00,2017-09-03 05:00:00 +01:00,1,1
ES,ES.BDCA.AQD,NET_ES131A,STA_ES0125A,,SP_28079017_14_6,SPP_28079017_14_6.1,SAM_28079017_14_6,O3,http://dd.eionet.europa.eu/vocabulary/aq/pollutant/7,hour,1.1000000000,µg/m3,2017-09-03 05:00:00 +01:00,2017-09-03 06:00:00 +01:00,1,1
ES,ES.BDCA.AQD,NET_ES131A,STA_ES0125A,,SP_28079017_14_6,SPP_28079017_14_6.1,SAM_28079017_14_6,O3,http://dd.eionet.europa.eu/vocabulary/aq/pollutant/7,hour,2.8399999900,µg/m3,2017-09-03 06:00:00 +01:00,2017-09-03 07:00:00 +01:00,1,1
ES,ES.BDCA.AQD,NET_ES131A,STA_ES0125A,,SP_28079017_14_6,SPP_28079017_14_6.1,SAM_28079017_14_6,O3,http://dd.eionet.europa.eu/vocabulary/aq/pollutant/7,hour,4.0700000000,µg/m3,2017-09-03 07:00:00 +01:00,2017-09-03 08:00:00 +01:00,1,1
ES,ES.BDCA.AQD,NET_ES131A,STA_ES0125A,,SP_28079017_14_6,SPP_28079017_14_6.1,SAM_28079017_14_6,O3,http://dd.eionet.europa.eu/vocabulary/aq/pollutant/7,hour,14.3800000000,µg/m3,2017-09-03 08:00:00 +01:00,2017-09-03 09:00:00 +01:00,1,1
ES,ES.BDCA.AQD,NET_ES131A,STA_ES0125A,,SP_28079017_14_6,SPP_28079017_14_6.1,SAM_28079017_14_6,O3,http://dd.eionet.europa.eu/vocabulary/aq/pollutant/7,hour,30.7199999900,µg/m3,2017-09-03 09:00:00 +01:00,2017-09-03 10:00:00 +01:00,1,1
ES,ES.BDCA.AQD,NET_ES131A,STA_ES0125A,,SP_28079017_14_6,SPP_28079017_14_6.1,SAM_28079017_14_6,O3,http://dd.eionet.europa.eu/vocabulary/aq/pollutant/7,hour,52.7700000000,µg/m3,2017-09-03 10:00:00 +01:00,2017-09-03 11:00:00 +01:00,1,1
ES,ES.BDCA.AQD,NET_ES131A,STA_ES0125A,,SP_28079017_14_6,SPP_28079017_14_6.1,SAM_28079017_14_6,O3,http://dd.eionet.europa.eu/vocabulary/aq/pollutant/7,hour,63.9799999900,µg/m3,2017-09-03 11:00:00 +01:00,2017-09-03 12:00:00 +01:00,1,1
ES,ES.BDCA.AQD,NET_ES131A,STA_ES0125A,,SP_28079017_14_6,SPP_28079017_14_6.1,SAM_28079017_14_6,O3,http://dd.eionet.europa.eu/vocabulary/aq/pollutant/7,hour,99.4899999900,µg/m3,2017-09-03 12:00:00 +01:00,2017-09-03 13:00:00 +01:00,1,1
ES,ES.BDCA.AQD,NET_ES131A,STA_ES0125A,,SP_28079017_14_6,SPP_28079017_14_6.1,SAM_28079017_14_6,O3,http://dd.eionet.europa.eu/vocabulary/aq/pollutant/7,hour,112.3000000000,µg/m3,2017-09-03 13:00:00 +01:00,2017-09-03 14:00:00 +01:00,1,1
ES,ES.BDCA.AQD,NET_ES131A,STA_ES0125A,,SP_28079017_14_6,SPP_28079017_14_6.1,SAM_28079017_14_6,O3,http://dd.eionet.europa.eu/vocabulary/aq/pollutant/7,hour,118.2000000000,µg/m3,2017-09-03 14:00:00 +01:00,2017-09-03 15:00:00 +01:00,1,1
ES,ES.BDCA.AQD,NET_ES131A,STA_ES0125A,,SP_28079017_14_6,SPP_28079017_14_6.1,SAM_28079017_14_6,O3,http://dd.eionet.europa.eu/vocabulary/aq/pollutant/7,hour,115.9000000000,µg/m3,2017-09-03 15:00:00 +01:00,2017-09-03 16:00:00 +01:00,1,1
ES,ES.BDCA.AQD,NET_ES131A,STA_ES0125A,,SP_28079017_14_6,SPP_28079017_14_6.1,SAM_28079017_14_6,O3,http://dd.eionet.europa.eu/vocabulary/aq/pollutant/7,hour,115.5000000000,µg/m3,2017-09-03 16:00:00 +01:00,2017-09-03 17:00:00 +01:00,1,1
ES,ES.BDCA.AQD,NET_ES131A,STA_ES0125A,,SP_28079017_14_6,SPP_28079017_14_6.1,SAM_28079017_14_6,O3,http://dd.eionet.europa.eu/vocabulary/aq/pollutant/7,hour,109.5000000000,µg/m3,2017-09-03 17:00:00 +01:00,2017-09-03 18:00:00 +01:00,1,1
ES,ES.BDCA.AQD,NET_ES131A,STA_ES0125A,,SP_28079017_14_6,SPP_28079017_14_6.1,SAM_28079017_14_6,O3,http://dd.eionet.europa.eu/vocabulary/aq/pollutant/7,hour,105.7000000000,µg/m3,2017-09-03 18:00:00 +01:00,2017-09-03 19:00:00 +01:00,1,1
ES,ES.BDCA.AQD,NET_ES131A,STA_ES0125A,,SP_28079017_14_6,SPP_28079017_14_6.1,SAM_28079017_14_6,O3,http://dd.eionet.europa.eu/vocabulary/aq/pollutant/7,hour,94.6500000000,µg/m3,2017-09-03 19:00:00 +01:00,2017-09-03 20:00:00 +01:00,1,1
ES,ES.BDCA.AQD,NET_ES131A,STA_ES0125A,,SP_28079017_14_6,SPP_28079017_14_6.1,SAM_28079017_14_6,O3,http://dd.eionet.europa.eu/vocabulary/aq/pollutant/7,hour,83.1299999900,µg/m3,2017-09-03 20:00:00 +01:00,2017-09-03 21:00:00 +01:00,1,1
ES,ES.BDCA.AQD,NET_ES131A,STA_ES0125A,,SP_28079017_14_6,SPP_28079017_14_6.1,SAM_28079017_14_6,O3,http://dd.eionet.europa.eu/vocabulary/aq/pollutant/7,hour,72.2600000000,µg/m3,2017-09-03 21:00:00 +01:00,2017-09-03 22:00:00 +01:00,1,1
ES,ES.BDCA.AQD,NET_ES131A,STA_ES0125A,,SP_28079017_14_6,SPP_28079017_14_6.1,SAM_28079017_14_6,O3,http://dd.eionet.europa.eu/vocabulary/aq/pollutant/7,hour,66.6800000000,µg/m3,2017-09-03 22:00:00 +01:00,2017-09-03 23:00:00 +01:00,1,1
ES,ES.BDCA.AQD,NET_ES131A,STA_ES0125A,,SP_28079017_14_6,SPP_28079017_14_6.1,SAM_28079017_14_6,O3,http://dd.eionet.europa.eu/vocabulary/aq/pollutant/7,hour,52.7500000000,µg/m3,2017-09-03 23:00:00 +01:00,2017-09-04 00:00:00 +01:00,1,1
ES,ES.BDCA.AQD,NET_ES131A,STA_ES0125A,,SP_28079017_14_6,SPP_28079017_14_6.1,SAM_28079017_14_6,O3,http://dd.eionet.europa.eu/vocabulary/aq/pollutant/7,hour,48.7800000000,µg/m3,2017-09-04 00:00:00 +01:00,2017-09-04 01:00:00 +01:00,1,1
ES,ES.BDCA.AQD,NET_ES131A,STA_ES0125A,,SP_28079017_14_6,SPP_28079017_14_6.1,SAM_28079017_14_6,O3,http://dd.eionet.europa.eu/vocabulary/aq/pollutant/7,hour,52.6499999900,µg/m3,2017-09-04 01:00:00 +01:00,2017-09-04 02:00:00 +01:00,1,1
ES,ES.BDCA.AQD,NET_ES131A,STA_ES0125A,,SP_28079017_14_6,SPP_28079017_14_6.1,SAM_28079017_14_6,O3,http://dd.eionet.europa.eu/vocabulary/aq/pollutant/7,hour,68.0600000000,µg/m3,2017-09-04 02:00:00 +01:00,2017-09-04 03:00:00 +01:00,1,1
ES,ES.BDCA.AQD,NET_ES131A,STA_ES0125A,,SP_28079017_14_6,SPP_28079017_14_6.1,SAM_28079017_14_6,O3,http://dd.eionet.europa.eu/vocabulary/aq/pollutant/7,hour,71.7399999900,µg/m3,2017-09-04 03:00:00 +01:00,2017-09-04 04:00:00 +01:00,1,1
ES,ES.BDCA.AQD,NET_ES131A,STA_ES0125A,,SP_28079017_14_6,SPP_28079017_14_6.1,SAM_28079017_14_6,O3,http://dd.eionet.europa.eu/vocabulary/aq/pollutant/7,hour,55.4399999900,µg/m3,2017-09-04 04:00:00 +01:00,2017-09-04 05:00:00 +01:00,1,1
ES,ES.BDCA.AQD,NET_ES131A,STA_ES0125A,,SP_28079017_14_6,SPP_28079017_14_6.1,SAM_28079017_14_6,O3,http://dd.eionet.europa.eu/vocabulary/aq/pollutant/7,hour,41.9399999900,µg/m3,2017-09-04 05:00:00 +01:00,2017-09-04 06:00:00 +01:00,1,1
ES,ES.BDCA.AQD,NET_ES131A,STA_ES0125A,,SP_28079017_14_6,SPP_28079017_14_6.1,SAM_28079017_14_6,O3,http://dd.eionet.europa.eu/vocabulary/aq/pollutant/7,hour,25.1499999900,µg/m3,2017-09-04 06:00:00 +01:00,2017-09-04 07:00:00 +01:00,1,1
ES,ES.BDCA.AQD,NET_ES131A,STA_ES0125A,,SP_28079017_14_6,SPP_28079017_14_6.1,SAM_28079017_14_6,O3,http://dd.eionet.europa.eu/vocabulary/aq/pollutant/7,hour,13.8200000000,µg/m3,2017-09-04 07:00:00 +01:00,2017-09-04 08:00:00 +01:00,1,1
ES,ES.BDCA.AQD,NET_ES131A,STA_ES0125A,,SP_28079017_14_6,SPP_28079017_14_6.1,SAM_28079017_14_6,O3,http://dd.eionet.europa.eu/vocabulary/aq/pollutant/7,hour,26.2600000000,µg/m3,2017-09-04 08:00:00 +01:00,2017-09-04 09:00:00 +01:00,1,1
ES,ES.BDCA.AQD,NET_ES131A,STA_ES0125A,,SP_28079017_14_6,SPP_28079017_14_6.1,SAM_28079017_14_6,O3,http://dd.eionet.europa.eu/vocabulary/aq/pollutant/7,hour,36.3100000000,µg/m3,2017-09-04 09:00:00 +01:00,2017-09-04 10:00:00 +01:00,1,1
ES,ES.BDCA.AQD,NET_ES131A,STA_ES0125A,,SP_28079017_14_6,SPP_28079017_14_6.1,SAM_28079017_14_6,O3,http://dd.eionet.europa.eu/vocabulary/aq/pollutant/7,hour,44.2400000000,µg/m3,2017-09-04 10:00:00 +01:00,2017-09-04 11:00:00 +01:00,1,1
ES,ES.BDCA.AQD,NET_ES131A,STA_ES0125A,,SP_28079017_14_6,SPP_28079017_14_6.1,SAM_28079017_14_6,O3,http://dd.eionet.europa.eu/vocabulary/aq/pollutant/7,hour,52.9099999900,µg/m3,2017-09-04 11:00:00 +01:00,2017-09-04 12:00:00 +01:00,1,1
ES,ES.BDCA.AQD,NET_ES131A,STA_ES0125A,,SP_28079017_14_6,SPP_28079017_14_6.1,SAM_28079017_14_6,O3,http://dd.eionet.europa.eu/vocabulary/aq/pollutant/7,hour,65.6599999900,µg/m3,2017-09-04 12:00:00 +01:00,2017-09-04 13:00:00 +01:00,1,1
ES,ES.BDCA.AQD,NET_ES131A,STA_ES0125A,,SP_28079017_14_6,SPP_28079017_14_6.1,SAM_28079017_14_6,O3,http://dd.eionet.europa.eu/vocabulary/aq/pollutant/7,hour,76.3599999900,µg/m3,2017-09-04 13:00:00 +01:00,2017-09-04 14:00:00 +01:00,1,1
ES,ES.BDCA.AQD,NET_ES131A,STA_ES0125A,,SP_28079017_14_6,SPP_28079017_14_6.1,SAM_28079017_14_6,O3,http://dd.eionet.europa.eu/vocabulary/aq/pollutant/7,hour,80.8100000000,µg/m3,2017-09-04 14:00:00 +01:00,2017-09-04 15:00:00 +01:00,1,1
ES,ES.BDCA.AQD,NET_ES131A,STA_ES0125A,,SP_28079017_14_6,SPP_28079017_14_6.1,SAM_28079017_14_6,O3,http://dd.eionet.europa.eu/vocabulary/aq/pollutant/7,hour,87.0900000000,µg/m3,2017-09-04 15:00:00 +01:00,2017-09-04 16:00:00 +01:00,1,1
ES,ES.BDCA.AQD,NET_ES131A,STA_ES0125A,,SP_28079017_14_6,SPP_28079017_14_6.1,SAM_28079017_14_6,O3,http://dd.eionet.europa.eu/vocabulary/aq/pollutant/7,hour,87.0100000000,µg/m3,2017-09-04 16:00:00 +01:00,2017-09-04 17:00:00 +01:00,1,1
ES,ES.BDCA.AQD,NET_ES131A,STA_ES0125A,,SP_28079017_14_6,SPP_28079017_14_6.1,SAM_28079017_14_6,O3,http://dd.eionet.europa.eu/vocabulary/aq/pollutant/7,hour,82.9899999900,µg/m3,2017-09-04 17:00:00 +01:00,2017-09-04 18:00:00 +01:00,1,1
ES,ES.BDCA.AQD,NET_ES131A,STA_ES0125A,,SP_28079017_14_6,SPP_28079017_14_6.1,SAM_28079017_14_6,O3,http://dd.eionet.europa.eu/vocabulary/aq/pollutant/7,hour,82.2500000000,µg/m3,2017-09-04 18:00:00 +01:00,2017-09-04 19:00:00 +01:00,1,1
ES,ES.BDCA.AQD,NET_ES131A,STA_ES0125A,,SP_28079017_14_6,SPP_28079017_14_6.1,SAM_28079017_14_6,O3,http://dd.eionet.europa.eu/vocabulary/aq/pollutant/7,hour,64.7199999900,µg/m3,2017-09-04 19:00:00 +01:00,2017-09-04 20:00:00 +01:00,1,1
ES,ES.BDCA.AQD,NET_ES131A,STA_ES0125A,,SP_28079017_14_6,SPP_28079017_14_6.1,SAM_28079017_14_6,O3,http://dd.eionet.europa.eu/vocabulary/aq/pollutant/7,hour,19.4499999900,µg/m3,2017-09-04 20:00:00 +01:00,2017-09-04 21:00:00 +01:00,1,1
ES,ES.BDCA.AQD,NET_ES131A,STA_ES0125A,,SP_28079017_14_6,SPP_28079017_14_6.1,SAM_28079017_14_6,O3,http://dd.eionet.europa.eu/vocabulary/aq/pollutant/7,hour,4.0999999900,µg/m3,2017-09-04 21:00:00 +01:00,2017-09-04 22:00:00 +01:00,1,1
ES,ES.BDCA.AQD,NET_ES131A,STA_ES0125A,,SP_28079017_14_6,SPP_28079017_14_6.1,SAM_28079017_14_6,O3,http://dd.eionet.europa.eu/vocabulary/aq/pollutant/7,hour,14.9499999900,µg/m3,2017-09-04 22:00:00 +01:00,2017-09-04 23:00:00 +01:00,1,1
ES,ES.BDCA.AQD,NET_ES131A,STA_ES0125A,,SP_28079017_14_6,SPP_28079017_14_6.1,SAM_28079017_14_6,O3,http://dd.eionet.europa.eu/vocabulary/aq/pollutant/7,hour,29.0300000000,µg/m3,2017-09-04 23:00:00 +01:00,2017-09-05 00:00:00 +01:00,1,1
ES,ES.BDCA.AQD,NET_ES131A,STA_ES0125A,,SP_28079017_14_6,SPP_28079017_14_6.1,SAM_28079017_14_6,O3,http://dd.eionet.europa.eu/vocabulary/aq/pollutant/7,hour,37.4399999900,µg/m3,2017-09-05 00:00:00 +01:00,2017-09-05 01:00:00 +01:00,1,1
ES,ES.BDCA.AQD,NET_ES131A,STA_ES0125A,,SP_28079017_14_6,SPP_28079017_14_6.1,SAM_28079017_14_6,O3,http://dd.eionet.europa.eu/vocabulary/aq/pollutant/7,hour,38.6800000000,µg/m3,2017-09-05 01:00:00 +01:00,2017-09-05 02:00:00 +01:00,1,1
ES,ES.BDCA.AQD,NET_ES131A,STA_ES0125A,,SP_28079017_14_6,SPP_28079017_14_6.1,SAM_28079017_14_6,O3,http://dd.eionet.europa.eu/vocabulary/aq/pollutant/7,hour,33.4300000000,µg/m3,2017-09-05 02:00:00 +01:00,2017-09-05 03:00:00 +01:00,1,1
ES,ES.BDCA.AQD,NET_ES131A,STA_ES0125A,,SP_28079017_14_6,SPP_28079017_14_6.1,SAM_28079017_14_6,O3,http://dd.eionet.europa.eu/vocabulary/aq/pollutant/7,hour,15.6000000000,µg/m3,2017-09-05 03:00:00 +01:00,2017-09-05 04:00:00 +01:00,1,1
ES,ES.BDCA.AQD,NET_ES131A,STA_ES0125A,,SP_28079017_14_6,SPP_28079017_14_6.1,SAM_28079017_14_6,O3,http://dd.eionet.europa.eu/vocabulary/aq/pollutant/7,hour,6.6100000000,µg/m3,2017-09-05 04:00:00 +01:00,2017-09-05 05:00:00 +01:00,1,1
ES,ES.BDCA.AQD,NET_ES131A,STA_ES0125A,,SP_28079017_14_6,SPP_28079017_14_6.1,SAM_28079017_14_6,O3,http://dd.eionet.europa.eu/vocabulary/aq/pollutant/7,hour,2.6800000000,µg/m3,2017-09-05 05:00:00 +01:00,2017-09-05 06:00:00 +01:00,1,1
ES,ES.BDCA.AQD,NET_ES131A,STA_ES0125A,,SP_28079017_14_6,SPP_28079017_14_6.1,SAM_28079017_14_6,O3,http://dd.eionet.europa.eu/vocabulary/aq/pollutant/7,hour,6.3099999900,µg/m3,2017-09-05 06:00:00 +01:00,2017-09-05 07:00:00 +01:00,1,1
ES,ES.BDCA.AQD,NET_ES131A,STA_ES0125A,,SP_28079017_14_6,SPP_28079017_14_6.1,SAM_28079017_14_6,O3,http://dd.eionet.europa.eu/vocabulary/aq/pollutant/7,hour,3.5600000000,µg/m3,2017-09-05 07:00:00 +01:00,2017-09-05 08:00:00 +01:00,1,1
ES,ES.BDCA.AQD,NET_ES131A,STA_ES0125A,,SP_28079017_14_6,SPP_28079017_14_6.1,SAM_28079017_14_6,O3,http://dd.eionet.europa.eu/vocabulary/aq/pollutant/7,hour,19.8099999900,µg/m3,2017-09-05 08:00:00 +01:00,2017-09-05 09:00:00 +01:00,1,1
ES,ES.BDCA.AQD,NET_ES131A,STA_ES0125A,,SP_28079017_14_6,SPP_28079017_14_6.1,SAM_28079017_14_6,O3,http://dd.eionet.europa.eu/vocabulary/aq/pollutant/7,hour,44.3800000000,µg/m3,2017-09-05 09:00:00 +01:00,2017-09-05 10:00:00 +01:00,1,1
ES,ES.BDCA.AQD,NET_ES131A,STA_ES0125A,,SP_28079017_14_6,SPP_28079017_14_6.1,SAM_28079017_14_6,O3,http://dd.eionet.europa.eu/vocabulary/aq/pollutant/7,hour,57.9699999900,µg/m3,2017-09-05 10:00:00 +01:00,2017-09-05 11:00:00 +01:00,1,1
ES,ES.BDCA.AQD,NET_ES131A,STA_ES0125A,,SP_28079017_14_6,SPP_28079017_14_6.1,SAM_28079017_14_6,O3,http://dd.eionet.europa.eu/vocabulary/aq/pollutant/7,hour,77.3900000000,µg/m3,2017-09-05 11:00:00 +01:00,2017-09-05 12:00:00 +01:00,1,1
ES,ES.BDCA.AQD,NET_ES131A,STA_ES0125A,,SP_28079017_14_6,SPP_28079017_14_6.1,SAM_28079017_14_6,O3,http://dd.eionet.europa.eu/vocabulary/aq/pollutant/7,hour,91.9399999900,µg/m3,2017-09-05 12:00:00 +01:00,2017-09-05 13:00:00 +01:00,1,1
ES,ES.BDCA.AQD,NET_ES131A,STA_ES0125A,,SP_28079017_14_6,SPP_28079017_14_6.1,SAM_28079017_14_6,O3,http://dd.eionet.europa.eu/vocabulary/aq/pollutant/7,hour,97.2099999900,µg/m3,2017-09-05 13:00:00 +01:00,2017-09-05 14:00:00 +01:00,1,1
ES,ES.BDCA.AQD,NET_ES131A,STA_ES0125A,,SP_28079017_14_6,SPP_28079017_14_6.1,SAM_28079017_14_6,O3,http://dd.eionet.europa.eu/vocabulary/aq/pollutant/7,hour,103.8000000000,µg/m3,2017-09-05 14:00:00 +01:00,2017-09-05 15:00:00 +01:00,1,1
ES,ES.BDCA.AQD,NET_ES131A,STA_ES0125A,,SP_28079017_14_6,SPP_28079017_14_6.1,SAM_28079017_14_6,O3,http://dd.eionet.europa.eu/vocabulary/aq/pollutant/7,hour,112.0999999900,µg/m3,2017-09-05 15:00:00 +01:00,2017-09-05 16:00:00 +01:00,1,1
ES,ES.BDCA.AQD,NET_ES131A,STA_ES0125A,,SP_28079017_14_6,SPP_28079017_14_6.1,SAM_28079017_14_6,O3,http://dd.eionet.europa.eu/vocabulary/aq/pollutant/7,hour,115.5999999900,µg/m3,2017-09-05 16:00:00 +01:00,2017-09-05 17:00:00 +01:00,1,1
ES,ES.BDCA.AQD,NET_ES131A,STA_ES0125A,,SP_28079017_14_6,SPP_28079017_14_6.1,SAM_28079017_14_6,O3,http://dd.eionet.europa.eu/vocabulary/aq/pollutant/7,hour,105.8000000000,µg/m3,2017-09-05 17:00:00 +01:00,2017-09-05 18:00:00 +01:00,1,1
ES,ES.BDCA.AQD,NET_ES131A,STA_ES0125A,,SP_28079017_14_6,SPP_28079017_14_6.1,SAM_28079017_14_6,O3,http://dd.eionet.europa.eu/vocabulary/aq/pollutant/7,hour,93.1299999900,µg/m3,2017-09-05 18:00:00 +01:00,2017-09-05 19:00:00 +01:00,1,1
ES,ES.BDCA.AQD,NET_ES131A,STA_ES0125A,,SP_28079017_14_6,SPP_28079017_14_6.1,SAM_28079017_14_6,O3,http://dd.eionet.europa.eu/vocabulary/aq/pollutant/7,hour,71.9500000000,µg/m3,2017-09-05 19:00:00 +01:00,2017-09-05 20:00:00 +01:00,1,1
ES,ES.BDCA.AQD,NET_ES131A,STA_ES0125A,,SP_28079017_14_6,SPP_28079017_14_6.1,SAM_28079017_14_6,O3,http://dd.eionet.europa.eu/vocabulary/aq/pollutant/7,hour,36.8200000000,µg/m3,2017-09-05 20:00:00 +01:00,2017-09-05 21:00:00 +01:00,1,1
ES,ES.BDCA.AQD,NET_ES131A,STA_ES0125A,,SP_28079017_14_6,SPP_28079017_14_6.1,SAM_28079017_14_6,O3,http://dd.eionet.europa.eu/vocabulary/aq/pollutant/7,hour,2.6499999900,µg/m3,2017-09-05 21:00:00 +01:00,2017-09-05 22:00:00 +01:00,1,1
ES,ES.BDCA.AQD,NET_ES131A,STA_ES0125A,,SP_28079017_14_6,SPP_28079017_14_6.1,SAM_28079017_14_6,O3,http://dd.eionet.europa.eu/vocabulary/aq/pollutant/7,hour,2.2599999900,µg/m3,2017-09-05 22:00:00 +01:00,2017-09-05 23:00:00 +01:00,1,1
ES,ES.BDCA.AQD,NET_ES131A,STA_ES0125A,,SP_28079017_14_6,SPP_28079017_14_6.1,SAM_28079017_14_6,O3,http://dd.eionet.europa.eu/vocabulary/aq/pollutant/7,hour,2.0299999900,µg/m3,2017-09-05 23:00:00 +01:00,2017-09-06 00:00:00 +01:00,1,1
ES,ES.BDCA.AQD,NET_ES131A,STA_ES0125A,,SP_28079017_14_6,SPP_28079017_14_6.1,SAM_28079017_14_6,O3,http://dd.eionet.europa.eu/vocabulary/aq/pollutant/7,hour,3.9300000000,µg/m3,2017-09-06 00:00:00 +01:00,2017-09-06 01:00:00 +01:00,1,1
ES,ES.BDCA.AQD,NET_ES131A,STA_ES0125A,,SP_28079017_14_6,SPP_28079017_14_6.1,SAM_28079017_14_6,O3,http://dd.eionet.europa.eu/vocabulary/aq/pollutant/7,hour,4.2599999900,µg/m3,2017-09-06 01:00:00 +01:00,2017-09-06 02:00:00 +01:00,1,1
ES,ES.BDCA.AQD,NET_ES131A,STA_ES0125A,,SP_28079017_14_6,SPP_28079017_14_6.1,SAM_28079017_14_6,O3,http://dd.eionet.europa.eu/vocabulary/aq/pollutant/7,hour,9.0999999900,µg/m3,2017-09-06 02:00:00 +01:00,2017-09-06 03:00:00 +01:00,1,1
ES,ES.BDCA.AQD,NET_ES131A,STA_ES0125A,,SP_28079017_14_6,SPP_28079017_14_6.1,SAM_28079017_14_6,O3,http://dd.eionet.europa.eu/vocabulary/aq/pollutant/7,hour,46.5399999900,µg/m3,2017-09-06 03:00:00 +01:00,2017-09-06 04:00:00 +01:00,1,1
ES,ES.BDCA.AQD,NET_ES131A,STA_ES0125A,,SP_28079017_14_6,SPP_28079017_14_6.1,SAM_28079017_14_6,O3,http://dd.eionet.europa.eu/vocabulary/aq/pollutant/7,hour,48.9600000000,µg/m3,2017-09-06 04:00:00 +01:00,2017-09-06 05:00:00 +01:00,1,1
ES,ES.BDCA.AQD,NET_ES131A,STA_ES0125A,,SP_28079017_14_6,SPP_28079017_14_6.1,SAM_28079017_14_6,O3,http://dd.eionet.europa.eu/vocabulary/aq/pollutant/7,hour,52.9600000000,µg/m3,2017-09-06 05:00:00 +01:00,2017-09-06 06:00:00 +01:00,1,1
ES,ES.BDCA.AQD,NET_ES131A,STA_ES0125A,,SP_28079017_14_6,SPP_28079017_14_6.1,SAM_28079017_14_6,O3,http://dd.eionet.europa.eu/vocabulary/aq/pollutant/7,hour,33.5799999900,µg/m3,2017-09-06 06:00:00 +01:00,2017-09-06 07:00:00 +01:00,1,1
ES,ES.BDCA.AQD,NET_ES131A,STA_ES0125A,,SP_28079017_14_6,SPP_28079017_14_6.1,SAM_28079017_14_6,O3,http://dd.eionet.europa.eu/vocabulary/aq/pollutant/7,hour,18.8299999900,µg/m3,2017-09-06 07:00:00 +01:00,2017-09-06 08:00:00 +01:00,1,1
ES,ES.BDCA.AQD,NET_ES131A,STA_ES0125A,,SP_28079017_14_6,SPP_28079017_14_6.1,SAM_28079017_14_6,O3,http://dd.eionet.europa.eu/vocabulary/aq/pollutant/7,hour,23.6000000000,µg/m3,2017-09-06 08:00:00 +01:00,2017-09-06 09:00:00 +01:00,1,1
ES,ES.BDCA.AQD,NET_ES131A,STA_ES0125A,,SP_28079017_14_6,SPP_28079017_14_6.1,SAM_28079017_14_6,O3,http://dd.eionet.europa.eu/vocabulary/aq/pollutant/7,hour,41.8699999900,µg/m3,2017-09-06 09:00:00 +01:00,2017-09-06 10:00:00 +01:00,1,1
ES,ES.BDCA.AQD,NET_ES131A,STA_ES0125A,,SP_28079017_14_6,SPP_28079017_14_6.1,SAM_28079017_14_6,O3,http://dd.eionet.europa.eu/vocabulary/aq/pollutant/7,hour,54.6700000000,µg/m3,2017-09-06 10:00:00 +01:00,2017-09-06 11:00:00 +01:00,1,1
ES,ES.BDCA.AQD,NET_ES131A,STA_ES0125A,,SP_28079017_14_6,SPP_28079017_14_6.1,SAM_28079017_14_6,O3,http://dd.eionet.europa.eu/vocabulary/aq/pollutant/7,hour,72.1700000000,µg/m3,2017-09-06 11:00:00 +01:00,2017-09-06 12:00:00 +01:00,1,1
ES,ES.BDCA.AQD,NET_ES131A,STA_ES0125A,,SP_28079017_14_6,SPP_28079017_14_6.1,SAM_28079017_14_6,O3,http://dd.eionet.europa.eu/vocabulary/aq/pollutant/7,hour,88.6700000000,µg/m3,2017-09-06 12:00:00 +01:00,2017-09-06 13:00:00 +01:00,1,1
ES,ES.BDCA.AQD,NET_ES131A,STA_ES0125A,,SP_28079017_14_6,SPP_28079017_14_6.1,SAM_28079017_14_6,O3,http://dd.eionet.europa.eu/vocabulary/aq/pollutant/7,hour,104.5000000000,µg/m3,2017-09-06 13:00:00 +01:00,2017-09-06 14:00:00 +01:00,1,1
ES,ES.BDCA.AQD,NET_ES131A,STA_ES0125A,,SP_28079017_14_6,SPP_28079017_14_6.1,SAM_28079017_14_6,O3,http://dd.eionet.europa.eu/vocabulary/aq/pollutant/7,hour,118.3000000000,µg/m3,2017-09-06 14:00:00 +01:00,2017-09-06 15:00:00 +01:00,1,1
ES,ES.BDCA.AQD,NET_ES131A,STA_ES0125A,,SP_28079017_14_6,SPP_28079017_14_6.1,SAM_28079017_14_6,O3,http://dd.eionet.europa.eu/vocabulary/aq/pollutant/7,hour,124.5999999900,µg/m3,2017-09-06 15:00:00 +01:00,2017-09-06 16:00:00 +01:00,1,1
ES,ES.BDCA.AQD,NET_ES131A,STA_ES0125A,,SP_28079017_14_6,SPP_28079017_14_6.1,SAM_28079017_14_6,O3,http://dd.eionet.europa.eu/vocabulary/aq/pollutant/7,hour,135.9000000000,µg/m3,2017-09-06 16:00:00 +01:00,2017-09-06 17:00:00 +01:00,1,1
ES,ES.BDCA.AQD,NET_ES131A,STA_ES0125A,,SP_28079017_14_6,SPP_28079017_14_6.1,SAM_28079017_14_6,O3,http://dd.eionet.europa.eu/vocabulary/aq/pollutant/7,hour,137.5000000000,µg/m3,2017-09-06 17:00:00 +01:00,2017-09-06 18:00:00 +01:00,1,1
ES,ES.BDCA.AQD,NET_ES131A,STA_ES0125A,,SP_28079017_14_6,SPP_28079017_14_6.1,SAM_28079017_14_6,O3,http://dd.eionet.europa.eu/vocabulary/aq/pollutant/7,hour,128.8000000000,µg/m3,2017-09-06 18:00:00 +01:00,2017-09-06 19:00:00 +01:00,1,1
ES,ES.BDCA.AQD,NET_ES131A,STA_ES0125A,,SP_28079017_14_6,SPP_28079017_14_6.1,SAM_28079017_14_6,O3,http://dd.eionet.europa.eu/vocabulary/aq/pollutant/7,hour,73.5300000000,µg/m3,2017-09-06 19:00:00 +01:00,2017-09-06 20:00:00 +01:00,1,1
ES,ES.BDCA.AQD,NET_ES131A,STA_ES0125A,,SP_28079017_14_6,SPP_28079017_14_6.1,SAM_28079017_14_6,O3,http://dd.eionet.europa.eu/vocabulary/aq/pollutant/7,hour,69.4599999900,µg/m3,2017-09-06 20:00:00 +01:00,2017-09-06 21:00:00 +01:00,1,1
ES,ES.BDCA.AQD,NET_ES131A,STA_ES0125A,,SP_28079017_14_6,SPP_28079017_14_6.1,SAM_28079017_14_6,O3,http://dd.eionet.europa.eu/vocabulary/aq/pollutant/7,hour,57.7599999900,µg/m3,2017-09-06 21:00:00 +01:00,2017-09-06 22:00:00 +01:00,1,1
ES,ES.BDCA.AQD,NET_ES131A,STA_ES0125A,,SP_28079017_14_6,SPP_28079017_14_6.1,SAM_28079017_14_6,O3,http://dd.eionet.europa.eu/vocabulary/aq/pollutant/7,hour,57.0200000000,µg/m3,2017-09-06 22:00:00 +01:00,2017-09-06 23:00:00 +01:00,1,1
ES,ES.BDCA.AQD,NET_ES131A,STA_ES0125A,,SP_28079017_14_6,SPP_28079017_14_6.1,SAM_28079017_14_6,O3,http://dd.eionet.europa.eu/vocabulary/aq/pollutant/7,hour,52.0300000000,µg/m3,2017-09-06 23:00:00 +01:00,2017-09-07 00:00:00 +01:00,1,1
ES,ES.BDCA.AQD,NET_ES131A,STA_ES0125A,,SP_28079017_14_6,SPP_28079017_14_6.1,SAM_28079017_14_6,O3,http://dd.eionet.europa.eu/vocabulary/aq/pollutant/7,hour,47.6199999900,µg/m3,2017-09-07 00:00:00 +01:00,2017-09-07 01:00:00 +01:00,1,1
ES,ES.BDCA.AQD,NET_ES131A,STA_ES0125A,,SP_28079017_14_6,SPP_28079017_14_6.1,SAM_28079017_14_6,O3,http://dd.eionet.europa.eu/vocabulary/aq/pollutant/7,hour,51.1000000000,µg/m3,2017-09-07 01:00:00 +01:00,2017-09-07 02:00:00 +01:00,1,1
ES,ES.BDCA.AQD,NET_ES131A,STA_ES0125A,,SP_28079017_14_6,SPP_28079017_14_6.1,SAM_28079017_14_6,O3,http://dd.eionet.europa.eu/vocabulary/aq/pollutant/7,hour,55.8200000000,µg/m3,2017-09-07 02:00:00 +01:00,2017-09-07 03:00:00 +01:00,1,1
ES,ES.BDCA.AQD,NET_ES131A,STA_ES0125A,,SP_28079017_14_6,SPP_28079017_14_6.1,SAM_28079017_14_6,O3,http://dd.eionet.europa.eu/vocabulary/aq/pollutant/7,hour,51.5900000000,µg/m3,2017-09-07 03:00:00 +01:00,2017-09-07 04:00:00 +01:00,1,1
ES,ES.BDCA.AQD,NET_ES131A,STA_ES0125A,,SP_28079017_14_6,SPP_28079017_14_6.1,SAM_28079017_14_6,O3,http://dd.eionet.europa.eu/vocabulary/aq/pollutant/7,hour,51.5000000000,µg/m3,2017-09-07 04:00:00 +01:00,2017-09-07 05:00:00 +01:00,1,1
ES,ES.BDCA.AQD,NET_ES131A,STA_ES0125A,,SP_28079017_14_6,SPP_28079017_14_6.1,SAM_28079017_14_6,O3,http://dd.eionet.europa.eu/vocabulary/aq/pollutant/7,hour,39.9699999900,µg/m3,2017-09-07 05:00:00 +01:00,2017-09-07 06:00:00 +01:00,1,1
ES,ES.BDCA.AQD,NET_ES131A,STA_ES0125A,,SP_28079017_14_6,SPP_28079017_14_6.1,SAM_28079017_14_6,O3,http://dd.eionet.europa.eu/vocabulary/aq/pollutant/7,hour,35.6499999900,µg/m3,2017-09-07 06:00:00 +01:00,2017-09-07 07:00:00 +01:00,1,1
ES,ES.BDCA.AQD,NET_ES131A,STA_ES0125A,,SP_28079017_14_6,SPP_28079017_14_6.1,SAM_28079017_14_6,O3,http://dd.eionet.europa.eu/vocabulary/aq/pollutant/7,hour,31.7500000000,µg/m3,2017-09-07 07:00:00 +01:00,2017-09-07 08:00:00 +01:00,1,1
ES,ES.BDCA.AQD,NET_ES131A,STA_ES0125A,,SP_28079017_14_6,SPP_28079017_14_6.1,SAM_28079017_14_6,O3,http://dd.eionet.europa.eu/vocabulary/aq/pollutant/7,hour,34.1000000000,µg/m3,2017-09-07 08:00:00 +01:00,2017-09-07 09:00:00 +01:00,1,1
ES,ES.BDCA.AQD,NET_ES131A,STA_ES0125A,,SP_28079017_14_6,SPP_28079017_14_6.1,SAM_28079017_14_6,O3,http://dd.eionet.europa.eu/vocabulary/aq/pollutant/7,hour,38.9799999900,µg/m3,2017-09-07 09:00:00 +01:00,2017-09-07 10:00:00 +01:00,1,1
ES,ES.BDCA.AQD,NET_ES131A,STA_ES0125A,,SP_28079017_14_6,SPP_28079017_14_6.1,SAM_28079017_14_6,O3,http://dd.eionet.europa.eu/vocabulary/aq/pollutant/7,hour,51.5700000000,µg/m3,2017-09-07 10:00:00 +01:00,2017-09-07 11:00:00 +01:00,1,1
ES,ES.BDCA.AQD,NET_ES131A,STA_ES0125A,,SP_28079017_14_6,SPP_28079017_14_6.1,SAM_28079017_14_6,O3,http://dd.eionet.europa.eu/vocabulary/aq/pollutant/7,hour,66.3100000000,µg/m3,2017-09-07 11:00:00 +01:00,2017-09-07 12:00:00 +01:00,1,1
ES,ES.BDCA.AQD,NET_ES131A,STA_ES0125A,,SP_28079017_14_6,SPP_28079017_14_6.1,SAM_28079017_14_6,O3,http://dd.eionet.europa.eu/vocabulary/aq/pollutant/7,hour,74.2500000000,µg/m3,2017-09-07 12:00:00 +01:00,2017-09-07 13:00:00 +01:00,1,1
ES,ES.BDCA.AQD,NET_ES131A,STA_ES0125A,,SP_28079017_14_6,SPP_28079017_14_6.1,SAM_28079017_14_6,O3,http://dd.eionet.europa.eu/vocabulary/aq/pollutant/7,hour,74.7500000000,µg/m3,2017-09-07 13:00:00 +01:00,2017-09-07 14:00:00 +01:00,1,1
ES,ES.BDCA.AQD,NET_ES131A,STA_ES0125A,,SP_28079017_14_6,SPP_28079017_14_6.1,SAM_28079017_14_6,O3,http://dd.eionet.europa.eu/vocabulary/aq/pollutant/7,hour,77.4899999900,µg/m3,2017-09-07 14:00:00 +01:00,2017-09-07 15:00:00 +01:00,1,1
ES,ES.BDCA.AQD,NET_ES131A,STA_ES0125A,,SP_28079017_14_6,SPP_28079017_14_6.1,SAM_28079017_14_6,O3,http://dd.eionet.europa.eu/vocabulary/aq/pollutant/7,hour,82.6500000000,µg/m3,2017-09-07 15:00:00 +01:00,2017-09-07 16:00:00 +01:00,1,1
ES,ES.BDCA.AQD,NET_ES131A,STA_ES0125A,,SP_28079017_14_6,SPP_28079017_14_6.1,SAM_28079017_14_6,O3,http://dd.eionet.europa.eu/vocabulary/aq/pollutant/7,hour,85.0300000000,µg/m3,2017-09-07 16:00:00 +01:00,2017-09-07 17:00:00 +01:00,1,1
ES,ES.BDCA.AQD,NET_ES131A,STA_ES0125A,,SP_28079017_14_6,SPP_28079017_14_6.1,SAM_28079017_14_6,O3,http://dd.eionet.europa.eu/vocabulary/aq/pollutant/7,hour,84.8299999900,µg/m3,2017-09-07 17:00:00 +01:00,2017-09-07 18:00:00 +01:00,1,1
ES,ES.BDCA.AQD,NET_ES131A,STA_ES0125A,,SP_28079017_14_6,SPP_28079017_14_6.1,SAM_28079017_14_6,O3,http://dd.eionet.europa.eu/vocabulary/aq/pollutant/7,hour,84.2699999900,µg/m3,2017-09-07 18:00:00 +01:00,2017-09-07 19:00:00 +01:00,1,1
ES,ES.BDCA.AQD,NET_ES131A,STA_ES0125A,,SP_28079017_14_6,SPP_28079017_14_6.1,SAM_28079017_14_6,O3,http://dd.eionet.europa.eu/vocabulary/aq/pollutant/7,hour,51.6300000000,µg/m3,2017-09-07 19:00:00 +01:00,2017-09-07 20:00:00 +01:00,1,1
ES,ES.BDCA.AQD,NET_ES131A,STA_ES0125A,,SP_28079017_14_6,SPP_28079017_14_6.1,SAM_28079017_14_6,O3,http://dd.eionet.europa.eu/vocabulary/aq/pollutant/7,hour,57.4300000000,µg/m3,2017-09-07 20:00:00 +01:00,2017-09-07 21:00:00 +01:00,1,1
ES,ES.BDCA.AQD,NET_ES131A,STA_ES0125A,,SP_28079017_14_6,SPP_28079017_14_6.1,SAM_28079017_14_6,O3,http://dd.eionet.europa.eu/vocabulary/aq/pollutant/7,hour,54.4099999900,µg/m3,2017-09-07 21:00:00 +01:00,2017-09-07 22:00:00 +01:00,1,1
ES,ES.BDCA.AQD,NET_ES131A,STA_ES0125A,,SP_28079017_14_6,SPP_28079017_14_6.1,SAM_28079017_14_6,O3,http://dd.eionet.europa.eu/vocabulary/aq/pollutant/7,hour,63.2899999900,µg/m3,2017-09-07 22:00:00 +01:00,2017-09-07 23:00:00 +01:00,1,1
ES,ES.BDCA.AQD,NET_ES131A,STA_ES0125A,,SP_28079017_14_6,SPP_28079017_14_6.1,SAM_28079017_14_6,O3,http://dd.eionet.europa.eu/vocabulary/aq/pollutant/7,hour,47.2599999900,µg/m3,2017-09-07 23:00:00 +01:00,2017-09-08 00:00:00 +01:00,1,1
ES,ES.BDCA.AQD,NET_ES131A,STA_ES0125A,,SP_28079017_14_6,SPP_28079017_14_6.1,SAM_28079017_14_6,O3,http://dd.eionet.europa.eu/vocabulary/aq/pollutant/7,hour,49.7700000000,µg/m3,2017-09-08 00:00:00 +01:00,2017-09-08 01:00:00 +01:00,1,1
ES,ES.BDCA.AQD,NET_ES131A,STA_ES0125A,,SP_28079017_14_6,SPP_28079017_14_6.1,SAM_28079017_14_6,O3,http://dd.eionet.europa.eu/vocabulary/aq/pollutant/7,hour,28.2100000000,µg/m3,2017-09-08 01:00:00 +01:00,2017-09-08 02:00:00 +01:00,1,1
ES,ES.BDCA.AQD,NET_ES131A,STA_ES0125A,,SP_28079017_14_6,SPP_28079017_14_6.1,SAM_28079017_14_6,O3,http://dd.eionet.europa.eu/vocabulary/aq/pollutant/7,hour,12.6600000000,µg/m3,2017-09-08 02:00:00 +01:00,2017-09-08 03:00:00 +01:00,1,1
ES,ES.BDCA.AQD,NET_ES131A,STA_ES0125A,,SP_28079017_14_6,SPP_28079017_14_6.1,SAM_28079017_14_6,O3,http://dd.eionet.europa.eu/vocabulary/aq/pollutant/7,hour,35.1899999900,µg/m3,2017-09-08 03:00:00 +01:00,2017-09-08 04:00:00 +01:00,1,1
ES,ES.BDCA.AQD,NET_ES131A,STA_ES0125A,,SP_28079017_14_6,SPP_28079017_14_6.1,SAM_28079017_14_6,O3,http://dd.eionet.europa.eu/vocabulary/aq/pollutant/7,hour,40.0000000000,µg/m3,2017-09-08 04:00:00 +01:00,2017-09-08 05:00:00 +01:00,1,1
ES,ES.BDCA.AQD,NET_ES131A,STA_ES0125A,,SP_28079017_14_6,SPP_28079017_14_6.1,SAM_28079017_14_6,O3,http://dd.eionet.europa.eu/vocabulary/aq/pollutant/7,hour,14.8300000000,µg/m3,2017-09-08 05:00:00 +01:00,2017-09-08 06:00:00 +01:00,1,1
ES,ES.BDCA.AQD,NET_ES131A,STA_ES0125A,,SP_28079017_14_6,SPP_28079017_14_6.1,SAM_28079017_14_6,O3,http://dd.eionet.europa.eu/vocabulary/aq/pollutant/7,hour,0.9400000000,µg/m3,2017-09-08 06:00:00 +01:00,2017-09-08 07:00:00 +01:00,1,1
ES,ES.BDCA.AQD,NET_ES131A,STA_ES0125A,,SP_28079017_14_6,SPP_28079017_14_6.1,SAM_28079017_14_6,O3,http://dd.eionet.europa.eu/vocabulary/aq/pollutant/7,hour,1.4700000000,µg/m3,2017-09-08 07:00:00 +01:00,2017-09-08 08:00:00 +01:00,1,1
ES,ES.BDCA.AQD,NET_ES131A,STA_ES0125A,,SP_28079017_14_6,SPP_28079017_14_6.1,SAM_28079017_14_6,O3,http://dd.eionet.europa.eu/vocabulary/aq/pollutant/7,hour,2.2599999900,µg/m3,2017-09-08 08:00:00 +01:00,2017-09-08 09:00:00 +01:00,1,1
ES,ES.BDCA.AQD,NET_ES131A,STA_ES0125A,,SP_28079017_14_6,SPP_28079017_14_6.1,SAM_28079017_14_6,O3,http://dd.eionet.europa.eu/vocabulary/aq/pollutant/7,hour,6.5400000000,µg/m3,2017-09-08 09:00:00 +01:00,2017-09-08 10:00:00 +01:00,1,1
ES,ES.BDCA.AQD,NET_ES131A,STA_ES0125A,,SP_28079017_14_6,SPP_28079017_14_6.1,SAM_28079017_14_6,O3,http://dd.eionet.europa.eu/vocabulary/aq/pollutant/7,hour,35.8699999900,µg/m3,2017-09-08 10:00:00 +01:00,2017-09-08 11:00:00 +01:00,1,1
ES,ES.BDCA.AQD,NET_ES131A,STA_ES0125A,,SP_28079017_14_6,SPP_28079017_14_6.1,SAM_28079017_14_6,O3,http://dd.eionet.europa.eu/vocabulary/aq/pollutant/7,hour,52.2100000000,µg/m3,2017-09-08 11:00:00 +01:00,2017-09-08 12:00:00 +01:00,1,1
ES,ES.BDCA.AQD,NET_ES131A,STA_ES0125A,,SP_28079017_14_6,SPP_28079017_14_6.1,SAM_28079017_14_6,O3,http://dd.eionet.europa.eu/vocabulary/aq/pollutant/7,hour,71.0699999900,µg/m3,2017-09-08 12:00:00 +01:00,2017-09-08 13:00:00 +01:00,1,1
ES,ES.BDCA.AQD,NET_ES131A,STA_ES0125A,,SP_28079017_14_6,SPP_28079017_14_6.1,SAM_28079017_14_6,O3,http://dd.eionet.europa.eu/vocabulary/aq/pollutant/7,hour,86.2600000000,µg/m3,2017-09-08 13:00:00 +01:00,2017-09-08 14:00:00 +01:00,1,1
ES,ES.BDCA.AQD,NET_ES131A,STA_ES0125A,,SP_28079017_14_6,SPP_28079017_14_6.1,SAM_28079017_14_6,O3,http://dd.eionet.europa.eu/vocabulary/aq/pollutant/7,hour,106.0999999900,µg/m3,2017-09-08 14:00:00 +01:00,2017-09-08 15:00:00 +01:00,1,1
ES,ES.BDCA.AQD,NET_ES131A,STA_ES0125A,,SP_28079017_14_6,SPP_28079017_14_6.1,SAM_28079017_14_6,O3,http://dd.eionet.europa.eu/vocabulary/aq/pollutant/7,hour,113.3000000000,µg/m3,2017-09-08 15:00:00 +01:00,2017-09-08 16:00:00 +01:00,1,1
ES,ES.BDCA.AQD,NET_ES131A,STA_ES0125A,,SP_28079017_14_6,SPP_28079017_14_6.1,SAM_28079017_14_6,O3,http://dd.eionet.europa.eu/vocabulary/aq/pollutant/7,hour,108.8000000000,µg/m3,2017-09-08 16:00:00 +01:00,2017-09-08 17:00:00 +01:00,1,1
ES,ES.BDCA.AQD,NET_ES131A,STA_ES0125A,,SP_28079017_14_6,SPP_28079017_14_6.1,SAM_28079017_14_6,O3,http://dd.eionet.europa.eu/vocabulary/aq/pollutant/7,hour,97.2300000000,µg/m3,2017-09-08 17:00:00 +01:00,2017-09-08 18:00:00 +01:00,1,1
ES,ES.BDCA.AQD,NET_ES131A,STA_ES0125A,,SP_28079017_14_6,SPP_28079017_14_6.1,SAM_28079017_14_6,O3,http://dd.eionet.europa.eu/vocabulary/aq/pollutant/7,hour,82.6599999900,µg/m3,2017-09-08 18:00:00 +01:00,2017-09-08 19:00:00 +01:00,1,1
ES,ES.BDCA.AQD,NET_ES131A,STA_ES0125A,,SP_28079017_14_6,SPP_28079017_14_6.1,SAM_28079017_14_6,O3,http://dd.eionet.europa.eu/vocabulary/aq/pollutant/7,hour,61.5300000000,µg/m3,2017-09-08 19:00:00 +01:00,2017-09-08 20:00:00 +01:00,1,1
ES,ES.BDCA.AQD,NET_ES131A,STA_ES0125A,,SP_28079017_14_6,SPP_28079017_14_6.1,SAM_28079017_14_6,O3,http://dd.eionet.europa.eu/vocabulary/aq/pollutant/7,hour,42.0700000000,µg/m3,2017-09-08 20:00:00 +01:00,2017-09-08 21:00:00 +01:00,1,1
ES,ES.BDCA.AQD,NET_ES131A,STA_ES0125A,,SP_28079017_14_6,SPP_28079017_14_6.1,SAM_28079017_14_6,O3,http://dd.eionet.europa.eu/vocabulary/aq/pollutant/7,hour,14.5000000000,µg/m3,2017-09-08 21:00:00 +01:00,2017-09-08 22:00:00 +01:00,1,1
ES,ES.BDCA.AQD,NET_ES131A,STA_ES0125A,,SP_28079017_14_6,SPP_28079017_14_6.1,SAM_28079017_14_6,O3,http://dd.eionet.europa.eu/vocabulary/aq/pollutant/7,hour,2.8399999900,µg/m3,2017-09-08 22:00:00 +01:00,2017-09-08 23:00:00 +01:00,1,1
ES,ES.BDCA.AQD,NET_ES131A,STA_ES0125A,,SP_28079017_14_6,SPP_28079017_14_6.1,SAM_28079017_14_6,O3,http://dd.eionet.europa.eu/vocabulary/aq/pollutant/7,hour,11.5299999900,µg/m3,2017-09-08 23:00:00 +01:00,2017-09-09 00:00:00 +01:00,1,1
ES,ES.BDCA.AQD,NET_ES131A,STA_ES0125A,,SP_28079017_14_6,SPP_28079017_14_6.1,SAM_28079017_14_6,O3,http://dd.eionet.europa.eu/vocabulary/aq/pollutant/7,hour,33.7000000000,µg/m3,2017-09-09 00:00:00 +01:00,2017-09-09 01:00:00 +01:00,1,1
ES,ES.BDCA.AQD,NET_ES131A,STA_ES0125A,,SP_28079017_14_6,SPP_28079017_14_6.1,SAM_28079017_14_6,O3,http://dd.eionet.europa.eu/vocabulary/aq/pollutant/7,hour,64.4500000000,µg/m3,2017-09-09 01:00:00 +01:00,2017-09-09 02:00:00 +01:00,1,1
ES,ES.BDCA.AQD,NET_ES131A,STA_ES0125A,,SP_28079017_14_6,SPP_28079017_14_6.1,SAM_28079017_14_6,O3,http://dd.eionet.europa.eu/vocabulary/aq/pollutant/7,hour,75.2099999900,µg/m3,2017-09-09 02:00:00 +01:00,2017-09-09 03:00:00 +01:00,1,1
ES,ES.BDCA.AQD,NET_ES131A,STA_ES0125A,,SP_28079017_14_6,SPP_28079017_14_6.1,SAM_28079017_14_6,O3,http://dd.eionet.europa.eu/vocabulary/aq/pollutant/7,hour,68.2099999900,µg/m3,2017-09-09 03:00:00 +01:00,2017-09-09 04:00:00 +01:00,1,1
ES,ES.BDCA.AQD,NET_ES131A,STA_ES0125A,,SP_28079017_14_6,SPP_28079017_14_6.1,SAM_28079017_14_6,O3,http://dd.eionet.europa.eu/vocabulary/aq/pollutant/7,hour,55.5499999900,µg/m3,2017-09-09 04:00:00 +01:00,2017-09-09 05:00:00 +01:00,1,1
ES,ES.BDCA.AQD,NET_ES131A,STA_ES0125A,,SP_28079017_14_6,SPP_28079017_14_6.1,SAM_28079017_14_6,O3,http://dd.eionet.europa.eu/vocabulary/aq/pollutant/7,hour,62.0499999900,µg/m3,2017-09-09 05:00:00 +01:00,2017-09-09 06:00:00 +01:00,1,1
ES,ES.BDCA.AQD,NET_ES131A,STA_ES0125A,,SP_28079017_14_6,SPP_28079017_14_6.1,SAM_28079017_14_6,O3,http://dd.eionet.europa.eu/vocabulary/aq/pollutant/7,hour,71.1800000000,µg/m3,2017-09-09 06:00:00 +01:00,2017-09-09 07:00:00 +01:00,1,1
ES,ES.BDCA.AQD,NET_ES131A,STA_ES0125A,,SP_28079017_14_6,SPP_28079017_14_6.1,SAM_28079017_14_6,O3,http://dd.eionet.europa.eu/vocabulary/aq/pollutant/7,hour,62.7999999900,µg/m3,2017-09-09 07:00:00 +01:00,2017-09-09 08:00:00 +01:00,1,1
ES,ES.BDCA.AQD,NET_ES131A,STA_ES0125A,,SP_28079017_14_6,SPP_28079017_14_6.1,SAM_28079017_14_6,O3,http://dd.eionet.europa.eu/vocabulary/aq/pollutant/7,hour,54.2899999900,µg/m3,2017-09-09 08:00:00 +01:00,2017-09-09 09:00:00 +01:00,1,1
ES,ES.BDCA.AQD,NET_ES131A,STA_ES0125A,,SP_28079017_14_6,SPP_28079017_14_6.1,SAM_28079017_14_6,O3,http://dd.eionet.europa.eu/vocabulary/aq/pollutant/7,hour,57.6099999900,µg/m3,2017-09-09 09:00:00 +01:00,2017-09-09 10:00:00 +01:00,1,1
ES,ES.BDCA.AQD,NET_ES131A,STA_ES0125A,,SP_28079017_14_6,SPP_28079017_14_6.1,SAM_28079017_14_6,O3,http://dd.eionet.europa.eu/vocabulary/aq/pollutant/7,hour,57.7599999900,µg/m3,2017-09-09 10:00:00 +01:00,2017-09-09 11:00:00 +01:00,1,1
ES,ES.BDCA.AQD,NET_ES131A,STA_ES0125A,,SP_28079017_14_6,SPP_28079017_14_6.1,SAM_28079017_14_6,O3,http://dd.eionet.europa.eu/vocabulary/aq/pollutant/7,hour,57.7100000000,µg/m3,2017-09-09 11:00:00 +01:00,2017-09-09 12:00:00 +01:00,1,1
ES,ES.BDCA.AQD,NET_ES131A,STA_ES0125A,,SP_28079017_14_6,SPP_28079017_14_6.1,SAM_28079017_14_6,O3,http://dd.eionet.europa.eu/vocabulary/aq/pollutant/7,hour,65.2600000000,µg/m3,2017-09-09 12:00:00 +01:00,2017-09-09 13:00:00 +01:00,1,1
ES,ES.BDCA.AQD,NET_ES131A,STA_ES0125A,,SP_28079017_14_6,SPP_28079017_14_6.1,SAM_28079017_14_6,O3,http://dd.eionet.europa.eu/vocabulary/aq/pollutant/7,hour,71.8499999900,µg/m3,2017-09-09 13:00:00 +01:00,2017-09-09 14:00:00 +01:00,1,1
ES,ES.BDCA.AQD,NET_ES131A,STA_ES0125A,,SP_28079017_14_6,SPP_28079017_14_6.1,SAM_28079017_14_6,O3,http://dd.eionet.europa.eu/vocabulary/aq/pollutant/7,hour,74.0999999900,µg/m3,2017-09-09 14:00:00 +01:00,2017-09-09 15:00:00 +01:00,1,1
ES,ES.BDCA.AQD,NET_ES131A,STA_ES0125A,,SP_28079017_14_6,SPP_28079017_14_6.1,SAM_28079017_14_6,O3,http://dd.eionet.europa.eu/vocabulary/aq/pollutant/7,hour,74.5999999900,µg/m3,2017-09-09 15:00:00 +01:00,2017-09-09 16:00:00 +01:00,1,1
ES,ES.BDCA.AQD,NET_ES131A,STA_ES0125A,,SP_28079017_14_6,SPP_28079017_14_6.1,SAM_28079017_14_6,O3,http://dd.eionet.europa.eu/vocabulary/aq/pollutant/7,hour,71.1099999900,µg/m3,2017-09-09 16:00:00 +01:00,2017-09-09 17:00:00 +01:00,1,1
ES,ES.BDCA.AQD,NET_ES131A,STA_ES0125A,,SP_28079017_14_6,SPP_28079017_14_6.1,SAM_28079017_14_6,O3,http://dd.eionet.europa.eu/vocabulary/aq/pollutant/7,hour,69.8100000000,µg/m3,2017-09-09 17:00:00 +01:00,2017-09-09 18:00:00 +01:00,1,1
ES,ES.BDCA.AQD,NET_ES131A,STA_ES0125A,,SP_28079017_14_6,SPP_28079017_14_6.1,SAM_28079017_14_6,O3,http://dd.eionet.europa.eu/vocabulary/aq/pollutant/7,hour,63.7599999900,µg/m3,2017-09-09 18:00:00 +01:00,2017-09-09 19:00:00 +01:00,1,1
ES,ES.BDCA.AQD,NET_ES131A,STA_ES0125A,,SP_28079017_14_6,SPP_28079017_14_6.1,SAM_28079017_14_6,O3,http://dd.eionet.europa.eu/vocabulary/aq/pollutant/7,hour,58.7800000000,µg/m3,2017-09-09 19:00:00 +01:00,2017-09-09 20:00:00 +01:00,1,1
ES,ES.BDCA.AQD,NET_ES131A,STA_ES0125A,,SP_28079017_14_6,SPP_28079017_14_6.1,SAM_28079017_14_6,O3,http://dd.eionet.europa.eu/vocabulary/aq/pollutant/7,hour,55.8200000000,µg/m3,2017-09-09 20:00:00 +01:00,2017-09-09 21:00:00 +01:00,1,1
ES,ES.BDCA.AQD,NET_ES131A,STA_ES0125A,,SP_28079017_14_6,SPP_28079017_14_6.1,SAM_28079017_14_6,O3,http://dd.eionet.europa.eu/vocabulary/aq/pollutant/7,hour,56.3800000000,µg/m3,2017-09-09 21:00:00 +01:00,2017-09-09 22:00:00 +01:00,1,1
ES,ES.BDCA.AQD,NET_ES131A,STA_ES0125A,,SP_28079017_14_6,SPP_28079017_14_6.1,SAM_28079017_14_6,O3,http://dd.eionet.europa.eu/vocabulary/aq/pollutant/7,hour,49.8599999900,µg/m3,2017-09-09 22:00:00 +01:00,2017-09-09 23:00:00 +01:00,1,1
ES,ES.BDCA.AQD,NET_ES131A,STA_ES0125A,,SP_28079017_14_6,SPP_28079017_14_6.1,SAM_28079017_14_6,O3,http://dd.eionet.europa.eu/vocabulary/aq/pollutant/7,hour,47.2599999900,µg/m3,2017-09-09 23:00:00 +01:00,2017-09-10 00:00:00 +01:00,1,1
ES,ES.BDCA.AQD,NET_ES131A,STA_ES0125A,,SP_28079017_14_6,SPP_28079017_14_6.1,SAM_28079017_14_6,O3,http://dd.eionet.europa.eu/vocabulary/aq/pollutant/7,hour,54.2899999900,µg/m3,2017-09-10 00:00:00 +01:00,2017-09-10 01:00:00 +01:00,1,1
ES,ES.BDCA.AQD,NET_ES131A,STA_ES0125A,,SP_28079017_14_6,SPP_28079017_14_6.1,SAM_28079017_14_6,O3,http://dd.eionet.europa.eu/vocabulary/aq/pollutant/7,hour,57.2100000000,µg/m3,2017-09-10 01:00:00 +01:00,2017-09-10 02:00:00 +01:00,1,1
ES,ES.BDCA.AQD,NET_ES131A,STA_ES0125A,,SP_28079017_14_6,SPP_28079017_14_6.1,SAM_28079017_14_6,O3,http://dd.eionet.europa.eu/vocabulary/aq/pollutant/7,hour,51.6000000000,µg/m3,2017-09-10 02:00:00 +01:00,2017-09-10 03:00:00 +01:00,1,1
ES,ES.BDCA.AQD,NET_ES131A,STA_ES0125A,,SP_28079017_14_6,SPP_28079017_14_6.1,SAM_28079017_14_6,O3,http://dd.eionet.europa.eu/vocabulary/aq/pollutant/7,hour,49.6000000000,µg/m3,2017-09-10 03:00:00 +01:00,2017-09-10 04:00:00 +01:00,1,1
ES,ES.BDCA.AQD,NET_ES131A,STA_ES0125A,,SP_28079017_14_6,SPP_28079017_14_6.1,SAM_28079017_14_6,O3,http://dd.eionet.europa.eu/vocabulary/aq/pollutant/7,hour,48.1300000000,µg/m3,2017-09-10 04:00:00 +01:00,2017-09-10 05:00:00 +01:00,1,1
ES,ES.BDCA.AQD,NET_ES131A,STA_ES0125A,,SP_28079017_14_6,SPP_28079017_14_6.1,SAM_28079017_14_6,O3,http://dd.eionet.europa.eu/vocabulary/aq/pollutant/7,hour,36.8599999900,µg/m3,2017-09-10 05:00:00 +01:00,2017-09-10 06:00:00 +01:00,1,1
ES,ES.BDCA.AQD,NET_ES131A,STA_ES0125A,,SP_28079017_14_6,SPP_28079017_14_6.1,SAM_28079017_14_6,O3,http://dd.eionet.europa.eu/vocabulary/aq/pollutant/7,hour,33.8400000000,µg/m3,2017-09-10 06:00:00 +01:00,2017-09-10 07:00:00 +01:00,1,1
ES,ES.BDCA.AQD,NET_ES131A,STA_ES0125A,,SP_28079017_14_6,SPP_28079017_14_6.1,SAM_28079017_14_6,O3,http://dd.eionet.europa.eu/vocabulary/aq/pollutant/7,hour,26.9300000000,µg/m3,2017-09-10 07:00:00 +01:00,2017-09-10 08:00:00 +01:00,1,1
ES,ES.BDCA.AQD,NET_ES131A,STA_ES0125A,,SP_28079017_14_6,SPP_28079017_14_6.1,SAM_28079017_14_6,O3,http://dd.eionet.europa.eu/vocabulary/aq/pollutant/7,hour,38.3599999900,µg/m3,2017-09-10 08:00:00 +01:00,2017-09-10 09:00:00 +01:00,1,1
ES,ES.BDCA.AQD,NET_ES131A,STA_ES0125A,,SP_28079017_14_6,SPP_28079017_14_6.1,SAM_28079017_14_6,O3,http://dd.eionet.europa.eu/vocabulary/aq/pollutant/7,hour,43.9300000000,µg/m3,2017-09-10 09:00:00 +01:00,2017-09-10 10:00:00 +01:00,1,1
ES,ES.BDCA.AQD,NET_ES131A,STA_ES0125A,,SP_28079017_14_6,SPP_28079017_14_6.1,SAM_28079017_14_6,O3,http://dd.eionet.europa.eu/vocabulary/aq/pollutant/7,hour,49.2999999900,µg/m3,2017-09-10 10:00:00 +01:00,2017-09-10 11:00:00 +01:00,1,1
ES,ES.BDCA.AQD,NET_ES131A,STA_ES0125A,,SP_28079017_14_6,SPP_28079017_14_6.1,SAM_28079017_14_6,O3,http://dd.eionet.europa.eu/vocabulary/aq/pollutant/7,hour,57.3699999900,µg/m3,2017-09-10 11:00:00 +01:00,2017-09-10 12:00:00 +01:00,1,1
ES,ES.BDCA.AQD,NET_ES131A,STA_ES0125A,,SP_28079017_14_6,SPP_28079017_14_6.1,SAM_28079017_14_6,O3,http://dd.eionet.europa.eu/vocabulary/aq/pollutant/7,hour,63.9900000000,µg/m3,2017-09-10 12:00:00 +01:00,2017-09-10 13:00:00 +01:00,1,1
ES,ES.BDCA.AQD,NET_ES131A,STA_ES0125A,,SP_28079017_14_6,SPP_28079017_14_6.1,SAM_28079017_14_6,O3,http://dd.eionet.europa.eu/vocabulary/aq/pollutant/7,hour,74.6800000000,µg/m3,2017-09-10 13:00:00 +01:00,2017-09-10 14:00:00 +01:00,1,1
ES,ES.BDCA.AQD,NET_ES131A,STA_ES0125A,,SP_28079017_14_6,SPP_28079017_14_6.1,SAM_28079017_14_6,O3,http://dd.eionet.europa.eu/vocabulary/aq/pollutant/7,hour,79.9699999900,µg/m3,2017-09-10 14:00:00 +01:00,2017-09-10 15:00:00 +01:00,1,1
ES,ES.BDCA.AQD,NET_ES131A,STA_ES0125A,,SP_28079017_14_6,SPP_28079017_14_6.1,SAM_28079017_14_6,O3,http://dd.eionet.europa.eu/vocabulary/aq/pollutant/7,hour,80.2099999900,µg/m3,2017-09-10 15:00:00 +01:00,2017-09-10 16:00:00 +01:00,1,1
ES,ES.BDCA.AQD,NET_ES131A,STA_ES0125A,,SP_28079017_14_6,SPP_28079017_14_6.1,SAM_28079017_14_6,O3,http://dd.eionet.europa.eu/vocabulary/aq/pollutant/7,hour,79.1400000000,µg/m3,2017-09-10 16:00:00 +01:00,2017-09-10 17:00:00 +01:00,1,1
ES,ES.BDCA.AQD,NET_ES131A,STA_ES0125A,,SP_28079017_14_6,SPP_28079017_14_6.1,SAM_28079017_14_6,O3,http://dd.eionet.europa.eu/vocabulary/aq/pollutant/7,hour,75.8299999900,µg/m3,2017-09-10 17:00:00 +01:00,2017-09-10 18:00:00 +01:00,1,1
ES,ES.BDCA.AQD,NET_ES131A,STA_ES0125A,,SP_28079017_14_6,SPP_28079017_14_6.1,SAM_28079017_14_6,O3,http://dd.eionet.europa.eu/vocabulary/aq/pollutant/7,hour,70.6800000000,µg/m3,2017-09-10 18:00:00 +01:00,2017-09-10 19:00:00 +01:00,1,1
ES,ES.BDCA.AQD,NET_ES131A,STA_ES0125A,,SP_28079017_14_6,SPP_28079017_14_6.1,SAM_28079017_14_6,O3,http://dd.eionet.europa.eu/vocabulary/aq/pollutant/7,hour,63.3699999900,µg/m3,2017-09-10 19:00:00 +01:00,2017-09-10 20:00:00 +01:00,1,1
ES,ES.BDCA.AQD,NET_ES131A,STA_ES0125A,,SP_28079017_14_6,SPP_28079017_14_6.1,SAM_28079017_14_6,O3,http://dd.eionet.europa.eu/vocabulary/aq/pollutant/7,hour,60.5600000000,µg/m3,2017-09-10 20:00:00 +01:00,2017-09-10 21:00:00 +01:00,1,1
ES,ES.BDCA.AQD,NET_ES131A,STA_ES0125A,,SP_28079017_14_6,SPP_28079017_14_6.1,SAM_28079017_14_6,O3,http://dd.eionet.europa.eu/vocabulary/aq/pollutant/7,hour,51.2299999900,µg/m3,2017-09-10 21:00:00 +01:00,2017-09-10 22:00:00 +01:00,1,1
ES,ES.BDCA.AQD,NET_ES131A,STA_ES0125A,,SP_28079017_14_6,SPP_28079017_14_6.1,SAM_28079017_14_6,O3,http://dd.eionet.europa.eu/vocabulary/aq/pollutant/7,hour,41.6499999900,µg/m3,2017-09-10 22:00:00 +01:00,2017-09-10 23:00:00 +01:00,1,1
ES,ES.BDCA.AQD,NET_ES131A,STA_ES0125A,,SP_28079017_14_6,SPP_28079017_14_6.1,SAM_28079017_14_6,O3,http://dd.eionet.europa.eu/vocabulary/aq/pollutant/7,hour,27.8799999900,µg/m3,2017-09-10 23:00:00 +01:00,2017-09-11 00:00:00 +01:00,1,1
ES,ES.BDCA.AQD,NET_ES131A,STA_ES0125A,,SP_28079017_14_6,SPP_28079017_14_6.1,SAM_28079017_14_6,O3,http://dd.eionet.europa.eu/vocabulary/aq/pollutant/7,hour,17.1700000000,µg/m3,2017-09-11 00:00:00 +01:00,2017-09-11 01:00:00 +01:00,1,1
ES,ES.BDCA.AQD,NET_ES131A,STA_ES0125A,,SP_28079017_14_6,SPP_28079017_14_6.1,SAM_28079017_14_6,O3,http://dd.eionet.europa.eu/vocabulary/aq/pollutant/7,hour,22.2700000000,µg/m3,2017-09-11 01:00:00 +01:00,2017-09-11 02:00:00 +01:00,1,1
ES,ES.BDCA.AQD,NET_ES131A,STA_ES0125A,,SP_28079017_14_6,SPP_28079017_14_6.1,SAM_28079017_14_6,O3,http://dd.eionet.europa.eu/vocabulary/aq/pollutant/7,hour,41.3999999900,µg/m3,2017-09-11 02:00:00 +01:00,2017-09-11 03:00:00 +01:00,1,1
ES,ES.BDCA.AQD,NET_ES131A,STA_ES0125A,,SP_28079017_14_6,SPP_28079017_14_6.1,SAM_28079017_14_6,O3,http://dd.eionet.europa.eu/vocabulary/aq/pollutant/7,hour,48.4799999900,µg/m3,2017-09-11 03:00:00 +01:00,2017-09-11 04:00:00 +01:00,1,1
ES,ES.BDCA.AQD,NET_ES131A,STA_ES0125A,,SP_28079017_14_6,SPP_28079017_14_6.1,SAM_28079017_14_6,O3,http://dd.eionet.europa.eu/vocabulary/aq/pollutant/7,hour,47.1599999900,µg/m3,2017-09-11 04:00:00 +01:00,2017-09-11 05:00:00 +01:00,1,1
ES,ES.BDCA.AQD,NET_ES131A,STA_ES0125A,,SP_28079017_14_6,SPP_28079017_14_6.1,SAM_28079017_14_6,O3,http://dd.eionet.europa.eu/vocabulary/aq/pollutant/7,hour,17.4100000000,µg/m3,2017-09-11 05:00:00 +01:00,2017-09-11 06:00:00 +01:00,1,1
ES,ES.BDCA.AQD,NET_ES131A,STA_ES0125A,,SP_28079017_14_6,SPP_28079017_14_6.1,SAM_28079017_14_6,O3,http://dd.eionet.europa.eu/vocabulary/aq/pollutant/7,hour,2.8900000000,µg/m3,2017-09-11 06:00:00 +01:00,2017-09-11 07:00:00 +01:00,1,1
ES,ES.BDCA.AQD,NET_ES131A,STA_ES0125A,,SP_28079017_14_6,SPP_28079017_14_6.1,SAM_28079017_14_6,O3,http://dd.eionet.europa.eu/vocabulary/aq/pollutant/7,hour,1.7300000000,µg/m3,2017-09-11 07:00:00 +01:00,2017-09-11 08:00:00 +01:00,1,1
ES,ES.BDCA.AQD,NET_ES131A,STA_ES0125A,,SP_28079017_14_6,SPP_28079017_14_6.1,SAM_28079017_14_6,O3,http://dd.eionet.europa.eu/vocabulary/aq/pollutant/7,hour,2.6299999900,µg/m3,2017-09-11 08:00:00 +01:00,2017-09-11 09:00:00 +01:00,1,1
ES,ES.BDCA.AQD,NET_ES131A,STA_ES0125A,,SP_28079017_14_6,SPP_28079017_14_6.1,SAM_28079017_14_6,O3,http://dd.eionet.europa.eu/vocabulary/aq/pollutant/7,hour,20.4600000000,µg/m3,2017-09-11 09:00:00 +01:00,2017-09-11 10:00:00 +01:00,1,1
ES,ES.BDCA.AQD,NET_ES131A,STA_ES0125A,,SP_28079017_14_6,SPP_28079017_14_6.1,SAM_28079017_14_6,O3,http://dd.eionet.europa.eu/vocabulary/aq/pollutant/7,hour,37.9500000000,µg/m3,2017-09-11 10:00:00 +01:00,2017-09-11 11:00:00 +01:00,1,1
ES,ES.BDCA.AQD,NET_ES131A,STA_ES0125A,,SP_28079017_14_6,SPP_28079017_14_6.1,SAM_28079017_14_6,O3,http://dd.eionet.europa.eu/vocabulary/aq/pollutant/7,hour,44.0799999900,µg/m3,2017-09-11 11:00:00 +01:00,2017-09-11 12:00:00 +01:00,1,1
ES,ES.BDCA.AQD,NET_ES131A,STA_ES0125A,,SP_28079017_14_6,SPP_28079017_14_6.1,SAM_28079017_14_6,O3,http://dd.eionet.europa.eu/vocabulary/aq/pollutant/7,hour,49.7999999900,µg/m3,2017-09-11 12:00:00 +01:00,2017-09-11 13:00:00 +01:00,1,1
ES,ES.BDCA.AQD,NET_ES131A,STA_ES0125A,,SP_28079017_14_6,SPP_28079017_14_6.1,SAM_28079017_14_6,O3,http://dd.eionet.europa.eu/vocabulary/aq/pollutant/7,hour,58.2000000000,µg/m3,2017-09-11 13:00:00 +01:00,2017-09-11 14:00:00 +01:00,1,1
ES,ES.BDCA.AQD,NET_ES131A,STA_ES0125A,,SP_28079017_14_6,SPP_28079017_14_6.1,SAM_28079017_14_6,O3,http://dd.eionet.europa.eu/vocabulary/aq/pollutant/7,hour,61.5700000000,µg/m3,2017-09-11 14:00:00 +01:00,2017-09-11 15:00:00 +01:00,1,1
ES,ES.BDCA.AQD,NET_ES131A,STA_ES0125A,,SP_28079017_14_6,SPP_28079017_14_6.1,SAM_28079017_14_6,O3,http://dd.eionet.europa.eu/vocabulary/aq/pollutant/7,hour,62.7299999900,µg/m3,2017-09-11 15:00:00 +01:00,2017-09-11 16:00:00 +01:00,1,1
ES,ES.BDCA.AQD,NET_ES131A,STA_ES0125A,,SP_28079017_14_6,SPP_28079017_14_6.1,SAM_28079017_14_6,O3,http://dd.eionet.europa.eu/vocabulary/aq/pollutant/7,hour,61.0499999900,µg/m3,2017-09-11 16:00:00 +01:00,2017-09-11 17:00:00 +01:00,1,1
ES,ES.BDCA.AQD,NET_ES131A,STA_ES0125A,,SP_28079017_14_6,SPP_28079017_14_6.1,SAM_28079017_14_6,O3,http://dd.eionet.europa.eu/vocabulary/aq/pollutant/7,hour,59.1599999900,µg/m3,2017-09-11 17:00:00 +01:00,2017-09-11 18:00:00 +01:00,1,1
ES,ES.BDCA.AQD,NET_ES131A,STA_ES0125A,,SP_28079017_14_6,SPP_28079017_14_6.1,SAM_28079017_14_6,O3,http://dd.eionet.europa.eu/vocabulary/aq/pollutant/7,hour,49.9500000000,µg/m3,2017-09-11 18:00:00 +01:00,2017-09-11 19:00:00 +01:00,1,1
ES,ES.BDCA.AQD,NET_ES131A,STA_ES0125A,,SP_28079017_14_6,SPP_28079017_14_6.1,SAM_28079017_14_6,O3,http://dd.eionet.europa.eu/vocabulary/aq/pollutant/7,hour,42.9600000000,µg/m3,2017-09-11 19:00:00 +01:00,2017-09-11 20:00:00 +01:00,1,1
ES,ES.BDCA.AQD,NET_ES131A,STA_ES0125A,,SP_28079017_14_6,SPP_28079017_14_6.1,SAM_28079017_14_6,O3,http://dd.eionet.europa.eu/vocabulary/aq/pollutant/7,hour,42.9699999900,µg/m3,2017-09-11 20:00:00 +01:00,2017-09-11 21:00:00 +01:00,1,1
ES,ES.BDCA.AQD,NET_ES131A,STA_ES0125A,,SP_28079017_14_6,SPP_28079017_14_6.1,SAM_28079017_14_6,O3,http://dd.eionet.europa.eu/vocabulary/aq/pollutant/7,hour,45.3800000000,µg/m3,2017-09-11 21:00:00 +01:00,2017-09-11 22:00:00 +01:00,1,1
ES,ES.BDCA.AQD,NET_ES131A,STA_ES0125A,,SP_28079017_14_6,SPP_28079017_14_6.1,SAM_28079017_14_6,O3,http://dd.eionet.europa.eu/vocabulary/aq/pollutant/7,hour,47.5900000000,µg/m3,2017-09-11 22:00:00 +01:00,2017-09-11 23:00:00 +01:00,1,1
ES,ES.BDCA.AQD,NET_ES131A,STA_ES0125A,,SP_28079017_14_6,SPP_28079017_14_6.1,SAM_28079017_14_6,O3,http://dd.eionet.europa.eu/vocabulary/aq/pollutant/7,hour,55.4600000000,µg/m3,2017-09-11 23:00:00 +01:00,2017-09-12 00:00:00 +01:00,1,1
ES,ES.BDCA.AQD,NET_ES131A,STA_ES0125A,,SP_28079017_14_6,SPP_28079017_14_6.1,SAM_28079017_14_6,O3,http://dd.eionet.europa.eu/vocabulary/aq/pollutant/7,hour,51.2599999900,µg/m3,2017-09-12 00:00:00 +01:00,2017-09-12 01:00:00 +01:00,1,1
ES,ES.BDCA.AQD,NET_ES131A,STA_ES0125A,,SP_28079017_14_6,SPP_28079017_14_6.1,SAM_28079017_14_6,O3,http://dd.eionet.europa.eu/vocabulary/aq/pollutant/7,hour,59.8599999900,µg/m3,2017-09-12 01:00:00 +01:00,2017-09-12 02:00:00 +01:00,1,1
ES,ES.BDCA.AQD,NET_ES131A,STA_ES0125A,,SP_28079017_14_6,SPP_28079017_14_6.1,SAM_28079017_14_6,O3,http://dd.eionet.europa.eu/vocabulary/aq/pollutant/7,hour,59.0900000000,µg/m3,2017-09-12 02:00:00 +01:00,2017-09-12 03:00:00 +01:00,1,1
ES,ES.BDCA.AQD,NET_ES131A,STA_ES0125A,,SP_28079017_14_6,SPP_28079017_14_6.1,SAM_28079017_14_6,O3,http://dd.eionet.europa.eu/vocabulary/aq/pollutant/7,hour,59.9099999900,µg/m3,2017-09-12 03:00:00 +01:00,2017-09-12 04:00:00 +01:00,1,1
ES,ES.BDCA.AQD,NET_ES131A,STA_ES0125A,,SP_28079017_14_6,SPP_28079017_14_6.1,SAM_28079017_14_6,O3,http://dd.eionet.europa.eu/vocabulary/aq/pollutant/7,hour,53.6000000000,µg/m3,2017-09-12 04:00:00 +01:00,2017-09-12 05:00:00 +01:00,1,1
ES,ES.BDCA.AQD,NET_ES131A,STA_ES0125A,,SP_28079017_14_6,SPP_28079017_14_6.1,SAM_28079017_14_6,O3,http://dd.eionet.europa.eu/vocabulary/aq/pollutant/7,hour,38.7500000000,µg/m3,2017-09-12 05:00:00 +01:00,2017-09-12 06:00:00 +01:00,1,1
ES,ES.BDCA.AQD,NET_ES131A,STA_ES0125A,,SP_28079017_14_6,SPP_28079017_14_6.1,SAM_28079017_14_6,O3,http://dd.eionet.europa.eu/vocabulary/aq/pollutant/7,hour,20.6999999900,µg/m3,2017-09-12 06:00:00 +01:00,2017-09-12 07:00:00 +01:00,1,1
ES,ES.BDCA.AQD,NET_ES131A,STA_ES0125A,,SP_28079017_14_6,SPP_28079017_14_6.1,SAM_28079017_14_6,O3,http://dd.eionet.europa.eu/vocabulary/aq/pollutant/7,hour,15.7200000000,µg/m3,2017-09-12 07:00:00 +01:00,2017-09-12 08:00:00 +01:00,1,1
ES,ES.BDCA.AQD,NET_ES131A,STA_ES0125A,,SP_28079017_14_6,SPP_28079017_14_6.1,SAM_28079017_14_6,O3,http://dd.eionet.europa.eu/vocabulary/aq/pollutant/7,hour,20.6299999900,µg/m3,2017-09-12 08:00:00 +01:00,2017-09-12 09:00:00 +01:00,1,1
ES,ES.BDCA.AQD,NET_ES131A,STA_ES0125A,,SP_28079017_14_6,SPP_28079017_14_6.1,SAM_28079017_14_6,O3,http://dd.eionet.europa.eu/vocabulary/aq/pollutant/7,hour,33.7400000000,µg/m3,2017-09-12 09:00:00 +01:00,2017-09-12 10:00:00 +01:00,1,1
ES,ES.BDCA.AQD,NET_ES131A,STA_ES0125A,,SP_28079017_14_6,SPP_28079017_14_6.1,SAM_28079017_14_6,O3,http://dd.eionet.europa.eu/vocabulary/aq/pollutant/7,hour,35.2999999900,µg/m3,2017-09-12 10:00:00 +01:00,2017-09-12 11:00:00 +01:00,1,1
ES,ES.BDCA.AQD,NET_ES131A,STA_ES0125A,,SP_28079017_14_6,SPP_28079017_14_6.1,SAM_28079017_14_6,O3,http://dd.eionet.europa.eu/vocabulary/aq/pollutant/7,hour,36.2700000000,µg/m3,2017-09-12 11:00:00 +01:00,2017-09-12 12:00:00 +01:00,1,1
ES,ES.BDCA.AQD,NET_ES131A,STA_ES0125A,,SP_28079017_14_6,SPP_28079017_14_6.1,SAM_28079017_14_6,O3,http://dd.eionet.europa.eu/vocabulary/aq/pollutant/7,hour,45.2899999900,µg/m3,2017-09-12 12:00:00 +01:00,2017-09-12 13:00:00 +01:00,1,1
ES,ES.BDCA.AQD,NET_ES131A,STA_ES0125A,,SP_28079017_14_6,SPP_28079017_14_6.1,SAM_28079017_14_6,O3,http://dd.eionet.europa.eu/vocabulary/aq/pollutant/7,hour,56.1899999900,µg/m3,2017-09-12 13:00:00 +01:00,2017-09-12 14:00:00 +01:00,1,1
ES,ES.BDCA.AQD,NET_ES131A,STA_ES0125A,,SP_28079017_14_6,SPP_28079017_14_6.1,SAM_28079017_14_6,O3,http://dd.eionet.europa.eu/vocabulary/aq/pollutant/7,hour,66.8199999900,µg/m3,2017-09-12 14:00:00 +01:00,2017-09-12 15:00:00 +01:00,1,1
ES,ES.BDCA.AQD,NET_ES131A,STA_ES0125A,,SP_28079017_14_6,SPP_28079017_14_6.1,SAM_28079017_14_6,O3,http://dd.eionet.europa.eu/vocabulary/aq/pollutant/7,hour,77.2800000000,µg/m3,2017-09-12 15:00:00 +01:00,2017-09-12 16:00:00 +01:00,1,1
ES,ES.BDCA.AQD,NET_ES131A,STA_ES0125A,,SP_28079017_14_6,SPP_28079017_14_6.1,SAM_28079017_14_6,O3,http://dd.eionet.europa.eu/vocabulary/aq/pollutant/7,hour,78.0600000000,µg/m3,2017-09-12 16:00:00 +01:00,2017-09-12 17:00:00 +01:00,1,1
ES,ES.BDCA.AQD,NET_ES131A,STA_ES0125A,,SP_28079017_14_6,SPP_28079017_14_6.1,SAM_28079017_14_6,O3,http://dd.eionet.europa.eu/vocabulary/aq/pollutant/7,hour,68.7699999900,µg/m3,2017-09-12 17:00:00 +01:00,2017-09-12 18:00:00 +01:00,1,1
ES,ES.BDCA.AQD,NET_ES131A,STA_ES0125A,,SP_28079017_14_6,SPP_28079017_14_6.1,SAM_28079017_14_6,O3,http://dd.eionet.europa.eu/vocabulary/aq/pollutant/7,hour,63.2899999900,µg/m3,2017-09-12 18:00:00 +01:00,2017-09-12 19:00:00 +01:00,1,1
ES,ES.BDCA.AQD,NET_ES131A,STA_ES0125A,,SP_28079017_14_6,SPP_28079017_14_6.1,SAM_28079017_14_6,O3,http://dd.eionet.europa.eu/vocabulary/aq/pollutant/7,hour,47.8599999900,µg/m3,2017-09-12 19:00:00 +01:00,2017-09-12 20:00:00 +01:00,1,1
ES,ES.BDCA.AQD,NET_ES131A,STA_ES0125A,,SP_28079017_14_6,SPP_28079017_14_6.1,SAM_28079017_14_6,O3,http://dd.eionet.europa.eu/vocabulary/aq/pollutant/7,hour,33.0900000000,µg/m3,2017-09-12 20:00:00 +01:00,2017-09-12 21:00:00 +01:00,1,1
ES,ES.BDCA.AQD,NET_ES131A,STA_ES0125A,,SP_28079017_14_6,SPP_28079017_14_6.1,SAM_28079017_14_6,O3,http://dd.eionet.europa.eu/vocabulary/aq/pollutant/7,hour,26.1900000000,µg/m3,2017-09-12 21:00:00 +01:00,2017-09-12 22:00:00 +01:00,1,1
ES,ES.BDCA.AQD,NET_ES131A,STA_ES0125A,,SP_28079017_14_6,SPP_28079017_14_6.1,SAM_28079017_14_6,O3,http://dd.eionet.europa.eu/vocabulary/aq/pollutant/7,hour,27.8700000000,µg/m3,2017-09-12 22:00:00 +01:00,2017-09-12 23:00:00 +01:00,1,1
ES,ES.BDCA.AQD,NET_ES131A,STA_ES0125A,,SP_28079017_14_6,SPP_28079017_14_6.1,SAM_28079017_14_6,O3,http://dd.eionet.europa.eu/vocabulary/aq/pollutant/7,hour,23.2800000000,µg/m3,2017-09-12 23:00:00 +01:00,2017-09-13 00:00:00 +01:00,1,1
ES,ES.BDCA.AQD,NET_ES131A,STA_ES0125A,,SP_28079017_14_6,SPP_28079017_14_6.1,SAM_28079017_14_6,O3,http://dd.eionet.europa.eu/vocabulary/aq/pollutant/7,hour,7.5000000000,µg/m3,2017-09-13 00:00:00 +01:00,2017-09-13 01:00:00 +01:00,1,1
ES,ES.BDCA.AQD,NET_ES131A,STA_ES0125A,,SP_28079017_14_6,SPP_28079017_14_6.1,SAM_28079017_14_6,O3,http://dd.eionet.europa.eu/vocabulary/aq/pollutant/7,hour,3.0600000000,µg/m3,2017-09-13 01:00:00 +01:00,2017-09-13 02:00:00 +01:00,1,1
ES,ES.BDCA.AQD,NET_ES131A,STA_ES0125A,,SP_28079017_14_6,SPP_28079017_14_6.1,SAM_28079017_14_6,O3,http://dd.eionet.europa.eu/vocabulary/aq/pollutant/7,hour,1.8300000000,µg/m3,2017-09-13 02:00:00 +01:00,2017-09-13 03:00:00 +01:00,1,1
ES,ES.BDCA.AQD,NET_ES131A,STA_ES0125A,,SP_28079017_14_6,SPP_28079017_14_6.1,SAM_28079017_14_6,O3,http://dd.eionet.europa.eu/vocabulary/aq/pollutant/7,hour,8.1300000000,µg/m3,2017-09-13 03:00:00 +01:00,2017-09-13 04:00:00 +01:00,1,1
ES,ES.BDCA.AQD,NET_ES131A,STA_ES0125A,,SP_28079017_14_6,SPP_28079017_14_6.1,SAM_28079017_14_6,O3,http://dd.eionet.europa.eu/vocabulary/aq/pollutant/7,hour,13.3599999900,µg/m3,2017-09-13 04:00:00 +01:00,2017-09-13 05:00:00 +01:00,1,1
ES,ES.BDCA.AQD,NET_ES131A,STA_ES0125A,,SP_28079017_14_6,SPP_28079017_14_6.1,SAM_28079017_14_6,O3,http://dd.eionet.europa.eu/vocabulary/aq/pollutant/7,hour,5.0800000000,µg/m3,2017-09-13 05:00:00 +01:00,2017-09-13 06:00:00 +01:00,1,1
ES,ES.BDCA.AQD,NET_ES131A,STA_ES0125A,,SP_28079017_14_6,SPP_28079017_14_6.1,SAM_28079017_14_6,O3,http://dd.eionet.europa.eu/vocabulary/aq/pollutant/7,hour,1.4700000000,µg/m3,2017-09-13 06:00:00 +01:00,2017-09-13 07:00:00 +01:00,1,1
ES,ES.BDCA.AQD,NET_ES131A,STA_ES0125A,,SP_28079017_14_6,SPP_28079017_14_6.1,SAM_28079017_14_6,O3,http://dd.eionet.europa.eu/vocabulary/aq/pollutant/7,hour,1.9099999900,µg/m3,2017-09-13 07:00:00 +01:00,2017-09-13 08:00:00 +01:00,1,1
ES,ES.BDCA.AQD,NET_ES131A,STA_ES0125A,,SP_28079017_14_6,SPP_28079017_14_6.1,SAM_28079017_14_6,O3,http://dd.eionet.europa.eu/vocabulary/aq/pollutant/7,hour,3.7100000000,µg/m3,2017-09-13 08:00:00 +01:00,2017-09-13 09:00:00 +01:00,1,1
ES,ES.BDCA.AQD,NET_ES131A,STA_ES0125A,,SP_28079017_14_6,SPP_28079017_14_6.1,SAM_28079017_14_6,O3,http://dd.eionet.europa.eu/vocabulary/aq/pollutant/7,hour,20.3900000000,µg/m3,2017-09-13 09:00:00 +01:00,2017-09-13 10:00:00 +01:00,1,1
ES,ES.BDCA.AQD,NET_ES131A,STA_ES0125A,,SP_28079017_14_6,SPP_28079017_14_6.1,SAM_28079017_14_6,O3,http://dd.eionet.europa.eu/vocabulary/aq/pollutant/7,hour,42.0000000000,µg/m3,2017-09-13 10:00:00 +01:00,2017-09-13 11:00:00 +01:00,1,1
ES,ES.BDCA.AQD,NET_ES131A,STA_ES0125A,,SP_28079017_14_6,SPP_28079017_14_6.1,SAM_28079017_14_6,O3,http://dd.eionet.europa.eu/vocabulary/aq/pollutant/7,hour,52.9200000000,µg/m3,2017-09-13 11:00:00 +01:00,2017-09-13 12:00:00 +01:00,1,1
ES,ES.BDCA.AQD,NET_ES131A,STA_ES0125A,,SP_28079017_14_6,SPP_28079017_14_6.1,SAM_28079017_14_6,O3,http://dd.eionet.europa.eu/vocabulary/aq/pollutant/7,hour,66.5300000000,µg/m3,2017-09-13 12:00:00 +01:00,2017-09-13 13:00:00 +01:00,1,1
ES,ES.BDCA.AQD,NET_ES131A,STA_ES0125A,,SP_28079017_14_6,SPP_28079017_14_6.1,SAM_28079017_14_6,O3,http://dd.eionet.europa.eu/vocabulary/aq/pollutant/7,hour,79.5900000000,µg/m3,2017-09-13 13:00:00 +01:00,2017-09-13 14:00:00 +01:00,1,1
ES,ES.BDCA.AQD,NET_ES131A,STA_ES0125A,,SP_28079017_14_6,SPP_28079017_14_6.1,SAM_28079017_14_6,O3,http://dd.eionet.europa.eu/vocabulary/aq/pollutant/7,hour,93.3299999900,µg/m3,2017-09-13 14:00:00 +01:00,2017-09-13 15:00:00 +01:00,1,1
ES,ES.BDCA.AQD,NET_ES131A,STA_ES0125A,,SP_28079017_14_6,SPP_28079017_14_6.1,SAM_28079017_14_6,O3,http://dd.eionet.europa.eu/vocabulary/aq/pollutant/7,hour,97.4200000000,µg/m3,2017-09-13 15:00:00 +01:00,2017-09-13 16:00:00 +01:00,1,1
ES,ES.BDCA.AQD,NET_ES131A,STA_ES0125A,,SP_28079017_14_6,SPP_28079017_14_6.1,SAM_28079017_14_6,O3,http://dd.eionet.europa.eu/vocabulary/aq/pollutant/7,hour,89.4599999900,µg/m3,2017-09-13 16:00:00 +01:00,2017-09-13 17:00:00 +01:00,1,1
ES,ES.BDCA.AQD,NET_ES131A,STA_ES0125A,,SP_28079017_14_6,SPP_28079017_14_6.1,SAM_28079017_14_6,O3,http://dd.eionet.europa.eu/vocabulary/aq/pollutant/7,hour,81.9099999900,µg/m3,2017-09-13 17:00:00 +01:00,2017-09-13 18:00:00 +01:00,1,1
ES,ES.BDCA.AQD,NET_ES131A,STA_ES0125A,,SP_28079017_14_6,SPP_28079017_14_6.1,SAM_28079017_14_6,O3,http://dd.eionet.europa.eu/vocabulary/aq/pollutant/7,hour,70.3400000000,µg/m3,2017-09-13 18:00:00 +01:00,2017-09-13 19:00:00 +01:00,1,1
ES,ES.BDCA.AQD,NET_ES131A,STA_ES0125A,,SP_28079017_14_6,SPP_28079017_14_6.1,SAM_28079017_14_6,O3,http://dd.eionet.europa.eu/vocabulary/aq/pollutant/7,hour,18.3900000000,µg/m3,2017-09-13 19:00:00 +01:00,2017-09-13 20:00:00 +01:00,1,1
ES,ES.BDCA.AQD,NET_ES131A,STA_ES0125A,,SP_28079017_14_6,SPP_28079017_14_6.1,SAM_28079017_14_6,O3,http://dd.eionet.europa.eu/vocabulary/aq/pollutant/7,hour,1.2500000000,µg/m3,2017-09-13 20:00:00 +01:00,2017-09-13 21:00:00 +01:00,1,1
ES,ES.BDCA.AQD,NET_ES131A,STA_ES0125A,,SP_28079017_14_6,SPP_28079017_14_6.1,SAM_28079017_14_6,O3,http://dd.eionet.europa.eu/vocabulary/aq/pollutant/7,hour,5.1699999900,µg/m3,2017-09-13 21:00:00 +01:00,2017-09-13 22:00:00 +01:00,1,1
ES,ES.BDCA.AQD,NET_ES131A,STA_ES0125A,,SP_28079017_14_6,SPP_28079017_14_6.1,SAM_28079017_14_6,O3,http://dd.eionet.europa.eu/vocabulary/aq/pollutant/7,hour,1.5200000000,µg/m3,2017-09-13 22:00:00 +01:00,2017-09-13 23:00:00 +01:00,1,1
ES,ES.BDCA.AQD,NET_ES131A,STA_ES0125A,,SP_28079017_14_6,SPP_28079017_14_6.1,SAM_28079017_14_6,O3,http://dd.eionet.europa.eu/vocabulary/aq/pollutant/7,hour,23.4600000000,µg/m3,2017-09-13 23:00:00 +01:00,2017-09-14 00:00:00 +01:00,1,1
ES,ES.BDCA.AQD,NET_ES131A,STA_ES0125A,,SP_28079017_14_6,SPP_28079017_14_6.1,SAM_28079017_14_6,O3,http://dd.eionet.europa.eu/vocabulary/aq/pollutant/7,hour,30.3900000000,µg/m3,2017-09-14 00:00:00 +01:00,2017-09-14 01:00:00 +01:00,1,1
ES,ES.BDCA.AQD,NET_ES131A,STA_ES0125A,,SP_28079017_14_6,SPP_28079017_14_6.1,SAM_28079017_14_6,O3,http://dd.eionet.europa.eu/vocabulary/aq/pollutant/7,hour,28.3400000000,µg/m3,2017-09-14 01:00:00 +01:00,2017-09-14 02:00:00 +01:00,1,1
ES,ES.BDCA.AQD,NET_ES131A,STA_ES0125A,,SP_28079017_14_6,SPP_28079017_14_6.1,SAM_28079017_14_6,O3,http://dd.eionet.europa.eu/vocabulary/aq/pollutant/7,hour,12.6999999900,µg/m3,2017-09-14 02:00:00 +01:00,2017-09-14 03:00:00 +01:00,1,1
ES,ES.BDCA.AQD,NET_ES131A,STA_ES0125A,,SP_28079017_14_6,SPP_28079017_14_6.1,SAM_28079017_14_6,O3,http://dd.eionet.europa.eu/vocabulary/aq/pollutant/7,hour,12.2200000000,µg/m3,2017-09-14 03:00:00 +01:00,2017-09-14 04:00:00 +01:00,1,1
ES,ES.BDCA.AQD,NET_ES131A,STA_ES0125A,,SP_28079017_14_6,SPP_28079017_14_6.1,SAM_28079017_14_6,O3,http://dd.eionet.europa.eu/vocabulary/aq/pollutant/7,hour,22.4600000000,µg/m3,2017-09-14 04:00:00 +01:00,2017-09-14 05:00:00 +01:00,1,1
ES,ES.BDCA.AQD,NET_ES131A,STA_ES0125A,,SP_28079017_14_6,SPP_28079017_14_6.1,SAM_28079017_14_6,O3,http://dd.eionet.europa.eu/vocabulary/aq/pollutant/7,hour,11.5900000000,µg/m3,2017-09-14 05:00:00 +01:00,2017-09-14 06:00:00 +01:00,1,1
ES,ES.BDCA.AQD,NET_ES131A,STA_ES0125A,,SP_28079017_14_6,SPP_28079017_14_6.1,SAM_28079017_14_6,O3,http://dd.eionet.europa.eu/vocabulary/aq/pollutant/7,hour,2.1699999900,µg/m3,2017-09-14 06:00:00 +01:00,2017-09-14 07:00:00 +01:00,1,1
ES,ES.BDCA.AQD,NET_ES131A,STA_ES0125A,,SP_28079017_14_6,SPP_28079017_14_6.1,SAM_28079017_14_6,O3,http://dd.eionet.europa.eu/vocabulary/aq/pollutant/7,hour,2.3999999900,µg/m3,2017-09-14 07:00:00 +01:00,2017-09-14 08:00:00 +01:00,1,1
ES,ES.BDCA.AQD,NET_ES131A,STA_ES0125A,,SP_28079017_14_6,SPP_28079017_14_6.1,SAM_28079017_14_6,O3,http://dd.eionet.europa.eu/vocabulary/aq/pollutant/7,hour,6.0599999900,µg/m3,2017-09-14 08:00:00 +01:00,2017-09-14 09:00:00 +01:00,1,1
ES,ES.BDCA.AQD,NET_ES131A,STA_ES0125A,,SP_28079017_14_6,SPP_28079017_14_6.1,SAM_28079017_14_6,O3,http://dd.eionet.europa.eu/vocabulary/aq/pollutant/7,hour,12.2200000000,µg/m3,2017-09-14 09:00:00 +01:00,2017-09-14 10:00:00 +01:00,1,1
ES,ES.BDCA.AQD,NET_ES131A,STA_ES0125A,,SP_28079017_14_6,SPP_28079017_14_6.1,SAM_28079017_14_6,O3,http://dd.eionet.europa.eu/vocabulary/aq/pollutant/7,hour,18.1200000000,µg/m3,2017-09-14 10:00:00 +01:00,2017-09-14 11:00:00 +01:00,1,1
ES,ES.BDCA.AQD,NET_ES131A,STA_ES0125A,,SP_28079017_14_6,SPP_28079017_14_6.1,SAM_28079017_14_6,O3,http://dd.eionet.europa.eu/vocabulary/aq/pollutant/7,hour,44.8299999900,µg/m3,2017-09-14 11:00:00 +01:00,2017-09-14 12:00:00 +01:00,1,1
ES,ES.BDCA.AQD,NET_ES131A,STA_ES0125A,,SP_28079017_14_6,SPP_28079017_14_6.1,SAM_28079017_14_6,O3,http://dd.eionet.europa.eu/vocabulary/aq/pollutant/7,hour,75.5999999900,µg/m3,2017-09-14 12:00:00 +01:00,2017-09-14 13:00:00 +01:00,1,1
ES,ES.BDCA.AQD,NET_ES131A,STA_ES0125A,,SP_28079017_14_6,SPP_28079017_14_6.1,SAM_28079017_14_6,O3,http://dd.eionet.europa.eu/vocabulary/aq/pollutant/7,hour,79.5300000000,µg/m3,2017-09-14 13:00:00 +01:00,2017-09-14 14:00:00 +01:00,1,1
ES,ES.BDCA.AQD,NET_ES131A,STA_ES0125A,,SP_28079017_14_6,SPP_28079017_14_6.1,SAM_28079017_14_6,O3,http://dd.eionet.europa.eu/vocabulary/aq/pollutant/7,hour,71.9300000000,µg/m3,2017-09-14 14:00:00 +01:00,2017-09-14 15:00:00 +01:00,1,1
ES,ES.BDCA.AQD,NET_ES131A,STA_ES0125A,,SP_28079017_14_6,SPP_28079017_14_6.1,SAM_28079017_14_6,O3,http://dd.eionet.europa.eu/vocabulary/aq/pollutant/7,hour,68.2000000000,µg/m3,2017-09-14 15:00:00 +01:00,2017-09-14 16:00:00 +01:00,1,1
ES,ES.BDCA.AQD,NET_ES131A,STA_ES0125A,,SP_28079017_14_6,SPP_28079017_14_6.1,SAM_28079017_14_6,O3,http://dd.eionet.europa.eu/vocabulary/aq/pollutant/7,hour,69.1800000000,µg/m3,2017-09-14 16:00:00 +01:00,2017-09-14 17:00:00 +01:00,1,1
ES,ES.BDCA.AQD,NET_ES131A,STA_ES0125A,,SP_28079017_14_6,SPP_28079017_14_6.1,SAM_28079017_14_6,O3,http://dd.eionet.europa.eu/vocabulary/aq/pollutant/7,hour,69.3499999900,µg/m3,2017-09-14 17:00:00 +01:00,2017-09-14 18:00:00 +01:00,1,1
ES,ES.BDCA.AQD,NET_ES131A,STA_ES0125A,,SP_28079017_14_6,SPP_28079017_14_6.1,SAM_28079017_14_6,O3,http://dd.eionet.europa.eu/vocabulary/aq/pollutant/7,hour,57.3999999900,µg/m3,2017-09-14 18:00:00 +01:00,2017-09-14 19:00:00 +01:00,1,1
ES,ES.BDCA.AQD,NET_ES131A,STA_ES0125A,,SP_28079017_14_6,SPP_28079017_14_6.1,SAM_28079017_14_6,O3,http://dd.eionet.europa.eu/vocabulary/aq/pollutant/7,hour,30.8400000000,µg/m3,2017-09-14 19:00:00 +01:00,2017-09-14 20:00:00 +01:00,1,1
ES,ES.BDCA.AQD,NET_ES131A,STA_ES0125A,,SP_28079017_14_6,SPP_28079017_14_6.1,SAM_28079017_14_6,O3,http://dd.eionet.europa.eu/vocabulary/aq/pollutant/7,hour,22.9600000000,µg/m3,2017-09-14 20:00:00 +01:00,2017-09-14 21:00:00 +01:00,1,1
ES,ES.BDCA.AQD,NET_ES131A,STA_ES0125A,,SP_28079017_14_6,SPP_28079017_14_6.1,SAM_28079017_14_6,O3,http://dd.eionet.europa.eu/vocabulary/aq/pollutant/7,hour,15.1199999900,µg/m3,2017-09-14 21:00:00 +01:00,2017-09-14 22:00:00 +01:00,1,1
ES,ES.BDCA.AQD,NET_ES131A,STA_ES0125A,,SP_28079017_14_6,SPP_28079017_14_6.1,SAM_28079017_14_6,O3,http://dd.eionet.europa.eu/vocabulary/aq/pollutant/7,hour,44.4600000000,µg/m3,2017-09-14 22:00:00 +01:00,2017-09-14 23:00:00 +01:00,1,1
ES,ES.BDCA.AQD,NET_ES131A,STA_ES0125A,,SP_28079017_14_6,SPP_28079017_14_6.1,SAM_28079017_14_6,O3,http://dd.eionet.europa.eu/vocabulary/aq/pollutant/7,hour,46.5099999900,µg/m3,2017-09-14 23:00:00 +01:00,2017-09-15 00:00:00 +01:00,1,1
ES,ES.BDCA.AQD,NET_ES131A,STA_ES0125A,,SP_28079017_14_6,SPP_28079017_14_6.1,SAM_28079017_14_6,O3,http://dd.eionet.europa.eu/vocabulary/aq/pollutant/7,hour,48.3900000000,µg/m3,2017-09-15 00:00:00 +01:00,2017-09-15 01:00:00 +01:00,1,1
ES,ES.BDCA.AQD,NET_ES131A,STA_ES0125A,,SP_28079017_14_6,SPP_28079017_14_6.1,SAM_28079017_14_6,O3,http://dd.eionet.europa.eu/vocabulary/aq/pollutant/7,hour,52.7299999900,µg/m3,2017-09-15 01:00:00 +01:00,2017-09-15 02:00:00 +01:00,1,1
ES,ES.BDCA.AQD,NET_ES131A,STA_ES0125A,,SP_28079017_14_6,SPP_28079017_14_6.1,SAM_28079017_14_6,O3,http://dd.eionet.europa.eu/vocabulary/aq/pollutant/7,hour,57.6300000000,µg/m3,2017-09-15 02:00:00 +01:00,2017-09-15 03:00:00 +01:00,1,1
ES,ES.BDCA.AQD,NET_ES131A,STA_ES0125A,,SP_28079017_14_6,SPP_28079017_14_6.1,SAM_28079017_14_6,O3,http://dd.eionet.europa.eu/vocabulary/aq/pollutant/7,hour,57.1499999900,µg/m3,2017-09-15 03:00:00 +01:00,2017-09-15 04:00:00 +01:00,1,1
ES,ES.BDCA.AQD,NET_ES131A,STA_ES0125A,,SP_28079017_14_6,SPP_28079017_14_6.1,SAM_28079017_14_6,O3,http://dd.eionet.europa.eu/vocabulary/aq/pollutant/7,hour,53.8699999900,µg/m3,2017-09-15 04:00:00 +01:00,2017-09-15 05:00:00 +01:00,1,1
ES,ES.BDCA.AQD,NET_ES131A,STA_ES0125A,,SP_28079017_14_6,SPP_28079017_14_6.1,SAM_28079017_14_6,O3,http://dd.eionet.europa.eu/vocabulary/aq/pollutant/7,hour,47.9699999900,µg/m3,2017-09-15 05:00:00 +01:00,2017-09-15 06:00:00 +01:00,1,1
ES,ES.BDCA.AQD,NET_ES131A,STA_ES0125A,,SP_28079017_14_6,SPP_28079017_14_6.1,SAM_28079017_14_6,O3,http://dd.eionet.europa.eu/vocabulary/aq/pollutant/7,hour,38.6099999900,µg/m3,2017-09-15 06:00:00 +01:00,2017-09-15 07:00:00 +01:00,1,1
ES,ES.BDCA.AQD,NET_ES131A,STA_ES0125A,,SP_28079017_14_6,SPP_28079017_14_6.1,SAM_28079017_14_6,O3,http://dd.eionet.europa.eu/vocabulary/aq/pollutant/7,hour,38.9300000000,µg/m3,2017-09-15 07:00:00 +01:00,2017-09-15 08:00:00 +01:00,1,1
ES,ES.BDCA.AQD,NET_ES131A,STA_ES0125A,,SP_28079017_14_6,SPP_28079017_14_6.1,SAM_28079017_14_6,O3,http://dd.eionet.europa.eu/vocabulary/aq/pollutant/7,hour,48.2100000000,µg/m3,2017-09-15 08:00:00 +01:00,2017-09-15 09:00:00 +01:00,1,1
ES,ES.BDCA.AQD,NET_ES131A,STA_ES0125A,,SP_28079017_14_6,SPP_28079017_14_6.1,SAM_28079017_14_6,O3,http://dd.eionet.europa.eu/vocabulary/aq/pollutant/7,hour,58.1199999900,µg/m3,2017-09-15 09:00:00 +01:00,2017-09-15 10:00:00 +01:00,1,1
ES,ES.BDCA.AQD,NET_ES131A,STA_ES0125A,,SP_28079017_14_6,SPP_28079017_14_6.1,SAM_28079017_14_6,O3,http://dd.eionet.europa.eu/vocabulary/aq/pollutant/7,hour,63.7199999900,µg/m3,2017-09-15 10:00:00 +01:00,2017-09-15 11:00:00 +01:00,1,1
ES,ES.BDCA.AQD,NET_ES131A,STA_ES0125A,,SP_28079017_14_6,SPP_28079017_14_6.1,SAM_28079017_14_6,O3,http://dd.eionet.europa.eu/vocabulary/aq/pollutant/7,hour,66.0799999900,µg/m3,2017-09-15 11:00:00 +01:00,2017-09-15 12:00:00 +01:00,1,1
ES,ES.BDCA.AQD,NET_ES131A,STA_ES0125A,,SP_28079017_14_6,SPP_28079017_14_6.1,SAM_28079017_14_6,O3,http://dd.eionet.europa.eu/vocabulary/aq/pollutant/7,hour,66.7000000000,µg/m3,2017-09-15 12:00:00 +01:00,2017-09-15 13:00:00 +01:00,1,1
ES,ES.BDCA.AQD,NET_ES131A,STA_ES0125A,,SP_28079017_14_6,SPP_28079017_14_6.1,SAM_28079017_14_6,O3,http://dd.eionet.europa.eu/vocabulary/aq/pollutant/7,hour,70.6700000000,µg/m3,2017-09-15 13:00:00 +01:00,2017-09-15 14:00:00 +01:00,1,1
ES,ES.BDCA.AQD,NET_ES131A,STA_ES0125A,,SP_28079017_14_6,SPP_28079017_14_6.1,SAM_28079017_14_6,O3,http://dd.eionet.europa.eu/vocabulary/aq/pollutant/7,hour,72.8900000000,µg/m3,2017-09-15 14:00:00 +01:00,2017-09-15 15:00:00 +01:00,1,1
ES,ES.BDCA.AQD,NET_ES131A,STA_ES0125A,,SP_28079017_14_6,SPP_28079017_14_6.1,SAM_28079017_14_6,O3,http://dd.eionet.europa.eu/vocabulary/aq/pollutant/7,hour,71.2099999900,µg/m3,2017-09-15 15:00:00 +01:00,2017-09-15 16:00:00 +01:00,1,1
ES,ES.BDCA.AQD,NET_ES131A,STA_ES0125A,,SP_28079017_14_6,SPP_28079017_14_6.1,SAM_28079017_14_6,O3,http://dd.eionet.europa.eu/vocabulary/aq/pollutant/7,hour,72.2500000000,µg/m3,2017-09-15 16:00:00 +01:00,2017-09-15 17:00:00 +01:00,1,1
ES,ES.BDCA.AQD,NET_ES131A,STA_ES0125A,,SP_28079017_14_6,SPP_28079017_14_6.1,SAM_28079017_14_6,O3,http://dd.eionet.europa.eu/vocabulary/aq/pollutant/7,hour,72.4099999900,µg/m3,2017-09-15 17:00:00 +01:00,2017-09-15 18:00:00 +01:00,1,1
ES,ES.BDCA.AQD,NET_ES131A,STA_ES0125A,,SP_28079017_14_6,SPP_28079017_14_6.1,SAM_28079017_14_6,O3,http://dd.eionet.europa.eu/vocabulary/aq/pollutant/7,hour,67.7800000000,µg/m3,2017-09-15 18:00:00 +01:00,2017-09-15 19:00:00 +01:00,1,1
ES,ES.BDCA.AQD,NET_ES131A,STA_ES0125A,,SP_28079017_14_6,SPP_28079017_14_6.1,SAM_28079017_14_6,O3,http://dd.eionet.europa.eu/vocabulary/aq/pollutant/7,hour,65.4300000000,µg/m3,2017-09-15 19:00:00 +01:00,2017-09-15 20:00:00 +01:00,1,1
ES,ES.BDCA.AQD,NET_ES131A,STA_ES0125A,,SP_28079017_14_6,SPP_28079017_14_6.1,SAM_28079017_14_6,O3,http://dd.eionet.europa.eu/vocabulary/aq/pollutant/7,hour,54.8599999900,µg/m3,2017-09-15 20:00:00 +01:00,2017-09-15 21:00:00 +01:00,1,1
ES,ES.BDCA.AQD,NET_ES131A,STA_ES0125A,,SP_28079017_14_6,SPP_28079017_14_6.1,SAM_28079017_14_6,O3,http://dd.eionet.europa.eu/vocabulary/aq/pollutant/7,hour,53.5600000000,µg/m3,2017-09-15 21:00:00 +01:00,2017-09-15 22:00:00 +01:00,1,1
ES,ES.BDCA.AQD,NET_ES131A,STA_ES0125A,,SP_28079017_14_6,SPP_28079017_14_6.1,SAM_28079017_14_6,O3,http://dd.eionet.europa.eu/vocabulary/aq/pollutant/7,hour,46.3200000000,µg/m3,2017-09-15 22:00:00 +01:00,2017-09-15 23:00:00 +01:00,1,1
ES,ES.BDCA.AQD,NET_ES131A,STA_ES0125A,,SP_28079017_14_6,SPP_28079017_14_6.1,SAM_28079017_14_6,O3,http://dd.eionet.europa.eu/vocabulary/aq/pollutant/7,hour,51.2000000000,µg/m3,2017-09-15 23:00:00 +01:00,2017-09-16 00:00:00 +01:00,1,1
ES,ES.BDCA.AQD,NET_ES131A,STA_ES0125A,,SP_28079017_14_6,SPP_28079017_14_6.1,SAM_28079017_14_6,O3,http://dd.eionet.europa.eu/vocabulary/aq/pollutant/7,hour,53.8299999900,µg/m3,2017-09-16 00:00:00 +01:00,2017-09-16 01:00:00 +01:00,1,1
ES,ES.BDCA.AQD,NET_ES131A,STA_ES0125A,,SP_28079017_14_6,SPP_28079017_14_6.1,SAM_28079017_14_6,O3,http://dd.eionet.europa.eu/vocabulary/aq/pollutant/7,hour,56.0000000000,µg/m3,2017-09-16 01:00:00 +01:00,2017-09-16 02:00:00 +01:00,1,1
ES,ES.BDCA.AQD,NET_ES131A,STA_ES0125A,,SP_28079017_14_6,SPP_28079017_14_6.1,SAM_28079017_14_6,O3,http://dd.eionet.europa.eu/vocabulary/aq/pollutant/7,hour,54.3800000000,µg/m3,2017-09-16 02:00:00 +01:00,2017-09-16 03:00:00 +01:00,1,1
ES,ES.BDCA.AQD,NET_ES131A,STA_ES0125A,,SP_28079017_14_6,SPP_28079017_14_6.1,SAM_28079017_14_6,O3,http://dd.eionet.europa.eu/vocabulary/aq/pollutant/7,hour,50.6300000000,µg/m3,2017-09-16 03:00:00 +01:00,2017-09-16 04:00:00 +01:00,1,1
ES,ES.BDCA.AQD,NET_ES131A,STA_ES0125A,,SP_28079017_14_6,SPP_28079017_14_6.1,SAM_28079017_14_6,O3,http://dd.eionet.europa.eu/vocabulary/aq/pollutant/7,hour,50.4799999900,µg/m3,2017-09-16 04:00:00 +01:00,2017-09-16 05:00:00 +01:00,1,1
ES,ES.BDCA.AQD,NET_ES131A,STA_ES0125A,,SP_28079017_14_6,SPP_28079017_14_6.1,SAM_28079017_14_6,O3,http://dd.eionet.europa.eu/vocabulary/aq/pollutant/7,hour,44.1499999900,µg/m3,2017-09-16 05:00:00 +01:00,2017-09-16 06:00:00 +01:00,1,1
ES,ES.BDCA.AQD,NET_ES131A,STA_ES0125A,,SP_28079017_14_6,SPP_28079017_14_6.1,SAM_28079017_14_6,O3,http://dd.eionet.europa.eu/vocabulary/aq/pollutant/7,hour,41.8699999900,µg/m3,2017-09-16 06:00:00 +01:00,2017-09-16 07:00:00 +01:00,1,1
ES,ES.BDCA.AQD,NET_ES131A,STA_ES0125A,,SP_28079017_14_6,SPP_28079017_14_6.1,SAM_28079017_14_6,O3,http://dd.eionet.europa.eu/vocabulary/aq/pollutant/7,hour,42.7299999900,µg/m3,2017-09-16 07:00:00 +01:00,2017-09-16 08:00:00 +01:00,1,1
ES,ES.BDCA.AQD,NET_ES131A,STA_ES0125A,,SP_28079017_14_6,SPP_28079017_14_6.1,SAM_28079017_14_6,O3,http://dd.eionet.europa.eu/vocabulary/aq/pollutant/7,hour,42.2500000000,µg/m3,2017-09-16 08:00:00 +01:00,2017-09-16 09:00:00 +01:00,1,1
ES,ES.BDCA.AQD,NET_ES131A,STA_ES0125A,,SP_28079017_14_6,SPP_28079017_14_6.1,SAM_28079017_14_6,O3,http://dd.eionet.europa.eu/vocabulary/aq/pollutant/7,hour,43.8299999900,µg/m3,2017-09-16 09:00:00 +01:00,2017-09-16 10:00:00 +01:00,1,1
ES,ES.BDCA.AQD,NET_ES131A,STA_ES0125A,,SP_28079017_14_6,SPP_28079017_14_6.1,SAM_28079017_14_6,O3,http://dd.eionet.europa.eu/vocabulary/aq/pollutant/7,hour,46.7199999900,µg/m3,2017-09-16 10:00:00 +01:00,2017-09-16 11:00:00 +01:00,1,1
ES,ES.BDCA.AQD,NET_ES131A,STA_ES0125A,,SP_28079017_14_6,SPP_28079017_14_6.1,SAM_28079017_14_6,O3,http://dd.eionet.europa.eu/vocabulary/aq/pollutant/7,hour,53.1899999900,µg/m3,2017-09-16 11:00:00 +01:00,2017-09-16 12:00:00 +01:00,1,1
ES,ES.BDCA.AQD,NET_ES131A,STA_ES0125A,,SP_28079017_14_6,SPP_28079017_14_6.1,SAM_28079017_14_6,O3,http://dd.eionet.europa.eu/vocabulary/aq/pollutant/7,hour,58.2400000000,µg/m3,2017-09-16 12:00:00 +01:00,2017-09-16 13:00:00 +01:00,1,1
ES,ES.BDCA.AQD,NET_ES131A,STA_ES0125A,,SP_28079017_14_6,SPP_28079017_14_6.1,SAM_28079017_14_6,O3,http://dd.eionet.europa.eu/vocabulary/aq/pollutant/7,hour,65.8900000000,µg/m3,2017-09-16 13:00:00 +01:00,2017-09-16 14:00:00 +01:00,1,1
ES,ES.BDCA.AQD,NET_ES131A,STA_ES0125A,,SP_28079017_14_6,SPP_28079017_14_6.1,SAM_28079017_14_6,O3,http://dd.eionet.europa.eu/vocabulary/aq/pollutant/7,hour,73.9500000000,µg/m3,2017-09-16 14:00:00 +01:00,2017-09-16 15:00:00 +01:00,1,1
ES,ES.BDCA.AQD,NET_ES131A,STA_ES0125A,,SP_28079017_14_6,SPP_28079017_14_6.1,SAM_28079017_14_6,O3,http://dd.eionet.europa.eu/vocabulary/aq/pollutant/7,hour,77.7300000000,µg/m3,2017-09-16 15:00:00 +01:00,2017-09-16 16:00:00 +01:00,1,1
ES,ES.BDCA.AQD,NET_ES131A,STA_ES0125A,,SP_28079017_14_6,SPP_28079017_14_6.1,SAM_28079017_14_6,O3,http://dd.eionet.europa.eu/vocabulary/aq/pollutant/7,hour,76.8400000000,µg/m3,2017-09-16 16:00:00 +01:00,2017-09-16 17:00:00 +01:00,1,1
ES,ES.BDCA.AQD,NET_ES131A,STA_ES0125A,,SP_28079017_14_6,SPP_28079017_14_6.1,SAM_28079017_14_6,O3,http://dd.eionet.europa.eu/vocabulary/aq/pollutant/7,hour,73.1800000000,µg/m3,2017-09-16 17:00:00 +01:00,2017-09-16 18:00:00 +01:00,1,1
ES,ES.BDCA.AQD,NET_ES131A,STA_ES0125A,,SP_28079017_14_6,SPP_28079017_14_6.1,SAM_28079017_14_6,O3,http://dd.eionet.europa.eu/vocabulary/aq/pollutant/7,hour,71.1099999900,µg/m3,2017-09-16 18:00:00 +01:00,2017-09-16 19:00:00 +01:00,1,1
ES,ES.BDCA.AQD,NET_ES131A,STA_ES0125A,,SP_28079017_14_6,SPP_28079017_14_6.1,SAM_28079017_14_6,O3,http://dd.eionet.europa.eu/vocabulary/aq/pollutant/7,hour,57.2299999900,µg/m3,2017-09-16 19:00:00 +01:00,2017-09-16 20:00:00 +01:00,1,1
ES,ES.BDCA.AQD,NET_ES131A,STA_ES0125A,,SP_28079017_14_6,SPP_28079017_14_6.1,SAM_28079017_14_6,O3,http://dd.eionet.europa.eu/vocabulary/aq/pollutant/7,hour,37.0399999900,µg/m3,2017-09-16 20:00:00 +01:00,2017-09-16 21:00:00 +01:00,1,1
ES,ES.BDCA.AQD,NET_ES131A,STA_ES0125A,,SP_28079017_14_6,SPP_28079017_14_6.1,SAM_28079017_14_6,O3,http://dd.eionet.europa.eu/vocabulary/aq/pollutant/7,hour,24.0700000000,µg/m3,2017-09-16 21:00:00 +01:00,2017-09-16 22:00:00 +01:00,1,1
ES,ES.BDCA.AQD,NET_ES131A,STA_ES0125A,,SP_28079017_14_6,SPP_28079017_14_6.1,SAM_28079017_14_6,O3,http://dd.eionet.europa.eu/vocabulary/aq/pollutant/7,hour,17.2199999900,µg/m3,2017-09-16 22:00:00 +01:00,2017-09-16 23:00:00 +01:00,1,1
ES,ES.BDCA.AQD,NET_ES131A,STA_ES0125A,,SP_28079017_14_6,SPP_28079017_14_6.1,SAM_28079017_14_6,O3,http://dd.eionet.europa.eu/vocabulary/aq/pollutant/7,hour,15.7899999900,µg/m3,2017-09-16 23:00:00 +01:00,2017-09-17 00:00:00 +01:00,1,1
ES,ES.BDCA.AQD,NET_ES131A,STA_ES0125A,,SP_28079017_14_6,SPP_28079017_14_6.1,SAM_28079017_14_6,O3,http://dd.eionet.europa.eu/vocabulary/aq/pollutant/7,hour,2.8799999900,µg/m3,2017-09-17 00:00:00 +01:00,2017-09-17 01:00:00 +01:00,1,1
ES,ES.BDCA.AQD,NET_ES131A,STA_ES0125A,,SP_28079017_14_6,SPP_28079017_14_6.1,SAM_28079017_14_6,O3,http://dd.eionet.europa.eu/vocabulary/aq/pollutant/7,hour,0.9800000000,µg/m3,2017-09-17 01:00:00 +01:00,2017-09-17 02:00:00 +01:00,1,1
ES,ES.BDCA.AQD,NET_ES131A,STA_ES0125A,,SP_28079017_14_6,SPP_28079017_14_6.1,SAM_28079017_14_6,O3,http://dd.eionet.europa.eu/vocabulary/aq/pollutant/7,hour,2.1099999900,µg/m3,2017-09-17 02:00:00 +01:00,2017-09-17 03:00:00 +01:00,1,1
ES,ES.BDCA.AQD,NET_ES131A,STA_ES0125A,,SP_28079017_14_6,SPP_28079017_14_6.1,SAM_28079017_14_6,O3,http://dd.eionet.europa.eu/vocabulary/aq/pollutant/7,hour,0.8600000000,µg/m3,2017-09-17 03:00:00 +01:00,2017-09-17 04:00:00 +01:00,1,1
ES,ES.BDCA.AQD,NET_ES131A,STA_ES0125A,,SP_28079017_14_6,SPP_28079017_14_6.1,SAM_28079017_14_6,O3,http://dd.eionet.europa.eu/vocabulary/aq/pollutant/7,hour,2.4700000000,µg/m3,2017-09-17 04:00:00 +01:00,2017-09-17 05:00:00 +01:00,1,1
ES,ES.BDCA.AQD,NET_ES131A,STA_ES0125A,,SP_28079017_14_6,SPP_28079017_14_6.1,SAM_28079017_14_6,O3,http://dd.eionet.europa.eu/vocabulary/aq/pollutant/7,hour,2.4900000000,µg/m3,2017-09-17 05:00:00 +01:00,2017-09-17 06:00:00 +01:00,1,1
ES,ES.BDCA.AQD,NET_ES131A,STA_ES0125A,,SP_28079017_14_6,SPP_28079017_14_6.1,SAM_28079017_14_6,O3,http://dd.eionet.europa.eu/vocabulary/aq/pollutant/7,hour,1.3000000000,µg/m3,2017-09-17 06:00:00 +01:00,2017-09-17 07:00:00 +01:00,1,1
ES,ES.BDCA.AQD,NET_ES131A,STA_ES0125A,,SP_28079017_14_6,SPP_28079017_14_6.1,SAM_28079017_14_6,O3,http://dd.eionet.europa.eu/vocabulary/aq/pollutant/7,hour,5.6799999900,µg/m3,2017-09-17 07:00:00 +01:00,2017-09-17 08:00:00 +01:00,1,1
ES,ES.BDCA.AQD,NET_ES131A,STA_ES0125A,,SP_28079017_14_6,SPP_28079017_14_6.1,SAM_28079017_14_6,O3,http://dd.eionet.europa.eu/vocabulary/aq/pollutant/7,hour,10.0900000000,µg/m3,2017-09-17 08:00:00 +01:00,2017-09-17 09:00:00 +01:00,1,1
ES,ES.BDCA.AQD,NET_ES131A,STA_ES0125A,,SP_28079017_14_6,SPP_28079017_14_6.1,SAM_28079017_14_6,O3,http://dd.eionet.europa.eu/vocabulary/aq/pollutant/7,hour,23.4300000000,µg/m3,2017-09-17 09:00:00 +01:00,2017-09-17 10:00:00 +01:00,1,1
ES,ES.BDCA.AQD,NET_ES131A,STA_ES0125A,,SP_28079017_14_6,SPP_28079017_14_6.1,SAM_28079017_14_6,O3,http://dd.eionet.europa.eu/vocabulary/aq/pollutant/7,hour,47.5000000000,µg/m3,2017-09-17 10:00:00 +01:00,2017-09-17 11:00:00 +01:00,1,1
ES,ES.BDCA.AQD,NET_ES131A,STA_ES0125A,,SP_28079017_14_6,SPP_28079017_14_6.1,SAM_28079017_14_6,O3,http://dd.eionet.europa.eu/vocabulary/aq/pollutant/7,hour,63.1499999900,µg/m3,2017-09-17 11:00:00 +01:00,2017-09-17 12:00:00 +01:00,1,1
ES,ES.BDCA.AQD,NET_ES131A,STA_ES0125A,,SP_28079017_14_6,SPP_28079017_14_6.1,SAM_28079017_14_6,O3,http://dd.eionet.europa.eu/vocabulary/aq/pollutant/7,hour,75.3199999900,µg/m3,2017-09-17 12:00:00 +01:00,2017-09-17 13:00:00 +01:00,1,1
ES,ES.BDCA.AQD,NET_ES131A,STA_ES0125A,,SP_28079017_14_6,SPP_28079017_14_6.1,SAM_28079017_14_6,O3,http://dd.eionet.europa.eu/vocabulary/aq/pollutant/7,hour,84.6500000000,µg/m3,2017-09-17 13:00:00 +01:00,2017-09-17 14:00:00 +01:00,1,1
ES,ES.BDCA.AQD,NET_ES131A,STA_ES0125A,,SP_28079017_14_6,SPP_28079017_14_6.1,SAM_28079017_14_6,O3,http://dd.eionet.europa.eu/vocabulary/aq/pollutant/7,hour,89.6599999900,µg/m3,2017-09-17 14:00:00 +01:00,2017-09-17 15:00:00 +01:00,1,1
ES,ES.BDCA.AQD,NET_ES131A,STA_ES0125A,,SP_28079017_14_6,SPP_28079017_14_6.1,SAM_28079017_14_6,O3,http://dd.eionet.europa.eu/vocabulary/aq/pollutant/7,hour,94.4800000000,µg/m3,2017-09-17 15:00:00 +01:00,2017-09-17 16:00:00 +01:00,1,1
ES,ES.BDCA.AQD,NET_ES131A,STA_ES0125A,,SP_28079017_14_6,SPP_28079017_14_6.1,SAM_28079017_14_6,O3,http://dd.eionet.europa.eu/vocabulary/aq/pollutant/7,hour,92.5999999900,µg/m3,2017-09-17 16:00:00 +01:00,2017-09-17 17:00:00 +01:00,1,1
ES,ES.BDCA.AQD,NET_ES131A,STA_ES0125A,,SP_28079017_14_6,SPP_28079017_14_6.1,SAM_28079017_14_6,O3,http://dd.eionet.europa.eu/vocabulary/aq/pollutant/7,hour,91.2699999900,µg/m3,2017-09-17 17:00:00 +01:00,2017-09-17 18:00:00 +01:00,1,1
ES,ES.BDCA.AQD,NET_ES131A,STA_ES0125A,,SP_28079017_14_6,SPP_28079017_14_6.1,SAM_28079017_14_6,O3,http://dd.eionet.europa.eu/vocabulary/aq/pollutant/7,hour,76.5400000000,µg/m3,2017-09-17 18:00:00 +01:00,2017-09-17 19:00:00 +01:00,1,1
ES,ES.BDCA.AQD,NET_ES131A,STA_ES0125A,,SP_28079017_14_6,SPP_28079017_14_6.1,SAM_28079017_14_6,O3,http://dd.eionet.europa.eu/vocabulary/aq/pollutant/7,hour,45.3400000000,µg/m3,2017-09-17 19:00:00 +01:00,2017-09-17 20:00:00 +01:00,1,1
ES,ES.BDCA.AQD,NET_ES131A,STA_ES0125A,,SP_28079017_14_6,SPP_28079017_14_6.1,SAM_28079017_14_6,O3,http://dd.eionet.europa.eu/vocabulary/aq/pollutant/7,hour,38.5000000000,µg/m3,2017-09-17 20:00:00 +01:00,2017-09-17 21:00:00 +01:00,1,1
ES,ES.BDCA.AQD,NET_ES131A,STA_ES0125A,,SP_28079017_14_6,SPP_28079017_14_6.1,SAM_28079017_14_6,O3,http://dd.eionet.europa.eu/vocabulary/aq/pollutant/7,hour,31.1000000000,µg/m3,2017-09-17 21:00:00 +01:00,2017-09-17 22:00:00 +01:00,1,1
ES,ES.BDCA.AQD,NET_ES131A,STA_ES0125A,,SP_28079017_14_6,SPP_28079017_14_6.1,SAM_28079017_14_6,O3,http://dd.eionet.europa.eu/vocabulary/aq/pollutant/7,hour,34.7400000000,µg/m3,2017-09-17 22:00:00 +01:00,2017-09-17 23:00:00 +01:00,1,1
ES,ES.BDCA.AQD,NET_ES131A,STA_ES0125A,,SP_28079017_14_6,SPP_28079017_14_6.1,SAM_28079017_14_6,O3,http://dd.eionet.europa.eu/vocabulary/aq/pollutant/7,hour,36.0600000000,µg/m3,2017-09-17 23:00:00 +01:00,2017-09-18 00:00:00 +01:00,1,1
ES,ES.BDCA.AQD,NET_ES131A,STA_ES0125A,,SP_28079017_14_6,SPP_28079017_14_6.1,SAM_28079017_14_6,O3,http://dd.eionet.europa.eu/vocabulary/aq/pollutant/7,hour,15.5200000000,µg/m3,2017-09-18 00:00:00 +01:00,2017-09-18 01:00:00 +01:00,1,1
ES,ES.BDCA.AQD,NET_ES131A,STA_ES0125A,,SP_28079017_14_6,SPP_28079017_14_6.1,SAM_28079017_14_6,O3,http://dd.eionet.europa.eu/vocabulary/aq/pollutant/7,hour,8.1699999900,µg/m3,2017-09-18 01:00:00 +01:00,2017-09-18 02:00:00 +01:00,1,1
ES,ES.BDCA.AQD,NET_ES131A,STA_ES0125A,,SP_28079017_14_6,SPP_28079017_14_6.1,SAM_28079017_14_6,O3,http://dd.eionet.europa.eu/vocabulary/aq/pollutant/7,hour,7.4299999900,µg/m3,2017-09-18 02:00:00 +01:00,2017-09-18 03:00:00 +01:00,1,1
ES,ES.BDCA.AQD,NET_ES131A,STA_ES0125A,,SP_28079017_14_6,SPP_28079017_14_6.1,SAM_28079017_14_6,O3,http://dd.eionet.europa.eu/vocabulary/aq/pollutant/7,hour,17.6200000000,µg/m3,2017-09-18 03:00:00 +01:00,2017-09-18 04:00:00 +01:00,1,1
ES,ES.BDCA.AQD,NET_ES131A,STA_ES0125A,,SP_28079017_14_6,SPP_28079017_14_6.1,SAM_28079017_14_6,O3,http://dd.eionet.europa.eu/vocabulary/aq/pollutant/7,hour,28.4600000000,µg/m3,2017-09-18 04:00:00 +01:00,2017-09-18 05:00:00 +01:00,1,1
ES,ES.BDCA.AQD,NET_ES131A,STA_ES0125A,,SP_28079017_14_6,SPP_28079017_14_6.1,SAM_28079017_14_6,O3,http://dd.eionet.europa.eu/vocabulary/aq/pollutant/7,hour,17.2300000000,µg/m3,2017-09-18 05:00:00 +01:00,2017-09-18 06:00:00 +01:00,1,1
ES,ES.BDCA.AQD,NET_ES131A,STA_ES0125A,,SP_28079017_14_6,SPP_28079017_14_6.1,SAM_28079017_14_6,O3,http://dd.eionet.europa.eu/vocabulary/aq/pollutant/7,hour,30.2500000000,µg/m3,2017-09-18 06:00:00 +01:00,2017-09-18 07:00:00 +01:00,1,1
ES,ES.BDCA.AQD,NET_ES131A,STA_ES0125A,,SP_28079017_14_6,SPP_28079017_14_6.1,SAM_28079017_14_6,O3,http://dd.eionet.europa.eu/vocabulary/aq/pollutant/7,hour,25.8999999900,µg/m3,2017-09-18 07:00:00 +01:00,2017-09-18 08:00:00 +01:00,1,1
ES,ES.BDCA.AQD,NET_ES131A,STA_ES0125A,,SP_28079017_14_6,SPP_28079017_14_6.1,SAM_28079017_14_6,O3,http://dd.eionet.europa.eu/vocabulary/aq/pollutant/7,hour,19.1900000000,µg/m3,2017-09-18 08:00:00 +01:00,2017-09-18 09:00:00 +01:00,1,1
ES,ES.BDCA.AQD,NET_ES131A,STA_ES0125A,,SP_28079017_14_6,SPP_28079017_14_6.1,SAM_28079017_14_6,O3,http://dd.eionet.europa.eu/vocabulary/aq/pollutant/7,hour,51.6599999900,µg/m3,2017-09-18 09:00:00 +01:00,2017-09-18 10:00:00 +01:00,1,1
ES,ES.BDCA.AQD,NET_ES131A,STA_ES0125A,,SP_28079017_14_6,SPP_28079017_14_6.1,SAM_28079017_14_6,O3,http://dd.eionet.europa.eu/vocabulary/aq/pollutant/7,hour,56.7299999900,µg/m3,2017-09-18 10:00:00 +01:00,2017-09-18 11:00:00 +01:00,1,1
ES,ES.BDCA.AQD,NET_ES131A,STA_ES0125A,,SP_28079017_14_6,SPP_28079017_14_6.1,SAM_28079017_14_6,O3,http://dd.eionet.europa.eu/vocabulary/aq/pollutant/7,hour,56.8800000000,µg/m3,2017-09-18 11:00:00 +01:00,2017-09-18 12:00:00 +01:00,1,1
ES,ES.BDCA.AQD,NET_ES131A,STA_ES0125A,,SP_28079017_14_6,SPP_28079017_14_6.1,SAM_28079017_14_6,O3,http://dd.eionet.europa.eu/vocabulary/aq/pollutant/7,hour,65.5999999900,µg/m3,2017-09-18 12:00:00 +01:00,2017-09-18 13:00:00 +01:00,1,1
ES,ES.BDCA.AQD,NET_ES131A,STA_ES0125A,,SP_28079017_14_6,SPP_28079017_14_6.1,SAM_28079017_14_6,O3,http://dd.eionet.europa.eu/vocabulary/aq/pollutant/7,hour,72.0100000000,µg/m3,2017-09-18 13:00:00 +01:00,2017-09-18 14:00:00 +01:00,1,1
ES,ES.BDCA.AQD,NET_ES131A,STA_ES0125A,,SP_28079017_14_6,SPP_28079017_14_6.1,SAM_28079017_14_6,O3,http://dd.eionet.europa.eu/vocabulary/aq/pollutant/7,hour,80.7000000000,µg/m3,2017-09-18 14:00:00 +01:00,2017-09-18 15:00:00 +01:00,1,1
ES,ES.BDCA.AQD,NET_ES131A,STA_ES0125A,,SP_28079017_14_6,SPP_28079017_14_6.1,SAM_28079017_14_6,O3,http://dd.eionet.europa.eu/vocabulary/aq/pollutant/7,hour,82.8499999900,µg/m3,2017-09-18 15:00:00 +01:00,2017-09-18 16:00:00 +01:00,1,1
ES,ES.BDCA.AQD,NET_ES131A,STA_ES0125A,,SP_28079017_14_6,SPP_28079017_14_6.1,SAM_28079017_14_6,O3,http://dd.eionet.europa.eu/vocabulary/aq/pollutant/7,hour,84.9800000000,µg/m3,2017-09-18 16:00:00 +01:00,2017-09-18 17:00:00 +01:00,1,1
ES,ES.BDCA.AQD,NET_ES131A,STA_ES0125A,,SP_28079017_14_6,SPP_28079017_14_6.1,SAM_28079017_14_6,O3,http://dd.eionet.europa.eu/vocabulary/aq/pollutant/7,hour,76.3100000000,µg/m3,2017-09-18 17:00:00 +01:00,2017-09-18 18:00:00 +01:00,1,1
ES,ES.BDCA.AQD,NET_ES131A,STA_ES0125A,,SP_28079017_14_6,SPP_28079017_14_6.1,SAM_28079017_14_6,O3,http://dd.eionet.europa.eu/vocabulary/aq/pollutant/7,hour,66.3900000000,µg/m3,2017-09-18 18:00:00 +01:00,2017-09-18 19:00:00 +01:00,1,1
ES,ES.BDCA.AQD,NET_ES131A,STA_ES0125A,,SP_28079017_14_6,SPP_28079017_14_6.1,SAM_28079017_14_6,O3,http://dd.eionet.europa.eu/vocabulary/aq/pollutant/7,hour,48.9600000000,µg/m3,2017-09-18 19:00:00 +01:00,2017-09-18 20:00:00 +01:00,1,1
ES,ES.BDCA.AQD,NET_ES131A,STA_ES0125A,,SP_28079017_14_6,SPP_28079017_14_6.1,SAM_28079017_14_6,O3,http://dd.eionet.europa.eu/vocabulary/aq/pollutant/7,hour,33.0200000000,µg/m3,2017-09-18 20:00:00 +01:00,2017-09-18 21:00:00 +01:00,1,1
ES,ES.BDCA.AQD,NET_ES131A,STA_ES0125A,,SP_28079017_14_6,SPP_28079017_14_6.1,SAM_28079017_14_6,O3,http://dd.eionet.europa.eu/vocabulary/aq/pollutant/7,hour,11.5000000000,µg/m3,2017-09-18 21:00:00 +01:00,2017-09-18 22:00:00 +01:00,1,1
ES,ES.BDCA.AQD,NET_ES131A,STA_ES0125A,,SP_28079017_14_6,SPP_28079017_14_6.1,SAM_28079017_14_6,O3,http://dd.eionet.europa.eu/vocabulary/aq/pollutant/7,hour,1.3400000000,µg/m3,2017-09-18 22:00:00 +01:00,2017-09-18 23:00:00 +01:00,1,1
ES,ES.BDCA.AQD,NET_ES131A,STA_ES0125A,,SP_28079017_14_6,SPP_28079017_14_6.1,SAM_28079017_14_6,O3,http://dd.eionet.europa.eu/vocabulary/aq/pollutant/7,hour,1.5400000000,µg/m3,2017-09-18 23:00:00 +01:00,2017-09-19 00:00:00 +01:00,1,1
ES,ES.BDCA.AQD,NET_ES131A,STA_ES0125A,,SP_28079017_14_6,SPP_28079017_14_6.1,SAM_28079017_14_6,O3,http://dd.eionet.europa.eu/vocabulary/aq/pollutant/7,hour,1.3999999900,µg/m3,2017-09-19 00:00:00 +01:00,2017-09-19 01:00:00 +01:00,1,1
ES,ES.BDCA.AQD,NET_ES131A,STA_ES0125A,,SP_28079017_14_6,SPP_28079017_14_6.1,SAM_28079017_14_6,O3,http://dd.eionet.europa.eu/vocabulary/aq/pollutant/7,hour,1.4800000000,µg/m3,2017-09-19 01:00:00 +01:00,2017-09-19 02:00:00 +01:00,1,1
ES,ES.BDCA.AQD,NET_ES131A,STA_ES0125A,,SP_28079017_14_6,SPP_28079017_14_6.1,SAM_28079017_14_6,O3,http://dd.eionet.europa.eu/vocabulary/aq/pollutant/7,hour,2.0899999900,µg/m3,2017-09-19 02:00:00 +01:00,2017-09-19 03:00:00 +01:00,1,1
ES,ES.BDCA.AQD,NET_ES131A,STA_ES0125A,,SP_28079017_14_6,SPP_28079017_14_6.1,SAM_28079017_14_6,O3,http://dd.eionet.europa.eu/vocabulary/aq/pollutant/7,hour,1.3200000000,µg/m3,2017-09-19 03:00:00 +01:00,2017-09-19 04:00:00 +01:00,1,1
ES,ES.BDCA.AQD,NET_ES131A,STA_ES0125A,,SP_28079017_14_6,SPP_28079017_14_6.1,SAM_28079017_14_6,O3,http://dd.eionet.europa.eu/vocabulary/aq/pollutant/7,hour,1.7800000000,µg/m3,2017-09-19 04:00:00 +01:00,2017-09-19 05:00:00 +01:00,1,1
ES,ES.BDCA.AQD,NET_ES131A,STA_ES0125A,,SP_28079017_14_6,SPP_28079017_14_6.1,SAM_28079017_14_6,O3,http://dd.eionet.europa.eu/vocabulary/aq/pollutant/7,hour,1.6699999900,µg/m3,2017-09-19 05:00:00 +01:00,2017-09-19 06:00:00 +01:00,1,1
ES,ES.BDCA.AQD,NET_ES131A,STA_ES0125A,,SP_28079017_14_6,SPP_28079017_14_6.1,SAM_28079017_14_6,O3,http://dd.eionet.europa.eu/vocabulary/aq/pollutant/7,hour,1.4099999900,µg/m3,2017-09-19 06:00:00 +01:00,2017-09-19 07:00:00 +01:00,1,1
ES,ES.BDCA.AQD,NET_ES131A,STA_ES0125A,,SP_28079017_14_6,SPP_28079017_14_6.1,SAM_28079017_14_6,O3,http://dd.eionet.europa.eu/vocabulary/aq/pollutant/7,hour,1.8000000000,µg/m3,2017-09-19 07:00:00 +01:00,2017-09-19 08:00:00 +01:00,1,1
ES,ES.BDCA.AQD,NET_ES131A,STA_ES0125A,,SP_28079017_14_6,SPP_28079017_14_6.1,SAM_28079017_14_6,O3,http://dd.eionet.europa.eu/vocabulary/aq/pollutant/7,hour,4.7800000000,µg/m3,2017-09-19 08:00:00 +01:00,2017-09-19 09:00:00 +01:00,1,1
ES,ES.BDCA.AQD,NET_ES131A,STA_ES0125A,,SP_28079017_14_6,SPP_28079017_14_6.1,SAM_28079017_14_6,O3,http://dd.eionet.europa.eu/vocabulary/aq/pollutant/7,hour,11.1300000000,µg/m3,2017-09-19 09:00:00 +01:00,2017-09-19 10:00:00 +01:00,1,1
ES,ES.BDCA.AQD,NET_ES131A,STA_ES0125A,,SP_28079017_14_6,SPP_28079017_14_6.1,SAM_28079017_14_6,O3,http://dd.eionet.europa.eu/vocabulary/aq/pollutant/7,hour,36.5499999900,µg/m3,2017-09-19 10:00:00 +01:00,2017-09-19 11:00:00 +01:00,1,1
ES,ES.BDCA.AQD,NET_ES131A,STA_ES0125A,,SP_28079017_14_6,SPP_28079017_14_6.1,SAM_28079017_14_6,O3,http://dd.eionet.europa.eu/vocabulary/aq/pollutant/7,hour,52.2999999900,µg/m3,2017-09-19 11:00:00 +01:00,2017-09-19 12:00:00 +01:00,1,1
ES,ES.BDCA.AQD,NET_ES131A,STA_ES0125A,,SP_28079017_14_6,SPP_28079017_14_6.1,SAM_28079017_14_6,O3,http://dd.eionet.europa.eu/vocabulary/aq/pollutant/7,hour,62.5300000000,µg/m3,2017-09-19 12:00:00 +01:00,2017-09-19 13:00:00 +01:00,1,1
ES,ES.BDCA.AQD,NET_ES131A,STA_ES0125A,,SP_28079017_14_6,SPP_28079017_14_6.1,SAM_28079017_14_6,O3,http://dd.eionet.europa.eu/vocabulary/aq/pollutant/7,hour,66.4399999900,µg/m3,2017-09-19 13:00:00 +01:00,2017-09-19 14:00:00 +01:00,1,1
ES,ES.BDCA.AQD,NET_ES131A,STA_ES0125A,,SP_28079017_14_6,SPP_28079017_14_6.1,SAM_28079017_14_6,O3,http://dd.eionet.europa.eu/vocabulary/aq/pollutant/7,hour,76.3400000000,µg/m3,2017-09-19 14:00:00 +01:00,2017-09-19 15:00:00 +01:00,1,1
ES,ES.BDCA.AQD,NET_ES131A,STA_ES0125A,,SP_28079017_14_6,SPP_28079017_14_6.1,SAM_28079017_14_6,O3,http://dd.eionet.europa.eu/vocabulary/aq/pollutant/7,hour,95.4800000000,µg/m3,2017-09-19 15:00:00 +01:00,2017-09-19 16:00:00 +01:00,1,1
ES,ES.BDCA.AQD,NET_ES131A,STA_ES0125A,,SP_28079017_14_6,SPP_28079017_14_6.1,SAM_28079017_14_6,O3,http://dd.eionet.europa.eu/vocabulary/aq/pollutant/7,hour,94.3100000000,µg/m3,2017-09-19 16:00:00 +01:00,2017-09-19 17:00:00 +01:00,1,1
ES,ES.BDCA.AQD,NET_ES131A,STA_ES0125A,,SP_28079017_14_6,SPP_28079017_14_6.1,SAM_28079017_14_6,O3,http://dd.eionet.europa.eu/vocabulary/aq/pollutant/7,hour,88.7600000000,µg/m3,2017-09-19 17:00:00 +01:00,2017-09-19 18:00:00 +01:00,1,1
ES,ES.BDCA.AQD,NET_ES131A,STA_ES0125A,,SP_28079017_14_6,SPP_28079017_14_6.1,SAM_28079017_14_6,O3,http://dd.eionet.europa.eu/vocabulary/aq/pollutant/7,hour,74.5499999900,µg/m3,2017-09-19 18:00:00 +01:00,2017-09-19 19:00:00 +01:00,1,1
ES,ES.BDCA.AQD,NET_ES131A,STA_ES0125A,,SP_28079017_14_6,SPP_28079017_14_6.1,SAM_28079017_14_6,O3,http://dd.eionet.europa.eu/vocabulary/aq/pollutant/7,hour,47.4699999900,µg/m3,2017-09-19 19:00:00 +01:00,2017-09-19 20:00:00 +01:00,1,1
ES,ES.BDCA.AQD,NET_ES131A,STA_ES0125A,,SP_28079017_14_6,SPP_28079017_14_6.1,SAM_28079017_14_6,O3,http://dd.eionet.europa.eu/vocabulary/aq/pollutant/7,hour,12.8100000000,µg/m3,2017-09-19 20:00:00 +01:00,2017-09-19 21:00:00 +01:00,1,1
ES,ES.BDCA.AQD,NET_ES131A,STA_ES0125A,,SP_28079017_14_6,SPP_28079017_14_6.1,SAM_28079017_14_6,O3,http://dd.eionet.europa.eu/vocabulary/aq/pollutant/7,hour,1.7800000000,µg/m3,2017-09-19 21:00:00 +01:00,2017-09-19 22:00:00 +01:00,1,1
ES,ES.BDCA.AQD,NET_ES131A,STA_ES0125A,,SP_28079017_14_6,SPP_28079017_14_6.1,SAM_28079017_14_6,O3,http://dd.eionet.europa.eu/vocabulary/aq/pollutant/7,hour,1.4700000000,µg/m3,2017-09-19 22:00:00 +01:00,2017-09-19 23:00:00 +01:00,1,1
ES,ES.BDCA.AQD,NET_ES131A,STA_ES0125A,,SP_28079017_14_6,SPP_28079017_14_6.1,SAM_28079017_14_6,O3,http://dd.eionet.europa.eu/vocabulary/aq/pollutant/7,hour,1.3400000000,µg/m3,2017-09-19 23:00:00 +01:00,2017-09-20 00:00:00 +01:00,1,1
ES,ES.BDCA.AQD,NET_ES131A,STA_ES0125A,,SP_28079017_14_6,SPP_28079017_14_6.1,SAM_28079017_14_6,O3,http://dd.eionet.europa.eu/vocabulary/aq/pollutant/7,hour,5.1399999900,µg/m3,2017-09-20 00:00:00 +01:00,2017-09-20 01:00:00 +01:00,1,1
ES,ES.BDCA.AQD,NET_ES131A,STA_ES0125A,,SP_28079017_14_6,SPP_28079017_14_6.1,SAM_28079017_14_6,O3,http://dd.eionet.europa.eu/vocabulary/aq/pollutant/7,hour,21.0900000000,µg/m3,2017-09-20 01:00:00 +01:00,2017-09-20 02:00:00 +01:00,1,1
ES,ES.BDCA.AQD,NET_ES131A,STA_ES0125A,,SP_28079017_14_6,SPP_28079017_14_6.1,SAM_28079017_14_6,O3,http://dd.eionet.europa.eu/vocabulary/aq/pollutant/7,hour,10.7500000000,µg/m3,2017-09-20 02:00:00 +01:00,2017-09-20 03:00:00 +01:00,1,1
ES,ES.BDCA.AQD,NET_ES131A,STA_ES0125A,,SP_28079017_14_6,SPP_28079017_14_6.1,SAM_28079017_14_6,O3,http://dd.eionet.europa.eu/vocabulary/aq/pollutant/7,hour,22.0599999900,µg/m3,2017-09-20 03:00:00 +01:00,2017-09-20 04:00:00 +01:00,1,1
ES,ES.BDCA.AQD,NET_ES131A,STA_ES0125A,,SP_28079017_14_6,SPP_28079017_14_6.1,SAM_28079017_14_6,O3,http://dd.eionet.europa.eu/vocabulary/aq/pollutant/7,hour,7.7300000000,µg/m3,2017-09-20 04:00:00 +01:00,2017-09-20 05:00:00 +01:00,1,1
ES,ES.BDCA.AQD,NET_ES131A,STA_ES0125A,,SP_28079017_14_6,SPP_28079017_14_6.1,SAM_28079017_14_6,O3,http://dd.eionet.europa.eu/vocabulary/aq/pollutant/7,hour,1.5700000000,µg/m3,2017-09-20 05:00:00 +01:00,2017-09-20 06:00:00 +01:00,1,1
ES,ES.BDCA.AQD,NET_ES131A,STA_ES0125A,,SP_28079017_14_6,SPP_28079017_14_6.1,SAM_28079017_14_6,O3,http://dd.eionet.europa.eu/vocabulary/aq/pollutant/7,hour,0.9900000000,µg/m3,2017-09-20 06:00:00 +01:00,2017-09-20 07:00:00 +01:00,1,1
ES,ES.BDCA.AQD,NET_ES131A,STA_ES0125A,,SP_28079017_14_6,SPP_28079017_14_6.1,SAM_28079017_14_6,O3,http://dd.eionet.europa.eu/vocabulary/aq/pollutant/7,hour,1.4499999900,µg/m3,2017-09-20 07:00:00 +01:00,2017-09-20 08:00:00 +01:00,1,1
ES,ES.BDCA.AQD,NET_ES131A,STA_ES0125A,,SP_28079017_14_6,SPP_28079017_14_6.1,SAM_28079017_14_6,O3,http://dd.eionet.europa.eu/vocabulary/aq/pollutant/7,hour,4.3700000000,µg/m3,2017-09-20 08:00:00 +01:00,2017-09-20 09:00:00 +01:00,1,1
ES,ES.BDCA.AQD,NET_ES131A,STA_ES0125A,,SP_28079017_14_6,SPP_28079017_14_6.1,SAM_28079017_14_6,O3,http://dd.eionet.europa.eu/vocabulary/aq/pollutant/7,hour,20.5799999900,µg/m3,2017-09-20 09:00:00 +01:00,2017-09-20 10:00:00 +01:00,1,1
ES,ES.BDCA.AQD,NET_ES131A,STA_ES0125A,,SP_28079017_14_6,SPP_28079017_14_6.1,SAM_28079017_14_6,O3,http://dd.eionet.europa.eu/vocabulary/aq/pollutant/7,hour,34.4500000000,µg/m3,2017-09-20 10:00:00 +01:00,2017-09-20 11:00:00 +01:00,1,1
ES,ES.BDCA.AQD,NET_ES131A,STA_ES0125A,,SP_28079017_14_6,SPP_28079017_14_6.1,SAM_28079017_14_6,O3,http://dd.eionet.europa.eu/vocabulary/aq/pollutant/7,hour,50.2999999900,µg/m3,2017-09-20 11:00:00 +01:00,2017-09-20 12:00:00 +01:00,1,1
ES,ES.BDCA.AQD,NET_ES131A,STA_ES0125A,,SP_28079017_14_6,SPP_28079017_14_6.1,SAM_28079017_14_6,O3,http://dd.eionet.europa.eu/vocabulary/aq/pollutant/7,hour,65.3700000000,µg/m3,2017-09-20 12:00:00 +01:00,2017-09-20 13:00:00 +01:00,1,1
ES,ES.BDCA.AQD,NET_ES131A,STA_ES0125A,,SP_28079017_14_6,SPP_28079017_14_6.1,SAM_28079017_14_6,O3,http://dd.eionet.europa.eu/vocabulary/aq/pollutant/7,hour,77.8199999900,µg/m3,2017-09-20 13:00:00 +01:00,2017-09-20 14:00:00 +01:00,1,1
ES,ES.BDCA.AQD,NET_ES131A,STA_ES0125A,,SP_28079017_14_6,SPP_28079017_14_6.1,SAM_28079017_14_6,O3,http://dd.eionet.europa.eu/vocabulary/aq/pollutant/7,hour,89.6099999900,µg/m3,2017-09-20 14:00:00 +01:00,2017-09-20 15:00:00 +01:00,1,1
ES,ES.BDCA.AQD,NET_ES131A,STA_ES0125A,,SP_28079017_14_6,SPP_28079017_14_6.1,SAM_28079017_14_6,O3,http://dd.eionet.europa.eu/vocabulary/aq/pollutant/7,hour,97.7500000000,µg/m3,2017-09-20 15:00:00 +01:00,2017-09-20 16:00:00 +01:00,1,1
ES,ES.BDCA.AQD,NET_ES131A,STA_ES0125A,,SP_28079017_14_6,SPP_28079017_14_6.1,SAM_28079017_14_6,O3,http://dd.eionet.europa.eu/vocabulary/aq/pollutant/7,hour,105.7000000000,µg/m3,2017-09-20 16:00:00 +01:00,2017-09-20 17:00:00 +01:00,1,1
ES,ES.BDCA.AQD,NET_ES131A,STA_ES0125A,,SP_28079017_14_6,SPP_28079017_14_6.1,SAM_28079017_14_6,O3,http://dd.eionet.europa.eu/vocabulary/aq/pollutant/7,hour,98.5699999900,µg/m3,2017-09-20 17:00:00 +01:00,2017-09-20 18:00:00 +01:00,1,1
ES,ES.BDCA.AQD,NET_ES131A,STA_ES0125A,,SP_28079017_14_6,SPP_28079017_14_6.1,SAM_28079017_14_6,O3,http://dd.eionet.europa.eu/vocabulary/aq/pollutant/7,hour,67.8299999900,µg/m3,2017-09-20 18:00:00 +01:00,2017-09-20 19:00:00 +01:00,1,1
ES,ES.BDCA.AQD,NET_ES131A,STA_ES0125A,,SP_28079017_14_6,SPP_28079017_14_6.1,SAM_28079017_14_6,O3,http://dd.eionet.europa.eu/vocabulary/aq/pollutant/7,hour,9.9700000000,µg/m3,2017-09-20 19:00:00 +01:00,2017-09-20 20:00:00 +01:00,1,1
ES,ES.BDCA.AQD,NET_ES131A,STA_ES0125A,,SP_28079017_14_6,SPP_28079017_14_6.1,SAM_28079017_14_6,O3,http://dd.eionet.europa.eu/vocabulary/aq/pollutant/7,hour,1.6599999900,µg/m3,2017-09-20 20:00:00 +01:00,2017-09-20 21:00:00 +01:00,1,1
ES,ES.BDCA.AQD,NET_ES131A,STA_ES0125A,,SP_28079017_14_6,SPP_28079017_14_6.1,SAM_28079017_14_6,O3,http://dd.eionet.europa.eu/vocabulary/aq/pollutant/7,hour,1.8100000000,µg/m3,2017-09-20 21:00:00 +01:00,2017-09-20 22:00:00 +01:00,1,1
ES,ES.BDCA.AQD,NET_ES131A,STA_ES0125A,,SP_28079017_14_6,SPP_28079017_14_6.1,SAM_28079017_14_6,O3,http://dd.eionet.europa.eu/vocabulary/aq/pollutant/7,hour,1.8100000000,µg/m3,2017-09-20 22:00:00 +01:00,2017-09-20 23:00:00 +01:00,1,1
ES,ES.BDCA.AQD,NET_ES131A,STA_ES0125A,,SP_28079017_14_6,SPP_28079017_14_6.1,SAM_28079017_14_6,O3,http://dd.eionet.europa.eu/vocabulary/aq/pollutant/7,hour,1.4199999900,µg/m3,2017-09-20 23:00:00 +01:00,2017-09-21 00:00:00 +01:00,1,1
ES,ES.BDCA.AQD,NET_ES131A,STA_ES0125A,,SP_28079017_14_6,SPP_28079017_14_6.1,SAM_28079017_14_6,O3,http://dd.eionet.europa.eu/vocabulary/aq/pollutant/7,hour,1.2900000000,µg/m3,2017-09-21 00:00:00 +01:00,2017-09-21 01:00:00 +01:00,1,1
ES,ES.BDCA.AQD,NET_ES131A,STA_ES0125A,,SP_28079017_14_6,SPP_28079017_14_6.1,SAM_28079017_14_6,O3,http://dd.eionet.europa.eu/vocabulary/aq/pollutant/7,hour,1.4099999900,µg/m3,2017-09-21 01:00:00 +01:00,2017-09-21 02:00:00 +01:00,1,1
ES,ES.BDCA.AQD,NET_ES131A,STA_ES0125A,,SP_28079017_14_6,SPP_28079017_14_6.1,SAM_28079017_14_6,O3,http://dd.eionet.europa.eu/vocabulary/aq/pollutant/7,hour,1.1899999900,µg/m3,2017-09-21 02:00:00 +01:00,2017-09-21 03:00:00 +01:00,1,1
ES,ES.BDCA.AQD,NET_ES131A,STA_ES0125A,,SP_28079017_14_6,SPP_28079017_14_6.1,SAM_28079017_14_6,O3,http://dd.eionet.europa.eu/vocabulary/aq/pollutant/7,hour,1.1200000000,µg/m3,2017-09-21 03:00:00 +01:00,2017-09-21 04:00:00 +01:00,1,1
ES,ES.BDCA.AQD,NET_ES131A,STA_ES0125A,,SP_28079017_14_6,SPP_28079017_14_6.1,SAM_28079017_14_6,O3,http://dd.eionet.europa.eu/vocabulary/aq/pollutant/7,hour,1.0100000000,µg/m3,2017-09-21 04:00:00 +01:00,2017-09-21 05:00:00 +01:00,1,1
ES,ES.BDCA.AQD,NET_ES131A,STA_ES0125A,,SP_28079017_14_6,SPP_28079017_14_6.1,SAM_28079017_14_6,O3,http://dd.eionet.europa.eu/vocabulary/aq/pollutant/7,hour,1.0800000000,µg/m3,2017-09-21 05:00:00 +01:00,2017-09-21 06:00:00 +01:00,1,1
ES,ES.BDCA.AQD,NET_ES131A,STA_ES0125A,,SP_28079017_14_6,SPP_28079017_14_6.1,SAM_28079017_14_6,O3,http://dd.eionet.europa.eu/vocabulary/aq/pollutant/7,hour,1.2700000000,µg/m3,2017-09-21 06:00:00 +01:00,2017-09-21 07:00:00 +01:00,1,1
ES,ES.BDCA.AQD,NET_ES131A,STA_ES0125A,,SP_28079017_14_6,SPP_28079017_14_6.1,SAM_28079017_14_6,O3,http://dd.eionet.europa.eu/vocabulary/aq/pollutant/7,hour,1.4800000000,µg/m3,2017-09-21 07:00:00 +01:00,2017-09-21 08:00:00 +01:00,1,1
ES,ES.BDCA.AQD,NET_ES131A,STA_ES0125A,,SP_28079017_14_6,SPP_28079017_14_6.1,SAM_28079017_14_6,O3,http://dd.eionet.europa.eu/vocabulary/aq/pollutant/7,hour,1.7200000000,µg/m3,2017-09-21 08:00:00 +01:00,2017-09-21 09:00:00 +01:00,1,1
ES,ES.BDCA.AQD,NET_ES131A,STA_ES0125A,,SP_28079017_14_6,SPP_28079017_14_6.1,SAM_28079017_14_6,O3,http://dd.eionet.europa.eu/vocabulary/aq/pollutant/7,hour,14.7400000000,µg/m3,2017-09-21 09:00:00 +01:00,2017-09-21 10:00:00 +01:00,1,1
ES,ES.BDCA.AQD,NET_ES131A,STA_ES0125A,,SP_28079017_14_6,SPP_28079017_14_6.1,SAM_28079017_14_6,O3,http://dd.eionet.europa.eu/vocabulary/aq/pollutant/7,hour,42.9399999900,µg/m3,2017-09-21 10:00:00 +01:00,2017-09-21 11:00:00 +01:00,1,1
ES,ES.BDCA.AQD,NET_ES131A,STA_ES0125A,,SP_28079017_14_6,SPP_28079017_14_6.1,SAM_28079017_14_6,O3,http://dd.eionet.europa.eu/vocabulary/aq/pollutant/7,hour,50.3599999900,µg/m3,2017-09-21 11:00:00 +01:00,2017-09-21 12:00:00 +01:00,1,1
ES,ES.BDCA.AQD,NET_ES131A,STA_ES0125A,,SP_28079017_14_6,SPP_28079017_14_6.1,SAM_28079017_14_6,O3,http://dd.eionet.europa.eu/vocabulary/aq/pollutant/7,hour,66.3799999900,µg/m3,2017-09-21 12:00:00 +01:00,2017-09-21 13:00:00 +01:00,1,1
ES,ES.BDCA.AQD,NET_ES131A,STA_ES0125A,,SP_28079017_14_6,SPP_28079017_14_6.1,SAM_28079017_14_6,O3,http://dd.eionet.europa.eu/vocabulary/aq/pollutant/7,hour,82.0900000000,µg/m3,2017-09-21 13:00:00 +01:00,2017-09-21 14:00:00 +01:00,1,1
ES,ES.BDCA.AQD,NET_ES131A,STA_ES0125A,,SP_28079017_14_6,SPP_28079017_14_6.1,SAM_28079017_14_6,O3,http://dd.eionet.europa.eu/vocabulary/aq/pollutant/7,hour,101.9000000000,µg/m3,2017-09-21 14:00:00 +01:00,2017-09-21 15:00:00 +01:00,1,1
ES,ES.BDCA.AQD,NET_ES131A,STA_ES0125A,,SP_28079017_14_6,SPP_28079017_14_6.1,SAM_28079017_14_6,O3,http://dd.eionet.europa.eu/vocabulary/aq/pollutant/7,hour,113.5000000000,µg/m3,2017-09-21 15:00:00 +01:00,2017-09-21 16:00:00 +01:00,1,1
ES,ES.BDCA.AQD,NET_ES131A,STA_ES0125A,,SP_28079017_14_6,SPP_28079017_14_6.1,SAM_28079017_14_6,O3,http://dd.eionet.europa.eu/vocabulary/aq/pollutant/7,hour,110.2000000000,µg/m3,2017-09-21 16:00:00 +01:00,2017-09-21 17:00:00 +01:00,1,1
ES,ES.BDCA.AQD,NET_ES131A,STA_ES0125A,,SP_28079017_14_6,SPP_28079017_14_6.1,SAM_28079017_14_6,O3,http://dd.eionet.europa.eu/vocabulary/aq/pollutant/7,hour,102.5000000000,µg/m3,2017-09-21 17:00:00 +01:00,2017-09-21 18:00:00 +01:00,1,1
ES,ES.BDCA.AQD,NET_ES131A,STA_ES0125A,,SP_28079017_14_6,SPP_28079017_14_6.1,SAM_28079017_14_6,O3,http://dd.eionet.europa.eu/vocabulary/aq/pollutant/7,hour,65.2399999900,µg/m3,2017-09-21 18:00:00 +01:00,2017-09-21 19:00:00 +01:00,1,1
ES,ES.BDCA.AQD,NET_ES131A,STA_ES0125A,,SP_28079017_14_6,SPP_28079017_14_6.1,SAM_28079017_14_6,O3,http://dd.eionet.europa.eu/vocabulary/aq/pollutant/7,hour,29.0700000000,µg/m3,2017-09-21 19:00:00 +01:00,2017-09-21 20:00:00 +01:00,1,1
ES,ES.BDCA.AQD,NET_ES131A,STA_ES0125A,,SP_28079017_14_6,SPP_28079017_14_6.1,SAM_28079017_14_6,O3,http://dd.eionet.europa.eu/vocabulary/aq/pollutant/7,hour,3.6699999900,µg/m3,2017-09-21 20:00:00 +01:00,2017-09-21 21:00:00 +01:00,1,1
ES,ES.BDCA.AQD,NET_ES131A,STA_ES0125A,,SP_28079017_14_6,SPP_28079017_14_6.1,SAM_28079017_14_6,O3,http://dd.eionet.europa.eu/vocabulary/aq/pollutant/7,hour,34.5799999900,µg/m3,2017-09-21 21:00:00 +01:00,2017-09-21 22:00:00 +01:00,1,1
ES,ES.BDCA.AQD,NET_ES131A,STA_ES0125A,,SP_28079017_14_6,SPP_28079017_14_6.1,SAM_28079017_14_6,O3,http://dd.eionet.europa.eu/vocabulary/aq/pollutant/7,hour,24.6800000000,µg/m3,2017-09-21 22:00:00 +01:00,2017-09-21 23:00:00 +01:00,1,1
ES,ES.BDCA.AQD,NET_ES131A,STA_ES0125A,,SP_28079017_14_6,SPP_28079017_14_6.1,SAM_28079017_14_6,O3,http://dd.eionet.europa.eu/vocabulary/aq/pollutant/7,hour,8.0299999900,µg/m3,2017-09-21 23:00:00 +01:00,2017-09-22 00:00:00 +01:00,1,1
ES,ES.BDCA.AQD,NET_ES131A,STA_ES0125A,,SP_28079017_14_6,SPP_28079017_14_6.1,SAM_28079017_14_6,O3,http://dd.eionet.europa.eu/vocabulary/aq/pollutant/7,hour,9.7100000000,µg/m3,2017-09-22 00:00:00 +01:00,2017-09-22 01:00:00 +01:00,1,1
ES,ES.BDCA.AQD,NET_ES131A,STA_ES0125A,,SP_28079017_14_6,SPP_28079017_14_6.1,SAM_28079017_14_6,O3,http://dd.eionet.europa.eu/vocabulary/aq/pollutant/7,hour,10.8300000000,µg/m3,2017-09-22 01:00:00 +01:00,2017-09-22 02:00:00 +01:00,1,1
ES,ES.BDCA.AQD,NET_ES131A,STA_ES0125A,,SP_28079017_14_6,SPP_28079017_14_6.1,SAM_28079017_14_6,O3,http://dd.eionet.europa.eu/vocabulary/aq/pollutant/7,hour,26.8200000000,µg/m3,2017-09-22 02:00:00 +01:00,2017-09-22 03:00:00 +01:00,1,1
ES,ES.BDCA.AQD,NET_ES131A,STA_ES0125A,,SP_28079017_14_6,SPP_28079017_14_6.1,SAM_28079017_14_6,O3,http://dd.eionet.europa.eu/vocabulary/aq/pollutant/7,hour,37.9300000000,µg/m3,2017-09-22 03:00:00 +01:00,2017-09-22 04:00:00 +01:00,1,1
ES,ES.BDCA.AQD,NET_ES131A,STA_ES0125A,,SP_28079017_14_6,SPP_28079017_14_6.1,SAM_28079017_14_6,O3,http://dd.eionet.europa.eu/vocabulary/aq/pollutant/7,hour,29.8000000000,µg/m3,2017-09-22 04:00:00 +01:00,2017-09-22 05:00:00 +01:00,1,1
ES,ES.BDCA.AQD,NET_ES131A,STA_ES0125A,,SP_28079017_14_6,SPP_28079017_14_6.1,SAM_28079017_14_6,O3,http://dd.eionet.europa.eu/vocabulary/aq/pollutant/7,hour,10.4600000000,µg/m3,2017-09-22 05:00:00 +01:00,2017-09-22 06:00:00 +01:00,1,1
ES,ES.BDCA.AQD,NET_ES131A,STA_ES0125A,,SP_28079017_14_6,SPP_28079017_14_6.1,SAM_28079017_14_6,O3,http://dd.eionet.europa.eu/vocabulary/aq/pollutant/7,hour,12.8300000000,µg/m3,2017-09-22 06:00:00 +01:00,2017-09-22 07:00:00 +01:00,1,1
ES,ES.BDCA.AQD,NET_ES131A,STA_ES0125A,,SP_28079017_14_6,SPP_28079017_14_6.1,SAM_28079017_14_6,O3,http://dd.eionet.europa.eu/vocabulary/aq/pollutant/7,hour,8.7599999900,µg/m3,2017-09-22 07:00:00 +01:00,2017-09-22 08:00:00 +01:00,1,1
ES,ES.BDCA.AQD,NET_ES131A,STA_ES0125A,,SP_28079017_14_6,SPP_28079017_14_6.1,SAM_28079017_14_6,O3,http://dd.eionet.europa.eu/vocabulary/aq/pollutant/7,hour,11.9200000000,µg/m3,2017-09-22 08:00:00 +01:00,2017-09-22 09:00:00 +01:00,1,1
ES,ES.BDCA.AQD,NET_ES131A,STA_ES0125A,,SP_28079017_14_6,SPP_28079017_14_6.1,SAM_28079017_14_6,O3,http://dd.eionet.europa.eu/vocabulary/aq/pollutant/7,hour,52.5900000000,µg/m3,2017-09-22 09:00:00 +01:00,2017-09-22 10:00:00 +01:00,1,1
ES,ES.BDCA.AQD,NET_ES131A,STA_ES0125A,,SP_28079017_14_6,SPP_28079017_14_6.1,SAM_28079017_14_6,O3,http://dd.eionet.europa.eu/vocabulary/aq/pollutant/7,hour,66.9000000000,µg/m3,2017-09-22 10:00:00 +01:00,2017-09-22 11:00:00 +01:00,1,1
ES,ES.BDCA.AQD,NET_ES131A,STA_ES0125A,,SP_28079017_14_6,SPP_28079017_14_6.1,SAM_28079017_14_6,O3,http://dd.eionet.europa.eu/vocabulary/aq/pollutant/7,hour,77.0999999900,µg/m3,2017-09-22 11:00:00 +01:00,2017-09-22 12:00:00 +01:00,1,1
ES,ES.BDCA.AQD,NET_ES131A,STA_ES0125A,,SP_28079017_14_6,SPP_28079017_14_6.1,SAM_28079017_14_6,O3,http://dd.eionet.europa.eu/vocabulary/aq/pollutant/7,hour,90.2399999900,µg/m3,2017-09-22 12:00:00 +01:00,2017-09-22 13:00:00 +01:00,1,1
ES,ES.BDCA.AQD,NET_ES131A,STA_ES0125A,,SP_28079017_14_6,SPP_28079017_14_6.1,SAM_28079017_14_6,O3,http://dd.eionet.europa.eu/vocabulary/aq/pollutant/7,hour,101.4000000000,µg/m3,2017-09-22 13:00:00 +01:00,2017-09-22 14:00:00 +01:00,1,1
ES,ES.BDCA.AQD,NET_ES131A,STA_ES0125A,,SP_28079017_14_6,SPP_28079017_14_6.1,SAM_28079017_14_6,O3,http://dd.eionet.europa.eu/vocabulary/aq/pollutant/7,hour,110.7000000000,µg/m3,2017-09-22 14:00:00 +01:00,2017-09-22 15:00:00 +01:00,1,1
ES,ES.BDCA.AQD,NET_ES131A,STA_ES0125A,,SP_28079017_14_6,SPP_28079017_14_6.1,SAM_28079017_14_6,O3,http://dd.eionet.europa.eu/vocabulary/aq/pollutant/7,hour,114.0000000000,µg/m3,2017-09-22 15:00:00 +01:00,2017-09-22 16:00:00 +01:00,1,1
ES,ES.BDCA.AQD,NET_ES131A,STA_ES0125A,,SP_28079017_14_6,SPP_28079017_14_6.1,SAM_28079017_14_6,O3,http://dd.eionet.europa.eu/vocabulary/aq/pollutant/7,hour,113.4000000000,µg/m3,2017-09-22 16:00:00 +01:00,2017-09-22 17:00:00 +01:00,1,1
ES,ES.BDCA.AQD,NET_ES131A,STA_ES0125A,,SP_28079017_14_6,SPP_28079017_14_6.1,SAM_28079017_14_6,O3,http://dd.eionet.europa.eu/vocabulary/aq/pollutant/7,hour,105.4000000000,µg/m3,2017-09-22 17:00:00 +01:00,2017-09-22 18:00:00 +01:00,1,1
ES,ES.BDCA.AQD,NET_ES131A,STA_ES0125A,,SP_28079017_14_6,SPP_28079017_14_6.1,SAM_28079017_14_6,O3,http://dd.eionet.europa.eu/vocabulary/aq/pollutant/7,hour,90.5799999900,µg/m3,2017-09-22 18:00:00 +01:00,2017-09-22 19:00:00 +01:00,1,1
ES,ES.BDCA.AQD,NET_ES131A,STA_ES0125A,,SP_28079017_14_6,SPP_28079017_14_6.1,SAM_28079017_14_6,O3,http://dd.eionet.europa.eu/vocabulary/aq/pollutant/7,hour,78.3100000000,µg/m3,2017-09-22 19:00:00 +01:00,2017-09-22 20:00:00 +01:00,1,1
ES,ES.BDCA.AQD,NET_ES131A,STA_ES0125A,,SP_28079017_14_6,SPP_28079017_14_6.1,SAM_28079017_14_6,O3,http://dd.eionet.europa.eu/vocabulary/aq/pollutant/7,hour,51.8299999900,µg/m3,2017-09-22 20:00:00 +01:00,2017-09-22 21:00:00 +01:00,1,1
ES,ES.BDCA.AQD,NET_ES131A,STA_ES0125A,,SP_28079017_14_6,SPP_28079017_14_6.1,SAM_28079017_14_6,O3,http://dd.eionet.europa.eu/vocabulary/aq/pollutant/7,hour,50.6700000000,µg/m3,2017-09-22 21:00:00 +01:00,2017-09-22 22:00:00 +01:00,1,1
ES,ES.BDCA.AQD,NET_ES131A,STA_ES0125A,,SP_28079017_14_6,SPP_28079017_14_6.1,SAM_28079017_14_6,O3,http://dd.eionet.europa.eu/vocabulary/aq/pollutant/7,hour,58.8599999900,µg/m3,2017-09-22 22:00:00 +01:00,2017-09-22 23:00:00 +01:00,1,1
ES,ES.BDCA.AQD,NET_ES131A,STA_ES0125A,,SP_28079017_14_6,SPP_28079017_14_6.1,SAM_28079017_14_6,O3,http://dd.eionet.europa.eu/vocabulary/aq/pollutant/7,hour,78.6800000000,µg/m3,2017-09-22 23:00:00 +01:00,2017-09-23 00:00:00 +01:00,1,1
ES,ES.BDCA.AQD,NET_ES131A,STA_ES0125A,,SP_28079017_14_6,SPP_28079017_14_6.1,SAM_28079017_14_6,O3,http://dd.eionet.europa.eu/vocabulary/aq/pollutant/7,hour,84.0999999900,µg/m3,2017-09-23 00:00:00 +01:00,2017-09-23 01:00:00 +01:00,1,1
ES,ES.BDCA.AQD,NET_ES131A,STA_ES0125A,,SP_28079017_14_6,SPP_28079017_14_6.1,SAM_28079017_14_6,O3,http://dd.eionet.europa.eu/vocabulary/aq/pollutant/7,hour,73.9800000000,µg/m3,2017-09-23 01:00:00 +01:00,2017-09-23 02:00:00 +01:00,1,1
ES,ES.BDCA.AQD,NET_ES131A,STA_ES0125A,,SP_28079017_14_6,SPP_28079017_14_6.1,SAM_28079017_14_6,O3,http://dd.eionet.europa.eu/vocabulary/aq/pollutant/7,hour,67.2500000000,µg/m3,2017-09-23 02:00:00 +01:00,2017-09-23 03:00:00 +01:00,1,1
ES,ES.BDCA.AQD,NET_ES131A,STA_ES0125A,,SP_28079017_14_6,SPP_28079017_14_6.1,SAM_28079017_14_6,O3,http://dd.eionet.europa.eu/vocabulary/aq/pollutant/7,hour,62.2500000000,µg/m3,2017-09-23 03:00:00 +01:00,2017-09-23 04:00:00 +01:00,1,1
ES,ES.BDCA.AQD,NET_ES131A,STA_ES0125A,,SP_28079017_14_6,SPP_28079017_14_6.1,SAM_28079017_14_6,O3,http://dd.eionet.europa.eu/vocabulary/aq/pollutant/7,hour,51.8599999900,µg/m3,2017-09-23 04:00:00 +01:00,2017-09-23 05:00:00 +01:00,1,1
ES,ES.BDCA.AQD,NET_ES131A,STA_ES0125A,,SP_28079017_14_6,SPP_28079017_14_6.1,SAM_28079017_14_6,O3,http://dd.eionet.europa.eu/vocabulary/aq/pollutant/7,hour,48.3800000000,µg/m3,2017-09-23 05:00:00 +01:00,2017-09-23 06:00:00 +01:00,1,1
ES,ES.BDCA.AQD,NET_ES131A,STA_ES0125A,,SP_28079017_14_6,SPP_28079017_14_6.1,SAM_28079017_14_6,O3,http://dd.eionet.europa.eu/vocabulary/aq/pollutant/7,hour,40.2599999900,µg/m3,2017-09-23 06:00:00 +01:00,2017-09-23 07:00:00 +01:00,1,1
ES,ES.BDCA.AQD,NET_ES131A,STA_ES0125A,,SP_28079017_14_6,SPP_28079017_14_6.1,SAM_28079017_14_6,O3,http://dd.eionet.europa.eu/vocabulary/aq/pollutant/7,hour,24.8799999900,µg/m3,2017-09-23 07:00:00 +01:00,2017-09-23 08:00:00 +01:00,1,1
ES,ES.BDCA.AQD,NET_ES131A,STA_ES0125A,,SP_28079017_14_6,SPP_28079017_14_6.1,SAM_28079017_14_6,O3,http://dd.eionet.europa.eu/vocabulary/aq/pollutant/7,hour,24.9600000000,µg/m3,2017-09-23 08:00:00 +01:00,2017-09-23 09:00:00 +01:00,1,1
ES,ES.BDCA.AQD,NET_ES131A,STA_ES0125A,,SP_28079017_14_6,SPP_28079017_14_6.1,SAM_28079017_14_6,O3,http://dd.eionet.europa.eu/vocabulary/aq/pollutant/7,hour,46.6599999900,µg/m3,2017-09-23 09:00:00 +01:00,2017-09-23 10:00:00 +01:00,1,1
ES,ES.BDCA.AQD,NET_ES131A,STA_ES0125A,,SP_28079017_14_6,SPP_28079017_14_6.1,SAM_28079017_14_6,O3,http://dd.eionet.europa.eu/vocabulary/aq/pollutant/7,hour,81.8100000000,µg/m3,2017-09-23 10:00:00 +01:00,2017-09-23 11:00:00 +01:00,1,1
ES,ES.BDCA.AQD,NET_ES131A,STA_ES0125A,,SP_28079017_14_6,SPP_28079017_14_6.1,SAM_28079017_14_6,O3,http://dd.eionet.europa.eu/vocabulary/aq/pollutant/7,hour,86.4000000000,µg/m3,2017-09-23 11:00:00 +01:00,2017-09-23 12:00:00 +01:00,1,1
ES,ES.BDCA.AQD,NET_ES131A,STA_ES0125A,,SP_28079017_14_6,SPP_28079017_14_6.1,SAM_28079017_14_6,O3,http://dd.eionet.europa.eu/vocabulary/aq/pollutant/7,hour,91.4500000000,µg/m3,2017-09-23 12:00:00 +01:00,2017-09-23 13:00:00 +01:00,1,1
ES,ES.BDCA.AQD,NET_ES131A,STA_ES0125A,,SP_28079017_14_6,SPP_28079017_14_6.1,SAM_28079017_14_6,O3,http://dd.eionet.europa.eu/vocabulary/aq/pollutant/7,hour,103.0000000000,µg/m3,2017-09-23 13:00:00 +01:00,2017-09-23 14:00:00 +01:00,1,1
ES,ES.BDCA.AQD,NET_ES131A,STA_ES0125A,,SP_28079017_14_6,SPP_28079017_14_6.1,SAM_28079017_14_6,O3,http://dd.eionet.europa.eu/vocabulary/aq/pollutant/7,hour,109.0000000000,µg/m3,2017-09-23 14:00:00 +01:00,2017-09-23 15:00:00 +01:00,1,1
ES,ES.BDCA.AQD,NET_ES131A,STA_ES0125A,,SP_28079017_14_6,SPP_28079017_14_6.1,SAM_28079017_14_6,O3,http://dd.eionet.europa.eu/vocabulary/aq/pollutant/7,hour,111.5999999900,µg/m3,2017-09-23 15:00:00 +01:00,2017-09-23 16:00:00 +01:00,1,1
ES,ES.BDCA.AQD,NET_ES131A,STA_ES0125A,,SP_28079017_14_6,SPP_28079017_14_6.1,SAM_28079017_14_6,O3,http://dd.eionet.europa.eu/vocabulary/aq/pollutant/7,hour,113.9000000000,µg/m3,2017-09-23 16:00:00 +01:00,2017-09-23 17:00:00 +01:00,1,1
ES,ES.BDCA.AQD,NET_ES131A,STA_ES0125A,,SP_28079017_14_6,SPP_28079017_14_6.1,SAM_28079017_14_6,O3,http://dd.eionet.europa.eu/vocabulary/aq/pollutant/7,hour,106.5999999900,µg/m3,2017-09-23 17:00:00 +01:00,2017-09-23 18:00:00 +01:00,1,1
ES,ES.BDCA.AQD,NET_ES131A,STA_ES0125A,,SP_28079017_14_6,SPP_28079017_14_6.1,SAM_28079017_14_6,O3,http://dd.eionet.europa.eu/vocabulary/aq/pollutant/7,hour,79.9899999900,µg/m3,2017-09-23 18:00:00 +01:00,2017-09-23 19:00:00 +01:00,1,1
ES,ES.BDCA.AQD,NET_ES131A,STA_ES0125A,,SP_28079017_14_6,SPP_28079017_14_6.1,SAM_28079017_14_6,O3,http://dd.eionet.europa.eu/vocabulary/aq/pollutant/7,hour,12.8100000000,µg/m3,2017-09-23 19:00:00 +01:00,2017-09-23 20:00:00 +01:00,1,1
ES,ES.BDCA.AQD,NET_ES131A,STA_ES0125A,,SP_28079017_14_6,SPP_28079017_14_6.1,SAM_28079017_14_6,O3,http://dd.eionet.europa.eu/vocabulary/aq/pollutant/7,hour,1.9500000000,µg/m3,2017-09-23 20:00:00 +01:00,2017-09-23 21:00:00 +01:00,1,1
ES,ES.BDCA.AQD,NET_ES131A,STA_ES0125A,,SP_28079017_14_6,SPP_28079017_14_6.1,SAM_28079017_14_6,O3,http://dd.eionet.europa.eu/vocabulary/aq/pollutant/7,hour,1.7700000000,µg/m3,2017-09-23 21:00:00 +01:00,2017-09-23 22:00:00 +01:00,1,1
ES,ES.BDCA.AQD,NET_ES131A,STA_ES0125A,,SP_28079017_14_6,SPP_28079017_14_6.1,SAM_28079017_14_6,O3,http://dd.eionet.europa.eu/vocabulary/aq/pollutant/7,hour,1.7600000000,µg/m3,2017-09-23 22:00:00 +01:00,2017-09-23 23:00:00 +01:00,1,1
ES,ES.BDCA.AQD,NET_ES131A,STA_ES0125A,,SP_28079017_14_6,SPP_28079017_14_6.1,SAM_28079017_14_6,O3,http://dd.eionet.europa.eu/vocabulary/aq/pollutant/7,hour,1.5400000000,µg/m3,2017-09-23 23:00:00 +01:00,2017-09-24 00:00:00 +01:00,1,1
ES,ES.BDCA.AQD,NET_ES131A,STA_ES0125A,,SP_28079017_14_6,SPP_28079017_14_6.1,SAM_28079017_14_6,O3,http://dd.eionet.europa.eu/vocabulary/aq/pollutant/7,hour,1.7300000000,µg/m3,2017-09-24 00:00:00 +01:00,2017-09-24 01:00:00 +01:00,1,1
ES,ES.BDCA.AQD,NET_ES131A,STA_ES0125A,,SP_28079017_14_6,SPP_28079017_14_6.1,SAM_28079017_14_6,O3,http://dd.eionet.europa.eu/vocabulary/aq/pollutant/7,hour,1.7200000000,µg/m3,2017-09-24 01:00:00 +01:00,2017-09-24 02:00:00 +01:00,1,1
ES,ES.BDCA.AQD,NET_ES131A,STA_ES0125A,,SP_28079017_14_6,SPP_28079017_14_6.1,SAM_28079017_14_6,O3,http://dd.eionet.europa.eu/vocabulary/aq/pollutant/7,hour,1.5900000000,µg/m3,2017-09-24 02:00:00 +01:00,2017-09-24 03:00:00 +01:00,1,1
ES,ES.BDCA.AQD,NET_ES131A,STA_ES0125A,,SP_28079017_14_6,SPP_28079017_14_6.1,SAM_28079017_14_6,O3,http://dd.eionet.europa.eu/vocabulary/aq/pollutant/7,hour,1.3500000000,µg/m3,2017-09-24 03:00:00 +01:00,2017-09-24 04:00:00 +01:00,1,1
ES,ES.BDCA.AQD,NET_ES131A,STA_ES0125A,,SP_28079017_14_6,SPP_28079017_14_6.1,SAM_28079017_14_6,O3,http://dd.eionet.europa.eu/vocabulary/aq/pollutant/7,hour,1.5000000000,µg/m3,2017-09-24 04:00:00 +01:00,2017-09-24 05:00:00 +01:00,1,1
ES,ES.BDCA.AQD,NET_ES131A,STA_ES0125A,,SP_28079017_14_6,SPP_28079017_14_6.1,SAM_28079017_14_6,O3,http://dd.eionet.europa.eu/vocabulary/aq/pollutant/7,hour,1.5200000000,µg/m3,2017-09-24 05:00:00 +01:00,2017-09-24 06:00:00 +01:00,1,1
ES,ES.BDCA.AQD,NET_ES131A,STA_ES0125A,,SP_28079017_14_6,SPP_28079017_14_6.1,SAM_28079017_14_6,O3,http://dd.eionet.europa.eu/vocabulary/aq/pollutant/7,hour,1.3500000000,µg/m3,2017-09-24 06:00:00 +01:00,2017-09-24 07:00:00 +01:00,1,1
ES,ES.BDCA.AQD,NET_ES131A,STA_ES0125A,,SP_28079017_14_6,SPP_28079017_14_6.1,SAM_28079017_14_6,O3,http://dd.eionet.europa.eu/vocabulary/aq/pollutant/7,hour,1.9700000000,µg/m3,2017-09-24 07:00:00 +01:00,2017-09-24 08:00:00 +01:00,1,1
ES,ES.BDCA.AQD,NET_ES131A,STA_ES0125A,,SP_28079017_14_6,SPP_28079017_14_6.1,SAM_28079017_14_6,O3,http://dd.eionet.europa.eu/vocabulary/aq/pollutant/7,hour,4.7500000000,µg/m3,2017-09-24 08:00:00 +01:00,2017-09-24 09:00:00 +01:00,1,1
ES,ES.BDCA.AQD,NET_ES131A,STA_ES0125A,,SP_28079017_14_6,SPP_28079017_14_6.1,SAM_28079017_14_6,O3,http://dd.eionet.europa.eu/vocabulary/aq/pollutant/7,hour,34.5600000000,µg/m3,2017-09-24 09:00:00 +01:00,2017-09-24 10:00:00 +01:00,1,1
ES,ES.BDCA.AQD,NET_ES131A,STA_ES0125A,,SP_28079017_14_6,SPP_28079017_14_6.1,SAM_28079017_14_6,O3,http://dd.eionet.europa.eu/vocabulary/aq/pollutant/7,hour,60.3299999900,µg/m3,2017-09-24 10:00:00 +01:00,2017-09-24 11:00:00 +01:00,1,1
ES,ES.BDCA.AQD,NET_ES131A,STA_ES0125A,,SP_28079017_14_6,SPP_28079017_14_6.1,SAM_28079017_14_6,O3,http://dd.eionet.europa.eu/vocabulary/aq/pollutant/7,hour,72.7500000000,µg/m3,2017-09-24 11:00:00 +01:00,2017-09-24 12:00:00 +01:00,1,1
ES,ES.BDCA.AQD,NET_ES131A,STA_ES0125A,,SP_28079017_14_6,SPP_28079017_14_6.1,SAM_28079017_14_6,O3,http://dd.eionet.europa.eu/vocabulary/aq/pollutant/7,hour,89.0799999900,µg/m3,2017-09-24 12:00:00 +01:00,2017-09-24 13:00:00 +01:00,1,1
ES,ES.BDCA.AQD,NET_ES131A,STA_ES0125A,,SP_28079017_14_6,SPP_28079017_14_6.1,SAM_28079017_14_6,O3,http://dd.eionet.europa.eu/vocabulary/aq/pollutant/7,hour,102.2000000000,µg/m3,2017-09-24 13:00:00 +01:00,2017-09-24 14:00:00 +01:00,1,1
ES,ES.BDCA.AQD,NET_ES131A,STA_ES0125A,,SP_28079017_14_6,SPP_28079017_14_6.1,SAM_28079017_14_6,O3,http://dd.eionet.europa.eu/vocabulary/aq/pollutant/7,hour,111.7000000000,µg/m3,2017-09-24 14:00:00 +01:00,2017-09-24 15:00:00 +01:00,1,1
ES,ES.BDCA.AQD,NET_ES131A,STA_ES0125A,,SP_28079017_14_6,SPP_28079017_14_6.1,SAM_28079017_14_6,O3,http://dd.eionet.europa.eu/vocabulary/aq/pollutant/7,hour,112.4000000000,µg/m3,2017-09-24 15:00:00 +01:00,2017-09-24 16:00:00 +01:00,1,1
ES,ES.BDCA.AQD,NET_ES131A,STA_ES0125A,,SP_28079017_14_6,SPP_28079017_14_6.1,SAM_28079017_14_6,O3,http://dd.eionet.europa.eu/vocabulary/aq/pollutant/7,hour,107.0999999900,µg/m3,2017-09-24 16:00:00 +01:00,2017-09-24 17:00:00 +01:00,1,1
ES,ES.BDCA.AQD,NET_ES131A,STA_ES0125A,,SP_28079017_14_6,SPP_28079017_14_6.1,SAM_28079017_14_6,O3,http://dd.eionet.europa.eu/vocabulary/aq/pollutant/7,hour,103.8000000000,µg/m3,2017-09-24 17:00:00 +01:00,2017-09-24 18:00:00 +01:00,1,1
ES,ES.BDCA.AQD,NET_ES131A,STA_ES0125A,,SP_28079017_14_6,SPP_28079017_14_6.1,SAM_28079017_14_6,O3,http://dd.eionet.europa.eu/vocabulary/aq/pollutant/7,hour,87.4500000000,µg/m3,2017-09-24 18:00:00 +01:00,2017-09-24 19:00:00 +01:00,1,1
ES,ES.BDCA.AQD,NET_ES131A,STA_ES0125A,,SP_28079017_14_6,SPP_28079017_14_6.1,SAM_28079017_14_6,O3,http://dd.eionet.europa.eu/vocabulary/aq/pollutant/7,hour,37.6099999900,µg/m3,2017-09-24 19:00:00 +01:00,2017-09-24 20:00:00 +01:00,1,1
ES,ES.BDCA.AQD,NET_ES131A,STA_ES0125A,,SP_28079017_14_6,SPP_28079017_14_6.1,SAM_28079017_14_6,O3,http://dd.eionet.europa.eu/vocabulary/aq/pollutant/7,hour,17.7600000000,µg/m3,2017-09-24 20:00:00 +01:00,2017-09-24 21:00:00 +01:00,1,1
ES,ES.BDCA.AQD,NET_ES131A,STA_ES0125A,,SP_28079017_14_6,SPP_28079017_14_6.1,SAM_28079017_14_6,O3,http://dd.eionet.europa.eu/vocabulary/aq/pollutant/7,hour,39.1899999900,µg/m3,2017-09-24 21:00:00 +01:00,2017-09-24 22:00:00 +01:00,1,1
ES,ES.BDCA.AQD,NET_ES131A,STA_ES0125A,,SP_28079017_14_6,SPP_28079017_14_6.1,SAM_28079017_14_6,O3,http://dd.eionet.europa.eu/vocabulary/aq/pollutant/7,hour,12.8100000000,µg/m3,2017-09-24 22:00:00 +01:00,2017-09-24 23:00:00 +01:00,1,1
ES,ES.BDCA.AQD,NET_ES131A,STA_ES0125A,,SP_28079017_14_6,SPP_28079017_14_6.1,SAM_28079017_14_6,O3,http://dd.eionet.europa.eu/vocabulary/aq/pollutant/7,hour,22.8000000000,µg/m3,2017-09-24 23:00:00 +01:00,2017-09-25 00:00:00 +01:00,1,1
ES,ES.BDCA.AQD,NET_ES131A,STA_ES0125A,,SP_28079017_14_6,SPP_28079017_14_6.1,SAM_28079017_14_6,O3,http://dd.eionet.europa.eu/vocabulary/aq/pollutant/7,hour,50.0499999900,µg/m3,2017-09-25 00:00:00 +01:00,2017-09-25 01:00:00 +01:00,1,1
ES,ES.BDCA.AQD,NET_ES131A,STA_ES0125A,,SP_28079017_14_6,SPP_28079017_14_6.1,SAM_28079017_14_6,O3,http://dd.eionet.europa.eu/vocabulary/aq/pollutant/7,hour,64.6700000000,µg/m3,2017-09-25 01:00:00 +01:00,2017-09-25 02:00:00 +01:00,1,1
ES,ES.BDCA.AQD,NET_ES131A,STA_ES0125A,,SP_28079017_14_6,SPP_28079017_14_6.1,SAM_28079017_14_6,O3,http://dd.eionet.europa.eu/vocabulary/aq/pollutant/7,hour,51.6599999900,µg/m3,2017-09-25 02:00:00 +01:00,2017-09-25 03:00:00 +01:00,1,1
ES,ES.BDCA.AQD,NET_ES131A,STA_ES0125A,,SP_28079017_14_6,SPP_28079017_14_6.1,SAM_28079017_14_6,O3,http://dd.eionet.europa.eu/vocabulary/aq/pollutant/7,hour,40.1800000000,µg/m3,2017-09-25 03:00:00 +01:00,2017-09-25 04:00:00 +01:00,1,1
ES,ES.BDCA.AQD,NET_ES131A,STA_ES0125A,,SP_28079017_14_6,SPP_28079017_14_6.1,SAM_28079017_14_6,O3,http://dd.eionet.europa.eu/vocabulary/aq/pollutant/7,hour,49.3999999900,µg/m3,2017-09-25 04:00:00 +01:00,2017-09-25 05:00:00 +01:00,1,1
ES,ES.BDCA.AQD,NET_ES131A,STA_ES0125A,,SP_28079017_14_6,SPP_28079017_14_6.1,SAM_28079017_14_6,O3,http://dd.eionet.europa.eu/vocabulary/aq/pollutant/7,hour,20.4899999900,µg/m3,2017-09-25 05:00:00 +01:00,2017-09-25 06:00:00 +01:00,1,1
ES,ES.BDCA.AQD,NET_ES131A,STA_ES0125A,,SP_28079017_14_6,SPP_28079017_14_6.1,SAM_28079017_14_6,O3,http://dd.eionet.europa.eu/vocabulary/aq/pollutant/7,hour,2.3599999900,µg/m3,2017-09-25 06:00:00 +01:00,2017-09-25 07:00:00 +01:00,1,1
ES,ES.BDCA.AQD,NET_ES131A,STA_ES0125A,,SP_28079017_14_6,SPP_28079017_14_6.1,SAM_28079017_14_6,O3,http://dd.eionet.europa.eu/vocabulary/aq/pollutant/7,hour,1.7500000000,µg/m3,2017-09-25 07:00:00 +01:00,2017-09-25 08:00:00 +01:00,1,1
ES,ES.BDCA.AQD,NET_ES131A,STA_ES0125A,,SP_28079017_14_6,SPP_28079017_14_6.1,SAM_28079017_14_6,O3,http://dd.eionet.europa.eu/vocabulary/aq/pollutant/7,hour,4.1100000000,µg/m3,2017-09-25 08:00:00 +01:00,2017-09-25 09:00:00 +01:00,1,1
ES,ES.BDCA.AQD,NET_ES131A,STA_ES0125A,,SP_28079017_14_6,SPP_28079017_14_6.1,SAM_28079017_14_6,O3,http://dd.eionet.europa.eu/vocabulary/aq/pollutant/7,hour,18.8999999900,µg/m3,2017-09-25 09:00:00 +01:00,2017-09-25 10:00:00 +01:00,1,1
ES,ES.BDCA.AQD,NET_ES131A,STA_ES0125A,,SP_28079017_14_6,SPP_28079017_14_6.1,SAM_28079017_14_6,O3,http://dd.eionet.europa.eu/vocabulary/aq/pollutant/7,hour,30.8099999900,µg/m3,2017-09-25 10:00:00 +01:00,2017-09-25 11:00:00 +01:00,1,1
ES,ES.BDCA.AQD,NET_ES131A,STA_ES0125A,,SP_28079017_14_6,SPP_28079017_14_6.1,SAM_28079017_14_6,O3,http://dd.eionet.europa.eu/vocabulary/aq/pollutant/7,hour,46.9300000000,µg/m3,2017-09-25 11:00:00 +01:00,2017-09-25 12:00:00 +01:00,1,1
ES,ES.BDCA.AQD,NET_ES131A,STA_ES0125A,,SP_28079017_14_6,SPP_28079017_14_6.1,SAM_28079017_14_6,O3,http://dd.eionet.europa.eu/vocabulary/aq/pollutant/7,hour,72.9099999900,µg/m3,2017-09-25 12:00:00 +01:00,2017-09-25 13:00:00 +01:00,1,1
ES,ES.BDCA.AQD,NET_ES131A,STA_ES0125A,,SP_28079017_14_6,SPP_28079017_14_6.1,SAM_28079017_14_6,O3,http://dd.eionet.europa.eu/vocabulary/aq/pollutant/7,hour,77.4699999900,µg/m3,2017-09-25 13:00:00 +01:00,2017-09-25 14:00:00 +01:00,1,1
ES,ES.BDCA.AQD,NET_ES131A,STA_ES0125A,,SP_28079017_14_6,SPP_28079017_14_6.1,SAM_28079017_14_6,O3,http://dd.eionet.europa.eu/vocabulary/aq/pollutant/7,hour,83.7399999900,µg/m3,2017-09-25 14:00:00 +01:00,2017-09-25 15:00:00 +01:00,1,1
ES,ES.BDCA.AQD,NET_ES131A,STA_ES0125A,,SP_28079017_14_6,SPP_28079017_14_6.1,SAM_28079017_14_6,O3,http://dd.eionet.europa.eu/vocabulary/aq/pollutant/7,hour,88.8900000000,µg/m3,2017-09-25 15:00:00 +01:00,2017-09-25 16:00:00 +01:00,1,1
ES,ES.BDCA.AQD,NET_ES131A,STA_ES0125A,,SP_28079017_14_6,SPP_28079017_14_6.1,SAM_28079017_14_6,O3,http://dd.eionet.europa.eu/vocabulary/aq/pollutant/7,hour,87.1400000000,µg/m3,2017-09-25 16:00:00 +01:00,2017-09-25 17:00:00 +01:00,1,1
ES,ES.BDCA.AQD,NET_ES131A,STA_ES0125A,,SP_28079017_14_6,SPP_28079017_14_6.1,SAM_28079017_14_6,O3,http://dd.eionet.europa.eu/vocabulary/aq/pollutant/7,hour,80.3100000000,µg/m3,2017-09-25 17:00:00 +01:00,2017-09-25 18:00:00 +01:00,1,1
ES,ES.BDCA.AQD,NET_ES131A,STA_ES0125A,,SP_28079017_14_6,SPP_28079017_14_6.1,SAM_28079017_14_6,O3,http://dd.eionet.europa.eu/vocabulary/aq/pollutant/7,hour,70.3100000000,µg/m3,2017-09-25 18:00:00 +01:00,2017-09-25 19:00:00 +01:00,1,1
ES,ES.BDCA.AQD,NET_ES131A,STA_ES0125A,,SP_28079017_14_6,SPP_28079017_14_6.1,SAM_28079017_14_6,O3,http://dd.eionet.europa.eu/vocabulary/aq/pollutant/7,hour,44.5200000000,µg/m3,2017-09-25 19:00:00 +01:00,2017-09-25 20:00:00 +01:00,1,1
ES,ES.BDCA.AQD,NET_ES131A,STA_ES0125A,,SP_28079017_14_6,SPP_28079017_14_6.1,SAM_28079017_14_6,O3,http://dd.eionet.europa.eu/vocabulary/aq/pollutant/7,hour,26.6800000000,µg/m3,2017-09-25 20:00:00 +01:00,2017-09-25 21:00:00 +01:00,1,1
ES,ES.BDCA.AQD,NET_ES131A,STA_ES0125A,,SP_28079017_14_6,SPP_28079017_14_6.1,SAM_28079017_14_6,O3,http://dd.eionet.europa.eu/vocabulary/aq/pollutant/7,hour,10.9900000000,µg/m3,2017-09-25 21:00:00 +01:00,2017-09-25 22:00:00 +01:00,1,1
ES,ES.BDCA.AQD,NET_ES131A,STA_ES0125A,,SP_28079017_14_6,SPP_28079017_14_6.1,SAM_28079017_14_6,O3,http://dd.eionet.europa.eu/vocabulary/aq/pollutant/7,hour,30.0700000000,µg/m3,2017-09-25 22:00:00 +01:00,2017-09-25 23:00:00 +01:00,1,1
ES,ES.BDCA.AQD,NET_ES131A,STA_ES0125A,,SP_28079017_14_6,SPP_28079017_14_6.1,SAM_28079017_14_6,O3,http://dd.eionet.europa.eu/vocabulary/aq/pollutant/7,hour,65.6800000000,µg/m3,2017-09-25 23:00:00 +01:00,2017-09-26 00:00:00 +01:00,1,1
ES,ES.BDCA.AQD,NET_ES131A,STA_ES0125A,,SP_28079017_14_6,SPP_28079017_14_6.1,SAM_28079017_14_6,O3,http://dd.eionet.europa.eu/vocabulary/aq/pollutant/7,hour,63.2500000000,µg/m3,2017-09-26 00:00:00 +01:00,2017-09-26 01:00:00 +01:00,1,1
ES,ES.BDCA.AQD,NET_ES131A,STA_ES0125A,,SP_28079017_14_6,SPP_28079017_14_6.1,SAM_28079017_14_6,O3,http://dd.eionet.europa.eu/vocabulary/aq/pollutant/7,hour,62.8900000000,µg/m3,2017-09-26 01:00:00 +01:00,2017-09-26 02:00:00 +01:00,1,1
ES,ES.BDCA.AQD,NET_ES131A,STA_ES0125A,,SP_28079017_14_6,SPP_28079017_14_6.1,SAM_28079017_14_6,O3,http://dd.eionet.europa.eu/vocabulary/aq/pollutant/7,hour,61.5600000000,µg/m3,2017-09-26 02:00:00 +01:00,2017-09-26 03:00:00 +01:00,1,1
ES,ES.BDCA.AQD,NET_ES131A,STA_ES0125A,,SP_28079017_14_6,SPP_28079017_14_6.1,SAM_28079017_14_6,O3,http://dd.eionet.europa.eu/vocabulary/aq/pollutant/7,hour,61.0499999900,µg/m3,2017-09-26 03:00:00 +01:00,2017-09-26 04:00:00 +01:00,1,1
ES,ES.BDCA.AQD,NET_ES131A,STA_ES0125A,,SP_28079017_14_6,SPP_28079017_14_6.1,SAM_28079017_14_6,O3,http://dd.eionet.europa.eu/vocabulary/aq/pollutant/7,hour,54.3900000000,µg/m3,2017-09-26 04:00:00 +01:00,2017-09-26 05:00:00 +01:00,1,1
ES,ES.BDCA.AQD,NET_ES131A,STA_ES0125A,,SP_28079017_14_6,SPP_28079017_14_6.1,SAM_28079017_14_6,O3,http://dd.eionet.europa.eu/vocabulary/aq/pollutant/7,hour,46.7000000000,µg/m3,2017-09-26 05:00:00 +01:00,2017-09-26 06:00:00 +01:00,1,1
ES,ES.BDCA.AQD,NET_ES131A,STA_ES0125A,,SP_28079017_14_6,SPP_28079017_14_6.1,SAM_28079017_14_6,O3,http://dd.eionet.europa.eu/vocabulary/aq/pollutant/7,hour,38.8599999900,µg/m3,2017-09-26 06:00:00 +01:00,2017-09-26 07:00:00 +01:00,1,1
ES,ES.BDCA.AQD,NET_ES131A,STA_ES0125A,,SP_28079017_14_6,SPP_28079017_14_6.1,SAM_28079017_14_6,O3,http://dd.eionet.europa.eu/vocabulary/aq/pollutant/7,hour,28.8599999900,µg/m3,2017-09-26 07:00:00 +01:00,2017-09-26 08:00:00 +01:00,1,1
ES,ES.BDCA.AQD,NET_ES131A,STA_ES0125A,,SP_28079017_14_6,SPP_28079017_14_6.1,SAM_28079017_14_6,O3,http://dd.eionet.europa.eu/vocabulary/aq/pollutant/7,hour,34.2500000000,µg/m3,2017-09-26 08:00:00 +01:00,2017-09-26 09:00:00 +01:00,1,1
ES,ES.BDCA.AQD,NET_ES131A,STA_ES0125A,,SP_28079017_14_6,SPP_28079017_14_6.1,SAM_28079017_14_6,O3,http://dd.eionet.europa.eu/vocabulary/aq/pollutant/7,hour,36.2500000000,µg/m3,2017-09-26 09:00:00 +01:00,2017-09-26 10:00:00 +01:00,1,1
ES,ES.BDCA.AQD,NET_ES131A,STA_ES0125A,,SP_28079017_14_6,SPP_28079017_14_6.1,SAM_28079017_14_6,O3,http://dd.eionet.europa.eu/vocabulary/aq/pollutant/7,hour,45.1400000000,µg/m3,2017-09-26 10:00:00 +01:00,2017-09-26 11:00:00 +01:00,1,1
ES,ES.BDCA.AQD,NET_ES131A,STA_ES0125A,,SP_28079017_14_6,SPP_28079017_14_6.1,SAM_28079017_14_6,O3,http://dd.eionet.europa.eu/vocabulary/aq/pollutant/7,hour,62.1899999900,µg/m3,2017-09-26 11:00:00 +01:00,2017-09-26 12:00:00 +01:00,1,1
ES,ES.BDCA.AQD,NET_ES131A,STA_ES0125A,,SP_28079017_14_6,SPP_28079017_14_6.1,SAM_28079017_14_6,O3,http://dd.eionet.europa.eu/vocabulary/aq/pollutant/7,hour,70.4099999900,µg/m3,2017-09-26 12:00:00 +01:00,2017-09-26 13:00:00 +01:00,1,1
ES,ES.BDCA.AQD,NET_ES131A,STA_ES0125A,,SP_28079017_14_6,SPP_28079017_14_6.1,SAM_28079017_14_6,O3,http://dd.eionet.europa.eu/vocabulary/aq/pollutant/7,hour,78.5799999900,µg/m3,2017-09-26 13:00:00 +01:00,2017-09-26 14:00:00 +01:00,1,1
ES,ES.BDCA.AQD,NET_ES131A,STA_ES0125A,,SP_28079017_14_6,SPP_28079017_14_6.1,SAM_28079017_14_6,O3,http://dd.eionet.europa.eu/vocabulary/aq/pollutant/7,hour,82.6700000000,µg/m3,2017-09-26 14:00:00 +01:00,2017-09-26 15:00:00 +01:00,1,1
ES,ES.BDCA.AQD,NET_ES131A,STA_ES0125A,,SP_28079017_14_6,SPP_28079017_14_6.1,SAM_28079017_14_6,O3,http://dd.eionet.europa.eu/vocabulary/aq/pollutant/7,hour,84.9399999900,µg/m3,2017-09-26 15:00:00 +01:00,2017-09-26 16:00:00 +01:00,1,1
ES,ES.BDCA.AQD,NET_ES131A,STA_ES0125A,,SP_28079017_14_6,SPP_28079017_14_6.1,SAM_28079017_14_6,O3,http://dd.eionet.europa.eu/vocabulary/aq/pollutant/7,hour,87.5100000000,µg/m3,2017-09-26 16:00:00 +01:00,2017-09-26 17:00:00 +01:00,1,1
ES,ES.BDCA.AQD,NET_ES131A,STA_ES0125A,,SP_28079017_14_6,SPP_28079017_14_6.1,SAM_28079017_14_6,O3,http://dd.eionet.europa.eu/vocabulary/aq/pollutant/7,hour,85.5000000000,µg/m3,2017-09-26 17:00:00 +01:00,2017-09-26 18:00:00 +01:00,1,1
ES,ES.BDCA.AQD,NET_ES131A,STA_ES0125A,,SP_28079017_14_6,SPP_28079017_14_6.1,SAM_28079017_14_6,O3,http://dd.eionet.europa.eu/vocabulary/aq/pollutant/7,hour,71.4599999900,µg/m3,2017-09-26 18:00:00 +01:00,2017-09-26 19:00:00 +01:00,1,1
ES,ES.BDCA.AQD,NET_ES131A,STA_ES0125A,,SP_28079017_14_6,SPP_28079017_14_6.1,SAM_28079017_14_6,O3,http://dd.eionet.europa.eu/vocabulary/aq/pollutant/7,hour,22.2899999900,µg/m3,2017-09-26 19:00:00 +01:00,2017-09-26 20:00:00 +01:00,1,1
ES,ES.BDCA.AQD,NET_ES131A,STA_ES0125A,,SP_28079017_14_6,SPP_28079017_14_6.1,SAM_28079017_14_6,O3,http://dd.eionet.europa.eu/vocabulary/aq/pollutant/7,hour,1.6799999900,µg/m3,2017-09-26 20:00:00 +01:00,2017-09-26 21:00:00 +01:00,1,1
ES,ES.BDCA.AQD,NET_ES131A,STA_ES0125A,,SP_28079017_14_6,SPP_28079017_14_6.1,SAM_28079017_14_6,O3,http://dd.eionet.europa.eu/vocabulary/aq/pollutant/7,hour,1.3600000000,µg/m3,2017-09-26 21:00:00 +01:00,2017-09-26 22:00:00 +01:00,1,1
ES,ES.BDCA.AQD,NET_ES131A,STA_ES0125A,,SP_28079017_14_6,SPP_28079017_14_6.1,SAM_28079017_14_6,O3,http://dd.eionet.europa.eu/vocabulary/aq/pollutant/7,hour,0.9700000000,µg/m3,2017-09-26 22:00:00 +01:00,2017-09-26 23:00:00 +01:00,1,1
ES,ES.BDCA.AQD,NET_ES131A,STA_ES0125A,,SP_28079017_14_6,SPP_28079017_14_6.1,SAM_28079017_14_6,O3,http://dd.eionet.europa.eu/vocabulary/aq/pollutant/7,hour,0.9200000000,µg/m3,2017-09-26 23:00:00 +01:00,2017-09-27 00:00:00 +01:00,1,1
ES,ES.BDCA.AQD,NET_ES131A,STA_ES0125A,,SP_28079017_14_6,SPP_28079017_14_6.1,SAM_28079017_14_6,O3,http://dd.eionet.europa.eu/vocabulary/aq/pollutant/7,hour,1.0400000000,µg/m3,2017-09-27 00:00:00 +01:00,2017-09-27 01:00:00 +01:00,1,1
ES,ES.BDCA.AQD,NET_ES131A,STA_ES0125A,,SP_28079017_14_6,SPP_28079017_14_6.1,SAM_28079017_14_6,O3,http://dd.eionet.europa.eu/vocabulary/aq/pollutant/7,hour,1.0000000000,µg/m3,2017-09-27 01:00:00 +01:00,2017-09-27 02:00:00 +01:00,1,1
ES,ES.BDCA.AQD,NET_ES131A,STA_ES0125A,,SP_28079017_14_6,SPP_28079017_14_6.1,SAM_28079017_14_6,O3,http://dd.eionet.europa.eu/vocabulary/aq/pollutant/7,hour,1.4099999900,µg/m3,2017-09-27 02:00:00 +01:00,2017-09-27 03:00:00 +01:00,1,1
ES,ES.BDCA.AQD,NET_ES131A,STA_ES0125A,,SP_28079017_14_6,SPP_28079017_14_6.1,SAM_28079017_14_6,O3,http://dd.eionet.europa.eu/vocabulary/aq/pollutant/7,hour,0.9500000000,µg/m3,2017-09-27 03:00:00 +01:00,2017-09-27 04:00:00 +01:00,1,1
ES,ES.BDCA.AQD,NET_ES131A,STA_ES0125A,,SP_28079017_14_6,SPP_28079017_14_6.1,SAM_28079017_14_6,O3,http://dd.eionet.europa.eu/vocabulary/aq/pollutant/7,hour,0.9500000000,µg/m3,2017-09-27 04:00:00 +01:00,2017-09-27 05:00:00 +01:00,1,1
ES,ES.BDCA.AQD,NET_ES131A,STA_ES0125A,,SP_28079017_14_6,SPP_28079017_14_6.1,SAM_28079017_14_6,O3,http://dd.eionet.europa.eu/vocabulary/aq/pollutant/7,hour,5.4299999900,µg/m3,2017-09-27 05:00:00 +01:00,2017-09-27 06:00:00 +01:00,1,1
ES,ES.BDCA.AQD,NET_ES131A,STA_ES0125A,,SP_28079017_14_6,SPP_28079017_14_6.1,SAM_28079017_14_6,O3,http://dd.eionet.europa.eu/vocabulary/aq/pollutant/7,hour,1.1899999900,µg/m3,2017-09-27 06:00:00 +01:00,2017-09-27 07:00:00 +01:00,1,1
ES,ES.BDCA.AQD,NET_ES131A,STA_ES0125A,,SP_28079017_14_6,SPP_28079017_14_6.1,SAM_28079017_14_6,O3,http://dd.eionet.europa.eu/vocabulary/aq/pollutant/7,hour,6.1200000000,µg/m3,2017-09-27 07:00:00 +01:00,2017-09-27 08:00:00 +01:00,1,1
ES,ES.BDCA.AQD,NET_ES131A,STA_ES0125A,,SP_28079017_14_6,SPP_28079017_14_6.1,SAM_28079017_14_6,O3,http://dd.eionet.europa.eu/vocabulary/aq/pollutant/7,hour,10.0600000000,µg/m3,2017-09-27 08:00:00 +01:00,2017-09-27 09:00:00 +01:00,1,1
ES,ES.BDCA.AQD,NET_ES131A,STA_ES0125A,,SP_28079017_14_6,SPP_28079017_14_6.1,SAM_28079017_14_6,O3,http://dd.eionet.europa.eu/vocabulary/aq/pollutant/7,hour,23.9699999900,µg/m3,2017-09-27 09:00:00 +01:00,2017-09-27 10:00:00 +01:00,1,1
ES,ES.BDCA.AQD,NET_ES131A,STA_ES0125A,,SP_28079017_14_6,SPP_28079017_14_6.1,SAM_28079017_14_6,O3,http://dd.eionet.europa.eu/vocabulary/aq/pollutant/7,hour,62.9699999900,µg/m3,2017-09-27 10:00:00 +01:00,2017-09-27 11:00:00 +01:00,1,1
ES,ES.BDCA.AQD,NET_ES131A,STA_ES0125A,,SP_28079017_14_6,SPP_28079017_14_6.1,SAM_28079017_14_6,O3,http://dd.eionet.europa.eu/vocabulary/aq/pollutant/7,hour,67.8599999900,µg/m3,2017-09-27 11:00:00 +01:00,2017-09-27 12:00:00 +01:00,1,1
ES,ES.BDCA.AQD,NET_ES131A,STA_ES0125A,,SP_28079017_14_6,SPP_28079017_14_6.1,SAM_28079017_14_6,O3,http://dd.eionet.europa.eu/vocabulary/aq/pollutant/7,hour,82.7600000000,µg/m3,2017-09-27 12:00:00 +01:00,2017-09-27 13:00:00 +01:00,1,1
ES,ES.BDCA.AQD,NET_ES131A,STA_ES0125A,,SP_28079017_14_6,SPP_28079017_14_6.1,SAM_28079017_14_6,O3,http://dd.eionet.europa.eu/vocabulary/aq/pollutant/7,hour,91.5499999900,µg/m3,2017-09-27 13:00:00 +01:00,2017-09-27 14:00:00 +01:00,1,1
ES,ES.BDCA.AQD,NET_ES131A,STA_ES0125A,,SP_28079017_14_6,SPP_28079017_14_6.1,SAM_28079017_14_6,O3,http://dd.eionet.europa.eu/vocabulary/aq/pollutant/7,hour,97.8199999900,µg/m3,2017-09-27 14:00:00 +01:00,2017-09-27 15:00:00 +01:00,1,1
ES,ES.BDCA.AQD,NET_ES131A,STA_ES0125A,,SP_28079017_14_6,SPP_28079017_14_6.1,SAM_28079017_14_6,O3,http://dd.eionet.europa.eu/vocabulary/aq/pollutant/7,hour,95.8299999900,µg/m3,2017-09-27 15:00:00 +01:00,2017-09-27 16:00:00 +01:00,1,1
ES,ES.BDCA.AQD,NET_ES131A,STA_ES0125A,,SP_28079017_14_6,SPP_28079017_14_6.1,SAM_28079017_14_6,O3,http://dd.eionet.europa.eu/vocabulary/aq/pollutant/7,hour,96.0499999900,µg/m3,2017-09-27 16:00:00 +01:00,2017-09-27 17:00:00 +01:00,1,1
ES,ES.BDCA.AQD,NET_ES131A,STA_ES0125A,,SP_28079017_14_6,SPP_28079017_14_6.1,SAM_28079017_14_6,O3,http://dd.eionet.europa.eu/vocabulary/aq/pollutant/7,hour,91.5900000000,µg/m3,2017-09-27 17:00:00 +01:00,2017-09-27 18:00:00 +01:00,1,1
ES,ES.BDCA.AQD,NET_ES131A,STA_ES0125A,,SP_28079017_14_6,SPP_28079017_14_6.1,SAM_28079017_14_6,O3,http://dd.eionet.europa.eu/vocabulary/aq/pollutant/7,hour,62.0799999900,µg/m3,2017-09-27 18:00:00 +01:00,2017-09-27 19:00:00 +01:00,1,1
ES,ES.BDCA.AQD,NET_ES131A,STA_ES0125A,,SP_28079017_14_6,SPP_28079017_14_6.1,SAM_28079017_14_6,O3,http://dd.eionet.europa.eu/vocabulary/aq/pollutant/7,hour,14.1400000000,µg/m3,2017-09-27 19:00:00 +01:00,2017-09-27 20:00:00 +01:00,1,1
ES,ES.BDCA.AQD,NET_ES131A,STA_ES0125A,,SP_28079017_14_6,SPP_28079017_14_6.1,SAM_28079017_14_6,O3,http://dd.eionet.europa.eu/vocabulary/aq/pollutant/7,hour,1.8799999900,µg/m3,2017-09-27 20:00:00 +01:00,2017-09-27 21:00:00 +01:00,1,1
ES,ES.BDCA.AQD,NET_ES131A,STA_ES0125A,,SP_28079017_14_6,SPP_28079017_14_6.1,SAM_28079017_14_6,O3,http://dd.eionet.europa.eu/vocabulary/aq/pollutant/7,hour,1.7000000000,µg/m3,2017-09-27 21:00:00 +01:00,2017-09-27 22:00:00 +01:00,1,1
ES,ES.BDCA.AQD,NET_ES131A,STA_ES0125A,,SP_28079017_14_6,SPP_28079017_14_6.1,SAM_28079017_14_6,O3,http://dd.eionet.europa.eu/vocabulary/aq/pollutant/7,hour,1.6200000000,µg/m3,2017-09-27 22:00:00 +01:00,2017-09-27 23:00:00 +01:00,1,1
ES,ES.BDCA.AQD,NET_ES131A,STA_ES0125A,,SP_28079017_14_6,SPP_28079017_14_6.1,SAM_28079017_14_6,O3,http://dd.eionet.europa.eu/vocabulary/aq/pollutant/7,hour,1.0800000000,µg/m3,2017-09-27 23:00:00 +01:00,2017-09-28 00:00:00 +01:00,1,1
ES,ES.BDCA.AQD,NET_ES131A,STA_ES0125A,,SP_28079017_14_6,SPP_28079017_14_6.1,SAM_28079017_14_6,O3,http://dd.eionet.europa.eu/vocabulary/aq/pollutant/7,hour,1.2900000000,µg/m3,2017-09-28 00:00:00 +01:00,2017-09-28 01:00:00 +01:00,1,1
ES,ES.BDCA.AQD,NET_ES131A,STA_ES0125A,,SP_28079017_14_6,SPP_28079017_14_6.1,SAM_28079017_14_6,O3,http://dd.eionet.europa.eu/vocabulary/aq/pollutant/7,hour,1.3400000000,µg/m3,2017-09-28 01:00:00 +01:00,2017-09-28 02:00:00 +01:00,1,1
ES,ES.BDCA.AQD,NET_ES131A,STA_ES0125A,,SP_28079017_14_6,SPP_28079017_14_6.1,SAM_28079017_14_6,O3,http://dd.eionet.europa.eu/vocabulary/aq/pollutant/7,hour,1.0600000000,µg/m3,2017-09-28 02:00:00 +01:00,2017-09-28 03:00:00 +01:00,1,1
ES,ES.BDCA.AQD,NET_ES131A,STA_ES0125A,,SP_28079017_14_6,SPP_28079017_14_6.1,SAM_28079017_14_6,O3,http://dd.eionet.europa.eu/vocabulary/aq/pollutant/7,hour,1.2200000000,µg/m3,2017-09-28 03:00:00 +01:00,2017-09-28 04:00:00 +01:00,1,1
ES,ES.BDCA.AQD,NET_ES131A,STA_ES0125A,,SP_28079017_14_6,SPP_28079017_14_6.1,SAM_28079017_14_6,O3,http://dd.eionet.europa.eu/vocabulary/aq/pollutant/7,hour,1.0400000000,µg/m3,2017-09-28 04:00:00 +01:00,2017-09-28 05:00:00 +01:00,1,1
ES,ES.BDCA.AQD,NET_ES131A,STA_ES0125A,,SP_28079017_14_6,SPP_28079017_14_6.1,SAM_28079017_14_6,O3,http://dd.eionet.europa.eu/vocabulary/aq/pollutant/7,hour,1.0500000000,µg/m3,2017-09-28 05:00:00 +01:00,2017-09-28 06:00:00 +01:00,1,1
ES,ES.BDCA.AQD,NET_ES131A,STA_ES0125A,,SP_28079017_14_6,SPP_28079017_14_6.1,SAM_28079017_14_6,O3,http://dd.eionet.europa.eu/vocabulary/aq/pollutant/7,hour,5.3600000000,µg/m3,2017-09-28 06:00:00 +01:00,2017-09-28 07:00:00 +01:00,1,1
ES,ES.BDCA.AQD,NET_ES131A,STA_ES0125A,,SP_28079017_14_6,SPP_28079017_14_6.1,SAM_28079017_14_6,O3,http://dd.eionet.europa.eu/vocabulary/aq/pollutant/7,hour,1.3500000000,µg/m3,2017-09-28 07:00:00 +01:00,2017-09-28 08:00:00 +01:00,1,1
ES,ES.BDCA.AQD,NET_ES131A,STA_ES0125A,,SP_28079017_14_6,SPP_28079017_14_6.1,SAM_28079017_14_6,O3,http://dd.eionet.europa.eu/vocabulary/aq/pollutant/7,hour,3.2900000000,µg/m3,2017-09-28 08:00:00 +01:00,2017-09-28 09:00:00 +01:00,1,1
ES,ES.BDCA.AQD,NET_ES131A,STA_ES0125A,,SP_28079017_14_6,SPP_28079017_14_6.1,SAM_28079017_14_6,O3,http://dd.eionet.europa.eu/vocabulary/aq/pollutant/7,hour,9.7500000000,µg/m3,2017-09-28 09:00:00 +01:00,2017-09-28 10:00:00 +01:00,1,1
ES,ES.BDCA.AQD,NET_ES131A,STA_ES0125A,,SP_28079017_14_6,SPP_28079017_14_6.1,SAM_28079017_14_6,O3,http://dd.eionet.europa.eu/vocabulary/aq/pollutant/7,hour,34.0700000000,µg/m3,2017-09-28 10:00:00 +01:00,2017-09-28 11:00:00 +01:00,1,1
ES,ES.BDCA.AQD,NET_ES131A,STA_ES0125A,,SP_28079017_14_6,SPP_28079017_14_6.1,SAM_28079017_14_6,O3,http://dd.eionet.europa.eu/vocabulary/aq/pollutant/7,hour,54.2599999900,µg/m3,2017-09-28 11:00:00 +01:00,2017-09-28 12:00:00 +01:00,1,1
ES,ES.BDCA.AQD,NET_ES131A,STA_ES0125A,,SP_28079017_14_6,SPP_28079017_14_6.1,SAM_28079017_14_6,O3,http://dd.eionet.europa.eu/vocabulary/aq/pollutant/7,hour,60.0600000000,µg/m3,2017-09-28 12:00:00 +01:00,2017-09-28 13:00:00 +01:00,1,1
ES,ES.BDCA.AQD,NET_ES131A,STA_ES0125A,,SP_28079017_14_6,SPP_28079017_14_6.1,SAM_28079017_14_6,O3,http://dd.eionet.europa.eu/vocabulary/aq/pollutant/7,hour,86.1400000000,µg/m3,2017-09-28 13:00:00 +01:00,2017-09-28 14:00:00 +01:00,1,1
ES,ES.BDCA.AQD,NET_ES131A,STA_ES0125A,,SP_28079017_14_6,SPP_28079017_14_6.1,SAM_28079017_14_6,O3,http://dd.eionet.europa.eu/vocabulary/aq/pollutant/7,hour,95.5600000000,µg/m3,2017-09-28 14:00:00 +01:00,2017-09-28 15:00:00 +01:00,1,1
ES,ES.BDCA.AQD,NET_ES131A,STA_ES0125A,,SP_28079017_14_6,SPP_28079017_14_6.1,SAM_28079017_14_6,O3,http://dd.eionet.europa.eu/vocabulary/aq/pollutant/7,hour,98.2000000000,µg/m3,2017-09-28 15:00:00 +01:00,2017-09-28 16:00:00 +01:00,1,1
ES,ES.BDCA.AQD,NET_ES131A,STA_ES0125A,,SP_28079017_14_6,SPP_28079017_14_6.1,SAM_28079017_14_6,O3,http://dd.eionet.europa.eu/vocabulary/aq/pollutant/7,hour,95.9399999900,µg/m3,2017-09-28 16:00:00 +01:00,2017-09-28 17:00:00 +01:00,1,1
ES,ES.BDCA.AQD,NET_ES131A,STA_ES0125A,,SP_28079017_14_6,SPP_28079017_14_6.1,SAM_28079017_14_6,O3,http://dd.eionet.europa.eu/vocabulary/aq/pollutant/7,hour,85.4599999900,µg/m3,2017-09-28 17:00:00 +01:00,2017-09-28 18:00:00 +01:00,1,1
ES,ES.BDCA.AQD,NET_ES131A,STA_ES0125A,,SP_28079017_14_6,SPP_28079017_14_6.1,SAM_28079017_14_6,O3,http://dd.eionet.europa.eu/vocabulary/aq/pollutant/7,hour,64.2999999900,µg/m3,2017-09-28 18:00:00 +01:00,2017-09-28 19:00:00 +01:00,1,1
ES,ES.BDCA.AQD,NET_ES131A,STA_ES0125A,,SP_28079017_14_6,SPP_28079017_14_6.1,SAM_28079017_14_6,O3,http://dd.eionet.europa.eu/vocabulary/aq/pollutant/7,hour,5.3499999900,µg/m3,2017-09-28 19:00:00 +01:00,2017-09-28 20:00:00 +01:00,1,1
ES,ES.BDCA.AQD,NET_ES131A,STA_ES0125A,,SP_28079017_14_6,SPP_28079017_14_6.1,SAM_28079017_14_6,O3,http://dd.eionet.europa.eu/vocabulary/aq/pollutant/7,hour,2.1299999900,µg/m3,2017-09-28 20:00:00 +01:00,2017-09-28 21:00:00 +01:00,1,1
ES,ES.BDCA.AQD,NET_ES131A,STA_ES0125A,,SP_28079017_14_6,SPP_28079017_14_6.1,SAM_28079017_14_6,O3,http://dd.eionet.europa.eu/vocabulary/aq/pollutant/7,hour,2.2799999900,µg/m3,2017-09-28 21:00:00 +01:00,2017-09-28 22:00:00 +01:00,1,1
ES,ES.BDCA.AQD,NET_ES131A,STA_ES0125A,,SP_28079017_14_6,SPP_28079017_14_6.1,SAM_28079017_14_6,O3,http://dd.eionet.europa.eu/vocabulary/aq/pollutant/7,hour,1.7000000000,µg/m3,2017-09-28 22:00:00 +01:00,2017-09-28 23:00:00 +01:00,1,1
ES,ES.BDCA.AQD,NET_ES131A,STA_ES0125A,,SP_28079017_14_6,SPP_28079017_14_6.1,SAM_28079017_14_6,O3,http://dd.eionet.europa.eu/vocabulary/aq/pollutant/7,hour,1.4499999900,µg/m3,2017-09-28 23:00:00 +01:00,2017-09-29 00:00:00 +01:00,1,1
ES,ES.BDCA.AQD,NET_ES131A,STA_ES0125A,,SP_28079017_14_6,SPP_28079017_14_6.1,SAM_28079017_14_6,O3,http://dd.eionet.europa.eu/vocabulary/aq/pollutant/7,hour,1.3899999900,µg/m3,2017-09-29 00:00:00 +01:00,2017-09-29 01:00:00 +01:00,1,1
ES,ES.BDCA.AQD,NET_ES131A,STA_ES0125A,,SP_28079017_14_6,SPP_28079017_14_6.1,SAM_28079017_14_6,O3,http://dd.eionet.europa.eu/vocabulary/aq/pollutant/7,hour,2.1200000000,µg/m3,2017-09-29 01:00:00 +01:00,2017-09-29 02:00:00 +01:00,1,1
ES,ES.BDCA.AQD,NET_ES131A,STA_ES0125A,,SP_28079017_14_6,SPP_28079017_14_6.1,SAM_28079017_14_6,O3,http://dd.eionet.europa.eu/vocabulary/aq/pollutant/7,hour,2.4500000000,µg/m3,2017-09-29 02:00:00 +01:00,2017-09-29 03:00:00 +01:00,1,1
ES,ES.BDCA.AQD,NET_ES131A,STA_ES0125A,,SP_28079017_14_6,SPP_28079017_14_6.1,SAM_28079017_14_6,O3,http://dd.eionet.europa.eu/vocabulary/aq/pollutant/7,hour,7.7699999900,µg/m3,2017-09-29 03:00:00 +01:00,2017-09-29 04:00:00 +01:00,1,1
ES,ES.BDCA.AQD,NET_ES131A,STA_ES0125A,,SP_28079017_14_6,SPP_28079017_14_6.1,SAM_28079017_14_6,O3,http://dd.eionet.europa.eu/vocabulary/aq/pollutant/7,hour,2.2400000000,µg/m3,2017-09-29 04:00:00 +01:00,2017-09-29 05:00:00 +01:00,1,1
ES,ES.BDCA.AQD,NET_ES131A,STA_ES0125A,,SP_28079017_14_6,SPP_28079017_14_6.1,SAM_28079017_14_6,O3,http://dd.eionet.europa.eu/vocabulary/aq/pollutant/7,hour,6.3899999900,µg/m3,2017-09-29 05:00:00 +01:00,2017-09-29 06:00:00 +01:00,1,1
ES,ES.BDCA.AQD,NET_ES131A,STA_ES0125A,,SP_28079017_14_6,SPP_28079017_14_6.1,SAM_28079017_14_6,O3,http://dd.eionet.europa.eu/vocabulary/aq/pollutant/7,hour,1.7300000000,µg/m3,2017-09-29 06:00:00 +01:00,2017-09-29 07:00:00 +01:00,1,1
ES,ES.BDCA.AQD,NET_ES131A,STA_ES0125A,,SP_28079017_14_6,SPP_28079017_14_6.1,SAM_28079017_14_6,O3,http://dd.eionet.europa.eu/vocabulary/aq/pollutant/7,hour,2.2900000000,µg/m3,2017-09-29 07:00:00 +01:00,2017-09-29 08:00:00 +01:00,1,1
ES,ES.BDCA.AQD,NET_ES131A,STA_ES0125A,,SP_28079017_14_6,SPP_28079017_14_6.1,SAM_28079017_14_6,O3,http://dd.eionet.europa.eu/vocabulary/aq/pollutant/7,hour,6.1100000000,µg/m3,2017-09-29 08:00:00 +01:00,2017-09-29 09:00:00 +01:00,1,1
ES,ES.BDCA.AQD,NET_ES131A,STA_ES0125A,,SP_28079017_14_6,SPP_28079017_14_6.1,SAM_28079017_14_6,O3,http://dd.eionet.europa.eu/vocabulary/aq/pollutant/7,hour,25.5799999900,µg/m3,2017-09-29 09:00:00 +01:00,2017-09-29 10:00:00 +01:00,1,1
ES,ES.BDCA.AQD,NET_ES131A,STA_ES0125A,,SP_28079017_14_6,SPP_28079017_14_6.1,SAM_28079017_14_6,O3,http://dd.eionet.europa.eu/vocabulary/aq/pollutant/7,hour,48.6800000000,µg/m3,2017-09-29 10:00:00 +01:00,2017-09-29 11:00:00 +01:00,1,1
ES,ES.BDCA.AQD,NET_ES131A,STA_ES0125A,,SP_28079017_14_6,SPP_28079017_14_6.1,SAM_28079017_14_6,O3,http://dd.eionet.europa.eu/vocabulary/aq/pollutant/7,hour,66.0300000000,µg/m3,2017-09-29 11:00:00 +01:00,2017-09-29 12:00:00 +01:00,1,1
ES,ES.BDCA.AQD,NET_ES131A,STA_ES0125A,,SP_28079017_14_6,SPP_28079017_14_6.1,SAM_28079017_14_6,O3,http://dd.eionet.europa.eu/vocabulary/aq/pollutant/7,hour,76.5000000000,µg/m3,2017-09-29 12:00:00 +01:00,2017-09-29 13:00:00 +01:00,1,1
ES,ES.BDCA.AQD,NET_ES131A,STA_ES0125A,,SP_28079017_14_6,SPP_28079017_14_6.1,SAM_28079017_14_6,O3,http://dd.eionet.europa.eu/vocabulary/aq/pollutant/7,hour,87.7500000000,µg/m3,2017-09-29 13:00:00 +01:00,2017-09-29 14:00:00 +01:00,1,1
ES,ES.BDCA.AQD,NET_ES131A,STA_ES0125A,,SP_28079017_14_6,SPP_28079017_14_6.1,SAM_28079017_14_6,O3,http://dd.eionet.europa.eu/vocabulary/aq/pollutant/7,hour,93.6700000000,µg/m3,2017-09-29 14:00:00 +01:00,2017-09-29 15:00:00 +01:00,1,1
ES,ES.BDCA.AQD,NET_ES131A,STA_ES0125A,,SP_28079017_14_6,SPP_28079017_14_6.1,SAM_28079017_14_6,O3,http://dd.eionet.europa.eu/vocabulary/aq/pollutant/7,hour,96.4699999900,µg/m3,2017-09-29 15:00:00 +01:00,2017-09-29 16:00:00 +01:00,1,1
ES,ES.BDCA.AQD,NET_ES131A,STA_ES0125A,,SP_28079017_14_6,SPP_28079017_14_6.1,SAM_28079017_14_6,O3,http://dd.eionet.europa.eu/vocabulary/aq/pollutant/7,hour,95.8799999900,µg/m3,2017-09-29 16:00:00 +01:00,2017-09-29 17:00:00 +01:00,1,1
ES,ES.BDCA.AQD,NET_ES131A,STA_ES0125A,,SP_28079017_14_6,SPP_28079017_14_6.1,SAM_28079017_14_6,O3,http://dd.eionet.europa.eu/vocabulary/aq/pollutant/7,hour,98.3700000000,µg/m3,2017-09-29 17:00:00 +01:00,2017-09-29 18:00:00 +01:00,1,1
ES,ES.BDCA.AQD,NET_ES131A,STA_ES0125A,,SP_28079017_14_6,SPP_28079017_14_6.1,SAM_28079017_14_6,O3,http://dd.eionet.europa.eu/vocabulary/aq/pollutant/7,hour,60.4300000000,µg/m3,2017-09-29 18:00:00 +01:00,2017-09-29 19:00:00 +01:00,1,1
ES,ES.BDCA.AQD,NET_ES131A,STA_ES0125A,,SP_28079017_14_6,SPP_28079017_14_6.1,SAM_28079017_14_6,O3,http://dd.eionet.europa.eu/vocabulary/aq/pollutant/7,hour,4.0800000000,µg/m3,2017-09-29 19:00:00 +01:00,2017-09-29 20:00:00 +01:00,1,1
ES,ES.BDCA.AQD,NET_ES131A,STA_ES0125A,,SP_28079017_14_6,SPP_28079017_14_6.1,SAM_28079017_14_6,O3,http://dd.eionet.europa.eu/vocabulary/aq/pollutant/7,hour,1.8600000000,µg/m3,2017-09-29 20:00:00 +01:00,2017-09-29 21:00:00 +01:00,1,1
ES,ES.BDCA.AQD,NET_ES131A,STA_ES0125A,,SP_28079017_14_6,SPP_28079017_14_6.1,SAM_28079017_14_6,O3,http://dd.eionet.europa.eu/vocabulary/aq/pollutant/7,hour,1.6200000000,µg/m3,2017-09-29 21:00:00 +01:00,2017-09-29 22:00:00 +01:00,1,1
ES,ES.BDCA.AQD,NET_ES131A,STA_ES0125A,,SP_28079017_14_6,SPP_28079017_14_6.1,SAM_28079017_14_6,O3,http://dd.eionet.europa.eu/vocabulary/aq/pollutant/7,hour,1.5500000000,µg/m3,2017-09-29 22:00:00 +01:00,2017-09-29 23:00:00 +01:00,1,1
ES,ES.BDCA.AQD,NET_ES131A,STA_ES0125A,,SP_28079017_14_6,SPP_28079017_14_6.1,SAM_28079017_14_6,O3,http://dd.eionet.europa.eu/vocabulary/aq/pollutant/7,hour,1.5500000000,µg/m3,2017-09-29 23:00:00 +01:00,2017-09-30 00:00:00 +01:00,1,1
ES,ES.BDCA.AQD,NET_ES131A,STA_ES0125A,,SP_28079017_14_6,SPP_28079017_14_6.1,SAM_28079017_14_6,O3,http://dd.eionet.europa.eu/vocabulary/aq/pollutant/7,hour,1.5000000000,µg/m3,2017-09-30 00:00:00 +01:00,2017-09-30 01:00:00 +01:00,1,1
ES,ES.BDCA.AQD,NET_ES131A,STA_ES0125A,,SP_28079017_14_6,SPP_28079017_14_6.1,SAM_28079017_14_6,O3,http://dd.eionet.europa.eu/vocabulary/aq/pollutant/7,hour,1.4900000000,µg/m3,2017-09-30 01:00:00 +01:00,2017-09-30 02:00:00 +01:00,1,1
ES,ES.BDCA.AQD,NET_ES131A,STA_ES0125A,,SP_28079017_14_6,SPP_28079017_14_6.1,SAM_28079017_14_6,O3,http://dd.eionet.europa.eu/vocabulary/aq/pollutant/7,hour,1.5200000000,µg/m3,2017-09-30 02:00:00 +01:00,2017-09-30 03:00:00 +01:00,1,1
ES,ES.BDCA.AQD,NET_ES131A,STA_ES0125A,,SP_28079017_14_6,SPP_28079017_14_6.1,SAM_28079017_14_6,O3,http://dd.eionet.europa.eu/vocabulary/aq/pollutant/7,hour,1.1399999900,µg/m3,2017-09-30 03:00:00 +01:00,2017-09-30 04:00:00 +01:00,1,1
ES,ES.BDCA.AQD,NET_ES131A,STA_ES0125A,,SP_28079017_14_6,SPP_28079017_14_6.1,SAM_28079017_14_6,O3,http://dd.eionet.europa.eu/vocabulary/aq/pollutant/7,hour,5.4400000000,µg/m3,2017-09-30 04:00:00 +01:00,2017-09-30 05:00:00 +01:00,1,1
ES,ES.BDCA.AQD,NET_ES131A,STA_ES0125A,,SP_28079017_14_6,SPP_28079017_14_6.1,SAM_28079017_14_6,O3,http://dd.eionet.europa.eu/vocabulary/aq/pollutant/7,hour,1.2600000000,µg/m3,2017-09-30 05:00:00 +01:00,2017-09-30 06:00:00 +01:00,1,1
ES,ES.BDCA.AQD,NET_ES131A,STA_ES0125A,,SP_28079017_14_6,SPP_28079017_14_6.1,SAM_28079017_14_6,O3,http://dd.eionet.europa.eu/vocabulary/aq/pollutant/7,hour,3.9100000000,µg/m3,2017-09-30 06:00:00 +01:00,2017-09-30 07:00:00 +01:00,1,1
ES,ES.BDCA.AQD,NET_ES131A,STA_ES0125A,,SP_28079017_14_6,SPP_28079017_14_6.1,SAM_28079017_14_6,O3,http://dd.eionet.europa.eu/vocabulary/aq/pollutant/7,hour,6.6299999900,µg/m3,2017-09-30 07:00:00 +01:00,2017-09-30 08:00:00 +01:00,1,1
ES,ES.BDCA.AQD,NET_ES131A,STA_ES0125A,,SP_28079017_14_6,SPP_28079017_14_6.1,SAM_28079017_14_6,O3,http://dd.eionet.europa.eu/vocabulary/aq/pollutant/7,hour,21.4100000000,µg/m3,2017-09-30 08:00:00 +01:00,2017-09-30 09:00:00 +01:00,1,1
ES,ES.BDCA.AQD,NET_ES131A,STA_ES0125A,,SP_28079017_14_6,SPP_28079017_14_6.1,SAM_28079017_14_6,O3,http://dd.eionet.europa.eu/vocabulary/aq/pollutant/7,hour,38.3200000000,µg/m3,2017-09-30 09:00:00 +01:00,2017-09-30 10:00:00 +01:00,1,1
ES,ES.BDCA.AQD,NET_ES131A,STA_ES0125A,,SP_28079017_14_6,SPP_28079017_14_6.1,SAM_28079017_14_6,O3,http://dd.eionet.europa.eu/vocabulary/aq/pollutant/7,hour,37.5700000000,µg/m3,2017-09-30 10:00:00 +01:00,2017-09-30 11:00:00 +01:00,1,1
ES,ES.BDCA.AQD,NET_ES131A,STA_ES0125A,,SP_28079017_14_6,SPP_28079017_14_6.1,SAM_28079017_14_6,O3,http://dd.eionet.europa.eu/vocabulary/aq/pollutant/7,hour,46.0900000000,µg/m3,2017-09-30 11:00:00 +01:00,2017-09-30 12:00:00 +01:00,1,1
ES,ES.BDCA.AQD,NET_ES131A,STA_ES0125A,,SP_28079017_14_6,SPP_28079017_14_6.1,SAM_28079017_14_6,O3,http://dd.eionet.europa.eu/vocabulary/aq/pollutant/7,hour,58.8900000000,µg/m3,2017-09-30 12:00:00 +01:00,2017-09-30 13:00:00 +01:00,1,1
ES,ES.BDCA.AQD,NET_ES131A,STA_ES0125A,,SP_28079017_14_6,SPP_28079017_14_6.1,SAM_28079017_14_6,O3,http://dd.eionet.europa.eu/vocabulary/aq/pollutant/7,hour,68.3400000000,µg/m3,2017-09-30 13:00:00 +01:00,2017-09-30 14:00:00 +01:00,1,1
ES,ES.BDCA.AQD,NET_ES131A,STA_ES0125A,,SP_28079017_14_6,SPP_28079017_14_6.1,SAM_28079017_14_6,O3,http://dd.eionet.europa.eu/vocabulary/aq/pollutant/7,hour,77.1299999900,µg/m3,2017-09-30 14:00:00 +01:00,2017-09-30 15:00:00 +01:00,1,1
ES,ES.BDCA.AQD,NET_ES131A,STA_ES0125A,,SP_28079017_14_6,SPP_28079017_14_6.1,SAM_28079017_14_6,O3,http://dd.eionet.europa.eu/vocabulary/aq/pollutant/7,hour,81.7999999900,µg/m3,2017-09-30 15:00:00 +01:00,2017-09-30 16:00:00 +01:00,1,1
ES,ES.BDCA.AQD,NET_ES131A,STA_ES0125A,,SP_28079017_14_6,SPP_28079017_14_6.1,SAM_28079017_14_6,O3,http://dd.eionet.europa.eu/vocabulary/aq/pollutant/7,hour,77.4500000000,µg/m3,2017-09-30 16:00:00 +01:00,2017-09-30 17:00:00 +01:00,1,1
ES,ES.BDCA.AQD,NET_ES131A,STA_ES0125A,,SP_28079017_14_6,SPP_28079017_14_6.1,SAM_28079017_14_6,O3,http://dd.eionet.europa.eu/vocabulary/aq/pollutant/7,hour,76.9800000000,µg/m3,2017-09-30 17:00:00 +01:00,2017-09-30 18:00:00 +01:00,1,1
ES,ES.BDCA.AQD,NET_ES131A,STA_ES0125A,,SP_28079017_14_6,SPP_28079017_14_6.1,SAM_28079017_14_6,O3,http://dd.eionet.europa.eu/vocabulary/aq/pollutant/7,hour,57.3200000000,µg/m3,2017-09-30 18:00:00 +01:00,2017-09-30 19:00:00 +01:00,1,1
ES,ES.BDCA.AQD,NET_ES131A,STA_ES0125A,,SP_28079017_14_6,SPP_28079017_14_6.1,SAM_28079017_14_6,O3,http://dd.eionet.europa.eu/vocabulary/aq/pollutant/7,hour,40.8699999900,µg/m3,2017-09-30 19:00:00 +01:00,2017-09-30 20:00:00 +01:00,1,1
ES,ES.BDCA.AQD,NET_ES131A,STA_ES0125A,,SP_28079017_14_6,SPP_28079017_14_6.1,SAM_28079017_14_6,O3,http://dd.eionet.europa.eu/vocabulary/aq/pollutant/7,hour,23.1200000000,µg/m3,2017-09-30 20:00:00 +01:00,2017-09-30 21:00:00 +01:00,1,1
ES,ES.BDCA.AQD,NET_ES131A,STA_ES0125A,,SP_28079017_14_6,SPP_28079017_14_6.1,SAM_28079017_14_6,O3,http://dd.eionet.europa.eu/vocabulary/aq/pollutant/7,hour,9.8499999900,µg/m3,2017-09-30 21:00:00 +01:00,2017-09-30 22:00:00 +01:00,1,1
ES,ES.BDCA.AQD,NET_ES131A,STA_ES0125A,,SP_28079017_14_6,SPP_28079017_14_6.1,SAM_28079017_14_6,O3,http://dd.eionet.europa.eu/vocabulary/aq/pollutant/7,hour,2.6299999900,µg/m3,2017-09-30 22:00:00 +01:00,2017-09-30 23:00:00 +01:00,1,1
ES,ES.BDCA.AQD,NET_ES131A,STA_ES0125A,,SP_28079017_14_6,SPP_28079017_14_6.1,SAM_28079017_14_6,O3,http://dd.eionet.europa.eu/vocabulary/aq/pollutant/7,hour,30.8599999900,µg/m3,2017-09-30 23:00:00 +01:00,2017-10-01 00:00:00 +01:00,1,1
ES,ES.BDCA.AQD,NET_ES131A,STA_ES0125A,,SP_28079017_14_6,SPP_28079017_14_6.1,SAM_28079017_14_6,O3,http://dd.eionet.europa.eu/vocabulary/aq/pollutant/7,hour,53.1199999900,µg/m3,2017-10-01 00:00:00 +01:00,2017-10-01 01:00:00 +01:00,1,1
ES,ES.BDCA.AQD,NET_ES131A,STA_ES0125A,,SP_28079017_14_6,SPP_28079017_14_6.1,SAM_28079017_14_6,O3,http://dd.eionet.europa.eu/vocabulary/aq/pollutant/7,hour,60.0900000000,µg/m3,2017-10-01 01:00:00 +01:00,2017-10-01 02:00:00 +01:00,1,1
ES,ES.BDCA.AQD,NET_ES131A,STA_ES0125A,,SP_28079017_14_6,SPP_28079017_14_6.1,SAM_28079017_14_6,O3,http://dd.eionet.europa.eu/vocabulary/aq/pollutant/7,hour,58.9200000000,µg/m3,2017-10-01 02:00:00 +01:00,2017-10-01 03:00:00 +01:00,1,1
ES,ES.BDCA.AQD,NET_ES131A,STA_ES0125A,,SP_28079017_14_6,SPP_28079017_14_6.1,SAM_28079017_14_6,O3,http://dd.eionet.europa.eu/vocabulary/aq/pollutant/7,hour,60.9300000000,µg/m3,2017-10-01 03:00:00 +01:00,2017-10-01 04:00:00 +01:00,1,1
ES,ES.BDCA.AQD,NET_ES131A,STA_ES0125A,,SP_28079017_14_6,SPP_28079017_14_6.1,SAM_28079017_14_6,O3,http://dd.eionet.europa.eu/vocabulary/aq/pollutant/7,hour,54.6499999900,µg/m3,2017-10-01 04:00:00 +01:00,2017-10-01 05:00:00 +01:00,1,1
ES,ES.BDCA.AQD,NET_ES131A,STA_ES0125A,,SP_28079017_14_6,SPP_28079017_14_6.1,SAM_28079017_14_6,O3,http://dd.eionet.europa.eu/vocabulary/aq/pollutant/7,hour,54.9399999900,µg/m3,2017-10-01 05:00:00 +01:00,2017-10-01 06:00:00 +01:00,1,1
ES,ES.BDCA.AQD,NET_ES131A,STA_ES0125A,,SP_28079017_14_6,SPP_28079017_14_6.1,SAM_28079017_14_6,O3,http://dd.eionet.europa.eu/vocabulary/aq/pollutant/7,hour,43.0900000000,µg/m3,2017-10-01 06:00:00 +01:00,2017-10-01 07:00:00 +01:00,1,1
ES,ES.BDCA.AQD,NET_ES131A,STA_ES0125A,,SP_28079017_14_6,SPP_28079017_14_6.1,SAM_28079017_14_6,O3,http://dd.eionet.europa.eu/vocabulary/aq/pollutant/7,hour,28.5599999900,µg/m3,2017-10-01 07:00:00 +01:00,2017-10-01 08:00:00 +01:00,1,1
ES,ES.BDCA.AQD,NET_ES131A,STA_ES0125A,,SP_28079017_14_6,SPP_28079017_14_6.1,SAM_28079017_14_6,O3,http://dd.eionet.europa.eu/vocabulary/aq/pollutant/7,hour,23.8599999900,µg/m3,2017-10-01 08:00:00 +01:00,2017-10-01 09:00:00 +01:00,1,1
ES,ES.BDCA.AQD,NET_ES131A,STA_ES0125A,,SP_28079017_14_6,SPP_28079017_14_6.1,SAM_28079017_14_6,O3,http://dd.eionet.europa.eu/vocabulary/aq/pollutant/7,hour,42.0399999900,µg/m3,2017-10-01 09:00:00 +01:00,2017-10-01 10:00:00 +01:00,1,1
ES,ES.BDCA.AQD,NET_ES131A,STA_ES0125A,,SP_28079017_14_6,SPP_28079017_14_6.1,SAM_28079017_14_6,O3,http://dd.eionet.europa.eu/vocabulary/aq/pollutant/7,hour,38.5000000000,µg/m3,2017-10-01 10:00:00 +01:00,2017-10-01 11:00:00 +01:00,1,1
ES,ES.BDCA.AQD,NET_ES131A,STA_ES0125A,,SP_28079017_14_6,SPP_28079017_14_6.1,SAM_28079017_14_6,O3,http://dd.eionet.europa.eu/vocabulary/aq/pollutant/7,hour,50.8900000000,µg/m3,2017-10-01 11:00:00 +01:00,2017-10-01 12:00:00 +01:00,1,1
ES,ES.BDCA.AQD,NET_ES131A,STA_ES0125A,,SP_28079017_14_6,SPP_28079017_14_6.1,SAM_28079017_14_6,O3,http://dd.eionet.europa.eu/vocabulary/aq/pollutant/7,hour,64.0999999900,µg/m3,2017-10-01 12:00:00 +01:00,2017-10-01 13:00:00 +01:00,1,1
ES,ES.BDCA.AQD,NET_ES131A,STA_ES0125A,,SP_28079017_14_6,SPP_28079017_14_6.1,SAM_28079017_14_6,O3,http://dd.eionet.europa.eu/vocabulary/aq/pollutant/7,hour,72.6400000000,µg/m3,2017-10-01 13:00:00 +01:00,2017-10-01 14:00:00 +01:00,1,1
ES,ES.BDCA.AQD,NET_ES131A,STA_ES0125A,,SP_28079017_14_6,SPP_28079017_14_6.1,SAM_28079017_14_6,O3,http://dd.eionet.europa.eu/vocabulary/aq/pollutant/7,hour,76.6400000000,µg/m3,2017-10-01 14:00:00 +01:00,2017-10-01 15:00:00 +01:00,1,1
ES,ES.BDCA.AQD,NET_ES131A,STA_ES0125A,,SP_28079017_14_6,SPP_28079017_14_6.1,SAM_28079017_14_6,O3,http://dd.eionet.europa.eu/vocabulary/aq/pollutant/7,hour,73.5000000000,µg/m3,2017-10-01 15:00:00 +01:00,2017-10-01 16:00:00 +01:00,1,1
ES,ES.BDCA.AQD,NET_ES131A,STA_ES0125A,,SP_28079017_14_6,SPP_28079017_14_6.1,SAM_28079017_14_6,O3,http://dd.eionet.europa.eu/vocabulary/aq/pollutant/7,hour,73.8799999900,µg/m3,2017-10-01 16:00:00 +01:00,2017-10-01 17:00:00 +01:00,1,1
ES,ES.BDCA.AQD,NET_ES131A,STA_ES0125A,,SP_28079017_14_6,SPP_28079017_14_6.1,SAM_28079017_14_6,O3,http://dd.eionet.europa.eu/vocabulary/aq/pollutant/7,hour,60.9099999900,µg/m3,2017-10-01 17:00:00 +01:00,2017-10-01 18:00:00 +01:00,1,1
ES,ES.BDCA.AQD,NET_ES131A,STA_ES0125A,,SP_28079017_14_6,SPP_28079017_14_6.1,SAM_28079017_14_6,O3,http://dd.eionet.europa.eu/vocabulary/aq/pollutant/7,hour,48.2000000000,µg/m3,2017-10-01 18:00:00 +01:00,2017-10-01 19:00:00 +01:00,1,1
ES,ES.BDCA.AQD,NET_ES131A,STA_ES0125A,,SP_28079017_14_6,SPP_28079017_14_6.1,SAM_28079017_14_6,O3,http://dd.eionet.europa.eu/vocabulary/aq/pollutant/7,hour,25.1299999900,µg/m3,2017-10-01 19:00:00 +01:00,2017-10-01 20:00:00 +01:00,1,1
ES,ES.BDCA.AQD,NET_ES131A,STA_ES0125A,,SP_28079017_14_6,SPP_28079017_14_6.1,SAM_28079017_14_6,O3,http://dd.eionet.europa.eu/vocabulary/aq/pollutant/7,hour,16.1099999900,µg/m3,2017-10-01 20:00:00 +01:00,2017-10-01 21:00:00 +01:00,1,1
ES,ES.BDCA.AQD,NET_ES131A,STA_ES0125A,,SP_28079017_14_6,SPP_28079017_14_6.1,SAM_28079017_14_6,O3,http://dd.eionet.europa.eu/vocabulary/aq/pollutant/7,hour,9.9900000000,µg/m3,2017-10-01 21:00:00 +01:00,2017-10-01 22:00:00 +01:00,1,1
ES,ES.BDCA.AQD,NET_ES131A,STA_ES0125A,,SP_28079017_14_6,SPP_28079017_14_6.1,SAM_28079017_14_6,O3,http://dd.eionet.europa.eu/vocabulary/aq/pollutant/7,hour,16.1099999900,µg/m3,2017-10-01 22:00:00 +01:00,2017-10-01 23:00:00 +01:00,1,1
ES,ES.BDCA.AQD,NET_ES131A,STA_ES0125A,,SP_28079017_14_6,SPP_28079017_14_6.1,SAM_28079017_14_6,O3,http://dd.eionet.europa.eu/vocabulary/aq/pollutant/7,hour,7.9299999900,µg/m3,2017-10-01 23:00:00 +01:00,2017-10-02 00:00:00 +01:00,1,1
ES,ES.BDCA.AQD,NET_ES131A,STA_ES0125A,,SP_28079017_14_6,SPP_28079017_14_6.1,SAM_28079017_14_6,O3,http://dd.eionet.europa.eu/vocabulary/aq/pollutant/7,hour,5.3799999900,µg/m3,2017-10-02 00:00:00 +01:00,2017-10-02 01:00:00 +01:00,1,1
ES,ES.BDCA.AQD,NET_ES131A,STA_ES0125A,,SP_28079017_14_6,SPP_28079017_14_6.1,SAM_28079017_14_6,O3,http://dd.eionet.europa.eu/vocabulary/aq/pollutant/7,hour,2.4300000000,µg/m3,2017-10-02 01:00:00 +01:00,2017-10-02 02:00:00 +01:00,1,1
ES,ES.BDCA.AQD,NET_ES131A,STA_ES0125A,,SP_28079017_14_6,SPP_28079017_14_6.1,SAM_28079017_14_6,O3,http://dd.eionet.europa.eu/vocabulary/aq/pollutant/7,hour,6.9199999900,µg/m3,2017-10-02 02:00:00 +01:00,2017-10-02 03:00:00 +01:00,1,1
ES,ES.BDCA.AQD,NET_ES131A,STA_ES0125A,,SP_28079017_14_6,SPP_28079017_14_6.1,SAM_28079017_14_6,O3,http://dd.eionet.europa.eu/vocabulary/aq/pollutant/7,hour,2.3199999900,µg/m3,2017-10-02 03:00:00 +01:00,2017-10-02 04:00:00 +01:00,1,1
ES,ES.BDCA.AQD,NET_ES131A,STA_ES0125A,,SP_28079017_14_6,SPP_28079017_14_6.1,SAM_28079017_14_6,O3,http://dd.eionet.europa.eu/vocabulary/aq/pollutant/7,hour,2.1800000000,µg/m3,2017-10-02 04:00:00 +01:00,2017-10-02 05:00:00 +01:00,1,1
ES,ES.BDCA.AQD,NET_ES131A,STA_ES0125A,,SP_28079017_14_6,SPP_28079017_14_6.1,SAM_28079017_14_6,O3,http://dd.eionet.europa.eu/vocabulary/aq/pollutant/7,hour,2.0800000000,µg/m3,2017-10-02 05:00:00 +01:00,2017-10-02 06:00:00 +01:00,1,1
ES,ES.BDCA.AQD,NET_ES131A,STA_ES0125A,,SP_28079017_14_6,SPP_28079017_14_6.1,SAM_28079017_14_6,O3,http://dd.eionet.europa.eu/vocabulary/aq/pollutant/7,hour,2.0699999900,µg/m3,2017-10-02 06:00:00 +01:00,2017-10-02 07:00:00 +01:00,1,1
ES,ES.BDCA.AQD,NET_ES131A,STA_ES0125A,,SP_28079017_14_6,SPP_28079017_14_6.1,SAM_28079017_14_6,O3,http://dd.eionet.europa.eu/vocabulary/aq/pollutant/7,hour,2.1899999900,µg/m3,2017-10-02 07:00:00 +01:00,2017-10-02 08:00:00 +01:00,1,1
ES,ES.BDCA.AQD,NET_ES131A,STA_ES0125A,,SP_28079017_14_6,SPP_28079017_14_6.1,SAM_28079017_14_6,O3,http://dd.eionet.europa.eu/vocabulary/aq/pollutant/7,hour,3.5499999900,µg/m3,2017-10-02 08:00:00 +01:00,2017-10-02 09:00:00 +01:00,1,1
ES,ES.BDCA.AQD,NET_ES131A,STA_ES0125A,,SP_28079017_14_6,SPP_28079017_14_6.1,SAM_28079017_14_6,O3,http://dd.eionet.europa.eu/vocabulary/aq/pollutant/7,hour,4.9199999900,µg/m3,2017-10-02 09:00:00 +01:00,2017-10-02 10:00:00 +01:00,1,1
ES,ES.BDCA.AQD,NET_ES131A,STA_ES0125A,,SP_28079017_14_6,SPP_28079017_14_6.1,SAM_28079017_14_6,O3,http://dd.eionet.europa.eu/vocabulary/aq/pollutant/7,hour,8.5299999900,µg/m3,2017-10-02 10:00:00 +01:00,2017-10-02 11:00:00 +01:00,1,1
ES,ES.BDCA.AQD,NET_ES131A,STA_ES0125A,,SP_28079017_14_6,SPP_28079017_14_6.1,SAM_28079017_14_6,O3,http://dd.eionet.europa.eu/vocabulary/aq/pollutant/7,hour,19.9800000000,µg/m3,2017-10-02 11:00:00 +01:00,2017-10-02 12:00:00 +01:00,1,1
ES,ES.BDCA.AQD,NET_ES131A,STA_ES0125A,,SP_28079017_14_6,SPP_28079017_14_6.1,SAM_28079017_14_6,O3,http://dd.eionet.europa.eu/vocabulary/aq/pollutant/7,hour,31.7800000000,µg/m3,2017-10-02 12:00:00 +01:00,2017-10-02 13:00:00 +01:00,1,1
ES,ES.BDCA.AQD,NET_ES131A,STA_ES0125A,,SP_28079017_14_6,SPP_28079017_14_6.1,SAM_28079017_14_6,O3,http://dd.eionet.europa.eu/vocabulary/aq/pollutant/7,hour,46.6000000000,µg/m3,2017-10-02 13:00:00 +01:00,2017-10-02 14:00:00 +01:00,1,1
ES,ES.BDCA.AQD,NET_ES131A,STA_ES0125A,,SP_28079017_14_6,SPP_28079017_14_6.1,SAM_28079017_14_6,O3,http://dd.eionet.europa.eu/vocabulary/aq/pollutant/7,hour,54.0600000000,µg/m3,2017-10-02 14:00:00 +01:00,2017-10-02 15:00:00 +01:00,1,1
ES,ES.BDCA.AQD,NET_ES131A,STA_ES0125A,,SP_28079017_14_6,SPP_28079017_14_6.1,SAM_28079017_14_6,O3,http://dd.eionet.europa.eu/vocabulary/aq/pollutant/7,hour,53.5499999900,µg/m3,2017-10-02 15:00:00 +01:00,2017-10-02 16:00:00 +01:00,1,1
ES,ES.BDCA.AQD,NET_ES131A,STA_ES0125A,,SP_28079017_14_6,SPP_28079017_14_6.1,SAM_28079017_14_6,O3,http://dd.eionet.europa.eu/vocabulary/aq/pollutant/7,hour,48.5200000000,µg/m3,2017-10-02 16:00:00 +01:00,2017-10-02 17:00:00 +01:00,1,1
ES,ES.BDCA.AQD,NET_ES131A,STA_ES0125A,,SP_28079017_14_6,SPP_28079017_14_6.1,SAM_28079017_14_6,O3,http://dd.eionet.europa.eu/vocabulary/aq/pollutant/7,hour,43.4399999900,µg/m3,2017-10-02 17:00:00 +01:00,2017-10-02 18:00:00 +01:00,1,1
ES,ES.BDCA.AQD,NET_ES131A,STA_ES0125A,,SP_28079017_14_6,SPP_28079017_14_6.1,SAM_28079017_14_6,O3,http://dd.eionet.europa.eu/vocabulary/aq/pollutant/7,hour,28.6900000000,µg/m3,2017-10-02 18:00:00 +01:00,2017-10-02 19:00:00 +01:00,1,1
ES,ES.BDCA.AQD,NET_ES131A,STA_ES0125A,,SP_28079017_14_6,SPP_28079017_14_6.1,SAM_28079017_14_6,O3,http://dd.eionet.europa.eu/vocabulary/aq/pollutant/7,hour,6.2000000000,µg/m3,2017-10-02 19:00:00 +01:00,2017-10-02 20:00:00 +01:00,1,1
ES,ES.BDCA.AQD,NET_ES131A,STA_ES0125A,,SP_28079017_14_6,SPP_28079017_14_6.1,SAM_28079017_14_6,O3,http://dd.eionet.europa.eu/vocabulary/aq/pollutant/7,hour,2.8199999900,µg/m3,2017-10-02 20:00:00 +01:00,2017-10-02 21:00:00 +01:00,1,1
ES,ES.BDCA.AQD,NET_ES131A,STA_ES0125A,,SP_28079017_14_6,SPP_28079017_14_6.1,SAM_28079017_14_6,O3,http://dd.eionet.europa.eu/vocabulary/aq/pollutant/7,hour,2.7999999900,µg/m3,2017-10-02 21:00:00 +01:00,2017-10-02 22:00:00 +01:00,1,1
ES,ES.BDCA.AQD,NET_ES131A,STA_ES0125A,,SP_28079017_14_6,SPP_28079017_14_6.1,SAM_28079017_14_6,O3,http://dd.eionet.europa.eu/vocabulary/aq/pollutant/7,hour,2.6699999900,µg/m3,2017-10-02 22:00:00 +01:00,2017-10-02 23:00:00 +01:00,1,1
ES,ES.BDCA.AQD,NET_ES131A,STA_ES0125A,,SP_28079017_14_6,SPP_28079017_14_6.1,SAM_28079017_14_6,O3,http://dd.eionet.europa.eu/vocabulary/aq/pollutant/7,hour,2.5000000000,µg/m3,2017-10-02 23:00:00 +01:00,2017-10-03 00:00:00 +01:00,1,1
ES,ES.BDCA.AQD,NET_ES131A,STA_ES0125A,,SP_28079017_14_6,SPP_28079017_14_6.1,SAM_28079017_14_6,O3,http://dd.eionet.europa.eu/vocabulary/aq/pollutant/7,hour,2.2700000000,µg/m3,2017-10-03 00:00:00 +01:00,2017-10-03 01:00:00 +01:00,1,1
ES,ES.BDCA.AQD,NET_ES131A,STA_ES0125A,,SP_28079017_14_6,SPP_28079017_14_6.1,SAM_28079017_14_6,O3,http://dd.eionet.europa.eu/vocabulary/aq/pollutant/7,hour,5.4000000000,µg/m3,2017-10-03 01:00:00 +01:00,2017-10-03 02:00:00 +01:00,1,1
ES,ES.BDCA.AQD,NET_ES131A,STA_ES0125A,,SP_28079017_14_6,SPP_28079017_14_6.1,SAM_28079017_14_6,O3,http://dd.eionet.europa.eu/vocabulary/aq/pollutant/7,hour,2.6000000000,µg/m3,2017-10-03 02:00:00 +01:00,2017-10-03 03:00:00 +01:00,1,1
ES,ES.BDCA.AQD,NET_ES131A,STA_ES0125A,,SP_28079017_14_6,SPP_28079017_14_6.1,SAM_28079017_14_6,O3,http://dd.eionet.europa.eu/vocabulary/aq/pollutant/7,hour,2.2300000000,µg/m3,2017-10-03 03:00:00 +01:00,2017-10-03 04:00:00 +01:00,1,1
ES,ES.BDCA.AQD,NET_ES131A,STA_ES0125A,,SP_28079017_14_6,SPP_28079017_14_6.1,SAM_28079017_14_6,O3,http://dd.eionet.europa.eu/vocabulary/aq/pollutant/7,hour,2.3900000000,µg/m3,2017-10-03 04:00:00 +01:00,2017-10-03 05:00:00 +01:00,1,1
ES,ES.BDCA.AQD,NET_ES131A,STA_ES0125A,,SP_28079017_14_6,SPP_28079017_14_6.1,SAM_28079017_14_6,O3,http://dd.eionet.europa.eu/vocabulary/aq/pollutant/7,hour,2.1600000000,µg/m3,2017-10-03 05:00:00 +01:00,2017-10-03 06:00:00 +01:00,1,1
ES,ES.BDCA.AQD,NET_ES131A,STA_ES0125A,,SP_28079017_14_6,SPP_28079017_14_6.1,SAM_28079017_14_6,O3,http://dd.eionet.europa.eu/vocabulary/aq/pollutant/7,hour,2.4700000000,µg/m3,2017-10-03 06:00:00 +01:00,2017-10-03 07:00:00 +01:00,1,1
ES,ES.BDCA.AQD,NET_ES131A,STA_ES0125A,,SP_28079017_14_6,SPP_28079017_14_6.1,SAM_28079017_14_6,O3,http://dd.eionet.europa.eu/vocabulary/aq/pollutant/7,hour,2.3199999900,µg/m3,2017-10-03 07:00:00 +01:00,2017-10-03 08:00:00 +01:00,1,1
ES,ES.BDCA.AQD,NET_ES131A,STA_ES0125A,,SP_28079017_14_6,SPP_28079017_14_6.1,SAM_28079017_14_6,O3,http://dd.eionet.europa.eu/vocabulary/aq/pollutant/7,hour,4.0499999900,µg/m3,2017-10-03 08:00:00 +01:00,2017-10-03 09:00:00 +01:00,1,1
ES,ES.BDCA.AQD,NET_ES131A,STA_ES0125A,,SP_28079017_14_6,SPP_28079017_14_6.1,SAM_28079017_14_6,O3,http://dd.eionet.europa.eu/vocabulary/aq/pollutant/7,hour,12.0500000000,µg/m3,2017-10-03 09:00:00 +01:00,2017-10-03 10:00:00 +01:00,1,1
ES,ES.BDCA.AQD,NET_ES131A,STA_ES0125A,,SP_28079017_14_6,SPP_28079017_14_6.1,SAM_28079017_14_6,O3,http://dd.eionet.europa.eu/vocabulary/aq/pollutant/7,hour,26.7500000000,µg/m3,2017-10-03 10:00:00 +01:00,2017-10-03 11:00:00 +01:00,1,1
ES,ES.BDCA.AQD,NET_ES131A,STA_ES0125A,,SP_28079017_14_6,SPP_28079017_14_6.1,SAM_28079017_14_6,O3,http://dd.eionet.europa.eu/vocabulary/aq/pollutant/7,hour,41.1199999900,µg/m3,2017-10-03 11:00:00 +01:00,2017-10-03 12:00:00 +01:00,1,1
ES,ES.BDCA.AQD,NET_ES131A,STA_ES0125A,,SP_28079017_14_6,SPP_28079017_14_6.1,SAM_28079017_14_6,O3,http://dd.eionet.europa.eu/vocabulary/aq/pollutant/7,hour,50.3400000000,µg/m3,2017-10-03 12:00:00 +01:00,2017-10-03 13:00:00 +01:00,1,1
ES,ES.BDCA.AQD,NET_ES131A,STA_ES0125A,,SP_28079017_14_6,SPP_28079017_14_6.1,SAM_28079017_14_6,O3,http://dd.eionet.europa.eu/vocabulary/aq/pollutant/7,hour,51.3200000000,µg/m3,2017-10-03 13:00:00 +01:00,2017-10-03 14:00:00 +01:00,1,1
ES,ES.BDCA.AQD,NET_ES131A,STA_ES0125A,,SP_28079017_14_6,SPP_28079017_14_6.1,SAM_28079017_14_6,O3,http://dd.eionet.europa.eu/vocabulary/aq/pollutant/7,hour,66.3900000000,µg/m3,2017-10-03 14:00:00 +01:00,2017-10-03 15:00:00 +01:00,1,1
ES,ES.BDCA.AQD,NET_ES131A,STA_ES0125A,,SP_28079017_14_6,SPP_28079017_14_6.1,SAM_28079017_14_6,O3,http://dd.eionet.europa.eu/vocabulary/aq/pollutant/7,hour,69.9599999900,µg/m3,2017-10-03 15:00:00 +01:00,2017-10-03 16:00:00 +01:00,1,1
ES,ES.BDCA.AQD,NET_ES131A,STA_ES0125A,,SP_28079017_14_6,SPP_28079017_14_6.1,SAM_28079017_14_6,O3,http://dd.eionet.europa.eu/vocabulary/aq/pollutant/7,hour,72.6899999900,µg/m3,2017-10-03 16:00:00 +01:00,2017-10-03 17:00:00 +01:00,1,1
ES,ES.BDCA.AQD,NET_ES131A,STA_ES0125A,,SP_28079017_14_6,SPP_28079017_14_6.1,SAM_28079017_14_6,O3,http://dd.eionet.europa.eu/vocabulary/aq/pollutant/7,hour,68.7500000000,µg/m3,2017-10-03 17:00:00 +01:00,2017-10-03 18:00:00 +01:00,1,1
ES,ES.BDCA.AQD,NET_ES131A,STA_ES0125A,,SP_28079017_14_6,SPP_28079017_14_6.1,SAM_28079017_14_6,O3,http://dd.eionet.europa.eu/vocabulary/aq/pollutant/7,hour,38.4900000000,µg/m3,2017-10-03 18:00:00 +01:00,2017-10-03 19:00:00 +01:00,1,1
ES,ES.BDCA.AQD,NET_ES131A,STA_ES0125A,,SP_28079017_14_6,SPP_28079017_14_6.1,SAM_28079017_14_6,O3,http://dd.eionet.europa.eu/vocabulary/aq/pollutant/7,hour,8.6400000000,µg/m3,2017-10-03 19:00:00 +01:00,2017-10-03 20:00:00 +01:00,1,1
ES,ES.BDCA.AQD,NET_ES131A,STA_ES0125A,,SP_28079017_14_6,SPP_28079017_14_6.1,SAM_28079017_14_6,O3,http://dd.eionet.europa.eu/vocabulary/aq/pollutant/7,hour,2.7999999900,µg/m3,2017-10-03 20:00:00 +01:00,2017-10-03 21:00:00 +01:00,1,1
ES,ES.BDCA.AQD,NET_ES131A,STA_ES0125A,,SP_28079017_14_6,SPP_28079017_14_6.1,SAM_28079017_14_6,O3,http://dd.eionet.europa.eu/vocabulary/aq/pollutant/7,hour,2.3700000000,µg/m3,2017-10-03 21:00:00 +01:00,2017-10-03 22:00:00 +01:00,1,1
ES,ES.BDCA.AQD,NET_ES131A,STA_ES0125A,,SP_28079017_14_6,SPP_28079017_14_6.1,SAM_28079017_14_6,O3,http://dd.eionet.europa.eu/vocabulary/aq/pollutant/7,hour,2.1299999900,µg/m3,2017-10-03 22:00:00 +01:00,2017-10-03 23:00:00 +01:00,1,1
ES,ES.BDCA.AQD,NET_ES131A,STA_ES0125A,,SP_28079017_14_6,SPP_28079017_14_6.1,SAM_28079017_14_6,O3,http://dd.eionet.europa.eu/vocabulary/aq/pollutant/7,hour,4.9199999900,µg/m3,2017-10-03 23:00:00 +01:00,2017-10-04 00:00:00 +01:00,1,1
ES,ES.BDCA.AQD,NET_ES131A,STA_ES0125A,,SP_28079017_14_6,SPP_28079017_14_6.1,SAM_28079017_14_6,O3,http://dd.eionet.europa.eu/vocabulary/aq/pollutant/7,hour,22.8799999900,µg/m3,2017-10-04 00:00:00 +01:00,2017-10-04 01:00:00 +01:00,1,1
ES,ES.BDCA.AQD,NET_ES131A,STA_ES0125A,,SP_28079017_14_6,SPP_28079017_14_6.1,SAM_28079017_14_6,O3,http://dd.eionet.europa.eu/vocabulary/aq/pollutant/7,hour,27.2500000000,µg/m3,2017-10-04 01:00:00 +01:00,2017-10-04 02:00:00 +01:00,1,1
ES,ES.BDCA.AQD,NET_ES131A,STA_ES0125A,,SP_28079017_14_6,SPP_28079017_14_6.1,SAM_28079017_14_6,O3,http://dd.eionet.europa.eu/vocabulary/aq/pollutant/7,hour,32.4399999900,µg/m3,2017-10-04 02:00:00 +01:00,2017-10-04 03:00:00 +01:00,1,1
ES,ES.BDCA.AQD,NET_ES131A,STA_ES0125A,,SP_28079017_14_6,SPP_28079017_14_6.1,SAM_28079017_14_6,O3,http://dd.eionet.europa.eu/vocabulary/aq/pollutant/7,hour,26.3900000000,µg/m3,2017-10-04 03:00:00 +01:00,2017-10-04 04:00:00 +01:00,1,1
ES,ES.BDCA.AQD,NET_ES131A,STA_ES0125A,,SP_28079017_14_6,SPP_28079017_14_6.1,SAM_28079017_14_6,O3,http://dd.eionet.europa.eu/vocabulary/aq/pollutant/7,hour,18.8900000000,µg/m3,2017-10-04 04:00:00 +01:00,2017-10-04 05:00:00 +01:00,1,1
ES,ES.BDCA.AQD,NET_ES131A,STA_ES0125A,,SP_28079017_14_6,SPP_28079017_14_6.1,SAM_28079017_14_6,O3,http://dd.eionet.europa.eu/vocabulary/aq/pollutant/7,hour,9.7500000000,µg/m3,2017-10-04 05:00:00 +01:00,2017-10-04 06:00:00 +01:00,1,1
ES,ES.BDCA.AQD,NET_ES131A,STA_ES0125A,,SP_28079017_14_6,SPP_28079017_14_6.1,SAM_28079017_14_6,O3,http://dd.eionet.europa.eu/vocabulary/aq/pollutant/7,hour,5.5800000000,µg/m3,2017-10-04 06:00:00 +01:00,2017-10-04 07:00:00 +01:00,1,1
ES,ES.BDCA.AQD,NET_ES131A,STA_ES0125A,,SP_28079017_14_6,SPP_28079017_14_6.1,SAM_28079017_14_6,O3,http://dd.eionet.europa.eu/vocabulary/aq/pollutant/7,hour,3.2900000000,µg/m3,2017-10-04 07:00:00 +01:00,2017-10-04 08:00:00 +01:00,1,1
ES,ES.BDCA.AQD,NET_ES131A,STA_ES0125A,,SP_28079017_14_6,SPP_28079017_14_6.1,SAM_28079017_14_6,O3,http://dd.eionet.europa.eu/vocabulary/aq/pollutant/7,hour,8.6999999900,µg/m3,2017-10-04 08:00:00 +01:00,2017-10-04 09:00:00 +01:00,1,1
ES,ES.BDCA.AQD,NET_ES131A,STA_ES0125A,,SP_28079017_14_6,SPP_28079017_14_6.1,SAM_28079017_14_6,O3,http://dd.eionet.europa.eu/vocabulary/aq/pollutant/7,hour,17.1900000000,µg/m3,2017-10-04 09:00:00 +01:00,2017-10-04 10:00:00 +01:00,1,1
ES,ES.BDCA.AQD,NET_ES131A,STA_ES0125A,,SP_28079017_14_6,SPP_28079017_14_6.1,SAM_28079017_14_6,O3,http://dd.eionet.europa.eu/vocabulary/aq/pollutant/7,hour,40.5700000000,µg/m3,2017-10-04 10:00:00 +01:00,2017-10-04 11:00:00 +01:00,1,1
ES,ES.BDCA.AQD,NET_ES131A,STA_ES0125A,,SP_28079017_14_6,SPP_28079017_14_6.1,SAM_28079017_14_6,O3,http://dd.eionet.europa.eu/vocabulary/aq/pollutant/7,hour,,µg/m3,2017-10-04 11:00:00 +01:00,2017-10-04 12:00:00 +01:00,-1,1
ES,ES.BDCA.AQD,NET_ES131A,STA_ES0125A,,SP_28079017_14_6,SPP_28079017_14_6.1,SAM_28079017_14_6,O3,http://dd.eionet.europa.eu/vocabulary/aq/pollutant/7,hour,33.0700000000,µg/m3,2017-10-04 12:00:00 +01:00,2017-10-04 13:00:00 +01:00,1,1
ES,ES.BDCA.AQD,NET_ES131A,STA_ES0125A,,SP_28079017_14_6,SPP_28079017_14_6.1,SAM_28079017_14_6,O3,http://dd.eionet.europa.eu/vocabulary/aq/pollutant/7,hour,40.3299999900,µg/m3,2017-10-04 13:00:00 +01:00,2017-10-04 14:00:00 +01:00,1,1
ES,ES.BDCA.AQD,NET_ES131A,STA_ES0125A,,SP_28079017_14_6,SPP_28079017_14_6.1,SAM_28079017_14_6,O3,http://dd.eionet.europa.eu/vocabulary/aq/pollutant/7,hour,45.6199999900,µg/m3,2017-10-04 14:00:00 +01:00,2017-10-04 15:00:00 +01:00,1,1
ES,ES.BDCA.AQD,NET_ES131A,STA_ES0125A,,SP_28079017_14_6,SPP_28079017_14_6.1,SAM_28079017_14_6,O3,http://dd.eionet.europa.eu/vocabulary/aq/pollutant/7,hour,48.4799999900,µg/m3,2017-10-04 15:00:00 +01:00,2017-10-04 16:00:00 +01:00,1,1
ES,ES.BDCA.AQD,NET_ES131A,STA_ES0125A,,SP_28079017_14_6,SPP_28079017_14_6.1,SAM_28079017_14_6,O3,http://dd.eionet.europa.eu/vocabulary/aq/pollutant/7,hour,50.1499999900,µg/m3,2017-10-04 16:00:00 +01:00,2017-10-04 17:00:00 +01:00,1,1
ES,ES.BDCA.AQD,NET_ES131A,STA_ES0125A,,SP_28079017_14_6,SPP_28079017_14_6.1,SAM_28079017_14_6,O3,http://dd.eionet.europa.eu/vocabulary/aq/pollutant/7,hour,45.8800000000,µg/m3,2017-10-04 17:00:00 +01:00,2017-10-04 18:00:00 +01:00,1,1
ES,ES.BDCA.AQD,NET_ES131A,STA_ES0125A,,SP_28079017_14_6,SPP_28079017_14_6.1,SAM_28079017_14_6,O3,http://dd.eionet.europa.eu/vocabulary/aq/pollutant/7,hour,42.7599999900,µg/m3,2017-10-04 18:00:00 +01:00,2017-10-04 19:00:00 +01:00,1,1
ES,ES.BDCA.AQD,NET_ES131A,STA_ES0125A,,SP_28079017_14_6,SPP_28079017_14_6.1,SAM_28079017_14_6,O3,http://dd.eionet.europa.eu/vocabulary/aq/pollutant/7,hour,21.1700000000,µg/m3,2017-10-04 19:00:00 +01:00,2017-10-04 20:00:00 +01:00,1,1
ES,ES.BDCA.AQD,NET_ES131A,STA_ES0125A,,SP_28079017_14_6,SPP_28079017_14_6.1,SAM_28079017_14_6,O3,http://dd.eionet.europa.eu/vocabulary/aq/pollutant/7,hour,4.5899999900,µg/m3,2017-10-04 20:00:00 +01:00,2017-10-04 21:00:00 +01:00,1,1
ES,ES.BDCA.AQD,NET_ES131A,STA_ES0125A,,SP_28079017_14_6,SPP_28079017_14_6.1,SAM_28079017_14_6,O3,http://dd.eionet.europa.eu/vocabulary/aq/pollutant/7,hour,1.1699999900,µg/m3,2017-10-04 21:00:00 +01:00,2017-10-04 22:00:00 +01:00,1,1
ES,ES.BDCA.AQD,NET_ES131A,STA_ES0125A,,SP_28079017_14_6,SPP_28079017_14_6.1,SAM_28079017_14_6,O3,http://dd.eionet.europa.eu/vocabulary/aq/pollutant/7,hour,1.1599999900,µg/m3,2017-10-04 22:00:00 +01:00,2017-10-04 23:00:00 +01:00,1,1
ES,ES.BDCA.AQD,NET_ES131A,STA_ES0125A,,SP_28079017_14_6,SPP_28079017_14_6.1,SAM_28079017_14_6,O3,http://dd.eionet.europa.eu/vocabulary/aq/pollutant/7,hour,4.7999999900,µg/m3,2017-10-04 23:00:00 +01:00,2017-10-05 00:00:00 +01:00,1,1
ES,ES.BDCA.AQD,NET_ES131A,STA_ES0125A,,SP_28079017_14_6,SPP_28079017_14_6.1,SAM_28079017_14_6,O3,http://dd.eionet.europa.eu/vocabulary/aq/pollutant/7,hour,1.0000000000,µg/m3,2017-10-05 00:00:00 +01:00,2017-10-05 01:00:00 +01:00,1,1
ES,ES.BDCA.AQD,NET_ES131A,STA_ES0125A,,SP_28079017_14_6,SPP_28079017_14_6.1,SAM_28079017_14_6,O3,http://dd.eionet.europa.eu/vocabulary/aq/pollutant/7,hour,1.0000000000,µg/m3,2017-10-05 01:00:00 +01:00,2017-10-05 02:00:00 +01:00,1,1
ES,ES.BDCA.AQD,NET_ES131A,STA_ES0125A,,SP_28079017_14_6,SPP_28079017_14_6.1,SAM_28079017_14_6,O3,http://dd.eionet.europa.eu/vocabulary/aq/pollutant/7,hour,1.0000000000,µg/m3,2017-10-05 02:00:00 +01:00,2017-10-05 03:00:00 +01:00,1,1
ES,ES.BDCA.AQD,NET_ES131A,STA_ES0125A,,SP_28079017_14_6,SPP_28079017_14_6.1,SAM_28079017_14_6,O3,http://dd.eionet.europa.eu/vocabulary/aq/pollutant/7,hour,1.0000000000,µg/m3,2017-10-05 03:00:00 +01:00,2017-10-05 04:00:00 +01:00,1,1
ES,ES.BDCA.AQD,NET_ES131A,STA_ES0125A,,SP_28079017_14_6,SPP_28079017_14_6.1,SAM_28079017_14_6,O3,http://dd.eionet.europa.eu/vocabulary/aq/pollutant/7,hour,1.0000000000,µg/m3,2017-10-05 04:00:00 +01:00,2017-10-05 05:00:00 +01:00,1,1
ES,ES.BDCA.AQD,NET_ES131A,STA_ES0125A,,SP_28079017_14_6,SPP_28079017_14_6.1,SAM_28079017_14_6,O3,http://dd.eionet.europa.eu/vocabulary/aq/pollutant/7,hour,1.0000000000,µg/m3,2017-10-05 05:00:00 +01:00,2017-10-05 06:00:00 +01:00,1,1
ES,ES.BDCA.AQD,NET_ES131A,STA_ES0125A,,SP_28079017_14_6,SPP_28079017_14_6.1,SAM_28079017_14_6,O3,http://dd.eionet.europa.eu/vocabulary/aq/pollutant/7,hour,1.0000000000,µg/m3,2017-10-05 06:00:00 +01:00,2017-10-05 07:00:00 +01:00,1,1
ES,ES.BDCA.AQD,NET_ES131A,STA_ES0125A,,SP_28079017_14_6,SPP_28079017_14_6.1,SAM_28079017_14_6,O3,http://dd.eionet.europa.eu/vocabulary/aq/pollutant/7,hour,1.0000000000,µg/m3,2017-10-05 07:00:00 +01:00,2017-10-05 08:00:00 +01:00,1,1
ES,ES.BDCA.AQD,NET_ES131A,STA_ES0125A,,SP_28079017_14_6,SPP_28079017_14_6.1,SAM_28079017_14_6,O3,http://dd.eionet.europa.eu/vocabulary/aq/pollutant/7,hour,2.3700000000,µg/m3,2017-10-05 08:00:00 +01:00,2017-10-05 09:00:00 +01:00,1,1
ES,ES.BDCA.AQD,NET_ES131A,STA_ES0125A,,SP_28079017_14_6,SPP_28079017_14_6.1,SAM_28079017_14_6,O3,http://dd.eionet.europa.eu/vocabulary/aq/pollutant/7,hour,10.6900000000,µg/m3,2017-10-05 09:00:00 +01:00,2017-10-05 10:00:00 +01:00,1,1
ES,ES.BDCA.AQD,NET_ES131A,STA_ES0125A,,SP_28079017_14_6,SPP_28079017_14_6.1,SAM_28079017_14_6,O3,http://dd.eionet.europa.eu/vocabulary/aq/pollutant/7,hour,18.8700000000,µg/m3,2017-10-05 10:00:00 +01:00,2017-10-05 11:00:00 +01:00,1,1
ES,ES.BDCA.AQD,NET_ES131A,STA_ES0125A,,SP_28079017_14_6,SPP_28079017_14_6.1,SAM_28079017_14_6,O3,http://dd.eionet.europa.eu/vocabulary/aq/pollutant/7,hour,21.4600000000,µg/m3,2017-10-05 11:00:00 +01:00,2017-10-05 12:00:00 +01:00,1,1
ES,ES.BDCA.AQD,NET_ES131A,STA_ES0125A,,SP_28079017_14_6,SPP_28079017_14_6.1,SAM_28079017_14_6,O3,http://dd.eionet.europa.eu/vocabulary/aq/pollutant/7,hour,30.0599999900,µg/m3,2017-10-05 12:00:00 +01:00,2017-10-05 13:00:00 +01:00,1,1
ES,ES.BDCA.AQD,NET_ES131A,STA_ES0125A,,SP_28079017_14_6,SPP_28079017_14_6.1,SAM_28079017_14_6,O3,http://dd.eionet.europa.eu/vocabulary/aq/pollutant/7,hour,43.6599999900,µg/m3,2017-10-05 13:00:00 +01:00,2017-10-05 14:00:00 +01:00,1,1
ES,ES.BDCA.AQD,NET_ES131A,STA_ES0125A,,SP_28079017_14_6,SPP_28079017_14_6.1,SAM_28079017_14_6,O3,http://dd.eionet.europa.eu/vocabulary/aq/pollutant/7,hour,61.8299999900,µg/m3,2017-10-05 14:00:00 +01:00,2017-10-05 15:00:00 +01:00,1,1
ES,ES.BDCA.AQD,NET_ES131A,STA_ES0125A,,SP_28079017_14_6,SPP_28079017_14_6.1,SAM_28079017_14_6,O3,http://dd.eionet.europa.eu/vocabulary/aq/pollutant/7,hour,71.3900000000,µg/m3,2017-10-05 15:00:00 +01:00,2017-10-05 16:00:00 +01:00,1,1
ES,ES.BDCA.AQD,NET_ES131A,STA_ES0125A,,SP_28079017_14_6,SPP_28079017_14_6.1,SAM_28079017_14_6,O3,http://dd.eionet.europa.eu/vocabulary/aq/pollutant/7,hour,77.3199999900,µg/m3,2017-10-05 16:00:00 +01:00,2017-10-05 17:00:00 +01:00,1,1
ES,ES.BDCA.AQD,NET_ES131A,STA_ES0125A,,SP_28079017_14_6,SPP_28079017_14_6.1,SAM_28079017_14_6,O3,http://dd.eionet.europa.eu/vocabulary/aq/pollutant/7,hour,73.6400000000,µg/m3,2017-10-05 17:00:00 +01:00,2017-10-05 18:00:00 +01:00,1,1
ES,ES.BDCA.AQD,NET_ES131A,STA_ES0125A,,SP_28079017_14_6,SPP_28079017_14_6.1,SAM_28079017_14_6,O3,http://dd.eionet.europa.eu/vocabulary/aq/pollutant/7,hour,27.3599999900,µg/m3,2017-10-05 18:00:00 +01:00,2017-10-05 19:00:00 +01:00,1,1
ES,ES.BDCA.AQD,NET_ES131A,STA_ES0125A,,SP_28079017_14_6,SPP_28079017_14_6.1,SAM_28079017_14_6,O3,http://dd.eionet.europa.eu/vocabulary/aq/pollutant/7,hour,1.3000000000,µg/m3,2017-10-05 19:00:00 +01:00,2017-10-05 20:00:00 +01:00,1,1
ES,ES.BDCA.AQD,NET_ES131A,STA_ES0125A,,SP_28079017_14_6,SPP_28079017_14_6.1,SAM_28079017_14_6,O3,http://dd.eionet.europa.eu/vocabulary/aq/pollutant/7,hour,1.2100000000,µg/m3,2017-10-05 20:00:00 +01:00,2017-10-05 21:00:00 +01:00,1,1
ES,ES.BDCA.AQD,NET_ES131A,STA_ES0125A,,SP_28079017_14_6,SPP_28079017_14_6.1,SAM_28079017_14_6,O3,http://dd.eionet.europa.eu/vocabulary/aq/pollutant/7,hour,1.0000000000,µg/m3,2017-10-05 21:00:00 +01:00,2017-10-05 22:00:00 +01:00,1,1
ES,ES.BDCA.AQD,NET_ES131A,STA_ES0125A,,SP_28079017_14_6,SPP_28079017_14_6.1,SAM_28079017_14_6,O3,http://dd.eionet.europa.eu/vocabulary/aq/pollutant/7,hour,1.0000000000,µg/m3,2017-10-05 22:00:00 +01:00,2017-10-05 23:00:00 +01:00,1,1
ES,ES.BDCA.AQD,NET_ES131A,STA_ES0125A,,SP_28079017_14_6,SPP_28079017_14_6.1,SAM_28079017_14_6,O3,http://dd.eionet.europa.eu/vocabulary/aq/pollutant/7,hour,1.0000000000,µg/m3,2017-10-05 23:00:00 +01:00,2017-10-06 00:00:00 +01:00,1,1
ES,ES.BDCA.AQD,NET_ES131A,STA_ES0125A,,SP_28079017_14_6,SPP_28079017_14_6.1,SAM_28079017_14_6,O3,http://dd.eionet.europa.eu/vocabulary/aq/pollutant/7,hour,14.6700000000,µg/m3,2017-10-06 00:00:00 +01:00,2017-10-06 01:00:00 +01:00,1,1
ES,ES.BDCA.AQD,NET_ES131A,STA_ES0125A,,SP_28079017_14_6,SPP_28079017_14_6.1,SAM_28079017_14_6,O3,http://dd.eionet.europa.eu/vocabulary/aq/pollutant/7,hour,10.1400000000,µg/m3,2017-10-06 01:00:00 +01:00,2017-10-06 02:00:00 +01:00,1,1
ES,ES.BDCA.AQD,NET_ES131A,STA_ES0125A,,SP_28079017_14_6,SPP_28079017_14_6.1,SAM_28079017_14_6,O3,http://dd.eionet.europa.eu/vocabulary/aq/pollutant/7,hour,30.8099999900,µg/m3,2017-10-06 02:00:00 +01:00,2017-10-06 03:00:00 +01:00,1,1
ES,ES.BDCA.AQD,NET_ES131A,STA_ES0125A,,SP_28079017_14_6,SPP_28079017_14_6.1,SAM_28079017_14_6,O3,http://dd.eionet.europa.eu/vocabulary/aq/pollutant/7,hour,29.5599999900,µg/m3,2017-10-06 03:00:00 +01:00,2017-10-06 04:00:00 +01:00,1,1
ES,ES.BDCA.AQD,NET_ES131A,STA_ES0125A,,SP_28079017_14_6,SPP_28079017_14_6.1,SAM_28079017_14_6,O3,http://dd.eionet.europa.eu/vocabulary/aq/pollutant/7,hour,14.4499999900,µg/m3,2017-10-06 04:00:00 +01:00,2017-10-06 05:00:00 +01:00,1,1
ES,ES.BDCA.AQD,NET_ES131A,STA_ES0125A,,SP_28079017_14_6,SPP_28079017_14_6.1,SAM_28079017_14_6,O3,http://dd.eionet.europa.eu/vocabulary/aq/pollutant/7,hour,2.8100000000,µg/m3,2017-10-06 05:00:00 +01:00,2017-10-06 06:00:00 +01:00,1,1
ES,ES.BDCA.AQD,NET_ES131A,STA_ES0125A,,SP_28079017_14_6,SPP_28079017_14_6.1,SAM_28079017_14_6,O3,http://dd.eionet.europa.eu/vocabulary/aq/pollutant/7,hour,1.0000000000,µg/m3,2017-10-06 06:00:00 +01:00,2017-10-06 07:00:00 +01:00,1,1
ES,ES.BDCA.AQD,NET_ES131A,STA_ES0125A,,SP_28079017_14_6,SPP_28079017_14_6.1,SAM_28079017_14_6,O3,http://dd.eionet.europa.eu/vocabulary/aq/pollutant/7,hour,1.0000000000,µg/m3,2017-10-06 07:00:00 +01:00,2017-10-06 08:00:00 +01:00,1,1
ES,ES.BDCA.AQD,NET_ES131A,STA_ES0125A,,SP_28079017_14_6,SPP_28079017_14_6.1,SAM_28079017_14_6,O3,http://dd.eionet.europa.eu/vocabulary/aq/pollutant/7,hour,2.9100000000,µg/m3,2017-10-06 08:00:00 +01:00,2017-10-06 09:00:00 +01:00,1,1
ES,ES.BDCA.AQD,NET_ES131A,STA_ES0125A,,SP_28079017_14_6,SPP_28079017_14_6.1,SAM_28079017_14_6,O3,http://dd.eionet.europa.eu/vocabulary/aq/pollutant/7,hour,23.9300000000,µg/m3,2017-10-06 09:00:00 +01:00,2017-10-06 10:00:00 +01:00,1,1
ES,ES.BDCA.AQD,NET_ES131A,STA_ES0125A,,SP_28079017_14_6,SPP_28079017_14_6.1,SAM_28079017_14_6,O3,http://dd.eionet.europa.eu/vocabulary/aq/pollutant/7,hour,36.9099999900,µg/m3,2017-10-06 10:00:00 +01:00,2017-10-06 11:00:00 +01:00,1,1
ES,ES.BDCA.AQD,NET_ES131A,STA_ES0125A,,SP_28079017_14_6,SPP_28079017_14_6.1,SAM_28079017_14_6,O3,http://dd.eionet.europa.eu/vocabulary/aq/pollutant/7,hour,53.4099999900,µg/m3,2017-10-06 11:00:00 +01:00,2017-10-06 12:00:00 +01:00,1,1
ES,ES.BDCA.AQD,NET_ES131A,STA_ES0125A,,SP_28079017_14_6,SPP_28079017_14_6.1,SAM_28079017_14_6,O3,http://dd.eionet.europa.eu/vocabulary/aq/pollutant/7,hour,60.0700000000,µg/m3,2017-10-06 12:00:00 +01:00,2017-10-06 13:00:00 +01:00,1,1
ES,ES.BDCA.AQD,NET_ES131A,STA_ES0125A,,SP_28079017_14_6,SPP_28079017_14_6.1,SAM_28079017_14_6,O3,http://dd.eionet.europa.eu/vocabulary/aq/pollutant/7,hour,70.0499999900,µg/m3,2017-10-06 13:00:00 +01:00,2017-10-06 14:00:00 +01:00,1,1
ES,ES.BDCA.AQD,NET_ES131A,STA_ES0125A,,SP_28079017_14_6,SPP_28079017_14_6.1,SAM_28079017_14_6,O3,http://dd.eionet.europa.eu/vocabulary/aq/pollutant/7,hour,70.6700000000,µg/m3,2017-10-06 14:00:00 +01:00,2017-10-06 15:00:00 +01:00,1,1
ES,ES.BDCA.AQD,NET_ES131A,STA_ES0125A,,SP_28079017_14_6,SPP_28079017_14_6.1,SAM_28079017_14_6,O3,http://dd.eionet.europa.eu/vocabulary/aq/pollutant/7,hour,73.9800000000,µg/m3,2017-10-06 15:00:00 +01:00,2017-10-06 16:00:00 +01:00,1,1
ES,ES.BDCA.AQD,NET_ES131A,STA_ES0125A,,SP_28079017_14_6,SPP_28079017_14_6.1,SAM_28079017_14_6,O3,http://dd.eionet.europa.eu/vocabulary/aq/pollutant/7,hour,76.0900000000,µg/m3,2017-10-06 16:00:00 +01:00,2017-10-06 17:00:00 +01:00,1,1
ES,ES.BDCA.AQD,NET_ES131A,STA_ES0125A,,SP_28079017_14_6,SPP_28079017_14_6.1,SAM_28079017_14_6,O3,http://dd.eionet.europa.eu/vocabulary/aq/pollutant/7,hour,70.6200000000,µg/m3,2017-10-06 17:00:00 +01:00,2017-10-06 18:00:00 +01:00,1,1
ES,ES.BDCA.AQD,NET_ES131A,STA_ES0125A,,SP_28079017_14_6,SPP_28079017_14_6.1,SAM_28079017_14_6,O3,http://dd.eionet.europa.eu/vocabulary/aq/pollutant/7,hour,56.3599999900,µg/m3,2017-10-06 18:00:00 +01:00,2017-10-06 19:00:00 +01:00,1,1
ES,ES.BDCA.AQD,NET_ES131A,STA_ES0125A,,SP_28079017_14_6,SPP_28079017_14_6.1,SAM_28079017_14_6,O3,http://dd.eionet.europa.eu/vocabulary/aq/pollutant/7,hour,38.6000000000,µg/m3,2017-10-06 19:00:00 +01:00,2017-10-06 20:00:00 +01:00,1,1
ES,ES.BDCA.AQD,NET_ES131A,STA_ES0125A,,SP_28079017_14_6,SPP_28079017_14_6.1,SAM_28079017_14_6,O3,http://dd.eionet.europa.eu/vocabulary/aq/pollutant/7,hour,18.3000000000,µg/m3,2017-10-06 20:00:00 +01:00,2017-10-06 21:00:00 +01:00,1,1
ES,ES.BDCA.AQD,NET_ES131A,STA_ES0125A,,SP_28079017_14_6,SPP_28079017_14_6.1,SAM_28079017_14_6,O3,http://dd.eionet.europa.eu/vocabulary/aq/pollutant/7,hour,53.9600000000,µg/m3,2017-10-06 21:00:00 +01:00,2017-10-06 22:00:00 +01:00,1,1
ES,ES.BDCA.AQD,NET_ES131A,STA_ES0125A,,SP_28079017_14_6,SPP_28079017_14_6.1,SAM_28079017_14_6,O3,http://dd.eionet.europa.eu/vocabulary/aq/pollutant/7,hour,51.1099999900,µg/m3,2017-10-06 22:00:00 +01:00,2017-10-06 23:00:00 +01:00,1,1
ES,ES.BDCA.AQD,NET_ES131A,STA_ES0125A,,SP_28079017_14_6,SPP_28079017_14_6.1,SAM_28079017_14_6,O3,http://dd.eionet.europa.eu/vocabulary/aq/pollutant/7,hour,46.2899999900,µg/m3,2017-10-06 23:00:00 +01:00,2017-10-07 00:00:00 +01:00,1,1
ES,ES.BDCA.AQD,NET_ES131A,STA_ES0125A,,SP_28079017_14_6,SPP_28079017_14_6.1,SAM_28079017_14_6,O3,http://dd.eionet.europa.eu/vocabulary/aq/pollutant/7,hour,43.8100000000,µg/m3,2017-10-07 00:00:00 +01:00,2017-10-07 01:00:00 +01:00,1,1
ES,ES.BDCA.AQD,NET_ES131A,STA_ES0125A,,SP_28079017_14_6,SPP_28079017_14_6.1,SAM_28079017_14_6,O3,http://dd.eionet.europa.eu/vocabulary/aq/pollutant/7,hour,49.6300000000,µg/m3,2017-10-07 01:00:00 +01:00,2017-10-07 02:00:00 +01:00,1,1
ES,ES.BDCA.AQD,NET_ES131A,STA_ES0125A,,SP_28079017_14_6,SPP_28079017_14_6.1,SAM_28079017_14_6,O3,http://dd.eionet.europa.eu/vocabulary/aq/pollutant/7,hour,49.0799999900,µg/m3,2017-10-07 02:00:00 +01:00,2017-10-07 03:00:00 +01:00,1,1
ES,ES.BDCA.AQD,NET_ES131A,STA_ES0125A,,SP_28079017_14_6,SPP_28079017_14_6.1,SAM_28079017_14_6,O3,http://dd.eionet.europa.eu/vocabulary/aq/pollutant/7,hour,48.5700000000,µg/m3,2017-10-07 03:00:00 +01:00,2017-10-07 04:00:00 +01:00,1,1
ES,ES.BDCA.AQD,NET_ES131A,STA_ES0125A,,SP_28079017_14_6,SPP_28079017_14_6.1,SAM_28079017_14_6,O3,http://dd.eionet.europa.eu/vocabulary/aq/pollutant/7,hour,51.4699999900,µg/m3,2017-10-07 04:00:00 +01:00,2017-10-07 05:00:00 +01:00,1,1
ES,ES.BDCA.AQD,NET_ES131A,STA_ES0125A,,SP_28079017_14_6,SPP_28079017_14_6.1,SAM_28079017_14_6,O3,http://dd.eionet.europa.eu/vocabulary/aq/pollutant/7,hour,47.2299999900,µg/m3,2017-10-07 05:00:00 +01:00,2017-10-07 06:00:00 +01:00,1,1
ES,ES.BDCA.AQD,NET_ES131A,STA_ES0125A,,SP_28079017_14_6,SPP_28079017_14_6.1,SAM_28079017_14_6,O3,http://dd.eionet.europa.eu/vocabulary/aq/pollutant/7,hour,35.4099999900,µg/m3,2017-10-07 06:00:00 +01:00,2017-10-07 07:00:00 +01:00,1,1
ES,ES.BDCA.AQD,NET_ES131A,STA_ES0125A,,SP_28079017_14_6,SPP_28079017_14_6.1,SAM_28079017_14_6,O3,http://dd.eionet.europa.eu/vocabulary/aq/pollutant/7,hour,28.3700000000,µg/m3,2017-10-07 07:00:00 +01:00,2017-10-07 08:00:00 +01:00,1,1
ES,ES.BDCA.AQD,NET_ES131A,STA_ES0125A,,SP_28079017_14_6,SPP_28079017_14_6.1,SAM_28079017_14_6,O3,http://dd.eionet.europa.eu/vocabulary/aq/pollutant/7,hour,38.7899999900,µg/m3,2017-10-07 08:00:00 +01:00,2017-10-07 09:00:00 +01:00,1,1
ES,ES.BDCA.AQD,NET_ES131A,STA_ES0125A,,SP_28079017_14_6,SPP_28079017_14_6.1,SAM_28079017_14_6,O3,http://dd.eionet.europa.eu/vocabulary/aq/pollutant/7,hour,44.8800000000,µg/m3,2017-10-07 09:00:00 +01:00,2017-10-07 10:00:00 +01:00,1,1
ES,ES.BDCA.AQD,NET_ES131A,STA_ES0125A,,SP_28079017_14_6,SPP_28079017_14_6.1,SAM_28079017_14_6,O3,http://dd.eionet.europa.eu/vocabulary/aq/pollutant/7,hour,51.4600000000,µg/m3,2017-10-07 10:00:00 +01:00,2017-10-07 11:00:00 +01:00,1,1
ES,ES.BDCA.AQD,NET_ES131A,STA_ES0125A,,SP_28079017_14_6,SPP_28079017_14_6.1,SAM_28079017_14_6,O3,http://dd.eionet.europa.eu/vocabulary/aq/pollutant/7,hour,61.1800000000,µg/m3,2017-10-07 11:00:00 +01:00,2017-10-07 12:00:00 +01:00,1,1
ES,ES.BDCA.AQD,NET_ES131A,STA_ES0125A,,SP_28079017_14_6,SPP_28079017_14_6.1,SAM_28079017_14_6,O3,http://dd.eionet.europa.eu/vocabulary/aq/pollutant/7,hour,76.3199999900,µg/m3,2017-10-07 12:00:00 +01:00,2017-10-07 13:00:00 +01:00,1,1
ES,ES.BDCA.AQD,NET_ES131A,STA_ES0125A,,SP_28079017_14_6,SPP_28079017_14_6.1,SAM_28079017_14_6,O3,http://dd.eionet.europa.eu/vocabulary/aq/pollutant/7,hour,78.6200000000,µg/m3,2017-10-07 13:00:00 +01:00,2017-10-07 14:00:00 +01:00,1,1
ES,ES.BDCA.AQD,NET_ES131A,STA_ES0125A,,SP_28079017_14_6,SPP_28079017_14_6.1,SAM_28079017_14_6,O3,http://dd.eionet.europa.eu/vocabulary/aq/pollutant/7,hour,83.3100000000,µg/m3,2017-10-07 14:00:00 +01:00,2017-10-07 15:00:00 +01:00,1,1
ES,ES.BDCA.AQD,NET_ES131A,STA_ES0125A,,SP_28079017_14_6,SPP_28079017_14_6.1,SAM_28079017_14_6,O3,http://dd.eionet.europa.eu/vocabulary/aq/pollutant/7,hour,89.1299999900,µg/m3,2017-10-07 15:00:00 +01:00,2017-10-07 16:00:00 +01:00,1,1
ES,ES.BDCA.AQD,NET_ES131A,STA_ES0125A,,SP_28079017_14_6,SPP_28079017_14_6.1,SAM_28079017_14_6,O3,http://dd.eionet.europa.eu/vocabulary/aq/pollutant/7,hour,91.6299999900,µg/m3,2017-10-07 16:00:00 +01:00,2017-10-07 17:00:00 +01:00,1,1
ES,ES.BDCA.AQD,NET_ES131A,STA_ES0125A,,SP_28079017_14_6,SPP_28079017_14_6.1,SAM_28079017_14_6,O3,http://dd.eionet.europa.eu/vocabulary/aq/pollutant/7,hour,89.8799999900,µg/m3,2017-10-07 17:00:00 +01:00,2017-10-07 18:00:00 +01:00,1,1
ES,ES.BDCA.AQD,NET_ES131A,STA_ES0125A,,SP_28079017_14_6,SPP_28079017_14_6.1,SAM_28079017_14_6,O3,http://dd.eionet.europa.eu/vocabulary/aq/pollutant/7,hour,66.1500000000,µg/m3,2017-10-07 18:00:00 +01:00,2017-10-07 19:00:00 +01:00,1,1
ES,ES.BDCA.AQD,NET_ES131A,STA_ES0125A,,SP_28079017_14_6,SPP_28079017_14_6.1,SAM_28079017_14_6,O3,http://dd.eionet.europa.eu/vocabulary/aq/pollutant/7,hour,1.0000000000,µg/m3,2017-10-07 19:00:00 +01:00,2017-10-07 20:00:00 +01:00,1,1
ES,ES.BDCA.AQD,NET_ES131A,STA_ES0125A,,SP_28079017_14_6,SPP_28079017_14_6.1,SAM_28079017_14_6,O3,http://dd.eionet.europa.eu/vocabulary/aq/pollutant/7,hour,1.2000000000,µg/m3,2017-10-07 20:00:00 +01:00,2017-10-07 21:00:00 +01:00,1,1
ES,ES.BDCA.AQD,NET_ES131A,STA_ES0125A,,SP_28079017_14_6,SPP_28079017_14_6.1,SAM_28079017_14_6,O3,http://dd.eionet.europa.eu/vocabulary/aq/pollutant/7,hour,1.0500000000,µg/m3,2017-10-07 21:00:00 +01:00,2017-10-07 22:00:00 +01:00,1,1
ES,ES.BDCA.AQD,NET_ES131A,STA_ES0125A,,SP_28079017_14_6,SPP_28079017_14_6.1,SAM_28079017_14_6,O3,http://dd.eionet.europa.eu/vocabulary/aq/pollutant/7,hour,0.9700000000,µg/m3,2017-10-07 22:00:00 +01:00,2017-10-07 23:00:00 +01:00,1,1
ES,ES.BDCA.AQD,NET_ES131A,STA_ES0125A,,SP_28079017_14_6,SPP_28079017_14_6.1,SAM_28079017_14_6,O3,http://dd.eionet.europa.eu/vocabulary/aq/pollutant/7,hour,1.0000000000,µg/m3,2017-10-07 23:00:00 +01:00,2017-10-08 00:00:00 +01:00,1,1
ES,ES.BDCA.AQD,NET_ES131A,STA_ES0125A,,SP_28079017_14_6,SPP_28079017_14_6.1,SAM_28079017_14_6,O3,http://dd.eionet.europa.eu/vocabulary/aq/pollutant/7,hour,1.5300000000,µg/m3,2017-10-08 00:00:00 +01:00,2017-10-08 01:00:00 +01:00,1,1
ES,ES.BDCA.AQD,NET_ES131A,STA_ES0125A,,SP_28079017_14_6,SPP_28079017_14_6.1,SAM_28079017_14_6,O3,http://dd.eionet.europa.eu/vocabulary/aq/pollutant/7,hour,12.0500000000,µg/m3,2017-10-08 01:00:00 +01:00,2017-10-08 02:00:00 +01:00,1,1
ES,ES.BDCA.AQD,NET_ES131A,STA_ES0125A,,SP_28079017_14_6,SPP_28079017_14_6.1,SAM_28079017_14_6,O3,http://dd.eionet.europa.eu/vocabulary/aq/pollutant/7,hour,9.1799999900,µg/m3,2017-10-08 02:00:00 +01:00,2017-10-08 03:00:00 +01:00,1,1
ES,ES.BDCA.AQD,NET_ES131A,STA_ES0125A,,SP_28079017_14_6,SPP_28079017_14_6.1,SAM_28079017_14_6,O3,http://dd.eionet.europa.eu/vocabulary/aq/pollutant/7,hour,1.0000000000,µg/m3,2017-10-08 03:00:00 +01:00,2017-10-08 04:00:00 +01:00,1,1
ES,ES.BDCA.AQD,NET_ES131A,STA_ES0125A,,SP_28079017_14_6,SPP_28079017_14_6.1,SAM_28079017_14_6,O3,http://dd.eionet.europa.eu/vocabulary/aq/pollutant/7,hour,1.0000000000,µg/m3,2017-10-08 04:00:00 +01:00,2017-10-08 05:00:00 +01:00,1,1
ES,ES.BDCA.AQD,NET_ES131A,STA_ES0125A,,SP_28079017_14_6,SPP_28079017_14_6.1,SAM_28079017_14_6,O3,http://dd.eionet.europa.eu/vocabulary/aq/pollutant/7,hour,1.0000000000,µg/m3,2017-10-08 05:00:00 +01:00,2017-10-08 06:00:00 +01:00,1,1
ES,ES.BDCA.AQD,NET_ES131A,STA_ES0125A,,SP_28079017_14_6,SPP_28079017_14_6.1,SAM_28079017_14_6,O3,http://dd.eionet.europa.eu/vocabulary/aq/pollutant/7,hour,1.0600000000,µg/m3,2017-10-08 06:00:00 +01:00,2017-10-08 07:00:00 +01:00,1,1
ES,ES.BDCA.AQD,NET_ES131A,STA_ES0125A,,SP_28079017_14_6,SPP_28079017_14_6.1,SAM_28079017_14_6,O3,http://dd.eionet.europa.eu/vocabulary/aq/pollutant/7,hour,3.4300000000,µg/m3,2017-10-08 07:00:00 +01:00,2017-10-08 08:00:00 +01:00,1,1
ES,ES.BDCA.AQD,NET_ES131A,STA_ES0125A,,SP_28079017_14_6,SPP_28079017_14_6.1,SAM_28079017_14_6,O3,http://dd.eionet.europa.eu/vocabulary/aq/pollutant/7,hour,10.2799999900,µg/m3,2017-10-08 08:00:00 +01:00,2017-10-08 09:00:00 +01:00,1,1
ES,ES.BDCA.AQD,NET_ES131A,STA_ES0125A,,SP_28079017_14_6,SPP_28079017_14_6.1,SAM_28079017_14_6,O3,http://dd.eionet.europa.eu/vocabulary/aq/pollutant/7,hour,20.3500000000,µg/m3,2017-10-08 09:00:00 +01:00,2017-10-08 10:00:00 +01:00,1,1
ES,ES.BDCA.AQD,NET_ES131A,STA_ES0125A,,SP_28079017_14_6,SPP_28079017_14_6.1,SAM_28079017_14_6,O3,http://dd.eionet.europa.eu/vocabulary/aq/pollutant/7,hour,42.0600000000,µg/m3,2017-10-08 10:00:00 +01:00,2017-10-08 11:00:00 +01:00,1,1
ES,ES.BDCA.AQD,NET_ES131A,STA_ES0125A,,SP_28079017_14_6,SPP_28079017_14_6.1,SAM_28079017_14_6,O3,http://dd.eionet.europa.eu/vocabulary/aq/pollutant/7,hour,55.1199999900,µg/m3,2017-10-08 11:00:00 +01:00,2017-10-08 12:00:00 +01:00,1,1
ES,ES.BDCA.AQD,NET_ES131A,STA_ES0125A,,SP_28079017_14_6,SPP_28079017_14_6.1,SAM_28079017_14_6,O3,http://dd.eionet.europa.eu/vocabulary/aq/pollutant/7,hour,60.1499999900,µg/m3,2017-10-08 12:00:00 +01:00,2017-10-08 13:00:00 +01:00,1,1
ES,ES.BDCA.AQD,NET_ES131A,STA_ES0125A,,SP_28079017_14_6,SPP_28079017_14_6.1,SAM_28079017_14_6,O3,http://dd.eionet.europa.eu/vocabulary/aq/pollutant/7,hour,68.5799999900,µg/m3,2017-10-08 13:00:00 +01:00,2017-10-08 14:00:00 +01:00,1,1
ES,ES.BDCA.AQD,NET_ES131A,STA_ES0125A,,SP_28079017_14_6,SPP_28079017_14_6.1,SAM_28079017_14_6,O3,http://dd.eionet.europa.eu/vocabulary/aq/pollutant/7,hour,84.0100000000,µg/m3,2017-10-08 14:00:00 +01:00,2017-10-08 15:00:00 +01:00,1,1
ES,ES.BDCA.AQD,NET_ES131A,STA_ES0125A,,SP_28079017_14_6,SPP_28079017_14_6.1,SAM_28079017_14_6,O3,http://dd.eionet.europa.eu/vocabulary/aq/pollutant/7,hour,95.9500000000,µg/m3,2017-10-08 15:00:00 +01:00,2017-10-08 16:00:00 +01:00,1,1
ES,ES.BDCA.AQD,NET_ES131A,STA_ES0125A,,SP_28079017_14_6,SPP_28079017_14_6.1,SAM_28079017_14_6,O3,http://dd.eionet.europa.eu/vocabulary/aq/pollutant/7,hour,92.9200000000,µg/m3,2017-10-08 16:00:00 +01:00,2017-10-08 17:00:00 +01:00,1,1
ES,ES.BDCA.AQD,NET_ES131A,STA_ES0125A,,SP_28079017_14_6,SPP_28079017_14_6.1,SAM_28079017_14_6,O3,http://dd.eionet.europa.eu/vocabulary/aq/pollutant/7,hour,76.6400000000,µg/m3,2017-10-08 17:00:00 +01:00,2017-10-08 18:00:00 +01:00,1,1
ES,ES.BDCA.AQD,NET_ES131A,STA_ES0125A,,SP_28079017_14_6,SPP_28079017_14_6.1,SAM_28079017_14_6,O3,http://dd.eionet.europa.eu/vocabulary/aq/pollutant/7,hour,38.5000000000,µg/m3,2017-10-08 18:00:00 +01:00,2017-10-08 19:00:00 +01:00,1,1
ES,ES.BDCA.AQD,NET_ES131A,STA_ES0125A,,SP_28079017_14_6,SPP_28079017_14_6.1,SAM_28079017_14_6,O3,http://dd.eionet.europa.eu/vocabulary/aq/pollutant/7,hour,1.0000000000,µg/m3,2017-10-08 19:00:00 +01:00,2017-10-08 20:00:00 +01:00,1,1
ES,ES.BDCA.AQD,NET_ES131A,STA_ES0125A,,SP_28079017_14_6,SPP_28079017_14_6.1,SAM_28079017_14_6,O3,http://dd.eionet.europa.eu/vocabulary/aq/pollutant/7,hour,1.0000000000,µg/m3,2017-10-08 20:00:00 +01:00,2017-10-08 21:00:00 +01:00,1,1
ES,ES.BDCA.AQD,NET_ES131A,STA_ES0125A,,SP_28079017_14_6,SPP_28079017_14_6.1,SAM_28079017_14_6,O3,http://dd.eionet.europa.eu/vocabulary/aq/pollutant/7,hour,1.0000000000,µg/m3,2017-10-08 21:00:00 +01:00,2017-10-08 22:00:00 +01:00,1,1
ES,ES.BDCA.AQD,NET_ES131A,STA_ES0125A,,SP_28079017_14_6,SPP_28079017_14_6.1,SAM_28079017_14_6,O3,http://dd.eionet.europa.eu/vocabulary/aq/pollutant/7,hour,1.0000000000,µg/m3,2017-10-08 22:00:00 +01:00,2017-10-08 23:00:00 +01:00,1,1
ES,ES.BDCA.AQD,NET_ES131A,STA_ES0125A,,SP_28079017_14_6,SPP_28079017_14_6.1,SAM_28079017_14_6,O3,http://dd.eionet.europa.eu/vocabulary/aq/pollutant/7,hour,1.0000000000,µg/m3,2017-10-08 23:00:00 +01:00,2017-10-09 00:00:00 +01:00,1,1
ES,ES.BDCA.AQD,NET_ES131A,STA_ES0125A,,SP_28079017_14_6,SPP_28079017_14_6.1,SAM_28079017_14_6,O3,http://dd.eionet.europa.eu/vocabulary/aq/pollutant/7,hour,1.0000000000,µg/m3,2017-10-09 00:00:00 +01:00,2017-10-09 01:00:00 +01:00,1,1
ES,ES.BDCA.AQD,NET_ES131A,STA_ES0125A,,SP_28079017_14_6,SPP_28079017_14_6.1,SAM_28079017_14_6,O3,http://dd.eionet.europa.eu/vocabulary/aq/pollutant/7,hour,1.0100000000,µg/m3,2017-10-09 01:00:00 +01:00,2017-10-09 02:00:00 +01:00,1,1
ES,ES.BDCA.AQD,NET_ES131A,STA_ES0125A,,SP_28079017_14_6,SPP_28079017_14_6.1,SAM_28079017_14_6,O3,http://dd.eionet.europa.eu/vocabulary/aq/pollutant/7,hour,1.0000000000,µg/m3,2017-10-09 02:00:00 +01:00,2017-10-09 03:00:00 +01:00,1,1
ES,ES.BDCA.AQD,NET_ES131A,STA_ES0125A,,SP_28079017_14_6,SPP_28079017_14_6.1,SAM_28079017_14_6,O3,http://dd.eionet.europa.eu/vocabulary/aq/pollutant/7,hour,1.0000000000,µg/m3,2017-10-09 03:00:00 +01:00,2017-10-09 04:00:00 +01:00,1,1
ES,ES.BDCA.AQD,NET_ES131A,STA_ES0125A,,SP_28079017_14_6,SPP_28079017_14_6.1,SAM_28079017_14_6,O3,http://dd.eionet.europa.eu/vocabulary/aq/pollutant/7,hour,1.0000000000,µg/m3,2017-10-09 04:00:00 +01:00,2017-10-09 05:00:00 +01:00,1,1
ES,ES.BDCA.AQD,NET_ES131A,STA_ES0125A,,SP_28079017_14_6,SPP_28079017_14_6.1,SAM_28079017_14_6,O3,http://dd.eionet.europa.eu/vocabulary/aq/pollutant/7,hour,1.0000000000,µg/m3,2017-10-09 05:00:00 +01:00,2017-10-09 06:00:00 +01:00,1,1
ES,ES.BDCA.AQD,NET_ES131A,STA_ES0125A,,SP_28079017_14_6,SPP_28079017_14_6.1,SAM_28079017_14_6,O3,http://dd.eionet.europa.eu/vocabulary/aq/pollutant/7,hour,1.0000000000,µg/m3,2017-10-09 06:00:00 +01:00,2017-10-09 07:00:00 +01:00,1,1
ES,ES.BDCA.AQD,NET_ES131A,STA_ES0125A,,SP_28079017_14_6,SPP_28079017_14_6.1,SAM_28079017_14_6,O3,http://dd.eionet.europa.eu/vocabulary/aq/pollutant/7,hour,1.0000000000,µg/m3,2017-10-09 07:00:00 +01:00,2017-10-09 08:00:00 +01:00,1,1
ES,ES.BDCA.AQD,NET_ES131A,STA_ES0125A,,SP_28079017_14_6,SPP_28079017_14_6.1,SAM_28079017_14_6,O3,http://dd.eionet.europa.eu/vocabulary/aq/pollutant/7,hour,0.9500000000,µg/m3,2017-10-09 08:00:00 +01:00,2017-10-09 09:00:00 +01:00,1,1
ES,ES.BDCA.AQD,NET_ES131A,STA_ES0125A,,SP_28079017_14_6,SPP_28079017_14_6.1,SAM_28079017_14_6,O3,http://dd.eionet.europa.eu/vocabulary/aq/pollutant/7,hour,5.7400000000,µg/m3,2017-10-09 09:00:00 +01:00,2017-10-09 10:00:00 +01:00,1,1
ES,ES.BDCA.AQD,NET_ES131A,STA_ES0125A,,SP_28079017_14_6,SPP_28079017_14_6.1,SAM_28079017_14_6,O3,http://dd.eionet.europa.eu/vocabulary/aq/pollutant/7,hour,15.2600000000,µg/m3,2017-10-09 10:00:00 +01:00,2017-10-09 11:00:00 +01:00,1,1
ES,ES.BDCA.AQD,NET_ES131A,STA_ES0125A,,SP_28079017_14_6,SPP_28079017_14_6.1,SAM_28079017_14_6,O3,http://dd.eionet.europa.eu/vocabulary/aq/pollutant/7,hour,31.1600000000,µg/m3,2017-10-09 11:00:00 +01:00,2017-10-09 12:00:00 +01:00,1,1
ES,ES.BDCA.AQD,NET_ES131A,STA_ES0125A,,SP_28079017_14_6,SPP_28079017_14_6.1,SAM_28079017_14_6,O3,http://dd.eionet.europa.eu/vocabulary/aq/pollutant/7,hour,43.7599999900,µg/m3,2017-10-09 12:00:00 +01:00,2017-10-09 13:00:00 +01:00,1,1
ES,ES.BDCA.AQD,NET_ES131A,STA_ES0125A,,SP_28079017_14_6,SPP_28079017_14_6.1,SAM_28079017_14_6,O3,http://dd.eionet.europa.eu/vocabulary/aq/pollutant/7,hour,54.8900000000,µg/m3,2017-10-09 13:00:00 +01:00,2017-10-09 14:00:00 +01:00,1,1
ES,ES.BDCA.AQD,NET_ES131A,STA_ES0125A,,SP_28079017_14_6,SPP_28079017_14_6.1,SAM_28079017_14_6,O3,http://dd.eionet.europa.eu/vocabulary/aq/pollutant/7,hour,59.1099999900,µg/m3,2017-10-09 14:00:00 +01:00,2017-10-09 15:00:00 +01:00,1,1
ES,ES.BDCA.AQD,NET_ES131A,STA_ES0125A,,SP_28079017_14_6,SPP_28079017_14_6.1,SAM_28079017_14_6,O3,http://dd.eionet.europa.eu/vocabulary/aq/pollutant/7,hour,64.7800000000,µg/m3,2017-10-09 15:00:00 +01:00,2017-10-09 16:00:00 +01:00,1,1
ES,ES.BDCA.AQD,NET_ES131A,STA_ES0125A,,SP_28079017_14_6,SPP_28079017_14_6.1,SAM_28079017_14_6,O3,http://dd.eionet.europa.eu/vocabulary/aq/pollutant/7,hour,67.8299999900,µg/m3,2017-10-09 16:00:00 +01:00,2017-10-09 17:00:00 +01:00,1,1
ES,ES.BDCA.AQD,NET_ES131A,STA_ES0125A,,SP_28079017_14_6,SPP_28079017_14_6.1,SAM_28079017_14_6,O3,http://dd.eionet.europa.eu/vocabulary/aq/pollutant/7,hour,53.8200000000,µg/m3,2017-10-09 17:00:00 +01:00,2017-10-09 18:00:00 +01:00,1,1
ES,ES.BDCA.AQD,NET_ES131A,STA_ES0125A,,SP_28079017_14_6,SPP_28079017_14_6.1,SAM_28079017_14_6,O3,http://dd.eionet.europa.eu/vocabulary/aq/pollutant/7,hour,9.3300000000,µg/m3,2017-10-09 18:00:00 +01:00,2017-10-09 19:00:00 +01:00,1,1
ES,ES.BDCA.AQD,NET_ES131A,STA_ES0125A,,SP_28079017_14_6,SPP_28079017_14_6.1,SAM_28079017_14_6,O3,http://dd.eionet.europa.eu/vocabulary/aq/pollutant/7,hour,1.0000000000,µg/m3,2017-10-09 19:00:00 +01:00,2017-10-09 20:00:00 +01:00,1,1
ES,ES.BDCA.AQD,NET_ES131A,STA_ES0125A,,SP_28079017_14_6,SPP_28079017_14_6.1,SAM_28079017_14_6,O3,http://dd.eionet.europa.eu/vocabulary/aq/pollutant/7,hour,1.0000000000,µg/m3,2017-10-09 20:00:00 +01:00,2017-10-09 21:00:00 +01:00,1,1
ES,ES.BDCA.AQD,NET_ES131A,STA_ES0125A,,SP_28079017_14_6,SPP_28079017_14_6.1,SAM_28079017_14_6,O3,http://dd.eionet.europa.eu/vocabulary/aq/pollutant/7,hour,0.9400000000,µg/m3,2017-10-09 21:00:00 +01:00,2017-10-09 22:00:00 +01:00,1,1
ES,ES.BDCA.AQD,NET_ES131A,STA_ES0125A,,SP_28079017_14_6,SPP_28079017_14_6.1,SAM_28079017_14_6,O3,http://dd.eionet.europa.eu/vocabulary/aq/pollutant/7,hour,1.0000000000,µg/m3,2017-10-09 22:00:00 +01:00,2017-10-09 23:00:00 +01:00,1,1
ES,ES.BDCA.AQD,NET_ES131A,STA_ES0125A,,SP_28079017_14_6,SPP_28079017_14_6.1,SAM_28079017_14_6,O3,http://dd.eionet.europa.eu/vocabulary/aq/pollutant/7,hour,1.0000000000,µg/m3,2017-10-09 23:00:00 +01:00,2017-10-10 00:00:00 +01:00,1,1
ES,ES.BDCA.AQD,NET_ES131A,STA_ES0125A,,SP_28079017_14_6,SPP_28079017_14_6.1,SAM_28079017_14_6,O3,http://dd.eionet.europa.eu/vocabulary/aq/pollutant/7,hour,1.0000000000,µg/m3,2017-10-10 00:00:00 +01:00,2017-10-10 01:00:00 +01:00,1,1
ES,ES.BDCA.AQD,NET_ES131A,STA_ES0125A,,SP_28079017_14_6,SPP_28079017_14_6.1,SAM_28079017_14_6,O3,http://dd.eionet.europa.eu/vocabulary/aq/pollutant/7,hour,1.0000000000,µg/m3,2017-10-10 01:00:00 +01:00,2017-10-10 02:00:00 +01:00,1,1
ES,ES.BDCA.AQD,NET_ES131A,STA_ES0125A,,SP_28079017_14_6,SPP_28079017_14_6.1,SAM_28079017_14_6,O3,http://dd.eionet.europa.eu/vocabulary/aq/pollutant/7,hour,1.0000000000,µg/m3,2017-10-10 02:00:00 +01:00,2017-10-10 03:00:00 +01:00,1,1
ES,ES.BDCA.AQD,NET_ES131A,STA_ES0125A,,SP_28079017_14_6,SPP_28079017_14_6.1,SAM_28079017_14_6,O3,http://dd.eionet.europa.eu/vocabulary/aq/pollutant/7,hour,1.0000000000,µg/m3,2017-10-10 03:00:00 +01:00,2017-10-10 04:00:00 +01:00,1,1
ES,ES.BDCA.AQD,NET_ES131A,STA_ES0125A,,SP_28079017_14_6,SPP_28079017_14_6.1,SAM_28079017_14_6,O3,http://dd.eionet.europa.eu/vocabulary/aq/pollutant/7,hour,1.0000000000,µg/m3,2017-10-10 04:00:00 +01:00,2017-10-10 05:00:00 +01:00,1,1
ES,ES.BDCA.AQD,NET_ES131A,STA_ES0125A,,SP_28079017_14_6,SPP_28079017_14_6.1,SAM_28079017_14_6,O3,http://dd.eionet.europa.eu/vocabulary/aq/pollutant/7,hour,1.0000000000,µg/m3,2017-10-10 05:00:00 +01:00,2017-10-10 06:00:00 +01:00,1,1
ES,ES.BDCA.AQD,NET_ES131A,STA_ES0125A,,SP_28079017_14_6,SPP_28079017_14_6.1,SAM_28079017_14_6,O3,http://dd.eionet.europa.eu/vocabulary/aq/pollutant/7,hour,1.0000000000,µg/m3,2017-10-10 06:00:00 +01:00,2017-10-10 07:00:00 +01:00,1,1
ES,ES.BDCA.AQD,NET_ES131A,STA_ES0125A,,SP_28079017_14_6,SPP_28079017_14_6.1,SAM_28079017_14_6,O3,http://dd.eionet.europa.eu/vocabulary/aq/pollutant/7,hour,1.0000000000,µg/m3,2017-10-10 07:00:00 +01:00,2017-10-10 08:00:00 +01:00,1,1
ES,ES.BDCA.AQD,NET_ES131A,STA_ES0125A,,SP_28079017_14_6,SPP_28079017_14_6.1,SAM_28079017_14_6,O3,http://dd.eionet.europa.eu/vocabulary/aq/pollutant/7,hour,1.0000000000,µg/m3,2017-10-10 08:00:00 +01:00,2017-10-10 09:00:00 +01:00,1,1
ES,ES.BDCA.AQD,NET_ES131A,STA_ES0125A,,SP_28079017_14_6,SPP_28079017_14_6.1,SAM_28079017_14_6,O3,http://dd.eionet.europa.eu/vocabulary/aq/pollutant/7,hour,1.3600000000,µg/m3,2017-10-10 09:00:00 +01:00,2017-10-10 10:00:00 +01:00,1,1
ES,ES.BDCA.AQD,NET_ES131A,STA_ES0125A,,SP_28079017_14_6,SPP_28079017_14_6.1,SAM_28079017_14_6,O3,http://dd.eionet.europa.eu/vocabulary/aq/pollutant/7,hour,11.9200000000,µg/m3,2017-10-10 10:00:00 +01:00,2017-10-10 11:00:00 +01:00,1,1
ES,ES.BDCA.AQD,NET_ES131A,STA_ES0125A,,SP_28079017_14_6,SPP_28079017_14_6.1,SAM_28079017_14_6,O3,http://dd.eionet.europa.eu/vocabulary/aq/pollutant/7,hour,28.1499999900,µg/m3,2017-10-10 11:00:00 +01:00,2017-10-10 12:00:00 +01:00,1,1
ES,ES.BDCA.AQD,NET_ES131A,STA_ES0125A,,SP_28079017_14_6,SPP_28079017_14_6.1,SAM_28079017_14_6,O3,http://dd.eionet.europa.eu/vocabulary/aq/pollutant/7,hour,41.5000000000,µg/m3,2017-10-10 12:00:00 +01:00,2017-10-10 13:00:00 +01:00,1,1
ES,ES.BDCA.AQD,NET_ES131A,STA_ES0125A,,SP_28079017_14_6,SPP_28079017_14_6.1,SAM_28079017_14_6,O3,http://dd.eionet.europa.eu/vocabulary/aq/pollutant/7,hour,51.4200000000,µg/m3,2017-10-10 13:00:00 +01:00,2017-10-10 14:00:00 +01:00,1,1
ES,ES.BDCA.AQD,NET_ES131A,STA_ES0125A,,SP_28079017_14_6,SPP_28079017_14_6.1,SAM_28079017_14_6,O3,http://dd.eionet.europa.eu/vocabulary/aq/pollutant/7,hour,67.5100000000,µg/m3,2017-10-10 14:00:00 +01:00,2017-10-10 15:00:00 +01:00,1,1
ES,ES.BDCA.AQD,NET_ES131A,STA_ES0125A,,SP_28079017_14_6,SPP_28079017_14_6.1,SAM_28079017_14_6,O3,http://dd.eionet.europa.eu/vocabulary/aq/pollutant/7,hour,77.4599999900,µg/m3,2017-10-10 15:00:00 +01:00,2017-10-10 16:00:00 +01:00,1,1
ES,ES.BDCA.AQD,NET_ES131A,STA_ES0125A,,SP_28079017_14_6,SPP_28079017_14_6.1,SAM_28079017_14_6,O3,http://dd.eionet.europa.eu/vocabulary/aq/pollutant/7,hour,84.8900000000,µg/m3,2017-10-10 16:00:00 +01:00,2017-10-10 17:00:00 +01:00,1,1
ES,ES.BDCA.AQD,NET_ES131A,STA_ES0125A,,SP_28079017_14_6,SPP_28079017_14_6.1,SAM_28079017_14_6,O3,http://dd.eionet.europa.eu/vocabulary/aq/pollutant/7,hour,65.9800000000,µg/m3,2017-10-10 17:00:00 +01:00,2017-10-10 18:00:00 +01:00,1,1
ES,ES.BDCA.AQD,NET_ES131A,STA_ES0125A,,SP_28079017_14_6,SPP_28079017_14_6.1,SAM_28079017_14_6,O3,http://dd.eionet.europa.eu/vocabulary/aq/pollutant/7,hour,19.6099999900,µg/m3,2017-10-10 18:00:00 +01:00,2017-10-10 19:00:00 +01:00,1,1
ES,ES.BDCA.AQD,NET_ES131A,STA_ES0125A,,SP_28079017_14_6,SPP_28079017_14_6.1,SAM_28079017_14_6,O3,http://dd.eionet.europa.eu/vocabulary/aq/pollutant/7,hour,1.0000000000,µg/m3,2017-10-10 19:00:00 +01:00,2017-10-10 20:00:00 +01:00,1,1
ES,ES.BDCA.AQD,NET_ES131A,STA_ES0125A,,SP_28079017_14_6,SPP_28079017_14_6.1,SAM_28079017_14_6,O3,http://dd.eionet.europa.eu/vocabulary/aq/pollutant/7,hour,1.0000000000,µg/m3,2017-10-10 20:00:00 +01:00,2017-10-10 21:00:00 +01:00,1,1
ES,ES.BDCA.AQD,NET_ES131A,STA_ES0125A,,SP_28079017_14_6,SPP_28079017_14_6.1,SAM_28079017_14_6,O3,http://dd.eionet.europa.eu/vocabulary/aq/pollutant/7,hour,1.0000000000,µg/m3,2017-10-10 21:00:00 +01:00,2017-10-10 22:00:00 +01:00,1,1
ES,ES.BDCA.AQD,NET_ES131A,STA_ES0125A,,SP_28079017_14_6,SPP_28079017_14_6.1,SAM_28079017_14_6,O3,http://dd.eionet.europa.eu/vocabulary/aq/pollutant/7,hour,1.0000000000,µg/m3,2017-10-10 22:00:00 +01:00,2017-10-10 23:00:00 +01:00,1,1
ES,ES.BDCA.AQD,NET_ES131A,STA_ES0125A,,SP_28079017_14_6,SPP_28079017_14_6.1,SAM_28079017_14_6,O3,http://dd.eionet.europa.eu/vocabulary/aq/pollutant/7,hour,1.0000000000,µg/m3,2017-10-10 23:00:00 +01:00,2017-10-11 00:00:00 +01:00,1,1
ES,ES.BDCA.AQD,NET_ES131A,STA_ES0125A,,SP_28079017_14_6,SPP_28079017_14_6.1,SAM_28079017_14_6,O3,http://dd.eionet.europa.eu/vocabulary/aq/pollutant/7,hour,1.0000000000,µg/m3,2017-10-11 00:00:00 +01:00,2017-10-11 01:00:00 +01:00,1,1
ES,ES.BDCA.AQD,NET_ES131A,STA_ES0125A,,SP_28079017_14_6,SPP_28079017_14_6.1,SAM_28079017_14_6,O3,http://dd.eionet.europa.eu/vocabulary/aq/pollutant/7,hour,1.0000000000,µg/m3,2017-10-11 01:00:00 +01:00,2017-10-11 02:00:00 +01:00,1,1
ES,ES.BDCA.AQD,NET_ES131A,STA_ES0125A,,SP_28079017_14_6,SPP_28079017_14_6.1,SAM_28079017_14_6,O3,http://dd.eionet.europa.eu/vocabulary/aq/pollutant/7,hour,1.0000000000,µg/m3,2017-10-11 02:00:00 +01:00,2017-10-11 03:00:00 +01:00,1,1
ES,ES.BDCA.AQD,NET_ES131A,STA_ES0125A,,SP_28079017_14_6,SPP_28079017_14_6.1,SAM_28079017_14_6,O3,http://dd.eionet.europa.eu/vocabulary/aq/pollutant/7,hour,1.0000000000,µg/m3,2017-10-11 03:00:00 +01:00,2017-10-11 04:00:00 +01:00,1,1
ES,ES.BDCA.AQD,NET_ES131A,STA_ES0125A,,SP_28079017_14_6,SPP_28079017_14_6.1,SAM_28079017_14_6,O3,http://dd.eionet.europa.eu/vocabulary/aq/pollutant/7,hour,1.0000000000,µg/m3,2017-10-11 04:00:00 +01:00,2017-10-11 05:00:00 +01:00,1,1
ES,ES.BDCA.AQD,NET_ES131A,STA_ES0125A,,SP_28079017_14_6,SPP_28079017_14_6.1,SAM_28079017_14_6,O3,http://dd.eionet.europa.eu/vocabulary/aq/pollutant/7,hour,1.0000000000,µg/m3,2017-10-11 05:00:00 +01:00,2017-10-11 06:00:00 +01:00,1,1
ES,ES.BDCA.AQD,NET_ES131A,STA_ES0125A,,SP_28079017_14_6,SPP_28079017_14_6.1,SAM_28079017_14_6,O3,http://dd.eionet.europa.eu/vocabulary/aq/pollutant/7,hour,1.0000000000,µg/m3,2017-10-11 06:00:00 +01:00,2017-10-11 07:00:00 +01:00,1,1
ES,ES.BDCA.AQD,NET_ES131A,STA_ES0125A,,SP_28079017_14_6,SPP_28079017_14_6.1,SAM_28079017_14_6,O3,http://dd.eionet.europa.eu/vocabulary/aq/pollutant/7,hour,1.0000000000,µg/m3,2017-10-11 07:00:00 +01:00,2017-10-11 08:00:00 +01:00,1,1
ES,ES.BDCA.AQD,NET_ES131A,STA_ES0125A,,SP_28079017_14_6,SPP_28079017_14_6.1,SAM_28079017_14_6,O3,http://dd.eionet.europa.eu/vocabulary/aq/pollutant/7,hour,1.0000000000,µg/m3,2017-10-11 08:00:00 +01:00,2017-10-11 09:00:00 +01:00,1,1
ES,ES.BDCA.AQD,NET_ES131A,STA_ES0125A,,SP_28079017_14_6,SPP_28079017_14_6.1,SAM_28079017_14_6,O3,http://dd.eionet.europa.eu/vocabulary/aq/pollutant/7,hour,,µg/m3,2017-10-11 09:00:00 +01:00,2017-10-11 10:00:00 +01:00,-1,1
ES,ES.BDCA.AQD,NET_ES131A,STA_ES0125A,,SP_28079017_14_6,SPP_28079017_14_6.1,SAM_28079017_14_6,O3,http://dd.eionet.europa.eu/vocabulary/aq/pollutant/7,hour,16.4699999900,µg/m3,2017-10-11 10:00:00 +01:00,2017-10-11 11:00:00 +01:00,1,1
ES,ES.BDCA.AQD,NET_ES131A,STA_ES0125A,,SP_28079017_14_6,SPP_28079017_14_6.1,SAM_28079017_14_6,O3,http://dd.eionet.europa.eu/vocabulary/aq/pollutant/7,hour,32.4099999900,µg/m3,2017-10-11 11:00:00 +01:00,2017-10-11 12:00:00 +01:00,1,1
ES,ES.BDCA.AQD,NET_ES131A,STA_ES0125A,,SP_28079017_14_6,SPP_28079017_14_6.1,SAM_28079017_14_6,O3,http://dd.eionet.europa.eu/vocabulary/aq/pollutant/7,hour,34.6400000000,µg/m3,2017-10-11 12:00:00 +01:00,2017-10-11 13:00:00 +01:00,1,1
ES,ES.BDCA.AQD,NET_ES131A,STA_ES0125A,,SP_28079017_14_6,SPP_28079017_14_6.1,SAM_28079017_14_6,O3,http://dd.eionet.europa.eu/vocabulary/aq/pollutant/7,hour,47.2500000000,µg/m3,2017-10-11 13:00:00 +01:00,2017-10-11 14:00:00 +01:00,1,1
ES,ES.BDCA.AQD,NET_ES131A,STA_ES0125A,,SP_28079017_14_6,SPP_28079017_14_6.1,SAM_28079017_14_6,O3,http://dd.eionet.europa.eu/vocabulary/aq/pollutant/7,hour,67.2500000000,µg/m3,2017-10-11 14:00:00 +01:00,2017-10-11 15:00:00 +01:00,1,1
ES,ES.BDCA.AQD,NET_ES131A,STA_ES0125A,,SP_28079017_14_6,SPP_28079017_14_6.1,SAM_28079017_14_6,O3,http://dd.eionet.europa.eu/vocabulary/aq/pollutant/7,hour,85.7099999900,µg/m3,2017-10-11 15:00:00 +01:00,2017-10-11 16:00:00 +01:00,1,1
ES,ES.BDCA.AQD,NET_ES131A,STA_ES0125A,,SP_28079017_14_6,SPP_28079017_14_6.1,SAM_28079017_14_6,O3,http://dd.eionet.europa.eu/vocabulary/aq/pollutant/7,hour,95.2900000000,µg/m3,2017-10-11 16:00:00 +01:00,2017-10-11 17:00:00 +01:00,1,1
ES,ES.BDCA.AQD,NET_ES131A,STA_ES0125A,,SP_28079017_14_6,SPP_28079017_14_6.1,SAM_28079017_14_6,O3,http://dd.eionet.europa.eu/vocabulary/aq/pollutant/7,hour,75.5999999900,µg/m3,2017-10-11 17:00:00 +01:00,2017-10-11 18:00:00 +01:00,1,1
ES,ES.BDCA.AQD,NET_ES131A,STA_ES0125A,,SP_28079017_14_6,SPP_28079017_14_6.1,SAM_28079017_14_6,O3,http://dd.eionet.europa.eu/vocabulary/aq/pollutant/7,hour,18.8099999900,µg/m3,2017-10-11 18:00:00 +01:00,2017-10-11 19:00:00 +01:00,1,1
ES,ES.BDCA.AQD,NET_ES131A,STA_ES0125A,,SP_28079017_14_6,SPP_28079017_14_6.1,SAM_28079017_14_6,O3,http://dd.eionet.europa.eu/vocabulary/aq/pollutant/7,hour,1.1200000000,µg/m3,2017-10-11 19:00:00 +01:00,2017-10-11 20:00:00 +01:00,1,1
ES,ES.BDCA.AQD,NET_ES131A,STA_ES0125A,,SP_28079017_14_6,SPP_28079017_14_6.1,SAM_28079017_14_6,O3,http://dd.eionet.europa.eu/vocabulary/aq/pollutant/7,hour,1.1399999900,µg/m3,2017-10-11 20:00:00 +01:00,2017-10-11 21:00:00 +01:00,1,1
ES,ES.BDCA.AQD,NET_ES131A,STA_ES0125A,,SP_28079017_14_6,SPP_28079017_14_6.1,SAM_28079017_14_6,O3,http://dd.eionet.europa.eu/vocabulary/aq/pollutant/7,hour,1.6100000000,µg/m3,2017-10-11 21:00:00 +01:00,2017-10-11 22:00:00 +01:00,1,1
ES,ES.BDCA.AQD,NET_ES131A,STA_ES0125A,,SP_28079017_14_6,SPP_28079017_14_6.1,SAM_28079017_14_6,O3,http://dd.eionet.europa.eu/vocabulary/aq/pollutant/7,hour,0.9500000000,µg/m3,2017-10-11 22:00:00 +01:00,2017-10-11 23:00:00 +01:00,1,1
ES,ES.BDCA.AQD,NET_ES131A,STA_ES0125A,,SP_28079017_14_6,SPP_28079017_14_6.1,SAM_28079017_14_6,O3,http://dd.eionet.europa.eu/vocabulary/aq/pollutant/7,hour,0.9400000000,µg/m3,2017-10-11 23:00:00 +01:00,2017-10-12 00:00:00 +01:00,1,1
ES,ES.BDCA.AQD,NET_ES131A,STA_ES0125A,,SP_28079017_14_6,SPP_28079017_14_6.1,SAM_28079017_14_6,O3,http://dd.eionet.europa.eu/vocabulary/aq/pollutant/7,hour,0.9100000000,µg/m3,2017-10-12 00:00:00 +01:00,2017-10-12 01:00:00 +01:00,1,1
ES,ES.BDCA.AQD,NET_ES131A,STA_ES0125A,,SP_28079017_14_6,SPP_28079017_14_6.1,SAM_28079017_14_6,O3,http://dd.eionet.europa.eu/vocabulary/aq/pollutant/7,hour,0.8200000000,µg/m3,2017-10-12 01:00:00 +01:00,2017-10-12 02:00:00 +01:00,1,1
ES,ES.BDCA.AQD,NET_ES131A,STA_ES0125A,,SP_28079017_14_6,SPP_28079017_14_6.1,SAM_28079017_14_6,O3,http://dd.eionet.europa.eu/vocabulary/aq/pollutant/7,hour,0.8200000000,µg/m3,2017-10-12 02:00:00 +01:00,2017-10-12 03:00:00 +01:00,1,1
ES,ES.BDCA.AQD,NET_ES131A,STA_ES0125A,,SP_28079017_14_6,SPP_28079017_14_6.1,SAM_28079017_14_6,O3,http://dd.eionet.europa.eu/vocabulary/aq/pollutant/7,hour,1.1399999900,µg/m3,2017-10-12 03:00:00 +01:00,2017-10-12 04:00:00 +01:00,1,1
ES,ES.BDCA.AQD,NET_ES131A,STA_ES0125A,,SP_28079017_14_6,SPP_28079017_14_6.1,SAM_28079017_14_6,O3,http://dd.eionet.europa.eu/vocabulary/aq/pollutant/7,hour,1.6399999900,µg/m3,2017-10-12 04:00:00 +01:00,2017-10-12 05:00:00 +01:00,1,1
ES,ES.BDCA.AQD,NET_ES131A,STA_ES0125A,,SP_28079017_14_6,SPP_28079017_14_6.1,SAM_28079017_14_6,O3,http://dd.eionet.europa.eu/vocabulary/aq/pollutant/7,hour,0.8200000000,µg/m3,2017-10-12 05:00:00 +01:00,2017-10-12 06:00:00 +01:00,1,1
ES,ES.BDCA.AQD,NET_ES131A,STA_ES0125A,,SP_28079017_14_6,SPP_28079017_14_6.1,SAM_28079017_14_6,O3,http://dd.eionet.europa.eu/vocabulary/aq/pollutant/7,hour,0.8500000000,µg/m3,2017-10-12 06:00:00 +01:00,2017-10-12 07:00:00 +01:00,1,1
ES,ES.BDCA.AQD,NET_ES131A,STA_ES0125A,,SP_28079017_14_6,SPP_28079017_14_6.1,SAM_28079017_14_6,O3,http://dd.eionet.europa.eu/vocabulary/aq/pollutant/7,hour,0.8800000000,µg/m3,2017-10-12 07:00:00 +01:00,2017-10-12 08:00:00 +01:00,1,1
ES,ES.BDCA.AQD,NET_ES131A,STA_ES0125A,,SP_28079017_14_6,SPP_28079017_14_6.1,SAM_28079017_14_6,O3,http://dd.eionet.europa.eu/vocabulary/aq/pollutant/7,hour,1.5100000000,µg/m3,2017-10-12 08:00:00 +01:00,2017-10-12 09:00:00 +01:00,1,1
ES,ES.BDCA.AQD,NET_ES131A,STA_ES0125A,,SP_28079017_14_6,SPP_28079017_14_6.1,SAM_28079017_14_6,O3,http://dd.eionet.europa.eu/vocabulary/aq/pollutant/7,hour,4.2100000000,µg/m3,2017-10-12 09:00:00 +01:00,2017-10-12 10:00:00 +01:00,1,1
ES,ES.BDCA.AQD,NET_ES131A,STA_ES0125A,,SP_28079017_14_6,SPP_28079017_14_6.1,SAM_28079017_14_6,O3,http://dd.eionet.europa.eu/vocabulary/aq/pollutant/7,hour,18.3799999900,µg/m3,2017-10-12 10:00:00 +01:00,2017-10-12 11:00:00 +01:00,1,1
ES,ES.BDCA.AQD,NET_ES131A,STA_ES0125A,,SP_28079017_14_6,SPP_28079017_14_6.1,SAM_28079017_14_6,O3,http://dd.eionet.europa.eu/vocabulary/aq/pollutant/7,hour,49.6099999900,µg/m3,2017-10-12 11:00:00 +01:00,2017-10-12 12:00:00 +01:00,1,1
ES,ES.BDCA.AQD,NET_ES131A,STA_ES0125A,,SP_28079017_14_6,SPP_28079017_14_6.1,SAM_28079017_14_6,O3,http://dd.eionet.europa.eu/vocabulary/aq/pollutant/7,hour,71.2399999900,µg/m3,2017-10-12 12:00:00 +01:00,2017-10-12 13:00:00 +01:00,1,1
ES,ES.BDCA.AQD,NET_ES131A,STA_ES0125A,,SP_28079017_14_6,SPP_28079017_14_6.1,SAM_28079017_14_6,O3,http://dd.eionet.europa.eu/vocabulary/aq/pollutant/7,hour,85.8100000000,µg/m3,2017-10-12 13:00:00 +01:00,2017-10-12 14:00:00 +01:00,1,1
ES,ES.BDCA.AQD,NET_ES131A,STA_ES0125A,,SP_28079017_14_6,SPP_28079017_14_6.1,SAM_28079017_14_6,O3,http://dd.eionet.europa.eu/vocabulary/aq/pollutant/7,hour,102.8000000000,µg/m3,2017-10-12 14:00:00 +01:00,2017-10-12 15:00:00 +01:00,1,1
ES,ES.BDCA.AQD,NET_ES131A,STA_ES0125A,,SP_28079017_14_6,SPP_28079017_14_6.1,SAM_28079017_14_6,O3,http://dd.eionet.europa.eu/vocabulary/aq/pollutant/7,hour,102.8000000000,µg/m3,2017-10-12 15:00:00 +01:00,2017-10-12 16:00:00 +01:00,1,1
ES,ES.BDCA.AQD,NET_ES131A,STA_ES0125A,,SP_28079017_14_6,SPP_28079017_14_6.1,SAM_28079017_14_6,O3,http://dd.eionet.europa.eu/vocabulary/aq/pollutant/7,hour,102.0999999900,µg/m3,2017-10-12 16:00:00 +01:00,2017-10-12 17:00:00 +01:00,1,1
ES,ES.BDCA.AQD,NET_ES131A,STA_ES0125A,,SP_28079017_14_6,SPP_28079017_14_6.1,SAM_28079017_14_6,O3,http://dd.eionet.europa.eu/vocabulary/aq/pollutant/7,hour,80.9599999900,µg/m3,2017-10-12 17:00:00 +01:00,2017-10-12 18:00:00 +01:00,1,1
ES,ES.BDCA.AQD,NET_ES131A,STA_ES0125A,,SP_28079017_14_6,SPP_28079017_14_6.1,SAM_28079017_14_6,O3,http://dd.eionet.europa.eu/vocabulary/aq/pollutant/7,hour,11.7400000000,µg/m3,2017-10-12 18:00:00 +01:00,2017-10-12 19:00:00 +01:00,1,1
ES,ES.BDCA.AQD,NET_ES131A,STA_ES0125A,,SP_28079017_14_6,SPP_28079017_14_6.1,SAM_28079017_14_6,O3,http://dd.eionet.europa.eu/vocabulary/aq/pollutant/7,hour,0.9000000000,µg/m3,2017-10-12 19:00:00 +01:00,2017-10-12 20:00:00 +01:00,1,1
ES,ES.BDCA.AQD,NET_ES131A,STA_ES0125A,,SP_28079017_14_6,SPP_28079017_14_6.1,SAM_28079017_14_6,O3,http://dd.eionet.europa.eu/vocabulary/aq/pollutant/7,hour,1.3799999900,µg/m3,2017-10-12 20:00:00 +01:00,2017-10-12 21:00:00 +01:00,1,1
ES,ES.BDCA.AQD,NET_ES131A,STA_ES0125A,,SP_28079017_14_6,SPP_28079017_14_6.1,SAM_28079017_14_6,O3,http://dd.eionet.europa.eu/vocabulary/aq/pollutant/7,hour,1.3000000000,µg/m3,2017-10-12 21:00:00 +01:00,2017-10-12 22:00:00 +01:00,1,1
ES,ES.BDCA.AQD,NET_ES131A,STA_ES0125A,,SP_28079017_14_6,SPP_28079017_14_6.1,SAM_28079017_14_6,O3,http://dd.eionet.europa.eu/vocabulary/aq/pollutant/7,hour,0.8700000000,µg/m3,2017-10-12 22:00:00 +01:00,2017-10-12 23:00:00 +01:00,1,1
ES,ES.BDCA.AQD,NET_ES131A,STA_ES0125A,,SP_28079017_14_6,SPP_28079017_14_6.1,SAM_28079017_14_6,O3,http://dd.eionet.europa.eu/vocabulary/aq/pollutant/7,hour,0.9000000000,µg/m3,2017-10-12 23:00:00 +01:00,2017-10-13 00:00:00 +01:00,1,1
ES,ES.BDCA.AQD,NET_ES131A,STA_ES0125A,,SP_28079017_14_6,SPP_28079017_14_6.1,SAM_28079017_14_6,O3,http://dd.eionet.europa.eu/vocabulary/aq/pollutant/7,hour,0.8300000000,µg/m3,2017-10-13 00:00:00 +01:00,2017-10-13 01:00:00 +01:00,1,1
ES,ES.BDCA.AQD,NET_ES131A,STA_ES0125A,,SP_28079017_14_6,SPP_28079017_14_6.1,SAM_28079017_14_6,O3,http://dd.eionet.europa.eu/vocabulary/aq/pollutant/7,hour,1.0400000000,µg/m3,2017-10-13 01:00:00 +01:00,2017-10-13 02:00:00 +01:00,1,1
ES,ES.BDCA.AQD,NET_ES131A,STA_ES0125A,,SP_28079017_14_6,SPP_28079017_14_6.1,SAM_28079017_14_6,O3,http://dd.eionet.europa.eu/vocabulary/aq/pollutant/7,hour,0.9500000000,µg/m3,2017-10-13 02:00:00 +01:00,2017-10-13 03:00:00 +01:00,1,1
ES,ES.BDCA.AQD,NET_ES131A,STA_ES0125A,,SP_28079017_14_6,SPP_28079017_14_6.1,SAM_28079017_14_6,O3,http://dd.eionet.europa.eu/vocabulary/aq/pollutant/7,hour,0.7400000000,µg/m3,2017-10-13 03:00:00 +01:00,2017-10-13 04:00:00 +01:00,1,1
ES,ES.BDCA.AQD,NET_ES131A,STA_ES0125A,,SP_28079017_14_6,SPP_28079017_14_6.1,SAM_28079017_14_6,O3,http://dd.eionet.europa.eu/vocabulary/aq/pollutant/7,hour,0.8900000000,µg/m3,2017-10-13 04:00:00 +01:00,2017-10-13 05:00:00 +01:00,1,1
ES,ES.BDCA.AQD,NET_ES131A,STA_ES0125A,,SP_28079017_14_6,SPP_28079017_14_6.1,SAM_28079017_14_6,O3,http://dd.eionet.europa.eu/vocabulary/aq/pollutant/7,hour,0.9500000000,µg/m3,2017-10-13 05:00:00 +01:00,2017-10-13 06:00:00 +01:00,1,1
ES,ES.BDCA.AQD,NET_ES131A,STA_ES0125A,,SP_28079017_14_6,SPP_28079017_14_6.1,SAM_28079017_14_6,O3,http://dd.eionet.europa.eu/vocabulary/aq/pollutant/7,hour,0.8800000000,µg/m3,2017-10-13 06:00:00 +01:00,2017-10-13 07:00:00 +01:00,1,1
ES,ES.BDCA.AQD,NET_ES131A,STA_ES0125A,,SP_28079017_14_6,SPP_28079017_14_6.1,SAM_28079017_14_6,O3,http://dd.eionet.europa.eu/vocabulary/aq/pollutant/7,hour,1.0000000000,µg/m3,2017-10-13 07:00:00 +01:00,2017-10-13 08:00:00 +01:00,1,1
ES,ES.BDCA.AQD,NET_ES131A,STA_ES0125A,,SP_28079017_14_6,SPP_28079017_14_6.1,SAM_28079017_14_6,O3,http://dd.eionet.europa.eu/vocabulary/aq/pollutant/7,hour,0.9100000000,µg/m3,2017-10-13 08:00:00 +01:00,2017-10-13 09:00:00 +01:00,1,1
ES,ES.BDCA.AQD,NET_ES131A,STA_ES0125A,,SP_28079017_14_6,SPP_28079017_14_6.1,SAM_28079017_14_6,O3,http://dd.eionet.europa.eu/vocabulary/aq/pollutant/7,hour,3.0899999900,µg/m3,2017-10-13 09:00:00 +01:00,2017-10-13 10:00:00 +01:00,1,1
ES,ES.BDCA.AQD,NET_ES131A,STA_ES0125A,,SP_28079017_14_6,SPP_28079017_14_6.1,SAM_28079017_14_6,O3,http://dd.eionet.europa.eu/vocabulary/aq/pollutant/7,hour,9.8300000000,µg/m3,2017-10-13 10:00:00 +01:00,2017-10-13 11:00:00 +01:00,1,1
ES,ES.BDCA.AQD,NET_ES131A,STA_ES0125A,,SP_28079017_14_6,SPP_28079017_14_6.1,SAM_28079017_14_6,O3,http://dd.eionet.europa.eu/vocabulary/aq/pollutant/7,hour,29.5399999900,µg/m3,2017-10-13 11:00:00 +01:00,2017-10-13 12:00:00 +01:00,1,1
ES,ES.BDCA.AQD,NET_ES131A,STA_ES0125A,,SP_28079017_14_6,SPP_28079017_14_6.1,SAM_28079017_14_6,O3,http://dd.eionet.europa.eu/vocabulary/aq/pollutant/7,hour,45.3800000000,µg/m3,2017-10-13 12:00:00 +01:00,2017-10-13 13:00:00 +01:00,1,1
ES,ES.BDCA.AQD,NET_ES131A,STA_ES0125A,,SP_28079017_14_6,SPP_28079017_14_6.1,SAM_28079017_14_6,O3,http://dd.eionet.europa.eu/vocabulary/aq/pollutant/7,hour,59.2700000000,µg/m3,2017-10-13 13:00:00 +01:00,2017-10-13 14:00:00 +01:00,1,1
ES,ES.BDCA.AQD,NET_ES131A,STA_ES0125A,,SP_28079017_14_6,SPP_28079017_14_6.1,SAM_28079017_14_6,O3,http://dd.eionet.europa.eu/vocabulary/aq/pollutant/7,hour,71.8299999900,µg/m3,2017-10-13 14:00:00 +01:00,2017-10-13 15:00:00 +01:00,1,1
ES,ES.BDCA.AQD,NET_ES131A,STA_ES0125A,,SP_28079017_14_6,SPP_28079017_14_6.1,SAM_28079017_14_6,O3,http://dd.eionet.europa.eu/vocabulary/aq/pollutant/7,hour,72.1599999900,µg/m3,2017-10-13 15:00:00 +01:00,2017-10-13 16:00:00 +01:00,1,1
ES,ES.BDCA.AQD,NET_ES131A,STA_ES0125A,,SP_28079017_14_6,SPP_28079017_14_6.1,SAM_28079017_14_6,O3,http://dd.eionet.europa.eu/vocabulary/aq/pollutant/7,hour,71.1400000000,µg/m3,2017-10-13 16:00:00 +01:00,2017-10-13 17:00:00 +01:00,1,1
ES,ES.BDCA.AQD,NET_ES131A,STA_ES0125A,,SP_28079017_14_6,SPP_28079017_14_6.1,SAM_28079017_14_6,O3,http://dd.eionet.europa.eu/vocabulary/aq/pollutant/7,hour,59.1899999900,µg/m3,2017-10-13 17:00:00 +01:00,2017-10-13 18:00:00 +01:00,1,1
ES,ES.BDCA.AQD,NET_ES131A,STA_ES0125A,,SP_28079017_14_6,SPP_28079017_14_6.1,SAM_28079017_14_6,O3,http://dd.eionet.europa.eu/vocabulary/aq/pollutant/7,hour,17.6600000000,µg/m3,2017-10-13 18:00:00 +01:00,2017-10-13 19:00:00 +01:00,1,1
ES,ES.BDCA.AQD,NET_ES131A,STA_ES0125A,,SP_28079017_14_6,SPP_28079017_14_6.1,SAM_28079017_14_6,O3,http://dd.eionet.europa.eu/vocabulary/aq/pollutant/7,hour,1.1399999900,µg/m3,2017-10-13 19:00:00 +01:00,2017-10-13 20:00:00 +01:00,1,1
ES,ES.BDCA.AQD,NET_ES131A,STA_ES0125A,,SP_28079017_14_6,SPP_28079017_14_6.1,SAM_28079017_14_6,O3,http://dd.eionet.europa.eu/vocabulary/aq/pollutant/7,hour,3.1299999900,µg/m3,2017-10-13 20:00:00 +01:00,2017-10-13 21:00:00 +01:00,1,1
ES,ES.BDCA.AQD,NET_ES131A,STA_ES0125A,,SP_28079017_14_6,SPP_28079017_14_6.1,SAM_28079017_14_6,O3,http://dd.eionet.europa.eu/vocabulary/aq/pollutant/7,hour,1.4199999900,µg/m3,2017-10-13 21:00:00 +01:00,2017-10-13 22:00:00 +01:00,1,1
ES,ES.BDCA.AQD,NET_ES131A,STA_ES0125A,,SP_28079017_14_6,SPP_28079017_14_6.1,SAM_28079017_14_6,O3,http://dd.eionet.europa.eu/vocabulary/aq/pollutant/7,hour,0.9400000000,µg/m3,2017-10-13 22:00:00 +01:00,2017-10-13 23:00:00 +01:00,1,1
ES,ES.BDCA.AQD,NET_ES131A,STA_ES0125A,,SP_28079017_14_6,SPP_28079017_14_6.1,SAM_28079017_14_6,O3,http://dd.eionet.europa.eu/vocabulary/aq/pollutant/7,hour,0.7900000000,µg/m3,2017-10-13 23:00:00 +01:00,2017-10-14 00:00:00 +01:00,1,1
ES,ES.BDCA.AQD,NET_ES131A,STA_ES0125A,,SP_28079017_14_6,SPP_28079017_14_6.1,SAM_28079017_14_6,O3,http://dd.eionet.europa.eu/vocabulary/aq/pollutant/7,hour,1.0000000000,µg/m3,2017-10-14 00:00:00 +01:00,2017-10-14 01:00:00 +01:00,1,1
ES,ES.BDCA.AQD,NET_ES131A,STA_ES0125A,,SP_28079017_14_6,SPP_28079017_14_6.1,SAM_28079017_14_6,O3,http://dd.eionet.europa.eu/vocabulary/aq/pollutant/7,hour,1.0000000000,µg/m3,2017-10-14 01:00:00 +01:00,2017-10-14 02:00:00 +01:00,1,1
ES,ES.BDCA.AQD,NET_ES131A,STA_ES0125A,,SP_28079017_14_6,SPP_28079017_14_6.1,SAM_28079017_14_6,O3,http://dd.eionet.europa.eu/vocabulary/aq/pollutant/7,hour,0.8800000000,µg/m3,2017-10-14 02:00:00 +01:00,2017-10-14 03:00:00 +01:00,1,1
ES,ES.BDCA.AQD,NET_ES131A,STA_ES0125A,,SP_28079017_14_6,SPP_28079017_14_6.1,SAM_28079017_14_6,O3,http://dd.eionet.europa.eu/vocabulary/aq/pollutant/7,hour,0.8900000000,µg/m3,2017-10-14 03:00:00 +01:00,2017-10-14 04:00:00 +01:00,1,1
ES,ES.BDCA.AQD,NET_ES131A,STA_ES0125A,,SP_28079017_14_6,SPP_28079017_14_6.1,SAM_28079017_14_6,O3,http://dd.eionet.europa.eu/vocabulary/aq/pollutant/7,hour,1.0000000000,µg/m3,2017-10-14 04:00:00 +01:00,2017-10-14 05:00:00 +01:00,1,1
ES,ES.BDCA.AQD,NET_ES131A,STA_ES0125A,,SP_28079017_14_6,SPP_28079017_14_6.1,SAM_28079017_14_6,O3,http://dd.eionet.europa.eu/vocabulary/aq/pollutant/7,hour,0.9600000000,µg/m3,2017-10-14 05:00:00 +01:00,2017-10-14 06:00:00 +01:00,1,1
ES,ES.BDCA.AQD,NET_ES131A,STA_ES0125A,,SP_28079017_14_6,SPP_28079017_14_6.1,SAM_28079017_14_6,O3,http://dd.eionet.europa.eu/vocabulary/aq/pollutant/7,hour,0.8200000000,µg/m3,2017-10-14 06:00:00 +01:00,2017-10-14 07:00:00 +01:00,1,1
ES,ES.BDCA.AQD,NET_ES131A,STA_ES0125A,,SP_28079017_14_6,SPP_28079017_14_6.1,SAM_28079017_14_6,O3,http://dd.eionet.europa.eu/vocabulary/aq/pollutant/7,hour,0.9300000000,µg/m3,2017-10-14 07:00:00 +01:00,2017-10-14 08:00:00 +01:00,1,1
ES,ES.BDCA.AQD,NET_ES131A,STA_ES0125A,,SP_28079017_14_6,SPP_28079017_14_6.1,SAM_28079017_14_6,O3,http://dd.eionet.europa.eu/vocabulary/aq/pollutant/7,hour,1.5600000000,µg/m3,2017-10-14 08:00:00 +01:00,2017-10-14 09:00:00 +01:00,1,1
ES,ES.BDCA.AQD,NET_ES131A,STA_ES0125A,,SP_28079017_14_6,SPP_28079017_14_6.1,SAM_28079017_14_6,O3,http://dd.eionet.europa.eu/vocabulary/aq/pollutant/7,hour,6.9900000000,µg/m3,2017-10-14 09:00:00 +01:00,2017-10-14 10:00:00 +01:00,1,1
ES,ES.BDCA.AQD,NET_ES131A,STA_ES0125A,,SP_28079017_14_6,SPP_28079017_14_6.1,SAM_28079017_14_6,O3,http://dd.eionet.europa.eu/vocabulary/aq/pollutant/7,hour,29.3099999900,µg/m3,2017-10-14 10:00:00 +01:00,2017-10-14 11:00:00 +01:00,1,1
ES,ES.BDCA.AQD,NET_ES131A,STA_ES0125A,,SP_28079017_14_6,SPP_28079017_14_6.1,SAM_28079017_14_6,O3,http://dd.eionet.europa.eu/vocabulary/aq/pollutant/7,hour,49.7400000000,µg/m3,2017-10-14 11:00:00 +01:00,2017-10-14 12:00:00 +01:00,1,1
ES,ES.BDCA.AQD,NET_ES131A,STA_ES0125A,,SP_28079017_14_6,SPP_28079017_14_6.1,SAM_28079017_14_6,O3,http://dd.eionet.europa.eu/vocabulary/aq/pollutant/7,hour,54.9600000000,µg/m3,2017-10-14 12:00:00 +01:00,2017-10-14 13:00:00 +01:00,1,1
ES,ES.BDCA.AQD,NET_ES131A,STA_ES0125A,,SP_28079017_14_6,SPP_28079017_14_6.1,SAM_28079017_14_6,O3,http://dd.eionet.europa.eu/vocabulary/aq/pollutant/7,hour,70.9899999900,µg/m3,2017-10-14 13:00:00 +01:00,2017-10-14 14:00:00 +01:00,1,1
ES,ES.BDCA.AQD,NET_ES131A,STA_ES0125A,,SP_28079017_14_6,SPP_28079017_14_6.1,SAM_28079017_14_6,O3,http://dd.eionet.europa.eu/vocabulary/aq/pollutant/7,hour,75.4000000000,µg/m3,2017-10-14 14:00:00 +01:00,2017-10-14 15:00:00 +01:00,1,1
ES,ES.BDCA.AQD,NET_ES131A,STA_ES0125A,,SP_28079017_14_6,SPP_28079017_14_6.1,SAM_28079017_14_6,O3,http://dd.eionet.europa.eu/vocabulary/aq/pollutant/7,hour,80.1500000000,µg/m3,2017-10-14 15:00:00 +01:00,2017-10-14 16:00:00 +01:00,1,1
ES,ES.BDCA.AQD,NET_ES131A,STA_ES0125A,,SP_28079017_14_6,SPP_28079017_14_6.1,SAM_28079017_14_6,O3,http://dd.eionet.europa.eu/vocabulary/aq/pollutant/7,hour,76.6200000000,µg/m3,2017-10-14 16:00:00 +01:00,2017-10-14 17:00:00 +01:00,1,1
ES,ES.BDCA.AQD,NET_ES131A,STA_ES0125A,,SP_28079017_14_6,SPP_28079017_14_6.1,SAM_28079017_14_6,O3,http://dd.eionet.europa.eu/vocabulary/aq/pollutant/7,hour,58.6199999900,µg/m3,2017-10-14 17:00:00 +01:00,2017-10-14 18:00:00 +01:00,1,1
ES,ES.BDCA.AQD,NET_ES131A,STA_ES0125A,,SP_28079017_14_6,SPP_28079017_14_6.1,SAM_28079017_14_6,O3,http://dd.eionet.europa.eu/vocabulary/aq/pollutant/7,hour,14.9400000000,µg/m3,2017-10-14 18:00:00 +01:00,2017-10-14 19:00:00 +01:00,1,1
ES,ES.BDCA.AQD,NET_ES131A,STA_ES0125A,,SP_28079017_14_6,SPP_28079017_14_6.1,SAM_28079017_14_6,O3,http://dd.eionet.europa.eu/vocabulary/aq/pollutant/7,hour,1.0500000000,µg/m3,2017-10-14 19:00:00 +01:00,2017-10-14 20:00:00 +01:00,1,1
ES,ES.BDCA.AQD,NET_ES131A,STA_ES0125A,,SP_28079017_14_6,SPP_28079017_14_6.1,SAM_28079017_14_6,O3,http://dd.eionet.europa.eu/vocabulary/aq/pollutant/7,hour,1.3300000000,µg/m3,2017-10-14 20:00:00 +01:00,2017-10-14 21:00:00 +01:00,1,1
ES,ES.BDCA.AQD,NET_ES131A,STA_ES0125A,,SP_28079017_14_6,SPP_28079017_14_6.1,SAM_28079017_14_6,O3,http://dd.eionet.europa.eu/vocabulary/aq/pollutant/7,hour,1.6799999900,µg/m3,2017-10-14 21:00:00 +01:00,2017-10-14 22:00:00 +01:00,1,1
ES,ES.BDCA.AQD,NET_ES131A,STA_ES0125A,,SP_28079017_14_6,SPP_28079017_14_6.1,SAM_28079017_14_6,O3,http://dd.eionet.europa.eu/vocabulary/aq/pollutant/7,hour,1.1499999900,µg/m3,2017-10-14 22:00:00 +01:00,2017-10-14 23:00:00 +01:00,1,1
ES,ES.BDCA.AQD,NET_ES131A,STA_ES0125A,,SP_28079017_14_6,SPP_28079017_14_6.1,SAM_28079017_14_6,O3,http://dd.eionet.europa.eu/vocabulary/aq/pollutant/7,hour,0.9000000000,µg/m3,2017-10-14 23:00:00 +01:00,2017-10-15 00:00:00 +01:00,1,1
ES,ES.BDCA.AQD,NET_ES131A,STA_ES0125A,,SP_28079017_14_6,SPP_28079017_14_6.1,SAM_28079017_14_6,O3,http://dd.eionet.europa.eu/vocabulary/aq/pollutant/7,hour,0.9700000000,µg/m3,2017-10-15 00:00:00 +01:00,2017-10-15 01:00:00 +01:00,1,1
ES,ES.BDCA.AQD,NET_ES131A,STA_ES0125A,,SP_28079017_14_6,SPP_28079017_14_6.1,SAM_28079017_14_6,O3,http://dd.eionet.europa.eu/vocabulary/aq/pollutant/7,hour,1.0000000000,µg/m3,2017-10-15 01:00:00 +01:00,2017-10-15 02:00:00 +01:00,1,1
ES,ES.BDCA.AQD,NET_ES131A,STA_ES0125A,,SP_28079017_14_6,SPP_28079017_14_6.1,SAM_28079017_14_6,O3,http://dd.eionet.europa.eu/vocabulary/aq/pollutant/7,hour,0.9600000000,µg/m3,2017-10-15 02:00:00 +01:00,2017-10-15 03:00:00 +01:00,1,1
ES,ES.BDCA.AQD,NET_ES131A,STA_ES0125A,,SP_28079017_14_6,SPP_28079017_14_6.1,SAM_28079017_14_6,O3,http://dd.eionet.europa.eu/vocabulary/aq/pollutant/7,hour,0.9300000000,µg/m3,2017-10-15 03:00:00 +01:00,2017-10-15 04:00:00 +01:00,1,1
ES,ES.BDCA.AQD,NET_ES131A,STA_ES0125A,,SP_28079017_14_6,SPP_28079017_14_6.1,SAM_28079017_14_6,O3,http://dd.eionet.europa.eu/vocabulary/aq/pollutant/7,hour,0.9600000000,µg/m3,2017-10-15 04:00:00 +01:00,2017-10-15 05:00:00 +01:00,1,1
ES,ES.BDCA.AQD,NET_ES131A,STA_ES0125A,,SP_28079017_14_6,SPP_28079017_14_6.1,SAM_28079017_14_6,O3,http://dd.eionet.europa.eu/vocabulary/aq/pollutant/7,hour,1.0000000000,µg/m3,2017-10-15 05:00:00 +01:00,2017-10-15 06:00:00 +01:00,1,1
ES,ES.BDCA.AQD,NET_ES131A,STA_ES0125A,,SP_28079017_14_6,SPP_28079017_14_6.1,SAM_28079017_14_6,O3,http://dd.eionet.europa.eu/vocabulary/aq/pollutant/7,hour,0.9300000000,µg/m3,2017-10-15 06:00:00 +01:00,2017-10-15 07:00:00 +01:00,1,1
ES,ES.BDCA.AQD,NET_ES131A,STA_ES0125A,,SP_28079017_14_6,SPP_28079017_14_6.1,SAM_28079017_14_6,O3,http://dd.eionet.europa.eu/vocabulary/aq/pollutant/7,hour,0.8700000000,µg/m3,2017-10-15 07:00:00 +01:00,2017-10-15 08:00:00 +01:00,1,1
ES,ES.BDCA.AQD,NET_ES131A,STA_ES0125A,,SP_28079017_14_6,SPP_28079017_14_6.1,SAM_28079017_14_6,O3,http://dd.eionet.europa.eu/vocabulary/aq/pollutant/7,hour,3.5000000000,µg/m3,2017-10-15 08:00:00 +01:00,2017-10-15 09:00:00 +01:00,1,1
ES,ES.BDCA.AQD,NET_ES131A,STA_ES0125A,,SP_28079017_14_6,SPP_28079017_14_6.1,SAM_28079017_14_6,O3,http://dd.eionet.europa.eu/vocabulary/aq/pollutant/7,hour,29.5900000000,µg/m3,2017-10-15 09:00:00 +01:00,2017-10-15 10:00:00 +01:00,1,1
ES,ES.BDCA.AQD,NET_ES131A,STA_ES0125A,,SP_28079017_14_6,SPP_28079017_14_6.1,SAM_28079017_14_6,O3,http://dd.eionet.europa.eu/vocabulary/aq/pollutant/7,hour,60.7700000000,µg/m3,2017-10-15 10:00:00 +01:00,2017-10-15 11:00:00 +01:00,1,1
ES,ES.BDCA.AQD,NET_ES131A,STA_ES0125A,,SP_28079017_14_6,SPP_28079017_14_6.1,SAM_28079017_14_6,O3,http://dd.eionet.europa.eu/vocabulary/aq/pollutant/7,hour,65.2999999900,µg/m3,2017-10-15 11:00:00 +01:00,2017-10-15 12:00:00 +01:00,1,1
ES,ES.BDCA.AQD,NET_ES131A,STA_ES0125A,,SP_28079017_14_6,SPP_28079017_14_6.1,SAM_28079017_14_6,O3,http://dd.eionet.europa.eu/vocabulary/aq/pollutant/7,hour,77.2300000000,µg/m3,2017-10-15 12:00:00 +01:00,2017-10-15 13:00:00 +01:00,1,1
ES,ES.BDCA.AQD,NET_ES131A,STA_ES0125A,,SP_28079017_14_6,SPP_28079017_14_6.1,SAM_28079017_14_6,O3,http://dd.eionet.europa.eu/vocabulary/aq/pollutant/7,hour,87.6599999900,µg/m3,2017-10-15 13:00:00 +01:00,2017-10-15 14:00:00 +01:00,1,1
ES,ES.BDCA.AQD,NET_ES131A,STA_ES0125A,,SP_28079017_14_6,SPP_28079017_14_6.1,SAM_28079017_14_6,O3,http://dd.eionet.europa.eu/vocabulary/aq/pollutant/7,hour,94.2999999900,µg/m3,2017-10-15 14:00:00 +01:00,2017-10-15 15:00:00 +01:00,1,1
ES,ES.BDCA.AQD,NET_ES131A,STA_ES0125A,,SP_28079017_14_6,SPP_28079017_14_6.1,SAM_28079017_14_6,O3,http://dd.eionet.europa.eu/vocabulary/aq/pollutant/7,hour,92.7900000000,µg/m3,2017-10-15 15:00:00 +01:00,2017-10-15 16:00:00 +01:00,1,1
ES,ES.BDCA.AQD,NET_ES131A,STA_ES0125A,,SP_28079017_14_6,SPP_28079017_14_6.1,SAM_28079017_14_6,O3,http://dd.eionet.europa.eu/vocabulary/aq/pollutant/7,hour,81.7300000000,µg/m3,2017-10-15 16:00:00 +01:00,2017-10-15 17:00:00 +01:00,1,1
ES,ES.BDCA.AQD,NET_ES131A,STA_ES0125A,,SP_28079017_14_6,SPP_28079017_14_6.1,SAM_28079017_14_6,O3,http://dd.eionet.europa.eu/vocabulary/aq/pollutant/7,hour,70.4500000000,µg/m3,2017-10-15 17:00:00 +01:00,2017-10-15 18:00:00 +01:00,1,1
ES,ES.BDCA.AQD,NET_ES131A,STA_ES0125A,,SP_28079017_14_6,SPP_28079017_14_6.1,SAM_28079017_14_6,O3,http://dd.eionet.europa.eu/vocabulary/aq/pollutant/7,hour,47.7800000000,µg/m3,2017-10-15 18:00:00 +01:00,2017-10-15 19:00:00 +01:00,1,1
ES,ES.BDCA.AQD,NET_ES131A,STA_ES0125A,,SP_28079017_14_6,SPP_28079017_14_6.1,SAM_28079017_14_6,O3,http://dd.eionet.europa.eu/vocabulary/aq/pollutant/7,hour,22.8500000000,µg/m3,2017-10-15 19:00:00 +01:00,2017-10-15 20:00:00 +01:00,1,1
ES,ES.BDCA.AQD,NET_ES131A,STA_ES0125A,,SP_28079017_14_6,SPP_28079017_14_6.1,SAM_28079017_14_6,O3,http://dd.eionet.europa.eu/vocabulary/aq/pollutant/7,hour,40.8699999900,µg/m3,2017-10-15 20:00:00 +01:00,2017-10-15 21:00:00 +01:00,1,1
ES,ES.BDCA.AQD,NET_ES131A,STA_ES0125A,,SP_28079017_14_6,SPP_28079017_14_6.1,SAM_28079017_14_6,O3,http://dd.eionet.europa.eu/vocabulary/aq/pollutant/7,hour,50.1800000000,µg/m3,2017-10-15 21:00:00 +01:00,2017-10-15 22:00:00 +01:00,1,1
ES,ES.BDCA.AQD,NET_ES131A,STA_ES0125A,,SP_28079017_14_6,SPP_28079017_14_6.1,SAM_28079017_14_6,O3,http://dd.eionet.europa.eu/vocabulary/aq/pollutant/7,hour,55.3200000000,µg/m3,2017-10-15 22:00:00 +01:00,2017-10-15 23:00:00 +01:00,1,1
ES,ES.BDCA.AQD,NET_ES131A,STA_ES0125A,,SP_28079017_14_6,SPP_28079017_14_6.1,SAM_28079017_14_6,O3,http://dd.eionet.europa.eu/vocabulary/aq/pollutant/7,hour,64.8199999900,µg/m3,2017-10-15 23:00:00 +01:00,2017-10-16 00:00:00 +01:00,1,1
ES,ES.BDCA.AQD,NET_ES131A,STA_ES0125A,,SP_28079017_14_6,SPP_28079017_14_6.1,SAM_28079017_14_6,O3,http://dd.eionet.europa.eu/vocabulary/aq/pollutant/7,hour,60.8400000000,µg/m3,2017-10-16 00:00:00 +01:00,2017-10-16 01:00:00 +01:00,1,1
ES,ES.BDCA.AQD,NET_ES131A,STA_ES0125A,,SP_28079017_14_6,SPP_28079017_14_6.1,SAM_28079017_14_6,O3,http://dd.eionet.europa.eu/vocabulary/aq/pollutant/7,hour,54.2500000000,µg/m3,2017-10-16 01:00:00 +01:00,2017-10-16 02:00:00 +01:00,1,1
ES,ES.BDCA.AQD,NET_ES131A,STA_ES0125A,,SP_28079017_14_6,SPP_28079017_14_6.1,SAM_28079017_14_6,O3,http://dd.eionet.europa.eu/vocabulary/aq/pollutant/7,hour,39.9600000000,µg/m3,2017-10-16 02:00:00 +01:00,2017-10-16 03:00:00 +01:00,1,1
ES,ES.BDCA.AQD,NET_ES131A,STA_ES0125A,,SP_28079017_14_6,SPP_28079017_14_6.1,SAM_28079017_14_6,O3,http://dd.eionet.europa.eu/vocabulary/aq/pollutant/7,hour,41.5700000000,µg/m3,2017-10-16 03:00:00 +01:00,2017-10-16 04:00:00 +01:00,1,1
ES,ES.BDCA.AQD,NET_ES131A,STA_ES0125A,,SP_28079017_14_6,SPP_28079017_14_6.1,SAM_28079017_14_6,O3,http://dd.eionet.europa.eu/vocabulary/aq/pollutant/7,hour,42.6099999900,µg/m3,2017-10-16 04:00:00 +01:00,2017-10-16 05:00:00 +01:00,1,1
ES,ES.BDCA.AQD,NET_ES131A,STA_ES0125A,,SP_28079017_14_6,SPP_28079017_14_6.1,SAM_28079017_14_6,O3,http://dd.eionet.europa.eu/vocabulary/aq/pollutant/7,hour,32.8900000000,µg/m3,2017-10-16 05:00:00 +01:00,2017-10-16 06:00:00 +01:00,1,1
ES,ES.BDCA.AQD,NET_ES131A,STA_ES0125A,,SP_28079017_14_6,SPP_28079017_14_6.1,SAM_28079017_14_6,O3,http://dd.eionet.europa.eu/vocabulary/aq/pollutant/7,hour,13.6600000000,µg/m3,2017-10-16 06:00:00 +01:00,2017-10-16 07:00:00 +01:00,1,1
ES,ES.BDCA.AQD,NET_ES131A,STA_ES0125A,,SP_28079017_14_6,SPP_28079017_14_6.1,SAM_28079017_14_6,O3,http://dd.eionet.europa.eu/vocabulary/aq/pollutant/7,hour,6.1100000000,µg/m3,2017-10-16 07:00:00 +01:00,2017-10-16 08:00:00 +01:00,1,1
ES,ES.BDCA.AQD,NET_ES131A,STA_ES0125A,,SP_28079017_14_6,SPP_28079017_14_6.1,SAM_28079017_14_6,O3,http://dd.eionet.europa.eu/vocabulary/aq/pollutant/7,hour,17.4200000000,µg/m3,2017-10-16 08:00:00 +01:00,2017-10-16 09:00:00 +01:00,1,1
ES,ES.BDCA.AQD,NET_ES131A,STA_ES0125A,,SP_28079017_14_6,SPP_28079017_14_6.1,SAM_28079017_14_6,O3,http://dd.eionet.europa.eu/vocabulary/aq/pollutant/7,hour,40.4300000000,µg/m3,2017-10-16 09:00:00 +01:00,2017-10-16 10:00:00 +01:00,1,1
ES,ES.BDCA.AQD,NET_ES131A,STA_ES0125A,,SP_28079017_14_6,SPP_28079017_14_6.1,SAM_28079017_14_6,O3,http://dd.eionet.europa.eu/vocabulary/aq/pollutant/7,hour,44.7400000000,µg/m3,2017-10-16 10:00:00 +01:00,2017-10-16 11:00:00 +01:00,1,1
ES,ES.BDCA.AQD,NET_ES131A,STA_ES0125A,,SP_28079017_14_6,SPP_28079017_14_6.1,SAM_28079017_14_6,O3,http://dd.eionet.europa.eu/vocabulary/aq/pollutant/7,hour,49.7000000000,µg/m3,2017-10-16 11:00:00 +01:00,2017-10-16 12:00:00 +01:00,1,1
ES,ES.BDCA.AQD,NET_ES131A,STA_ES0125A,,SP_28079017_14_6,SPP_28079017_14_6.1,SAM_28079017_14_6,O3,http://dd.eionet.europa.eu/vocabulary/aq/pollutant/7,hour,60.7500000000,µg/m3,2017-10-16 12:00:00 +01:00,2017-10-16 13:00:00 +01:00,1,1
ES,ES.BDCA.AQD,NET_ES131A,STA_ES0125A,,SP_28079017_14_6,SPP_28079017_14_6.1,SAM_28079017_14_6,O3,http://dd.eionet.europa.eu/vocabulary/aq/pollutant/7,hour,75.7600000000,µg/m3,2017-10-16 13:00:00 +01:00,2017-10-16 14:00:00 +01:00,1,1
ES,ES.BDCA.AQD,NET_ES131A,STA_ES0125A,,SP_28079017_14_6,SPP_28079017_14_6.1,SAM_28079017_14_6,O3,http://dd.eionet.europa.eu/vocabulary/aq/pollutant/7,hour,81.5000000000,µg/m3,2017-10-16 14:00:00 +01:00,2017-10-16 15:00:00 +01:00,1,1
ES,ES.BDCA.AQD,NET_ES131A,STA_ES0125A,,SP_28079017_14_6,SPP_28079017_14_6.1,SAM_28079017_14_6,O3,http://dd.eionet.europa.eu/vocabulary/aq/pollutant/7,hour,79.9099999900,µg/m3,2017-10-16 15:00:00 +01:00,2017-10-16 16:00:00 +01:00,1,1
ES,ES.BDCA.AQD,NET_ES131A,STA_ES0125A,,SP_28079017_14_6,SPP_28079017_14_6.1,SAM_28079017_14_6,O3,http://dd.eionet.europa.eu/vocabulary/aq/pollutant/7,hour,74.9399999900,µg/m3,2017-10-16 16:00:00 +01:00,2017-10-16 17:00:00 +01:00,1,1
ES,ES.BDCA.AQD,NET_ES131A,STA_ES0125A,,SP_28079017_14_6,SPP_28079017_14_6.1,SAM_28079017_14_6,O3,http://dd.eionet.europa.eu/vocabulary/aq/pollutant/7,hour,68.2000000000,µg/m3,2017-10-16 17:00:00 +01:00,2017-10-16 18:00:00 +01:00,1,1
ES,ES.BDCA.AQD,NET_ES131A,STA_ES0125A,,SP_28079017_14_6,SPP_28079017_14_6.1,SAM_28079017_14_6,O3,http://dd.eionet.europa.eu/vocabulary/aq/pollutant/7,hour,30.0399999900,µg/m3,2017-10-16 18:00:00 +01:00,2017-10-16 19:00:00 +01:00,1,1
ES,ES.BDCA.AQD,NET_ES131A,STA_ES0125A,,SP_28079017_14_6,SPP_28079017_14_6.1,SAM_28079017_14_6,O3,http://dd.eionet.europa.eu/vocabulary/aq/pollutant/7,hour,1.4499999900,µg/m3,2017-10-16 19:00:00 +01:00,2017-10-16 20:00:00 +01:00,1,1
ES,ES.BDCA.AQD,NET_ES131A,STA_ES0125A,,SP_28079017_14_6,SPP_28079017_14_6.1,SAM_28079017_14_6,O3,http://dd.eionet.europa.eu/vocabulary/aq/pollutant/7,hour,1.5800000000,µg/m3,2017-10-16 20:00:00 +01:00,2017-10-16 21:00:00 +01:00,1,1
ES,ES.BDCA.AQD,NET_ES131A,STA_ES0125A,,SP_28079017_14_6,SPP_28079017_14_6.1,SAM_28079017_14_6,O3,http://dd.eionet.europa.eu/vocabulary/aq/pollutant/7,hour,1.5700000000,µg/m3,2017-10-16 21:00:00 +01:00,2017-10-16 22:00:00 +01:00,1,1
ES,ES.BDCA.AQD,NET_ES131A,STA_ES0125A,,SP_28079017_14_6,SPP_28079017_14_6.1,SAM_28079017_14_6,O3,http://dd.eionet.europa.eu/vocabulary/aq/pollutant/7,hour,2.2300000000,µg/m3,2017-10-16 22:00:00 +01:00,2017-10-16 23:00:00 +01:00,1,1
ES,ES.BDCA.AQD,NET_ES131A,STA_ES0125A,,SP_28079017_14_6,SPP_28079017_14_6.1,SAM_28079017_14_6,O3,http://dd.eionet.europa.eu/vocabulary/aq/pollutant/7,hour,34.8999999900,µg/m3,2017-10-16 23:00:00 +01:00,2017-10-17 00:00:00 +01:00,1,1
ES,ES.BDCA.AQD,NET_ES131A,STA_ES0125A,,SP_28079017_14_6,SPP_28079017_14_6.1,SAM_28079017_14_6,O3,http://dd.eionet.europa.eu/vocabulary/aq/pollutant/7,hour,56.6499999900,µg/m3,2017-10-17 00:00:00 +01:00,2017-10-17 01:00:00 +01:00,1,1
ES,ES.BDCA.AQD,NET_ES131A,STA_ES0125A,,SP_28079017_14_6,SPP_28079017_14_6.1,SAM_28079017_14_6,O3,http://dd.eionet.europa.eu/vocabulary/aq/pollutant/7,hour,59.3999999900,µg/m3,2017-10-17 01:00:00 +01:00,2017-10-17 02:00:00 +01:00,1,1
ES,ES.BDCA.AQD,NET_ES131A,STA_ES0125A,,SP_28079017_14_6,SPP_28079017_14_6.1,SAM_28079017_14_6,O3,http://dd.eionet.europa.eu/vocabulary/aq/pollutant/7,hour,47.1000000000,µg/m3,2017-10-17 02:00:00 +01:00,2017-10-17 03:00:00 +01:00,1,1
ES,ES.BDCA.AQD,NET_ES131A,STA_ES0125A,,SP_28079017_14_6,SPP_28079017_14_6.1,SAM_28079017_14_6,O3,http://dd.eionet.europa.eu/vocabulary/aq/pollutant/7,hour,49.2199999900,µg/m3,2017-10-17 03:00:00 +01:00,2017-10-17 04:00:00 +01:00,1,1
ES,ES.BDCA.AQD,NET_ES131A,STA_ES0125A,,SP_28079017_14_6,SPP_28079017_14_6.1,SAM_28079017_14_6,O3,http://dd.eionet.europa.eu/vocabulary/aq/pollutant/7,hour,50.7999999900,µg/m3,2017-10-17 04:00:00 +01:00,2017-10-17 05:00:00 +01:00,1,1
ES,ES.BDCA.AQD,NET_ES131A,STA_ES0125A,,SP_28079017_14_6,SPP_28079017_14_6.1,SAM_28079017_14_6,O3,http://dd.eionet.europa.eu/vocabulary/aq/pollutant/7,hour,43.5900000000,µg/m3,2017-10-17 05:00:00 +01:00,2017-10-17 06:00:00 +01:00,1,1
ES,ES.BDCA.AQD,NET_ES131A,STA_ES0125A,,SP_28079017_14_6,SPP_28079017_14_6.1,SAM_28079017_14_6,O3,http://dd.eionet.europa.eu/vocabulary/aq/pollutant/7,hour,28.2800000000,µg/m3,2017-10-17 06:00:00 +01:00,2017-10-17 07:00:00 +01:00,1,1
ES,ES.BDCA.AQD,NET_ES131A,STA_ES0125A,,SP_28079017_14_6,SPP_28079017_14_6.1,SAM_28079017_14_6,O3,http://dd.eionet.europa.eu/vocabulary/aq/pollutant/7,hour,10.6300000000,µg/m3,2017-10-17 07:00:00 +01:00,2017-10-17 08:00:00 +01:00,1,1
ES,ES.BDCA.AQD,NET_ES131A,STA_ES0125A,,SP_28079017_14_6,SPP_28079017_14_6.1,SAM_28079017_14_6,O3,http://dd.eionet.europa.eu/vocabulary/aq/pollutant/7,hour,12.0200000000,µg/m3,2017-10-17 08:00:00 +01:00,2017-10-17 09:00:00 +01:00,1,1
ES,ES.BDCA.AQD,NET_ES131A,STA_ES0125A,,SP_28079017_14_6,SPP_28079017_14_6.1,SAM_28079017_14_6,O3,http://dd.eionet.europa.eu/vocabulary/aq/pollutant/7,hour,16.8999999900,µg/m3,2017-10-17 09:00:00 +01:00,2017-10-17 10:00:00 +01:00,1,1
ES,ES.BDCA.AQD,NET_ES131A,STA_ES0125A,,SP_28079017_14_6,SPP_28079017_14_6.1,SAM_28079017_14_6,O3,http://dd.eionet.europa.eu/vocabulary/aq/pollutant/7,hour,29.3900000000,µg/m3,2017-10-17 10:00:00 +01:00,2017-10-17 11:00:00 +01:00,1,1
ES,ES.BDCA.AQD,NET_ES131A,STA_ES0125A,,SP_28079017_14_6,SPP_28079017_14_6.1,SAM_28079017_14_6,O3,http://dd.eionet.europa.eu/vocabulary/aq/pollutant/7,hour,39.1000000000,µg/m3,2017-10-17 11:00:00 +01:00,2017-10-17 12:00:00 +01:00,1,1
ES,ES.BDCA.AQD,NET_ES131A,STA_ES0125A,,SP_28079017_14_6,SPP_28079017_14_6.1,SAM_28079017_14_6,O3,http://dd.eionet.europa.eu/vocabulary/aq/pollutant/7,hour,47.4699999900,µg/m3,2017-10-17 12:00:00 +01:00,2017-10-17 13:00:00 +01:00,1,1
ES,ES.BDCA.AQD,NET_ES131A,STA_ES0125A,,SP_28079017_14_6,SPP_28079017_14_6.1,SAM_28079017_14_6,O3,http://dd.eionet.europa.eu/vocabulary/aq/pollutant/7,hour,57.7999999900,µg/m3,2017-10-17 13:00:00 +01:00,2017-10-17 14:00:00 +01:00,1,1
ES,ES.BDCA.AQD,NET_ES131A,STA_ES0125A,,SP_28079017_14_6,SPP_28079017_14_6.1,SAM_28079017_14_6,O3,http://dd.eionet.europa.eu/vocabulary/aq/pollutant/7,hour,57.3200000000,µg/m3,2017-10-17 14:00:00 +01:00,2017-10-17 15:00:00 +01:00,1,1
ES,ES.BDCA.AQD,NET_ES131A,STA_ES0125A,,SP_28079017_14_6,SPP_28079017_14_6.1,SAM_28079017_14_6,O3,http://dd.eionet.europa.eu/vocabulary/aq/pollutant/7,hour,49.6099999900,µg/m3,2017-10-17 15:00:00 +01:00,2017-10-17 16:00:00 +01:00,1,1
ES,ES.BDCA.AQD,NET_ES131A,STA_ES0125A,,SP_28079017_14_6,SPP_28079017_14_6.1,SAM_28079017_14_6,O3,http://dd.eionet.europa.eu/vocabulary/aq/pollutant/7,hour,39.2700000000,µg/m3,2017-10-17 16:00:00 +01:00,2017-10-17 17:00:00 +01:00,1,1
ES,ES.BDCA.AQD,NET_ES131A,STA_ES0125A,,SP_28079017_14_6,SPP_28079017_14_6.1,SAM_28079017_14_6,O3,http://dd.eionet.europa.eu/vocabulary/aq/pollutant/7,hour,33.4900000000,µg/m3,2017-10-17 17:00:00 +01:00,2017-10-17 18:00:00 +01:00,1,1
ES,ES.BDCA.AQD,NET_ES131A,STA_ES0125A,,SP_28079017_14_6,SPP_28079017_14_6.1,SAM_28079017_14_6,O3,http://dd.eionet.europa.eu/vocabulary/aq/pollutant/7,hour,22.7100000000,µg/m3,2017-10-17 18:00:00 +01:00,2017-10-17 19:00:00 +01:00,1,1
ES,ES.BDCA.AQD,NET_ES131A,STA_ES0125A,,SP_28079017_14_6,SPP_28079017_14_6.1,SAM_28079017_14_6,O3,http://dd.eionet.europa.eu/vocabulary/aq/pollutant/7,hour,20.2700000000,µg/m3,2017-10-17 19:00:00 +01:00,2017-10-17 20:00:00 +01:00,1,1
ES,ES.BDCA.AQD,NET_ES131A,STA_ES0125A,,SP_28079017_14_6,SPP_28079017_14_6.1,SAM_28079017_14_6,O3,http://dd.eionet.europa.eu/vocabulary/aq/pollutant/7,hour,13.8300000000,µg/m3,2017-10-17 20:00:00 +01:00,2017-10-17 21:00:00 +01:00,1,1
ES,ES.BDCA.AQD,NET_ES131A,STA_ES0125A,,SP_28079017_14_6,SPP_28079017_14_6.1,SAM_28079017_14_6,O3,http://dd.eionet.europa.eu/vocabulary/aq/pollutant/7,hour,11.5500000000,µg/m3,2017-10-17 21:00:00 +01:00,2017-10-17 22:00:00 +01:00,1,1
ES,ES.BDCA.AQD,NET_ES131A,STA_ES0125A,,SP_28079017_14_6,SPP_28079017_14_6.1,SAM_28079017_14_6,O3,http://dd.eionet.europa.eu/vocabulary/aq/pollutant/7,hour,12.7500000000,µg/m3,2017-10-17 22:00:00 +01:00,2017-10-17 23:00:00 +01:00,1,1
ES,ES.BDCA.AQD,NET_ES131A,STA_ES0125A,,SP_28079017_14_6,SPP_28079017_14_6.1,SAM_28079017_14_6,O3,http://dd.eionet.europa.eu/vocabulary/aq/pollutant/7,hour,12.4900000000,µg/m3,2017-10-17 23:00:00 +01:00,2017-10-18 00:00:00 +01:00,1,1
ES,ES.BDCA.AQD,NET_ES131A,STA_ES0125A,,SP_28079017_14_6,SPP_28079017_14_6.1,SAM_28079017_14_6,O3,http://dd.eionet.europa.eu/vocabulary/aq/pollutant/7,hour,17.2300000000,µg/m3,2017-10-18 00:00:00 +01:00,2017-10-18 01:00:00 +01:00,1,1
ES,ES.BDCA.AQD,NET_ES131A,STA_ES0125A,,SP_28079017_14_6,SPP_28079017_14_6.1,SAM_28079017_14_6,O3,http://dd.eionet.europa.eu/vocabulary/aq/pollutant/7,hour,21.8400000000,µg/m3,2017-10-18 01:00:00 +01:00,2017-10-18 02:00:00 +01:00,1,1
ES,ES.BDCA.AQD,NET_ES131A,STA_ES0125A,,SP_28079017_14_6,SPP_28079017_14_6.1,SAM_28079017_14_6,O3,http://dd.eionet.europa.eu/vocabulary/aq/pollutant/7,hour,31.8099999900,µg/m3,2017-10-18 02:00:00 +01:00,2017-10-18 03:00:00 +01:00,1,1
ES,ES.BDCA.AQD,NET_ES131A,STA_ES0125A,,SP_28079017_14_6,SPP_28079017_14_6.1,SAM_28079017_14_6,O3,http://dd.eionet.europa.eu/vocabulary/aq/pollutant/7,hour,28.2199999900,µg/m3,2017-10-18 03:00:00 +01:00,2017-10-18 04:00:00 +01:00,1,1
ES,ES.BDCA.AQD,NET_ES131A,STA_ES0125A,,SP_28079017_14_6,SPP_28079017_14_6.1,SAM_28079017_14_6,O3,http://dd.eionet.europa.eu/vocabulary/aq/pollutant/7,hour,23.2399999900,µg/m3,2017-10-18 04:00:00 +01:00,2017-10-18 05:00:00 +01:00,1,1
ES,ES.BDCA.AQD,NET_ES131A,STA_ES0125A,,SP_28079017_14_6,SPP_28079017_14_6.1,SAM_28079017_14_6,O3,http://dd.eionet.europa.eu/vocabulary/aq/pollutant/7,hour,14.8100000000,µg/m3,2017-10-18 05:00:00 +01:00,2017-10-18 06:00:00 +01:00,1,1
ES,ES.BDCA.AQD,NET_ES131A,STA_ES0125A,,SP_28079017_14_6,SPP_28079017_14_6.1,SAM_28079017_14_6,O3,http://dd.eionet.europa.eu/vocabulary/aq/pollutant/7,hour,28.3799999900,µg/m3,2017-10-18 06:00:00 +01:00,2017-10-18 07:00:00 +01:00,1,1
ES,ES.BDCA.AQD,NET_ES131A,STA_ES0125A,,SP_28079017_14_6,SPP_28079017_14_6.1,SAM_28079017_14_6,O3,http://dd.eionet.europa.eu/vocabulary/aq/pollutant/7,hour,10.8800000000,µg/m3,2017-10-18 07:00:00 +01:00,2017-10-18 08:00:00 +01:00,1,1
ES,ES.BDCA.AQD,NET_ES131A,STA_ES0125A,,SP_28079017_14_6,SPP_28079017_14_6.1,SAM_28079017_14_6,O3,http://dd.eionet.europa.eu/vocabulary/aq/pollutant/7,hour,13.9000000000,µg/m3,2017-10-18 08:00:00 +01:00,2017-10-18 09:00:00 +01:00,1,1
ES,ES.BDCA.AQD,NET_ES131A,STA_ES0125A,,SP_28079017_14_6,SPP_28079017_14_6.1,SAM_28079017_14_6,O3,http://dd.eionet.europa.eu/vocabulary/aq/pollutant/7,hour,12.9100000000,µg/m3,2017-10-18 09:00:00 +01:00,2017-10-18 10:00:00 +01:00,1,1
ES,ES.BDCA.AQD,NET_ES131A,STA_ES0125A,,SP_28079017_14_6,SPP_28079017_14_6.1,SAM_28079017_14_6,O3,http://dd.eionet.europa.eu/vocabulary/aq/pollutant/7,hour,27.3099999900,µg/m3,2017-10-18 10:00:00 +01:00,2017-10-18 11:00:00 +01:00,1,1
ES,ES.BDCA.AQD,NET_ES131A,STA_ES0125A,,SP_28079017_14_6,SPP_28079017_14_6.1,SAM_28079017_14_6,O3,http://dd.eionet.europa.eu/vocabulary/aq/pollutant/7,hour,31.8000000000,µg/m3,2017-10-18 11:00:00 +01:00,2017-10-18 12:00:00 +01:00,1,1
ES,ES.BDCA.AQD,NET_ES131A,STA_ES0125A,,SP_28079017_14_6,SPP_28079017_14_6.1,SAM_28079017_14_6,O3,http://dd.eionet.europa.eu/vocabulary/aq/pollutant/7,hour,44.3299999900,µg/m3,2017-10-18 12:00:00 +01:00,2017-10-18 13:00:00 +01:00,1,1
ES,ES.BDCA.AQD,NET_ES131A,STA_ES0125A,,SP_28079017_14_6,SPP_28079017_14_6.1,SAM_28079017_14_6,O3,http://dd.eionet.europa.eu/vocabulary/aq/pollutant/7,hour,43.8699999900,µg/m3,2017-10-18 13:00:00 +01:00,2017-10-18 14:00:00 +01:00,1,1
ES,ES.BDCA.AQD,NET_ES131A,STA_ES0125A,,SP_28079017_14_6,SPP_28079017_14_6.1,SAM_28079017_14_6,O3,http://dd.eionet.europa.eu/vocabulary/aq/pollutant/7,hour,46.2000000000,µg/m3,2017-10-18 14:00:00 +01:00,2017-10-18 15:00:00 +01:00,1,1
ES,ES.BDCA.AQD,NET_ES131A,STA_ES0125A,,SP_28079017_14_6,SPP_28079017_14_6.1,SAM_28079017_14_6,O3,http://dd.eionet.europa.eu/vocabulary/aq/pollutant/7,hour,41.0700000000,µg/m3,2017-10-18 15:00:00 +01:00,2017-10-18 16:00:00 +01:00,1,1
ES,ES.BDCA.AQD,NET_ES131A,STA_ES0125A,,SP_28079017_14_6,SPP_28079017_14_6.1,SAM_28079017_14_6,O3,http://dd.eionet.europa.eu/vocabulary/aq/pollutant/7,hour,44.1400000000,µg/m3,2017-10-18 16:00:00 +01:00,2017-10-18 17:00:00 +01:00,1,1
ES,ES.BDCA.AQD,NET_ES131A,STA_ES0125A,,SP_28079017_14_6,SPP_28079017_14_6.1,SAM_28079017_14_6,O3,http://dd.eionet.europa.eu/vocabulary/aq/pollutant/7,hour,40.2000000000,µg/m3,2017-10-18 17:00:00 +01:00,2017-10-18 18:00:00 +01:00,1,1
ES,ES.BDCA.AQD,NET_ES131A,STA_ES0125A,,SP_28079017_14_6,SPP_28079017_14_6.1,SAM_28079017_14_6,O3,http://dd.eionet.europa.eu/vocabulary/aq/pollutant/7,hour,20.4899999900,µg/m3,2017-10-18 18:00:00 +01:00,2017-10-18 19:00:00 +01:00,1,1
ES,ES.BDCA.AQD,NET_ES131A,STA_ES0125A,,SP_28079017_14_6,SPP_28079017_14_6.1,SAM_28079017_14_6,O3,http://dd.eionet.europa.eu/vocabulary/aq/pollutant/7,hour,14.7100000000,µg/m3,2017-10-18 19:00:00 +01:00,2017-10-18 20:00:00 +01:00,1,1
ES,ES.BDCA.AQD,NET_ES131A,STA_ES0125A,,SP_28079017_14_6,SPP_28079017_14_6.1,SAM_28079017_14_6,O3,http://dd.eionet.europa.eu/vocabulary/aq/pollutant/7,hour,8.8699999900,µg/m3,2017-10-18 20:00:00 +01:00,2017-10-18 21:00:00 +01:00,1,1
ES,ES.BDCA.AQD,NET_ES131A,STA_ES0125A,,SP_28079017_14_6,SPP_28079017_14_6.1,SAM_28079017_14_6,O3,http://dd.eionet.europa.eu/vocabulary/aq/pollutant/7,hour,11.9700000000,µg/m3,2017-10-18 21:00:00 +01:00,2017-10-18 22:00:00 +01:00,1,1
ES,ES.BDCA.AQD,NET_ES131A,STA_ES0125A,,SP_28079017_14_6,SPP_28079017_14_6.1,SAM_28079017_14_6,O3,http://dd.eionet.europa.eu/vocabulary/aq/pollutant/7,hour,9.1999999900,µg/m3,2017-10-18 22:00:00 +01:00,2017-10-18 23:00:00 +01:00,1,1
ES,ES.BDCA.AQD,NET_ES131A,STA_ES0125A,,SP_28079017_14_6,SPP_28079017_14_6.1,SAM_28079017_14_6,O3,http://dd.eionet.europa.eu/vocabulary/aq/pollutant/7,hour,6.5099999900,µg/m3,2017-10-18 23:00:00 +01:00,2017-10-19 00:00:00 +01:00,1,1
ES,ES.BDCA.AQD,NET_ES131A,STA_ES0125A,,SP_28079017_14_6,SPP_28079017_14_6.1,SAM_28079017_14_6,O3,http://dd.eionet.europa.eu/vocabulary/aq/pollutant/7,hour,5.2599999900,µg/m3,2017-10-19 00:00:00 +01:00,2017-10-19 01:00:00 +01:00,1,1
ES,ES.BDCA.AQD,NET_ES131A,STA_ES0125A,,SP_28079017_14_6,SPP_28079017_14_6.1,SAM_28079017_14_6,O3,http://dd.eionet.europa.eu/vocabulary/aq/pollutant/7,hour,2.6800000000,µg/m3,2017-10-19 01:00:00 +01:00,2017-10-19 02:00:00 +01:00,1,1
ES,ES.BDCA.AQD,NET_ES131A,STA_ES0125A,,SP_28079017_14_6,SPP_28079017_14_6.1,SAM_28079017_14_6,O3,http://dd.eionet.europa.eu/vocabulary/aq/pollutant/7,hour,1.5500000000,µg/m3,2017-10-19 02:00:00 +01:00,2017-10-19 03:00:00 +01:00,1,1
ES,ES.BDCA.AQD,NET_ES131A,STA_ES0125A,,SP_28079017_14_6,SPP_28079017_14_6.1,SAM_28079017_14_6,O3,http://dd.eionet.europa.eu/vocabulary/aq/pollutant/7,hour,1.7300000000,µg/m3,2017-10-19 03:00:00 +01:00,2017-10-19 04:00:00 +01:00,1,1
ES,ES.BDCA.AQD,NET_ES131A,STA_ES0125A,,SP_28079017_14_6,SPP_28079017_14_6.1,SAM_28079017_14_6,O3,http://dd.eionet.europa.eu/vocabulary/aq/pollutant/7,hour,1.6499999900,µg/m3,2017-10-19 04:00:00 +01:00,2017-10-19 05:00:00 +01:00,1,1
ES,ES.BDCA.AQD,NET_ES131A,STA_ES0125A,,SP_28079017_14_6,SPP_28079017_14_6.1,SAM_28079017_14_6,O3,http://dd.eionet.europa.eu/vocabulary/aq/pollutant/7,hour,1.3999999900,µg/m3,2017-10-19 05:00:00 +01:00,2017-10-19 06:00:00 +01:00,1,1
ES,ES.BDCA.AQD,NET_ES131A,STA_ES0125A,,SP_28079017_14_6,SPP_28079017_14_6.1,SAM_28079017_14_6,O3,http://dd.eionet.europa.eu/vocabulary/aq/pollutant/7,hour,1.1799999900,µg/m3,2017-10-19 06:00:00 +01:00,2017-10-19 07:00:00 +01:00,1,1
ES,ES.BDCA.AQD,NET_ES131A,STA_ES0125A,,SP_28079017_14_6,SPP_28079017_14_6.1,SAM_28079017_14_6,O3,http://dd.eionet.europa.eu/vocabulary/aq/pollutant/7,hour,1.3799999900,µg/m3,2017-10-19 07:00:00 +01:00,2017-10-19 08:00:00 +01:00,1,1
ES,ES.BDCA.AQD,NET_ES131A,STA_ES0125A,,SP_28079017_14_6,SPP_28079017_14_6.1,SAM_28079017_14_6,O3,http://dd.eionet.europa.eu/vocabulary/aq/pollutant/7,hour,2.3399999900,µg/m3,2017-10-19 08:00:00 +01:00,2017-10-19 09:00:00 +01:00,1,1
ES,ES.BDCA.AQD,NET_ES131A,STA_ES0125A,,SP_28079017_14_6,SPP_28079017_14_6.1,SAM_28079017_14_6,O3,http://dd.eionet.europa.eu/vocabulary/aq/pollutant/7,hour,3.4599999900,µg/m3,2017-10-19 09:00:00 +01:00,2017-10-19 10:00:00 +01:00,1,1
ES,ES.BDCA.AQD,NET_ES131A,STA_ES0125A,,SP_28079017_14_6,SPP_28079017_14_6.1,SAM_28079017_14_6,O3,http://dd.eionet.europa.eu/vocabulary/aq/pollutant/7,hour,9.0500000000,µg/m3,2017-10-19 10:00:00 +01:00,2017-10-19 11:00:00 +01:00,1,1
ES,ES.BDCA.AQD,NET_ES131A,STA_ES0125A,,SP_28079017_14_6,SPP_28079017_14_6.1,SAM_28079017_14_6,O3,http://dd.eionet.europa.eu/vocabulary/aq/pollutant/7,hour,10.4600000000,µg/m3,2017-10-19 11:00:00 +01:00,2017-10-19 12:00:00 +01:00,1,1
ES,ES.BDCA.AQD,NET_ES131A,STA_ES0125A,,SP_28079017_14_6,SPP_28079017_14_6.1,SAM_28079017_14_6,O3,http://dd.eionet.europa.eu/vocabulary/aq/pollutant/7,hour,20.5200000000,µg/m3,2017-10-19 12:00:00 +01:00,2017-10-19 13:00:00 +01:00,1,1
ES,ES.BDCA.AQD,NET_ES131A,STA_ES0125A,,SP_28079017_14_6,SPP_28079017_14_6.1,SAM_28079017_14_6,O3,http://dd.eionet.europa.eu/vocabulary/aq/pollutant/7,hour,53.5399999900,µg/m3,2017-10-19 13:00:00 +01:00,2017-10-19 14:00:00 +01:00,1,1
ES,ES.BDCA.AQD,NET_ES131A,STA_ES0125A,,SP_28079017_14_6,SPP_28079017_14_6.1,SAM_28079017_14_6,O3,http://dd.eionet.europa.eu/vocabulary/aq/pollutant/7,hour,59.7899999900,µg/m3,2017-10-19 14:00:00 +01:00,2017-10-19 15:00:00 +01:00,1,1
ES,ES.BDCA.AQD,NET_ES131A,STA_ES0125A,,SP_28079017_14_6,SPP_28079017_14_6.1,SAM_28079017_14_6,O3,http://dd.eionet.europa.eu/vocabulary/aq/pollutant/7,hour,53.2899999900,µg/m3,2017-10-19 15:00:00 +01:00,2017-10-19 16:00:00 +01:00,1,1
ES,ES.BDCA.AQD,NET_ES131A,STA_ES0125A,,SP_28079017_14_6,SPP_28079017_14_6.1,SAM_28079017_14_6,O3,http://dd.eionet.europa.eu/vocabulary/aq/pollutant/7,hour,54.9399999900,µg/m3,2017-10-19 16:00:00 +01:00,2017-10-19 17:00:00 +01:00,1,1
ES,ES.BDCA.AQD,NET_ES131A,STA_ES0125A,,SP_28079017_14_6,SPP_28079017_14_6.1,SAM_28079017_14_6,O3,http://dd.eionet.europa.eu/vocabulary/aq/pollutant/7,hour,50.0499999900,µg/m3,2017-10-19 17:00:00 +01:00,2017-10-19 18:00:00 +01:00,1,1
ES,ES.BDCA.AQD,NET_ES131A,STA_ES0125A,,SP_28079017_14_6,SPP_28079017_14_6.1,SAM_28079017_14_6,O3,http://dd.eionet.europa.eu/vocabulary/aq/pollutant/7,hour,32.2599999900,µg/m3,2017-10-19 18:00:00 +01:00,2017-10-19 19:00:00 +01:00,1,1
ES,ES.BDCA.AQD,NET_ES131A,STA_ES0125A,,SP_28079017_14_6,SPP_28079017_14_6.1,SAM_28079017_14_6,O3,http://dd.eionet.europa.eu/vocabulary/aq/pollutant/7,hour,26.1800000000,µg/m3,2017-10-19 19:00:00 +01:00,2017-10-19 20:00:00 +01:00,1,1
ES,ES.BDCA.AQD,NET_ES131A,STA_ES0125A,,SP_28079017_14_6,SPP_28079017_14_6.1,SAM_28079017_14_6,O3,http://dd.eionet.europa.eu/vocabulary/aq/pollutant/7,hour,14.5700000000,µg/m3,2017-10-19 20:00:00 +01:00,2017-10-19 21:00:00 +01:00,1,1
ES,ES.BDCA.AQD,NET_ES131A,STA_ES0125A,,SP_28079017_14_6,SPP_28079017_14_6.1,SAM_28079017_14_6,O3,http://dd.eionet.europa.eu/vocabulary/aq/pollutant/7,hour,3.6000000000,µg/m3,2017-10-19 21:00:00 +01:00,2017-10-19 22:00:00 +01:00,1,1
ES,ES.BDCA.AQD,NET_ES131A,STA_ES0125A,,SP_28079017_14_6,SPP_28079017_14_6.1,SAM_28079017_14_6,O3,http://dd.eionet.europa.eu/vocabulary/aq/pollutant/7,hour,2.9900000000,µg/m3,2017-10-19 22:00:00 +01:00,2017-10-19 23:00:00 +01:00,1,1
ES,ES.BDCA.AQD,NET_ES131A,STA_ES0125A,,SP_28079017_14_6,SPP_28079017_14_6.1,SAM_28079017_14_6,O3,http://dd.eionet.europa.eu/vocabulary/aq/pollutant/7,hour,6.2699999900,µg/m3,2017-10-19 23:00:00 +01:00,2017-10-20 00:00:00 +01:00,1,1
ES,ES.BDCA.AQD,NET_ES131A,STA_ES0125A,,SP_28079017_14_6,SPP_28079017_14_6.1,SAM_28079017_14_6,O3,http://dd.eionet.europa.eu/vocabulary/aq/pollutant/7,hour,14.6900000000,µg/m3,2017-10-20 00:00:00 +01:00,2017-10-20 01:00:00 +01:00,1,1
ES,ES.BDCA.AQD,NET_ES131A,STA_ES0125A,,SP_28079017_14_6,SPP_28079017_14_6.1,SAM_28079017_14_6,O3,http://dd.eionet.europa.eu/vocabulary/aq/pollutant/7,hour,26.6900000000,µg/m3,2017-10-20 01:00:00 +01:00,2017-10-20 02:00:00 +01:00,1,1
ES,ES.BDCA.AQD,NET_ES131A,STA_ES0125A,,SP_28079017_14_6,SPP_28079017_14_6.1,SAM_28079017_14_6,O3,http://dd.eionet.europa.eu/vocabulary/aq/pollutant/7,hour,4.4100000000,µg/m3,2017-10-20 02:00:00 +01:00,2017-10-20 03:00:00 +01:00,1,1
ES,ES.BDCA.AQD,NET_ES131A,STA_ES0125A,,SP_28079017_14_6,SPP_28079017_14_6.1,SAM_28079017_14_6,O3,http://dd.eionet.europa.eu/vocabulary/aq/pollutant/7,hour,2.5699999900,µg/m3,2017-10-20 03:00:00 +01:00,2017-10-20 04:00:00 +01:00,1,1
ES,ES.BDCA.AQD,NET_ES131A,STA_ES0125A,,SP_28079017_14_6,SPP_28079017_14_6.1,SAM_28079017_14_6,O3,http://dd.eionet.europa.eu/vocabulary/aq/pollutant/7,hour,1.2700000000,µg/m3,2017-10-20 04:00:00 +01:00,2017-10-20 05:00:00 +01:00,1,1
ES,ES.BDCA.AQD,NET_ES131A,STA_ES0125A,,SP_28079017_14_6,SPP_28079017_14_6.1,SAM_28079017_14_6,O3,http://dd.eionet.europa.eu/vocabulary/aq/pollutant/7,hour,1.3700000000,µg/m3,2017-10-20 05:00:00 +01:00,2017-10-20 06:00:00 +01:00,1,1
ES,ES.BDCA.AQD,NET_ES131A,STA_ES0125A,,SP_28079017_14_6,SPP_28079017_14_6.1,SAM_28079017_14_6,O3,http://dd.eionet.europa.eu/vocabulary/aq/pollutant/7,hour,2.0699999900,µg/m3,2017-10-20 06:00:00 +01:00,2017-10-20 07:00:00 +01:00,1,1
ES,ES.BDCA.AQD,NET_ES131A,STA_ES0125A,,SP_28079017_14_6,SPP_28079017_14_6.1,SAM_28079017_14_6,O3,http://dd.eionet.europa.eu/vocabulary/aq/pollutant/7,hour,1.0900000000,µg/m3,2017-10-20 07:00:00 +01:00,2017-10-20 08:00:00 +01:00,1,1
ES,ES.BDCA.AQD,NET_ES131A,STA_ES0125A,,SP_28079017_14_6,SPP_28079017_14_6.1,SAM_28079017_14_6,O3,http://dd.eionet.europa.eu/vocabulary/aq/pollutant/7,hour,1.4900000000,µg/m3,2017-10-20 08:00:00 +01:00,2017-10-20 09:00:00 +01:00,1,1
ES,ES.BDCA.AQD,NET_ES131A,STA_ES0125A,,SP_28079017_14_6,SPP_28079017_14_6.1,SAM_28079017_14_6,O3,http://dd.eionet.europa.eu/vocabulary/aq/pollutant/7,hour,16.5399999900,µg/m3,2017-10-20 09:00:00 +01:00,2017-10-20 10:00:00 +01:00,1,1
ES,ES.BDCA.AQD,NET_ES131A,STA_ES0125A,,SP_28079017_14_6,SPP_28079017_14_6.1,SAM_28079017_14_6,O3,http://dd.eionet.europa.eu/vocabulary/aq/pollutant/7,hour,27.1299999900,µg/m3,2017-10-20 10:00:00 +01:00,2017-10-20 11:00:00 +01:00,1,1
ES,ES.BDCA.AQD,NET_ES131A,STA_ES0125A,,SP_28079017_14_6,SPP_28079017_14_6.1,SAM_28079017_14_6,O3,http://dd.eionet.europa.eu/vocabulary/aq/pollutant/7,hour,33.3900000000,µg/m3,2017-10-20 11:00:00 +01:00,2017-10-20 12:00:00 +01:00,1,1
ES,ES.BDCA.AQD,NET_ES131A,STA_ES0125A,,SP_28079017_14_6,SPP_28079017_14_6.1,SAM_28079017_14_6,O3,http://dd.eionet.europa.eu/vocabulary/aq/pollutant/7,hour,40.7700000000,µg/m3,2017-10-20 12:00:00 +01:00,2017-10-20 13:00:00 +01:00,1,1
ES,ES.BDCA.AQD,NET_ES131A,STA_ES0125A,,SP_28079017_14_6,SPP_28079017_14_6.1,SAM_28079017_14_6,O3,http://dd.eionet.europa.eu/vocabulary/aq/pollutant/7,hour,48.4699999900,µg/m3,2017-10-20 13:00:00 +01:00,2017-10-20 14:00:00 +01:00,1,1
ES,ES.BDCA.AQD,NET_ES131A,STA_ES0125A,,SP_28079017_14_6,SPP_28079017_14_6.1,SAM_28079017_14_6,O3,http://dd.eionet.europa.eu/vocabulary/aq/pollutant/7,hour,54.5099999900,µg/m3,2017-10-20 14:00:00 +01:00,2017-10-20 15:00:00 +01:00,1,1
ES,ES.BDCA.AQD,NET_ES131A,STA_ES0125A,,SP_28079017_14_6,SPP_28079017_14_6.1,SAM_28079017_14_6,O3,http://dd.eionet.europa.eu/vocabulary/aq/pollutant/7,hour,50.1000000000,µg/m3,2017-10-20 15:00:00 +01:00,2017-10-20 16:00:00 +01:00,1,1
ES,ES.BDCA.AQD,NET_ES131A,STA_ES0125A,,SP_28079017_14_6,SPP_28079017_14_6.1,SAM_28079017_14_6,O3,http://dd.eionet.europa.eu/vocabulary/aq/pollutant/7,hour,54.7500000000,µg/m3,2017-10-20 16:00:00 +01:00,2017-10-20 17:00:00 +01:00,1,1
ES,ES.BDCA.AQD,NET_ES131A,STA_ES0125A,,SP_28079017_14_6,SPP_28079017_14_6.1,SAM_28079017_14_6,O3,http://dd.eionet.europa.eu/vocabulary/aq/pollutant/7,hour,54.1199999900,µg/m3,2017-10-20 17:00:00 +01:00,2017-10-20 18:00:00 +01:00,1,1
ES,ES.BDCA.AQD,NET_ES131A,STA_ES0125A,,SP_28079017_14_6,SPP_28079017_14_6.1,SAM_28079017_14_6,O3,http://dd.eionet.europa.eu/vocabulary/aq/pollutant/7,hour,25.8299999900,µg/m3,2017-10-20 18:00:00 +01:00,2017-10-20 19:00:00 +01:00,1,1
ES,ES.BDCA.AQD,NET_ES131A,STA_ES0125A,,SP_28079017_14_6,SPP_28079017_14_6.1,SAM_28079017_14_6,O3,http://dd.eionet.europa.eu/vocabulary/aq/pollutant/7,hour,5.1699999900,µg/m3,2017-10-20 19:00:00 +01:00,2017-10-20 20:00:00 +01:00,1,1
ES,ES.BDCA.AQD,NET_ES131A,STA_ES0125A,,SP_28079017_14_6,SPP_28079017_14_6.1,SAM_28079017_14_6,O3,http://dd.eionet.europa.eu/vocabulary/aq/pollutant/7,hour,4.9000000000,µg/m3,2017-10-20 20:00:00 +01:00,2017-10-20 21:00:00 +01:00,1,1
ES,ES.BDCA.AQD,NET_ES131A,STA_ES0125A,,SP_28079017_14_6,SPP_28079017_14_6.1,SAM_28079017_14_6,O3,http://dd.eionet.europa.eu/vocabulary/aq/pollutant/7,hour,5.9000000000,µg/m3,2017-10-20 21:00:00 +01:00,2017-10-20 22:00:00 +01:00,1,1
ES,ES.BDCA.AQD,NET_ES131A,STA_ES0125A,,SP_28079017_14_6,SPP_28079017_14_6.1,SAM_28079017_14_6,O3,http://dd.eionet.europa.eu/vocabulary/aq/pollutant/7,hour,0.9700000000,µg/m3,2017-10-20 22:00:00 +01:00,2017-10-20 23:00:00 +01:00,1,1
ES,ES.BDCA.AQD,NET_ES131A,STA_ES0125A,,SP_28079017_14_6,SPP_28079017_14_6.1,SAM_28079017_14_6,O3,http://dd.eionet.europa.eu/vocabulary/aq/pollutant/7,hour,5.5300000000,µg/m3,2017-10-20 23:00:00 +01:00,2017-10-21 00:00:00 +01:00,1,1
ES,ES.BDCA.AQD,NET_ES131A,STA_ES0125A,,SP_28079017_14_6,SPP_28079017_14_6.1,SAM_28079017_14_6,O3,http://dd.eionet.europa.eu/vocabulary/aq/pollutant/7,hour,6.1299999900,µg/m3,2017-10-21 00:00:00 +01:00,2017-10-21 01:00:00 +01:00,1,1
ES,ES.BDCA.AQD,NET_ES131A,STA_ES0125A,,SP_28079017_14_6,SPP_28079017_14_6.1,SAM_28079017_14_6,O3,http://dd.eionet.europa.eu/vocabulary/aq/pollutant/7,hour,1.6499999900,µg/m3,2017-10-21 01:00:00 +01:00,2017-10-21 02:00:00 +01:00,1,1
ES,ES.BDCA.AQD,NET_ES131A,STA_ES0125A,,SP_28079017_14_6,SPP_28079017_14_6.1,SAM_28079017_14_6,O3,http://dd.eionet.europa.eu/vocabulary/aq/pollutant/7,hour,0.9100000000,µg/m3,2017-10-21 02:00:00 +01:00,2017-10-21 03:00:00 +01:00,1,1
ES,ES.BDCA.AQD,NET_ES131A,STA_ES0125A,,SP_28079017_14_6,SPP_28079017_14_6.1,SAM_28079017_14_6,O3,http://dd.eionet.europa.eu/vocabulary/aq/pollutant/7,hour,1.0000000000,µg/m3,2017-10-21 03:00:00 +01:00,2017-10-21 04:00:00 +01:00,1,1
ES,ES.BDCA.AQD,NET_ES131A,STA_ES0125A,,SP_28079017_14_6,SPP_28079017_14_6.1,SAM_28079017_14_6,O3,http://dd.eionet.europa.eu/vocabulary/aq/pollutant/7,hour,0.9800000000,µg/m3,2017-10-21 04:00:00 +01:00,2017-10-21 05:00:00 +01:00,1,1
ES,ES.BDCA.AQD,NET_ES131A,STA_ES0125A,,SP_28079017_14_6,SPP_28079017_14_6.1,SAM_28079017_14_6,O3,http://dd.eionet.europa.eu/vocabulary/aq/pollutant/7,hour,0.9700000000,µg/m3,2017-10-21 05:00:00 +01:00,2017-10-21 06:00:00 +01:00,1,1
ES,ES.BDCA.AQD,NET_ES131A,STA_ES0125A,,SP_28079017_14_6,SPP_28079017_14_6.1,SAM_28079017_14_6,O3,http://dd.eionet.europa.eu/vocabulary/aq/pollutant/7,hour,1.0000000000,µg/m3,2017-10-21 06:00:00 +01:00,2017-10-21 07:00:00 +01:00,1,1
ES,ES.BDCA.AQD,NET_ES131A,STA_ES0125A,,SP_28079017_14_6,SPP_28079017_14_6.1,SAM_28079017_14_6,O3,http://dd.eionet.europa.eu/vocabulary/aq/pollutant/7,hour,1.0000000000,µg/m3,2017-10-21 07:00:00 +01:00,2017-10-21 08:00:00 +01:00,1,1
ES,ES.BDCA.AQD,NET_ES131A,STA_ES0125A,,SP_28079017_14_6,SPP_28079017_14_6.1,SAM_28079017_14_6,O3,http://dd.eionet.europa.eu/vocabulary/aq/pollutant/7,hour,1.2300000000,µg/m3,2017-10-21 08:00:00 +01:00,2017-10-21 09:00:00 +01:00,1,1
ES,ES.BDCA.AQD,NET_ES131A,STA_ES0125A,,SP_28079017_14_6,SPP_28079017_14_6.1,SAM_28079017_14_6,O3,http://dd.eionet.europa.eu/vocabulary/aq/pollutant/7,hour,4.2300000000,µg/m3,2017-10-21 09:00:00 +01:00,2017-10-21 10:00:00 +01:00,1,1
ES,ES.BDCA.AQD,NET_ES131A,STA_ES0125A,,SP_28079017_14_6,SPP_28079017_14_6.1,SAM_28079017_14_6,O3,http://dd.eionet.europa.eu/vocabulary/aq/pollutant/7,hour,11.9499999900,µg/m3,2017-10-21 10:00:00 +01:00,2017-10-21 11:00:00 +01:00,1,1
ES,ES.BDCA.AQD,NET_ES131A,STA_ES0125A,,SP_28079017_14_6,SPP_28079017_14_6.1,SAM_28079017_14_6,O3,http://dd.eionet.europa.eu/vocabulary/aq/pollutant/7,hour,22.8400000000,µg/m3,2017-10-21 11:00:00 +01:00,2017-10-21 12:00:00 +01:00,1,1
ES,ES.BDCA.AQD,NET_ES131A,STA_ES0125A,,SP_28079017_14_6,SPP_28079017_14_6.1,SAM_28079017_14_6,O3,http://dd.eionet.europa.eu/vocabulary/aq/pollutant/7,hour,30.5200000000,µg/m3,2017-10-21 12:00:00 +01:00,2017-10-21 13:00:00 +01:00,1,1
ES,ES.BDCA.AQD,NET_ES131A,STA_ES0125A,,SP_28079017_14_6,SPP_28079017_14_6.1,SAM_28079017_14_6,O3,http://dd.eionet.europa.eu/vocabulary/aq/pollutant/7,hour,38.7700000000,µg/m3,2017-10-21 13:00:00 +01:00,2017-10-21 14:00:00 +01:00,1,1
ES,ES.BDCA.AQD,NET_ES131A,STA_ES0125A,,SP_28079017_14_6,SPP_28079017_14_6.1,SAM_28079017_14_6,O3,http://dd.eionet.europa.eu/vocabulary/aq/pollutant/7,hour,45.5799999900,µg/m3,2017-10-21 14:00:00 +01:00,2017-10-21 15:00:00 +01:00,1,1
ES,ES.BDCA.AQD,NET_ES131A,STA_ES0125A,,SP_28079017_14_6,SPP_28079017_14_6.1,SAM_28079017_14_6,O3,http://dd.eionet.europa.eu/vocabulary/aq/pollutant/7,hour,45.8900000000,µg/m3,2017-10-21 15:00:00 +01:00,2017-10-21 16:00:00 +01:00,1,1
ES,ES.BDCA.AQD,NET_ES131A,STA_ES0125A,,SP_28079017_14_6,SPP_28079017_14_6.1,SAM_28079017_14_6,O3,http://dd.eionet.europa.eu/vocabulary/aq/pollutant/7,hour,46.9900000000,µg/m3,2017-10-21 16:00:00 +01:00,2017-10-21 17:00:00 +01:00,1,1
ES,ES.BDCA.AQD,NET_ES131A,STA_ES0125A,,SP_28079017_14_6,SPP_28079017_14_6.1,SAM_28079017_14_6,O3,http://dd.eionet.europa.eu/vocabulary/aq/pollutant/7,hour,38.5700000000,µg/m3,2017-10-21 17:00:00 +01:00,2017-10-21 18:00:00 +01:00,1,1
ES,ES.BDCA.AQD,NET_ES131A,STA_ES0125A,,SP_28079017_14_6,SPP_28079017_14_6.1,SAM_28079017_14_6,O3,http://dd.eionet.europa.eu/vocabulary/aq/pollutant/7,hour,34.6599999900,µg/m3,2017-10-21 18:00:00 +01:00,2017-10-21 19:00:00 +01:00,1,1
ES,ES.BDCA.AQD,NET_ES131A,STA_ES0125A,,SP_28079017_14_6,SPP_28079017_14_6.1,SAM_28079017_14_6,O3,http://dd.eionet.europa.eu/vocabulary/aq/pollutant/7,hour,30.2300000000,µg/m3,2017-10-21 19:00:00 +01:00,2017-10-21 20:00:00 +01:00,1,1
ES,ES.BDCA.AQD,NET_ES131A,STA_ES0125A,,SP_28079017_14_6,SPP_28079017_14_6.1,SAM_28079017_14_6,O3,http://dd.eionet.europa.eu/vocabulary/aq/pollutant/7,hour,34.6300000000,µg/m3,2017-10-21 20:00:00 +01:00,2017-10-21 21:00:00 +01:00,1,1
ES,ES.BDCA.AQD,NET_ES131A,STA_ES0125A,,SP_28079017_14_6,SPP_28079017_14_6.1,SAM_28079017_14_6,O3,http://dd.eionet.europa.eu/vocabulary/aq/pollutant/7,hour,37.5000000000,µg/m3,2017-10-21 21:00:00 +01:00,2017-10-21 22:00:00 +01:00,1,1
ES,ES.BDCA.AQD,NET_ES131A,STA_ES0125A,,SP_28079017_14_6,SPP_28079017_14_6.1,SAM_28079017_14_6,O3,http://dd.eionet.europa.eu/vocabulary/aq/pollutant/7,hour,36.6800000000,µg/m3,2017-10-21 22:00:00 +01:00,2017-10-21 23:00:00 +01:00,1,1
ES,ES.BDCA.AQD,NET_ES131A,STA_ES0125A,,SP_28079017_14_6,SPP_28079017_14_6.1,SAM_28079017_14_6,O3,http://dd.eionet.europa.eu/vocabulary/aq/pollutant/7,hour,32.1499999900,µg/m3,2017-10-21 23:00:00 +01:00,2017-10-22 00:00:00 +01:00,1,1
ES,ES.BDCA.AQD,NET_ES131A,STA_ES0125A,,SP_28079017_14_6,SPP_28079017_14_6.1,SAM_28079017_14_6,O3,http://dd.eionet.europa.eu/vocabulary/aq/pollutant/7,hour,26.1999999900,µg/m3,2017-10-22 00:00:00 +01:00,2017-10-22 01:00:00 +01:00,1,1
ES,ES.BDCA.AQD,NET_ES131A,STA_ES0125A,,SP_28079017_14_6,SPP_28079017_14_6.1,SAM_28079017_14_6,O3,http://dd.eionet.europa.eu/vocabulary/aq/pollutant/7,hour,24.6200000000,µg/m3,2017-10-22 01:00:00 +01:00,2017-10-22 02:00:00 +01:00,1,1
ES,ES.BDCA.AQD,NET_ES131A,STA_ES0125A,,SP_28079017_14_6,SPP_28079017_14_6.1,SAM_28079017_14_6,O3,http://dd.eionet.europa.eu/vocabulary/aq/pollutant/7,hour,12.1800000000,µg/m3,2017-10-22 02:00:00 +01:00,2017-10-22 03:00:00 +01:00,1,1
ES,ES.BDCA.AQD,NET_ES131A,STA_ES0125A,,SP_28079017_14_6,SPP_28079017_14_6.1,SAM_28079017_14_6,O3,http://dd.eionet.europa.eu/vocabulary/aq/pollutant/7,hour,3.2900000000,µg/m3,2017-10-22 03:00:00 +01:00,2017-10-22 04:00:00 +01:00,1,1
ES,ES.BDCA.AQD,NET_ES131A,STA_ES0125A,,SP_28079017_14_6,SPP_28079017_14_6.1,SAM_28079017_14_6,O3,http://dd.eionet.europa.eu/vocabulary/aq/pollutant/7,hour,2.8300000000,µg/m3,2017-10-22 04:00:00 +01:00,2017-10-22 05:00:00 +01:00,1,1
ES,ES.BDCA.AQD,NET_ES131A,STA_ES0125A,,SP_28079017_14_6,SPP_28079017_14_6.1,SAM_28079017_14_6,O3,http://dd.eionet.europa.eu/vocabulary/aq/pollutant/7,hour,1.4199999900,µg/m3,2017-10-22 05:00:00 +01:00,2017-10-22 06:00:00 +01:00,1,1
ES,ES.BDCA.AQD,NET_ES131A,STA_ES0125A,,SP_28079017_14_6,SPP_28079017_14_6.1,SAM_28079017_14_6,O3,http://dd.eionet.europa.eu/vocabulary/aq/pollutant/7,hour,0.9800000000,µg/m3,2017-10-22 06:00:00 +01:00,2017-10-22 07:00:00 +01:00,1,1
ES,ES.BDCA.AQD,NET_ES131A,STA_ES0125A,,SP_28079017_14_6,SPP_28079017_14_6.1,SAM_28079017_14_6,O3,http://dd.eionet.europa.eu/vocabulary/aq/pollutant/7,hour,1.8100000000,µg/m3,2017-10-22 07:00:00 +01:00,2017-10-22 08:00:00 +01:00,1,1
ES,ES.BDCA.AQD,NET_ES131A,STA_ES0125A,,SP_28079017_14_6,SPP_28079017_14_6.1,SAM_28079017_14_6,O3,http://dd.eionet.europa.eu/vocabulary/aq/pollutant/7,hour,9.2799999900,µg/m3,2017-10-22 08:00:00 +01:00,2017-10-22 09:00:00 +01:00,1,1
ES,ES.BDCA.AQD,NET_ES131A,STA_ES0125A,,SP_28079017_14_6,SPP_28079017_14_6.1,SAM_28079017_14_6,O3,http://dd.eionet.europa.eu/vocabulary/aq/pollutant/7,hour,20.1499999900,µg/m3,2017-10-22 09:00:00 +01:00,2017-10-22 10:00:00 +01:00,1,1
ES,ES.BDCA.AQD,NET_ES131A,STA_ES0125A,,SP_28079017_14_6,SPP_28079017_14_6.1,SAM_28079017_14_6,O3,http://dd.eionet.europa.eu/vocabulary/aq/pollutant/7,hour,41.5600000000,µg/m3,2017-10-22 10:00:00 +01:00,2017-10-22 11:00:00 +01:00,1,1
ES,ES.BDCA.AQD,NET_ES131A,STA_ES0125A,,SP_28079017_14_6,SPP_28079017_14_6.1,SAM_28079017_14_6,O3,http://dd.eionet.europa.eu/vocabulary/aq/pollutant/7,hour,51.5200000000,µg/m3,2017-10-22 11:00:00 +01:00,2017-10-22 12:00:00 +01:00,1,1
ES,ES.BDCA.AQD,NET_ES131A,STA_ES0125A,,SP_28079017_14_6,SPP_28079017_14_6.1,SAM_28079017_14_6,O3,http://dd.eionet.europa.eu/vocabulary/aq/pollutant/7,hour,59.7800000000,µg/m3,2017-10-22 12:00:00 +01:00,2017-10-22 13:00:00 +01:00,1,1
ES,ES.BDCA.AQD,NET_ES131A,STA_ES0125A,,SP_28079017_14_6,SPP_28079017_14_6.1,SAM_28079017_14_6,O3,http://dd.eionet.europa.eu/vocabulary/aq/pollutant/7,hour,64.2800000000,µg/m3,2017-10-22 13:00:00 +01:00,2017-10-22 14:00:00 +01:00,1,1
ES,ES.BDCA.AQD,NET_ES131A,STA_ES0125A,,SP_28079017_14_6,SPP_28079017_14_6.1,SAM_28079017_14_6,O3,http://dd.eionet.europa.eu/vocabulary/aq/pollutant/7,hour,69.6700000000,µg/m3,2017-10-22 14:00:00 +01:00,2017-10-22 15:00:00 +01:00,1,1
ES,ES.BDCA.AQD,NET_ES131A,STA_ES0125A,,SP_28079017_14_6,SPP_28079017_14_6.1,SAM_28079017_14_6,O3,http://dd.eionet.europa.eu/vocabulary/aq/pollutant/7,hour,70.7000000000,µg/m3,2017-10-22 15:00:00 +01:00,2017-10-22 16:00:00 +01:00,1,1
ES,ES.BDCA.AQD,NET_ES131A,STA_ES0125A,,SP_28079017_14_6,SPP_28079017_14_6.1,SAM_28079017_14_6,O3,http://dd.eionet.europa.eu/vocabulary/aq/pollutant/7,hour,68.5799999900,µg/m3,2017-10-22 16:00:00 +01:00,2017-10-22 17:00:00 +01:00,1,1
ES,ES.BDCA.AQD,NET_ES131A,STA_ES0125A,,SP_28079017_14_6,SPP_28079017_14_6.1,SAM_28079017_14_6,O3,http://dd.eionet.europa.eu/vocabulary/aq/pollutant/7,hour,62.0700000000,µg/m3,2017-10-22 17:00:00 +01:00,2017-10-22 18:00:00 +01:00,1,1
ES,ES.BDCA.AQD,NET_ES131A,STA_ES0125A,,SP_28079017_14_6,SPP_28079017_14_6.1,SAM_28079017_14_6,O3,http://dd.eionet.europa.eu/vocabulary/aq/pollutant/7,hour,43.8900000000,µg/m3,2017-10-22 18:00:00 +01:00,2017-10-22 19:00:00 +01:00,1,1
ES,ES.BDCA.AQD,NET_ES131A,STA_ES0125A,,SP_28079017_14_6,SPP_28079017_14_6.1,SAM_28079017_14_6,O3,http://dd.eionet.europa.eu/vocabulary/aq/pollutant/7,hour,3.1000000000,µg/m3,2017-10-22 19:00:00 +01:00,2017-10-22 20:00:00 +01:00,1,1
ES,ES.BDCA.AQD,NET_ES131A,STA_ES0125A,,SP_28079017_14_6,SPP_28079017_14_6.1,SAM_28079017_14_6,O3,http://dd.eionet.europa.eu/vocabulary/aq/pollutant/7,hour,1.6599999900,µg/m3,2017-10-22 20:00:00 +01:00,2017-10-22 21:00:00 +01:00,1,1
ES,ES.BDCA.AQD,NET_ES131A,STA_ES0125A,,SP_28079017_14_6,SPP_28079017_14_6.1,SAM_28079017_14_6,O3,http://dd.eionet.europa.eu/vocabulary/aq/pollutant/7,hour,1.5700000000,µg/m3,2017-10-22 21:00:00 +01:00,2017-10-22 22:00:00 +01:00,1,1
ES,ES.BDCA.AQD,NET_ES131A,STA_ES0125A,,SP_28079017_14_6,SPP_28079017_14_6.1,SAM_28079017_14_6,O3,http://dd.eionet.europa.eu/vocabulary/aq/pollutant/7,hour,1.0400000000,µg/m3,2017-10-22 22:00:00 +01:00,2017-10-22 23:00:00 +01:00,1,1
ES,ES.BDCA.AQD,NET_ES131A,STA_ES0125A,,SP_28079017_14_6,SPP_28079017_14_6.1,SAM_28079017_14_6,O3,http://dd.eionet.europa.eu/vocabulary/aq/pollutant/7,hour,1.1000000000,µg/m3,2017-10-22 23:00:00 +01:00,2017-10-23 00:00:00 +01:00,1,1
ES,ES.BDCA.AQD,NET_ES131A,STA_ES0125A,,SP_28079017_14_6,SPP_28079017_14_6.1,SAM_28079017_14_6,O3,http://dd.eionet.europa.eu/vocabulary/aq/pollutant/7,hour,3.0600000000,µg/m3,2017-10-23 00:00:00 +01:00,2017-10-23 01:00:00 +01:00,1,1
ES,ES.BDCA.AQD,NET_ES131A,STA_ES0125A,,SP_28079017_14_6,SPP_28079017_14_6.1,SAM_28079017_14_6,O3,http://dd.eionet.europa.eu/vocabulary/aq/pollutant/7,hour,24.3299999900,µg/m3,2017-10-23 01:00:00 +01:00,2017-10-23 02:00:00 +01:00,1,1
ES,ES.BDCA.AQD,NET_ES131A,STA_ES0125A,,SP_28079017_14_6,SPP_28079017_14_6.1,SAM_28079017_14_6,O3,http://dd.eionet.europa.eu/vocabulary/aq/pollutant/7,hour,40.2199999900,µg/m3,2017-10-23 02:00:00 +01:00,2017-10-23 03:00:00 +01:00,1,1
ES,ES.BDCA.AQD,NET_ES131A,STA_ES0125A,,SP_28079017_14_6,SPP_28079017_14_6.1,SAM_28079017_14_6,O3,http://dd.eionet.europa.eu/vocabulary/aq/pollutant/7,hour,22.9899999900,µg/m3,2017-10-23 03:00:00 +01:00,2017-10-23 04:00:00 +01:00,1,1
ES,ES.BDCA.AQD,NET_ES131A,STA_ES0125A,,SP_28079017_14_6,SPP_28079017_14_6.1,SAM_28079017_14_6,O3,http://dd.eionet.europa.eu/vocabulary/aq/pollutant/7,hour,7.6799999900,µg/m3,2017-10-23 04:00:00 +01:00,2017-10-23 05:00:00 +01:00,1,1
ES,ES.BDCA.AQD,NET_ES131A,STA_ES0125A,,SP_28079017_14_6,SPP_28079017_14_6.1,SAM_28079017_14_6,O3,http://dd.eionet.europa.eu/vocabulary/aq/pollutant/7,hour,23.1099999900,µg/m3,2017-10-23 05:00:00 +01:00,2017-10-23 06:00:00 +01:00,1,1
ES,ES.BDCA.AQD,NET_ES131A,STA_ES0125A,,SP_28079017_14_6,SPP_28079017_14_6.1,SAM_28079017_14_6,O3,http://dd.eionet.europa.eu/vocabulary/aq/pollutant/7,hour,4.1100000000,µg/m3,2017-10-23 06:00:00 +01:00,2017-10-23 07:00:00 +01:00,1,1
ES,ES.BDCA.AQD,NET_ES131A,STA_ES0125A,,SP_28079017_14_6,SPP_28079017_14_6.1,SAM_28079017_14_6,O3,http://dd.eionet.europa.eu/vocabulary/aq/pollutant/7,hour,7.0999999900,µg/m3,2017-10-23 07:00:00 +01:00,2017-10-23 08:00:00 +01:00,1,1
ES,ES.BDCA.AQD,NET_ES131A,STA_ES0125A,,SP_28079017_14_6,SPP_28079017_14_6.1,SAM_28079017_14_6,O3,http://dd.eionet.europa.eu/vocabulary/aq/pollutant/7,hour,7.7400000000,µg/m3,2017-10-23 08:00:00 +01:00,2017-10-23 09:00:00 +01:00,1,1
ES,ES.BDCA.AQD,NET_ES131A,STA_ES0125A,,SP_28079017_14_6,SPP_28079017_14_6.1,SAM_28079017_14_6,O3,http://dd.eionet.europa.eu/vocabulary/aq/pollutant/7,hour,9.9600000000,µg/m3,2017-10-23 09:00:00 +01:00,2017-10-23 10:00:00 +01:00,1,1
ES,ES.BDCA.AQD,NET_ES131A,STA_ES0125A,,SP_28079017_14_6,SPP_28079017_14_6.1,SAM_28079017_14_6,O3,http://dd.eionet.europa.eu/vocabulary/aq/pollutant/7,hour,10.4600000000,µg/m3,2017-10-23 10:00:00 +01:00,2017-10-23 11:00:00 +01:00,1,1
ES,ES.BDCA.AQD,NET_ES131A,STA_ES0125A,,SP_28079017_14_6,SPP_28079017_14_6.1,SAM_28079017_14_6,O3,http://dd.eionet.europa.eu/vocabulary/aq/pollutant/7,hour,20.0700000000,µg/m3,2017-10-23 11:00:00 +01:00,2017-10-23 12:00:00 +01:00,1,1
ES,ES.BDCA.AQD,NET_ES131A,STA_ES0125A,,SP_28079017_14_6,SPP_28079017_14_6.1,SAM_28079017_14_6,O3,http://dd.eionet.europa.eu/vocabulary/aq/pollutant/7,hour,30.5000000000,µg/m3,2017-10-23 12:00:00 +01:00,2017-10-23 13:00:00 +01:00,1,1
ES,ES.BDCA.AQD,NET_ES131A,STA_ES0125A,,SP_28079017_14_6,SPP_28079017_14_6.1,SAM_28079017_14_6,O3,http://dd.eionet.europa.eu/vocabulary/aq/pollutant/7,hour,37.4099999900,µg/m3,2017-10-23 13:00:00 +01:00,2017-10-23 14:00:00 +01:00,1,1
ES,ES.BDCA.AQD,NET_ES131A,STA_ES0125A,,SP_28079017_14_6,SPP_28079017_14_6.1,SAM_28079017_14_6,O3,http://dd.eionet.europa.eu/vocabulary/aq/pollutant/7,hour,35.8100000000,µg/m3,2017-10-23 14:00:00 +01:00,2017-10-23 15:00:00 +01:00,1,1
ES,ES.BDCA.AQD,NET_ES131A,STA_ES0125A,,SP_28079017_14_6,SPP_28079017_14_6.1,SAM_28079017_14_6,O3,http://dd.eionet.europa.eu/vocabulary/aq/pollutant/7,hour,39.8599999900,µg/m3,2017-10-23 15:00:00 +01:00,2017-10-23 16:00:00 +01:00,1,1
ES,ES.BDCA.AQD,NET_ES131A,STA_ES0125A,,SP_28079017_14_6,SPP_28079017_14_6.1,SAM_28079017_14_6,O3,http://dd.eionet.europa.eu/vocabulary/aq/pollutant/7,hour,37.5099999900,µg/m3,2017-10-23 16:00:00 +01:00,2017-10-23 17:00:00 +01:00,1,1
ES,ES.BDCA.AQD,NET_ES131A,STA_ES0125A,,SP_28079017_14_6,SPP_28079017_14_6.1,SAM_28079017_14_6,O3,http://dd.eionet.europa.eu/vocabulary/aq/pollutant/7,hour,18.3000000000,µg/m3,2017-10-23 17:00:00 +01:00,2017-10-23 18:00:00 +01:00,1,1
ES,ES.BDCA.AQD,NET_ES131A,STA_ES0125A,,SP_28079017_14_6,SPP_28079017_14_6.1,SAM_28079017_14_6,O3,http://dd.eionet.europa.eu/vocabulary/aq/pollutant/7,hour,1.3500000000,µg/m3,2017-10-23 18:00:00 +01:00,2017-10-23 19:00:00 +01:00,1,1
ES,ES.BDCA.AQD,NET_ES131A,STA_ES0125A,,SP_28079017_14_6,SPP_28079017_14_6.1,SAM_28079017_14_6,O3,http://dd.eionet.europa.eu/vocabulary/aq/pollutant/7,hour,1.2600000000,µg/m3,2017-10-23 19:00:00 +01:00,2017-10-23 20:00:00 +01:00,1,1
ES,ES.BDCA.AQD,NET_ES131A,STA_ES0125A,,SP_28079017_14_6,SPP_28079017_14_6.1,SAM_28079017_14_6,O3,http://dd.eionet.europa.eu/vocabulary/aq/pollutant/7,hour,2.2900000000,µg/m3,2017-10-23 20:00:00 +01:00,2017-10-23 21:00:00 +01:00,1,1
ES,ES.BDCA.AQD,NET_ES131A,STA_ES0125A,,SP_28079017_14_6,SPP_28079017_14_6.1,SAM_28079017_14_6,O3,http://dd.eionet.europa.eu/vocabulary/aq/pollutant/7,hour,1.3500000000,µg/m3,2017-10-23 21:00:00 +01:00,2017-10-23 22:00:00 +01:00,1,1
ES,ES.BDCA.AQD,NET_ES131A,STA_ES0125A,,SP_28079017_14_6,SPP_28079017_14_6.1,SAM_28079017_14_6,O3,http://dd.eionet.europa.eu/vocabulary/aq/pollutant/7,hour,0.9100000000,µg/m3,2017-10-23 22:00:00 +01:00,2017-10-23 23:00:00 +01:00,1,1
ES,ES.BDCA.AQD,NET_ES131A,STA_ES0125A,,SP_28079017_14_6,SPP_28079017_14_6.1,SAM_28079017_14_6,O3,http://dd.eionet.europa.eu/vocabulary/aq/pollutant/7,hour,0.8800000000,µg/m3,2017-10-23 23:00:00 +01:00,2017-10-24 00:00:00 +01:00,1,1
ES,ES.BDCA.AQD,NET_ES131A,STA_ES0125A,,SP_28079017_14_6,SPP_28079017_14_6.1,SAM_28079017_14_6,O3,http://dd.eionet.europa.eu/vocabulary/aq/pollutant/7,hour,1.1899999900,µg/m3,2017-10-24 00:00:00 +01:00,2017-10-24 01:00:00 +01:00,1,1
ES,ES.BDCA.AQD,NET_ES131A,STA_ES0125A,,SP_28079017_14_6,SPP_28079017_14_6.1,SAM_28079017_14_6,O3,http://dd.eionet.europa.eu/vocabulary/aq/pollutant/7,hour,1.0600000000,µg/m3,2017-10-24 01:00:00 +01:00,2017-10-24 02:00:00 +01:00,1,1
ES,ES.BDCA.AQD,NET_ES131A,STA_ES0125A,,SP_28079017_14_6,SPP_28079017_14_6.1,SAM_28079017_14_6,O3,http://dd.eionet.europa.eu/vocabulary/aq/pollutant/7,hour,1.2000000000,µg/m3,2017-10-24 02:00:00 +01:00,2017-10-24 03:00:00 +01:00,1,1
ES,ES.BDCA.AQD,NET_ES131A,STA_ES0125A,,SP_28079017_14_6,SPP_28079017_14_6.1,SAM_28079017_14_6,O3,http://dd.eionet.europa.eu/vocabulary/aq/pollutant/7,hour,1.1200000000,µg/m3,2017-10-24 03:00:00 +01:00,2017-10-24 04:00:00 +01:00,1,1
ES,ES.BDCA.AQD,NET_ES131A,STA_ES0125A,,SP_28079017_14_6,SPP_28079017_14_6.1,SAM_28079017_14_6,O3,http://dd.eionet.europa.eu/vocabulary/aq/pollutant/7,hour,1.0500000000,µg/m3,2017-10-24 04:00:00 +01:00,2017-10-24 05:00:00 +01:00,1,1
ES,ES.BDCA.AQD,NET_ES131A,STA_ES0125A,,SP_28079017_14_6,SPP_28079017_14_6.1,SAM_28079017_14_6,O3,http://dd.eionet.europa.eu/vocabulary/aq/pollutant/7,hour,1.5900000000,µg/m3,2017-10-24 05:00:00 +01:00,2017-10-24 06:00:00 +01:00,1,1
ES,ES.BDCA.AQD,NET_ES131A,STA_ES0125A,,SP_28079017_14_6,SPP_28079017_14_6.1,SAM_28079017_14_6,O3,http://dd.eionet.europa.eu/vocabulary/aq/pollutant/7,hour,1.1000000000,µg/m3,2017-10-24 06:00:00 +01:00,2017-10-24 07:00:00 +01:00,1,1
ES,ES.BDCA.AQD,NET_ES131A,STA_ES0125A,,SP_28079017_14_6,SPP_28079017_14_6.1,SAM_28079017_14_6,O3,http://dd.eionet.europa.eu/vocabulary/aq/pollutant/7,hour,0.9400000000,µg/m3,2017-10-24 07:00:00 +01:00,2017-10-24 08:00:00 +01:00,1,1
ES,ES.BDCA.AQD,NET_ES131A,STA_ES0125A,,SP_28079017_14_6,SPP_28079017_14_6.1,SAM_28079017_14_6,O3,http://dd.eionet.europa.eu/vocabulary/aq/pollutant/7,hour,1.1899999900,µg/m3,2017-10-24 08:00:00 +01:00,2017-10-24 09:00:00 +01:00,1,1
ES,ES.BDCA.AQD,NET_ES131A,STA_ES0125A,,SP_28079017_14_6,SPP_28079017_14_6.1,SAM_28079017_14_6,O3,http://dd.eionet.europa.eu/vocabulary/aq/pollutant/7,hour,2.9100000000,µg/m3,2017-10-24 09:00:00 +01:00,2017-10-24 10:00:00 +01:00,1,1
ES,ES.BDCA.AQD,NET_ES131A,STA_ES0125A,,SP_28079017_14_6,SPP_28079017_14_6.1,SAM_28079017_14_6,O3,http://dd.eionet.europa.eu/vocabulary/aq/pollutant/7,hour,9.6600000000,µg/m3,2017-10-24 10:00:00 +01:00,2017-10-24 11:00:00 +01:00,1,1
ES,ES.BDCA.AQD,NET_ES131A,STA_ES0125A,,SP_28079017_14_6,SPP_28079017_14_6.1,SAM_28079017_14_6,O3,http://dd.eionet.europa.eu/vocabulary/aq/pollutant/7,hour,20.7899999900,µg/m3,2017-10-24 11:00:00 +01:00,2017-10-24 12:00:00 +01:00,1,1
ES,ES.BDCA.AQD,NET_ES131A,STA_ES0125A,,SP_28079017_14_6,SPP_28079017_14_6.1,SAM_28079017_14_6,O3,http://dd.eionet.europa.eu/vocabulary/aq/pollutant/7,hour,36.4200000000,µg/m3,2017-10-24 12:00:00 +01:00,2017-10-24 13:00:00 +01:00,1,1
ES,ES.BDCA.AQD,NET_ES131A,STA_ES0125A,,SP_28079017_14_6,SPP_28079017_14_6.1,SAM_28079017_14_6,O3,http://dd.eionet.europa.eu/vocabulary/aq/pollutant/7,hour,46.8900000000,µg/m3,2017-10-24 13:00:00 +01:00,2017-10-24 14:00:00 +01:00,1,1
ES,ES.BDCA.AQD,NET_ES131A,STA_ES0125A,,SP_28079017_14_6,SPP_28079017_14_6.1,SAM_28079017_14_6,O3,http://dd.eionet.europa.eu/vocabulary/aq/pollutant/7,hour,55.0900000000,µg/m3,2017-10-24 14:00:00 +01:00,2017-10-24 15:00:00 +01:00,1,1
ES,ES.BDCA.AQD,NET_ES131A,STA_ES0125A,,SP_28079017_14_6,SPP_28079017_14_6.1,SAM_28079017_14_6,O3,http://dd.eionet.europa.eu/vocabulary/aq/pollutant/7,hour,55.2999999900,µg/m3,2017-10-24 15:00:00 +01:00,2017-10-24 16:00:00 +01:00,1,1
ES,ES.BDCA.AQD,NET_ES131A,STA_ES0125A,,SP_28079017_14_6,SPP_28079017_14_6.1,SAM_28079017_14_6,O3,http://dd.eionet.europa.eu/vocabulary/aq/pollutant/7,hour,52.3699999900,µg/m3,2017-10-24 16:00:00 +01:00,2017-10-24 17:00:00 +01:00,1,1
ES,ES.BDCA.AQD,NET_ES131A,STA_ES0125A,,SP_28079017_14_6,SPP_28079017_14_6.1,SAM_28079017_14_6,O3,http://dd.eionet.europa.eu/vocabulary/aq/pollutant/7,hour,26.2300000000,µg/m3,2017-10-24 17:00:00 +01:00,2017-10-24 18:00:00 +01:00,1,1
ES,ES.BDCA.AQD,NET_ES131A,STA_ES0125A,,SP_28079017_14_6,SPP_28079017_14_6.1,SAM_28079017_14_6,O3,http://dd.eionet.europa.eu/vocabulary/aq/pollutant/7,hour,4.5400000000,µg/m3,2017-10-24 18:00:00 +01:00,2017-10-24 19:00:00 +01:00,1,1
ES,ES.BDCA.AQD,NET_ES131A,STA_ES0125A,,SP_28079017_14_6,SPP_28079017_14_6.1,SAM_28079017_14_6,O3,http://dd.eionet.europa.eu/vocabulary/aq/pollutant/7,hour,1.3700000000,µg/m3,2017-10-24 19:00:00 +01:00,2017-10-24 20:00:00 +01:00,1,1
ES,ES.BDCA.AQD,NET_ES131A,STA_ES0125A,,SP_28079017_14_6,SPP_28079017_14_6.1,SAM_28079017_14_6,O3,http://dd.eionet.europa.eu/vocabulary/aq/pollutant/7,hour,2.8599999900,µg/m3,2017-10-24 20:00:00 +01:00,2017-10-24 21:00:00 +01:00,1,1
ES,ES.BDCA.AQD,NET_ES131A,STA_ES0125A,,SP_28079017_14_6,SPP_28079017_14_6.1,SAM_28079017_14_6,O3,http://dd.eionet.europa.eu/vocabulary/aq/pollutant/7,hour,1.4499999900,µg/m3,2017-10-24 21:00:00 +01:00,2017-10-24 22:00:00 +01:00,1,1
ES,ES.BDCA.AQD,NET_ES131A,STA_ES0125A,,SP_28079017_14_6,SPP_28079017_14_6.1,SAM_28079017_14_6,O3,http://dd.eionet.europa.eu/vocabulary/aq/pollutant/7,hour,0.9700000000,µg/m3,2017-10-24 22:00:00 +01:00,2017-10-24 23:00:00 +01:00,1,1
ES,ES.BDCA.AQD,NET_ES131A,STA_ES0125A,,SP_28079017_14_6,SPP_28079017_14_6.1,SAM_28079017_14_6,O3,http://dd.eionet.europa.eu/vocabulary/aq/pollutant/7,hour,0.9600000000,µg/m3,2017-10-24 23:00:00 +01:00,2017-10-25 00:00:00 +01:00,1,1
ES,ES.BDCA.AQD,NET_ES131A,STA_ES0125A,,SP_28079017_14_6,SPP_28079017_14_6.1,SAM_28079017_14_6,O3,http://dd.eionet.europa.eu/vocabulary/aq/pollutant/7,hour,1.1399999900,µg/m3,2017-10-25 00:00:00 +01:00,2017-10-25 01:00:00 +01:00,1,1
ES,ES.BDCA.AQD,NET_ES131A,STA_ES0125A,,SP_28079017_14_6,SPP_28079017_14_6.1,SAM_28079017_14_6,O3,http://dd.eionet.europa.eu/vocabulary/aq/pollutant/7,hour,1.2300000000,µg/m3,2017-10-25 01:00:00 +01:00,2017-10-25 02:00:00 +01:00,1,1
ES,ES.BDCA.AQD,NET_ES131A,STA_ES0125A,,SP_28079017_14_6,SPP_28079017_14_6.1,SAM_28079017_14_6,O3,http://dd.eionet.europa.eu/vocabulary/aq/pollutant/7,hour,1.8899999900,µg/m3,2017-10-25 02:00:00 +01:00,2017-10-25 03:00:00 +01:00,1,1
ES,ES.BDCA.AQD,NET_ES131A,STA_ES0125A,,SP_28079017_14_6,SPP_28079017_14_6.1,SAM_28079017_14_6,O3,http://dd.eionet.europa.eu/vocabulary/aq/pollutant/7,hour,0.9600000000,µg/m3,2017-10-25 03:00:00 +01:00,2017-10-25 04:00:00 +01:00,1,1
ES,ES.BDCA.AQD,NET_ES131A,STA_ES0125A,,SP_28079017_14_6,SPP_28079017_14_6.1,SAM_28079017_14_6,O3,http://dd.eionet.europa.eu/vocabulary/aq/pollutant/7,hour,0.9500000000,µg/m3,2017-10-25 04:00:00 +01:00,2017-10-25 05:00:00 +01:00,1,1
ES,ES.BDCA.AQD,NET_ES131A,STA_ES0125A,,SP_28079017_14_6,SPP_28079017_14_6.1,SAM_28079017_14_6,O3,http://dd.eionet.europa.eu/vocabulary/aq/pollutant/7,hour,0.7800000000,µg/m3,2017-10-25 05:00:00 +01:00,2017-10-25 06:00:00 +01:00,1,1
ES,ES.BDCA.AQD,NET_ES131A,STA_ES0125A,,SP_28079017_14_6,SPP_28079017_14_6.1,SAM_28079017_14_6,O3,http://dd.eionet.europa.eu/vocabulary/aq/pollutant/7,hour,1.0500000000,µg/m3,2017-10-25 06:00:00 +01:00,2017-10-25 07:00:00 +01:00,1,1
ES,ES.BDCA.AQD,NET_ES131A,STA_ES0125A,,SP_28079017_14_6,SPP_28079017_14_6.1,SAM_28079017_14_6,O3,http://dd.eionet.europa.eu/vocabulary/aq/pollutant/7,hour,1.0000000000,µg/m3,2017-10-25 07:00:00 +01:00,2017-10-25 08:00:00 +01:00,1,1
ES,ES.BDCA.AQD,NET_ES131A,STA_ES0125A,,SP_28079017_14_6,SPP_28079017_14_6.1,SAM_28079017_14_6,O3,http://dd.eionet.europa.eu/vocabulary/aq/pollutant/7,hour,1.0700000000,µg/m3,2017-10-25 08:00:00 +01:00,2017-10-25 09:00:00 +01:00,1,1
ES,ES.BDCA.AQD,NET_ES131A,STA_ES0125A,,SP_28079017_14_6,SPP_28079017_14_6.1,SAM_28079017_14_6,O3,http://dd.eionet.europa.eu/vocabulary/aq/pollutant/7,hour,,µg/m3,2017-10-25 09:00:00 +01:00,2017-10-25 10:00:00 +01:00,-1,1
ES,ES.BDCA.AQD,NET_ES131A,STA_ES0125A,,SP_28079017_14_6,SPP_28079017_14_6.1,SAM_28079017_14_6,O3,http://dd.eionet.europa.eu/vocabulary/aq/pollutant/7,hour,4.4900000000,µg/m3,2017-10-25 10:00:00 +01:00,2017-10-25 11:00:00 +01:00,1,1
ES,ES.BDCA.AQD,NET_ES131A,STA_ES0125A,,SP_28079017_14_6,SPP_28079017_14_6.1,SAM_28079017_14_6,O3,http://dd.eionet.europa.eu/vocabulary/aq/pollutant/7,hour,23.0200000000,µg/m3,2017-10-25 11:00:00 +01:00,2017-10-25 12:00:00 +01:00,1,1
ES,ES.BDCA.AQD,NET_ES131A,STA_ES0125A,,SP_28079017_14_6,SPP_28079017_14_6.1,SAM_28079017_14_6,O3,http://dd.eionet.europa.eu/vocabulary/aq/pollutant/7,hour,40.9500000000,µg/m3,2017-10-25 12:00:00 +01:00,2017-10-25 13:00:00 +01:00,1,1
ES,ES.BDCA.AQD,NET_ES131A,STA_ES0125A,,SP_28079017_14_6,SPP_28079017_14_6.1,SAM_28079017_14_6,O3,http://dd.eionet.europa.eu/vocabulary/aq/pollutant/7,hour,46.1499999900,µg/m3,2017-10-25 13:00:00 +01:00,2017-10-25 14:00:00 +01:00,1,1
ES,ES.BDCA.AQD,NET_ES131A,STA_ES0125A,,SP_28079017_14_6,SPP_28079017_14_6.1,SAM_28079017_14_6,O3,http://dd.eionet.europa.eu/vocabulary/aq/pollutant/7,hour,51.8299999900,µg/m3,2017-10-25 14:00:00 +01:00,2017-10-25 15:00:00 +01:00,1,1
ES,ES.BDCA.AQD,NET_ES131A,STA_ES0125A,,SP_28079017_14_6,SPP_28079017_14_6.1,SAM_28079017_14_6,O3,http://dd.eionet.europa.eu/vocabulary/aq/pollutant/7,hour,48.5099999900,µg/m3,2017-10-25 15:00:00 +01:00,2017-10-25 16:00:00 +01:00,1,1
ES,ES.BDCA.AQD,NET_ES131A,STA_ES0125A,,SP_28079017_14_6,SPP_28079017_14_6.1,SAM_28079017_14_6,O3,http://dd.eionet.europa.eu/vocabulary/aq/pollutant/7,hour,38.5200000000,µg/m3,2017-10-25 16:00:00 +01:00,2017-10-25 17:00:00 +01:00,1,1
ES,ES.BDCA.AQD,NET_ES131A,STA_ES0125A,,SP_28079017_14_6,SPP_28079017_14_6.1,SAM_28079017_14_6,O3,http://dd.eionet.europa.eu/vocabulary/aq/pollutant/7,hour,14.4000000000,µg/m3,2017-10-25 17:00:00 +01:00,2017-10-25 18:00:00 +01:00,1,1
ES,ES.BDCA.AQD,NET_ES131A,STA_ES0125A,,SP_28079017_14_6,SPP_28079017_14_6.1,SAM_28079017_14_6,O3,http://dd.eionet.europa.eu/vocabulary/aq/pollutant/7,hour,1.3200000000,µg/m3,2017-10-25 18:00:00 +01:00,2017-10-25 19:00:00 +01:00,1,1
ES,ES.BDCA.AQD,NET_ES131A,STA_ES0125A,,SP_28079017_14_6,SPP_28079017_14_6.1,SAM_28079017_14_6,O3,http://dd.eionet.europa.eu/vocabulary/aq/pollutant/7,hour,1.6200000000,µg/m3,2017-10-25 19:00:00 +01:00,2017-10-25 20:00:00 +01:00,1,1
ES,ES.BDCA.AQD,NET_ES131A,STA_ES0125A,,SP_28079017_14_6,SPP_28079017_14_6.1,SAM_28079017_14_6,O3,http://dd.eionet.europa.eu/vocabulary/aq/pollutant/7,hour,2.0600000000,µg/m3,2017-10-25 20:00:00 +01:00,2017-10-25 21:00:00 +01:00,1,1
ES,ES.BDCA.AQD,NET_ES131A,STA_ES0125A,,SP_28079017_14_6,SPP_28079017_14_6.1,SAM_28079017_14_6,O3,http://dd.eionet.europa.eu/vocabulary/aq/pollutant/7,hour,1.1699999900,µg/m3,2017-10-25 21:00:00 +01:00,2017-10-25 22:00:00 +01:00,1,1
ES,ES.BDCA.AQD,NET_ES131A,STA_ES0125A,,SP_28079017_14_6,SPP_28079017_14_6.1,SAM_28079017_14_6,O3,http://dd.eionet.europa.eu/vocabulary/aq/pollutant/7,hour,0.9200000000,µg/m3,2017-10-25 22:00:00 +01:00,2017-10-25 23:00:00 +01:00,1,1
ES,ES.BDCA.AQD,NET_ES131A,STA_ES0125A,,SP_28079017_14_6,SPP_28079017_14_6.1,SAM_28079017_14_6,O3,http://dd.eionet.europa.eu/vocabulary/aq/pollutant/7,hour,0.9400000000,µg/m3,2017-10-25 23:00:00 +01:00,2017-10-26 00:00:00 +01:00,1,1
ES,ES.BDCA.AQD,NET_ES131A,STA_ES0125A,,SP_28079017_14_6,SPP_28079017_14_6.1,SAM_28079017_14_6,O3,http://dd.eionet.europa.eu/vocabulary/aq/pollutant/7,hour,1.1100000000,µg/m3,2017-10-26 00:00:00 +01:00,2017-10-26 01:00:00 +01:00,1,1
ES,ES.BDCA.AQD,NET_ES131A,STA_ES0125A,,SP_28079017_14_6,SPP_28079017_14_6.1,SAM_28079017_14_6,O3,http://dd.eionet.europa.eu/vocabulary/aq/pollutant/7,hour,1.1599999900,µg/m3,2017-10-26 01:00:00 +01:00,2017-10-26 02:00:00 +01:00,1,1
ES,ES.BDCA.AQD,NET_ES131A,STA_ES0125A,,SP_28079017_14_6,SPP_28079017_14_6.1,SAM_28079017_14_6,O3,http://dd.eionet.europa.eu/vocabulary/aq/pollutant/7,hour,1.1299999900,µg/m3,2017-10-26 02:00:00 +01:00,2017-10-26 03:00:00 +01:00,1,1
ES,ES.BDCA.AQD,NET_ES131A,STA_ES0125A,,SP_28079017_14_6,SPP_28079017_14_6.1,SAM_28079017_14_6,O3,http://dd.eionet.europa.eu/vocabulary/aq/pollutant/7,hour,1.1399999900,µg/m3,2017-10-26 03:00:00 +01:00,2017-10-26 04:00:00 +01:00,1,1
ES,ES.BDCA.AQD,NET_ES131A,STA_ES0125A,,SP_28079017_14_6,SPP_28079017_14_6.1,SAM_28079017_14_6,O3,http://dd.eionet.europa.eu/vocabulary/aq/pollutant/7,hour,1.3100000000,µg/m3,2017-10-26 04:00:00 +01:00,2017-10-26 05:00:00 +01:00,1,1
ES,ES.BDCA.AQD,NET_ES131A,STA_ES0125A,,SP_28079017_14_6,SPP_28079017_14_6.1,SAM_28079017_14_6,O3,http://dd.eionet.europa.eu/vocabulary/aq/pollutant/7,hour,1.1200000000,µg/m3,2017-10-26 05:00:00 +01:00,2017-10-26 06:00:00 +01:00,1,1
ES,ES.BDCA.AQD,NET_ES131A,STA_ES0125A,,SP_28079017_14_6,SPP_28079017_14_6.1,SAM_28079017_14_6,O3,http://dd.eionet.europa.eu/vocabulary/aq/pollutant/7,hour,1.1899999900,µg/m3,2017-10-26 06:00:00 +01:00,2017-10-26 07:00:00 +01:00,1,1
ES,ES.BDCA.AQD,NET_ES131A,STA_ES0125A,,SP_28079017_14_6,SPP_28079017_14_6.1,SAM_28079017_14_6,O3,http://dd.eionet.europa.eu/vocabulary/aq/pollutant/7,hour,1.2300000000,µg/m3,2017-10-26 07:00:00 +01:00,2017-10-26 08:00:00 +01:00,1,1
ES,ES.BDCA.AQD,NET_ES131A,STA_ES0125A,,SP_28079017_14_6,SPP_28079017_14_6.1,SAM_28079017_14_6,O3,http://dd.eionet.europa.eu/vocabulary/aq/pollutant/7,hour,1.7300000000,µg/m3,2017-10-26 08:00:00 +01:00,2017-10-26 09:00:00 +01:00,1,1
ES,ES.BDCA.AQD,NET_ES131A,STA_ES0125A,,SP_28079017_14_6,SPP_28079017_14_6.1,SAM_28079017_14_6,O3,http://dd.eionet.europa.eu/vocabulary/aq/pollutant/7,hour,2.5099999900,µg/m3,2017-10-26 09:00:00 +01:00,2017-10-26 10:00:00 +01:00,1,1
ES,ES.BDCA.AQD,NET_ES131A,STA_ES0125A,,SP_28079017_14_6,SPP_28079017_14_6.1,SAM_28079017_14_6,O3,http://dd.eionet.europa.eu/vocabulary/aq/pollutant/7,hour,5.3099999900,µg/m3,2017-10-26 10:00:00 +01:00,2017-10-26 11:00:00 +01:00,1,1
ES,ES.BDCA.AQD,NET_ES131A,STA_ES0125A,,SP_28079017_14_6,SPP_28079017_14_6.1,SAM_28079017_14_6,O3,http://dd.eionet.europa.eu/vocabulary/aq/pollutant/7,hour,14.3699999900,µg/m3,2017-10-26 11:00:00 +01:00,2017-10-26 12:00:00 +01:00,1,1
ES,ES.BDCA.AQD,NET_ES131A,STA_ES0125A,,SP_28079017_14_6,SPP_28079017_14_6.1,SAM_28079017_14_6,O3,http://dd.eionet.europa.eu/vocabulary/aq/pollutant/7,hour,34.1400000000,µg/m3,2017-10-26 12:00:00 +01:00,2017-10-26 13:00:00 +01:00,1,1
ES,ES.BDCA.AQD,NET_ES131A,STA_ES0125A,,SP_28079017_14_6,SPP_28079017_14_6.1,SAM_28079017_14_6,O3,http://dd.eionet.europa.eu/vocabulary/aq/pollutant/7,hour,38.3400000000,µg/m3,2017-10-26 13:00:00 +01:00,2017-10-26 14:00:00 +01:00,1,1
ES,ES.BDCA.AQD,NET_ES131A,STA_ES0125A,,SP_28079017_14_6,SPP_28079017_14_6.1,SAM_28079017_14_6,O3,http://dd.eionet.europa.eu/vocabulary/aq/pollutant/7,hour,56.1899999900,µg/m3,2017-10-26 14:00:00 +01:00,2017-10-26 15:00:00 +01:00,1,1
ES,ES.BDCA.AQD,NET_ES131A,STA_ES0125A,,SP_28079017_14_6,SPP_28079017_14_6.1,SAM_28079017_14_6,O3,http://dd.eionet.europa.eu/vocabulary/aq/pollutant/7,hour,60.6000000000,µg/m3,2017-10-26 15:00:00 +01:00,2017-10-26 16:00:00 +01:00,1,1
ES,ES.BDCA.AQD,NET_ES131A,STA_ES0125A,,SP_28079017_14_6,SPP_28079017_14_6.1,SAM_28079017_14_6,O3,http://dd.eionet.europa.eu/vocabulary/aq/pollutant/7,hour,46.4300000000,µg/m3,2017-10-26 16:00:00 +01:00,2017-10-26 17:00:00 +01:00,1,1
ES,ES.BDCA.AQD,NET_ES131A,STA_ES0125A,,SP_28079017_14_6,SPP_28079017_14_6.1,SAM_28079017_14_6,O3,http://dd.eionet.europa.eu/vocabulary/aq/pollutant/7,hour,25.3700000000,µg/m3,2017-10-26 17:00:00 +01:00,2017-10-26 18:00:00 +01:00,1,1
ES,ES.BDCA.AQD,NET_ES131A,STA_ES0125A,,SP_28079017_14_6,SPP_28079017_14_6.1,SAM_28079017_14_6,O3,http://dd.eionet.europa.eu/vocabulary/aq/pollutant/7,hour,5.0000000000,µg/m3,2017-10-26 18:00:00 +01:00,2017-10-26 19:00:00 +01:00,1,1
ES,ES.BDCA.AQD,NET_ES131A,STA_ES0125A,,SP_28079017_14_6,SPP_28079017_14_6.1,SAM_28079017_14_6,O3,http://dd.eionet.europa.eu/vocabulary/aq/pollutant/7,hour,2.0200000000,µg/m3,2017-10-26 19:00:00 +01:00,2017-10-26 20:00:00 +01:00,1,1
ES,ES.BDCA.AQD,NET_ES131A,STA_ES0125A,,SP_28079017_14_6,SPP_28079017_14_6.1,SAM_28079017_14_6,O3,http://dd.eionet.europa.eu/vocabulary/aq/pollutant/7,hour,2.2900000000,µg/m3,2017-10-26 20:00:00 +01:00,2017-10-26 21:00:00 +01:00,1,1
ES,ES.BDCA.AQD,NET_ES131A,STA_ES0125A,,SP_28079017_14_6,SPP_28079017_14_6.1,SAM_28079017_14_6,O3,http://dd.eionet.europa.eu/vocabulary/aq/pollutant/7,hour,1.1000000000,µg/m3,2017-10-26 21:00:00 +01:00,2017-10-26 22:00:00 +01:00,1,1
ES,ES.BDCA.AQD,NET_ES131A,STA_ES0125A,,SP_28079017_14_6,SPP_28079017_14_6.1,SAM_28079017_14_6,O3,http://dd.eionet.europa.eu/vocabulary/aq/pollutant/7,hour,1.0900000000,µg/m3,2017-10-26 22:00:00 +01:00,2017-10-26 23:00:00 +01:00,1,1
ES,ES.BDCA.AQD,NET_ES131A,STA_ES0125A,,SP_28079017_14_6,SPP_28079017_14_6.1,SAM_28079017_14_6,O3,http://dd.eionet.europa.eu/vocabulary/aq/pollutant/7,hour,0.8700000000,µg/m3,2017-10-26 23:00:00 +01:00,2017-10-27 00:00:00 +01:00,1,1
ES,ES.BDCA.AQD,NET_ES131A,STA_ES0125A,,SP_28079017_14_6,SPP_28079017_14_6.1,SAM_28079017_14_6,O3,http://dd.eionet.europa.eu/vocabulary/aq/pollutant/7,hour,1.0800000000,µg/m3,2017-10-27 00:00:00 +01:00,2017-10-27 01:00:00 +01:00,1,1
ES,ES.BDCA.AQD,NET_ES131A,STA_ES0125A,,SP_28079017_14_6,SPP_28079017_14_6.1,SAM_28079017_14_6,O3,http://dd.eionet.europa.eu/vocabulary/aq/pollutant/7,hour,1.4199999900,µg/m3,2017-10-27 01:00:00 +01:00,2017-10-27 02:00:00 +01:00,1,1
ES,ES.BDCA.AQD,NET_ES131A,STA_ES0125A,,SP_28079017_14_6,SPP_28079017_14_6.1,SAM_28079017_14_6,O3,http://dd.eionet.europa.eu/vocabulary/aq/pollutant/7,hour,1.4800000000,µg/m3,2017-10-27 02:00:00 +01:00,2017-10-27 03:00:00 +01:00,1,1
ES,ES.BDCA.AQD,NET_ES131A,STA_ES0125A,,SP_28079017_14_6,SPP_28079017_14_6.1,SAM_28079017_14_6,O3,http://dd.eionet.europa.eu/vocabulary/aq/pollutant/7,hour,1.6799999900,µg/m3,2017-10-27 03:00:00 +01:00,2017-10-27 04:00:00 +01:00,1,1
ES,ES.BDCA.AQD,NET_ES131A,STA_ES0125A,,SP_28079017_14_6,SPP_28079017_14_6.1,SAM_28079017_14_6,O3,http://dd.eionet.europa.eu/vocabulary/aq/pollutant/7,hour,0.9700000000,µg/m3,2017-10-27 04:00:00 +01:00,2017-10-27 05:00:00 +01:00,1,1
ES,ES.BDCA.AQD,NET_ES131A,STA_ES0125A,,SP_28079017_14_6,SPP_28079017_14_6.1,SAM_28079017_14_6,O3,http://dd.eionet.europa.eu/vocabulary/aq/pollutant/7,hour,1.0100000000,µg/m3,2017-10-27 05:00:00 +01:00,2017-10-27 06:00:00 +01:00,1,1
ES,ES.BDCA.AQD,NET_ES131A,STA_ES0125A,,SP_28079017_14_6,SPP_28079017_14_6.1,SAM_28079017_14_6,O3,http://dd.eionet.europa.eu/vocabulary/aq/pollutant/7,hour,1.3899999900,µg/m3,2017-10-27 06:00:00 +01:00,2017-10-27 07:00:00 +01:00,1,1
ES,ES.BDCA.AQD,NET_ES131A,STA_ES0125A,,SP_28079017_14_6,SPP_28079017_14_6.1,SAM_28079017_14_6,O3,http://dd.eionet.europa.eu/vocabulary/aq/pollutant/7,hour,1.5200000000,µg/m3,2017-10-27 07:00:00 +01:00,2017-10-27 08:00:00 +01:00,1,1
ES,ES.BDCA.AQD,NET_ES131A,STA_ES0125A,,SP_28079017_14_6,SPP_28079017_14_6.1,SAM_28079017_14_6,O3,http://dd.eionet.europa.eu/vocabulary/aq/pollutant/7,hour,1.5200000000,µg/m3,2017-10-27 08:00:00 +01:00,2017-10-27 09:00:00 +01:00,1,1
ES,ES.BDCA.AQD,NET_ES131A,STA_ES0125A,,SP_28079017_14_6,SPP_28079017_14_6.1,SAM_28079017_14_6,O3,http://dd.eionet.europa.eu/vocabulary/aq/pollutant/7,hour,1.9099999900,µg/m3,2017-10-27 09:00:00 +01:00,2017-10-27 10:00:00 +01:00,1,1
ES,ES.BDCA.AQD,NET_ES131A,STA_ES0125A,,SP_28079017_14_6,SPP_28079017_14_6.1,SAM_28079017_14_6,O3,http://dd.eionet.europa.eu/vocabulary/aq/pollutant/7,hour,4.0199999900,µg/m3,2017-10-27 10:00:00 +01:00,2017-10-27 11:00:00 +01:00,1,1
ES,ES.BDCA.AQD,NET_ES131A,STA_ES0125A,,SP_28079017_14_6,SPP_28079017_14_6.1,SAM_28079017_14_6,O3,http://dd.eionet.europa.eu/vocabulary/aq/pollutant/7,hour,12.4600000000,µg/m3,2017-10-27 11:00:00 +01:00,2017-10-27 12:00:00 +01:00,1,1
ES,ES.BDCA.AQD,NET_ES131A,STA_ES0125A,,SP_28079017_14_6,SPP_28079017_14_6.1,SAM_28079017_14_6,O3,http://dd.eionet.europa.eu/vocabulary/aq/pollutant/7,hour,20.5599999900,µg/m3,2017-10-27 12:00:00 +01:00,2017-10-27 13:00:00 +01:00,1,1
ES,ES.BDCA.AQD,NET_ES131A,STA_ES0125A,,SP_28079017_14_6,SPP_28079017_14_6.1,SAM_28079017_14_6,O3,http://dd.eionet.europa.eu/vocabulary/aq/pollutant/7,hour,27.1200000000,µg/m3,2017-10-27 13:00:00 +01:00,2017-10-27 14:00:00 +01:00,1,1
ES,ES.BDCA.AQD,NET_ES131A,STA_ES0125A,,SP_28079017_14_6,SPP_28079017_14_6.1,SAM_28079017_14_6,O3,http://dd.eionet.europa.eu/vocabulary/aq/pollutant/7,hour,43.0600000000,µg/m3,2017-10-27 14:00:00 +01:00,2017-10-27 15:00:00 +01:00,1,1
ES,ES.BDCA.AQD,NET_ES131A,STA_ES0125A,,SP_28079017_14_6,SPP_28079017_14_6.1,SAM_28079017_14_6,O3,http://dd.eionet.europa.eu/vocabulary/aq/pollutant/7,hour,48.3299999900,µg/m3,2017-10-27 15:00:00 +01:00,2017-10-27 16:00:00 +01:00,1,1
ES,ES.BDCA.AQD,NET_ES131A,STA_ES0125A,,SP_28079017_14_6,SPP_28079017_14_6.1,SAM_28079017_14_6,O3,http://dd.eionet.europa.eu/vocabulary/aq/pollutant/7,hour,47.6899999900,µg/m3,2017-10-27 16:00:00 +01:00,2017-10-27 17:00:00 +01:00,1,1
ES,ES.BDCA.AQD,NET_ES131A,STA_ES0125A,,SP_28079017_14_6,SPP_28079017_14_6.1,SAM_28079017_14_6,O3,http://dd.eionet.europa.eu/vocabulary/aq/pollutant/7,hour,46.6000000000,µg/m3,2017-10-27 17:00:00 +01:00,2017-10-27 18:00:00 +01:00,1,1
ES,ES.BDCA.AQD,NET_ES131A,STA_ES0125A,,SP_28079017_14_6,SPP_28079017_14_6.1,SAM_28079017_14_6,O3,http://dd.eionet.europa.eu/vocabulary/aq/pollutant/7,hour,41.5799999900,µg/m3,2017-10-27 18:00:00 +01:00,2017-10-27 19:00:00 +01:00,1,1
ES,ES.BDCA.AQD,NET_ES131A,STA_ES0125A,,SP_28079017_14_6,SPP_28079017_14_6.1,SAM_28079017_14_6,O3,http://dd.eionet.europa.eu/vocabulary/aq/pollutant/7,hour,38.4200000000,µg/m3,2017-10-27 19:00:00 +01:00,2017-10-27 20:00:00 +01:00,1,1
ES,ES.BDCA.AQD,NET_ES131A,STA_ES0125A,,SP_28079017_14_6,SPP_28079017_14_6.1,SAM_28079017_14_6,O3,http://dd.eionet.europa.eu/vocabulary/aq/pollutant/7,hour,32.7999999900,µg/m3,2017-10-27 20:00:00 +01:00,2017-10-27 21:00:00 +01:00,1,1
ES,ES.BDCA.AQD,NET_ES131A,STA_ES0125A,,SP_28079017_14_6,SPP_28079017_14_6.1,SAM_28079017_14_6,O3,http://dd.eionet.europa.eu/vocabulary/aq/pollutant/7,hour,19.5399999900,µg/m3,2017-10-27 21:00:00 +01:00,2017-10-27 22:00:00 +01:00,1,1
ES,ES.BDCA.AQD,NET_ES131A,STA_ES0125A,,SP_28079017_14_6,SPP_28079017_14_6.1,SAM_28079017_14_6,O3,http://dd.eionet.europa.eu/vocabulary/aq/pollutant/7,hour,8.0399999900,µg/m3,2017-10-27 22:00:00 +01:00,2017-10-27 23:00:00 +01:00,1,1
ES,ES.BDCA.AQD,NET_ES131A,STA_ES0125A,,SP_28079017_14_6,SPP_28079017_14_6.1,SAM_28079017_14_6,O3,http://dd.eionet.europa.eu/vocabulary/aq/pollutant/7,hour,4.9500000000,µg/m3,2017-10-27 23:00:00 +01:00,2017-10-28 00:00:00 +01:00,1,1
ES,ES.BDCA.AQD,NET_ES131A,STA_ES0125A,,SP_28079017_14_6,SPP_28079017_14_6.1,SAM_28079017_14_6,O3,http://dd.eionet.europa.eu/vocabulary/aq/pollutant/7,hour,7.8200000000,µg/m3,2017-10-28 00:00:00 +01:00,2017-10-28 01:00:00 +01:00,1,1
ES,ES.BDCA.AQD,NET_ES131A,STA_ES0125A,,SP_28079017_14_6,SPP_28079017_14_6.1,SAM_28079017_14_6,O3,http://dd.eionet.europa.eu/vocabulary/aq/pollutant/7,hour,27.0900000000,µg/m3,2017-10-28 01:00:00 +01:00,2017-10-28 02:00:00 +01:00,1,1
ES,ES.BDCA.AQD,NET_ES131A,STA_ES0125A,,SP_28079017_14_6,SPP_28079017_14_6.1,SAM_28079017_14_6,O3,http://dd.eionet.europa.eu/vocabulary/aq/pollutant/7,hour,7.7599999900,µg/m3,2017-10-28 02:00:00 +01:00,2017-10-28 03:00:00 +01:00,1,1
ES,ES.BDCA.AQD,NET_ES131A,STA_ES0125A,,SP_28079017_14_6,SPP_28079017_14_6.1,SAM_28079017_14_6,O3,http://dd.eionet.europa.eu/vocabulary/aq/pollutant/7,hour,1.5800000000,µg/m3,2017-10-28 03:00:00 +01:00,2017-10-28 04:00:00 +01:00,1,1
ES,ES.BDCA.AQD,NET_ES131A,STA_ES0125A,,SP_28079017_14_6,SPP_28079017_14_6.1,SAM_28079017_14_6,O3,http://dd.eionet.europa.eu/vocabulary/aq/pollutant/7,hour,1.8100000000,µg/m3,2017-10-28 04:00:00 +01:00,2017-10-28 05:00:00 +01:00,1,1
ES,ES.BDCA.AQD,NET_ES131A,STA_ES0125A,,SP_28079017_14_6,SPP_28079017_14_6.1,SAM_28079017_14_6,O3,http://dd.eionet.europa.eu/vocabulary/aq/pollutant/7,hour,2.0600000000,µg/m3,2017-10-28 05:00:00 +01:00,2017-10-28 06:00:00 +01:00,1,1
ES,ES.BDCA.AQD,NET_ES131A,STA_ES0125A,,SP_28079017_14_6,SPP_28079017_14_6.1,SAM_28079017_14_6,O3,http://dd.eionet.europa.eu/vocabulary/aq/pollutant/7,hour,2.1899999900,µg/m3,2017-10-28 06:00:00 +01:00,2017-10-28 07:00:00 +01:00,1,1
ES,ES.BDCA.AQD,NET_ES131A,STA_ES0125A,,SP_28079017_14_6,SPP_28079017_14_6.1,SAM_28079017_14_6,O3,http://dd.eionet.europa.eu/vocabulary/aq/pollutant/7,hour,1.3100000000,µg/m3,2017-10-28 07:00:00 +01:00,2017-10-28 08:00:00 +01:00,1,1
ES,ES.BDCA.AQD,NET_ES131A,STA_ES0125A,,SP_28079017_14_6,SPP_28079017_14_6.1,SAM_28079017_14_6,O3,http://dd.eionet.europa.eu/vocabulary/aq/pollutant/7,hour,2.9900000000,µg/m3,2017-10-28 08:00:00 +01:00,2017-10-28 09:00:00 +01:00,1,1
ES,ES.BDCA.AQD,NET_ES131A,STA_ES0125A,,SP_28079017_14_6,SPP_28079017_14_6.1,SAM_28079017_14_6,O3,http://dd.eionet.europa.eu/vocabulary/aq/pollutant/7,hour,27.8000000000,µg/m3,2017-10-28 09:00:00 +01:00,2017-10-28 10:00:00 +01:00,1,1
ES,ES.BDCA.AQD,NET_ES131A,STA_ES0125A,,SP_28079017_14_6,SPP_28079017_14_6.1,SAM_28079017_14_6,O3,http://dd.eionet.europa.eu/vocabulary/aq/pollutant/7,hour,41.6599999900,µg/m3,2017-10-28 10:00:00 +01:00,2017-10-28 11:00:00 +01:00,1,1
ES,ES.BDCA.AQD,NET_ES131A,STA_ES0125A,,SP_28079017_14_6,SPP_28079017_14_6.1,SAM_28079017_14_6,O3,http://dd.eionet.europa.eu/vocabulary/aq/pollutant/7,hour,44.8400000000,µg/m3,2017-10-28 11:00:00 +01:00,2017-10-28 12:00:00 +01:00,1,1
ES,ES.BDCA.AQD,NET_ES131A,STA_ES0125A,,SP_28079017_14_6,SPP_28079017_14_6.1,SAM_28079017_14_6,O3,http://dd.eionet.europa.eu/vocabulary/aq/pollutant/7,hour,57.8200000000,µg/m3,2017-10-28 12:00:00 +01:00,2017-10-28 13:00:00 +01:00,1,1
ES,ES.BDCA.AQD,NET_ES131A,STA_ES0125A,,SP_28079017_14_6,SPP_28079017_14_6.1,SAM_28079017_14_6,O3,http://dd.eionet.europa.eu/vocabulary/aq/pollutant/7,hour,59.9699999900,µg/m3,2017-10-28 13:00:00 +01:00,2017-10-28 14:00:00 +01:00,1,1
ES,ES.BDCA.AQD,NET_ES131A,STA_ES0125A,,SP_28079017_14_6,SPP_28079017_14_6.1,SAM_28079017_14_6,O3,http://dd.eionet.europa.eu/vocabulary/aq/pollutant/7,hour,63.6199999900,µg/m3,2017-10-28 14:00:00 +01:00,2017-10-28 15:00:00 +01:00,1,1
ES,ES.BDCA.AQD,NET_ES131A,STA_ES0125A,,SP_28079017_14_6,SPP_28079017_14_6.1,SAM_28079017_14_6,O3,http://dd.eionet.europa.eu/vocabulary/aq/pollutant/7,hour,77.1299999900,µg/m3,2017-10-28 15:00:00 +01:00,2017-10-28 16:00:00 +01:00,1,1
ES,ES.BDCA.AQD,NET_ES131A,STA_ES0125A,,SP_28079017_14_6,SPP_28079017_14_6.1,SAM_28079017_14_6,O3,http://dd.eionet.europa.eu/vocabulary/aq/pollutant/7,hour,77.9699999900,µg/m3,2017-10-28 16:00:00 +01:00,2017-10-28 17:00:00 +01:00,1,1
ES,ES.BDCA.AQD,NET_ES131A,STA_ES0125A,,SP_28079017_14_6,SPP_28079017_14_6.1,SAM_28079017_14_6,O3,http://dd.eionet.europa.eu/vocabulary/aq/pollutant/7,hour,71.6099999900,µg/m3,2017-10-28 17:00:00 +01:00,2017-10-28 18:00:00 +01:00,1,1
ES,ES.BDCA.AQD,NET_ES131A,STA_ES0125A,,SP_28079017_14_6,SPP_28079017_14_6.1,SAM_28079017_14_6,O3,http://dd.eionet.europa.eu/vocabulary/aq/pollutant/7,hour,46.5399999900,µg/m3,2017-10-28 18:00:00 +01:00,2017-10-28 19:00:00 +01:00,1,1
ES,ES.BDCA.AQD,NET_ES131A,STA_ES0125A,,SP_28079017_14_6,SPP_28079017_14_6.1,SAM_28079017_14_6,O3,http://dd.eionet.europa.eu/vocabulary/aq/pollutant/7,hour,3.5600000000,µg/m3,2017-10-28 19:00:00 +01:00,2017-10-28 20:00:00 +01:00,1,1
ES,ES.BDCA.AQD,NET_ES131A,STA_ES0125A,,SP_28079017_14_6,SPP_28079017_14_6.1,SAM_28079017_14_6,O3,http://dd.eionet.europa.eu/vocabulary/aq/pollutant/7,hour,2.8700000000,µg/m3,2017-10-28 20:00:00 +01:00,2017-10-28 21:00:00 +01:00,1,1
ES,ES.BDCA.AQD,NET_ES131A,STA_ES0125A,,SP_28079017_14_6,SPP_28079017_14_6.1,SAM_28079017_14_6,O3,http://dd.eionet.europa.eu/vocabulary/aq/pollutant/7,hour,1.9500000000,µg/m3,2017-10-28 21:00:00 +01:00,2017-10-28 22:00:00 +01:00,1,1
ES,ES.BDCA.AQD,NET_ES131A,STA_ES0125A,,SP_28079017_14_6,SPP_28079017_14_6.1,SAM_28079017_14_6,O3,http://dd.eionet.europa.eu/vocabulary/aq/pollutant/7,hour,1.9199999900,µg/m3,2017-10-28 22:00:00 +01:00,2017-10-28 23:00:00 +01:00,1,1
ES,ES.BDCA.AQD,NET_ES131A,STA_ES0125A,,SP_28079017_14_6,SPP_28079017_14_6.1,SAM_28079017_14_6,O3,http://dd.eionet.europa.eu/vocabulary/aq/pollutant/7,hour,16.5700000000,µg/m3,2017-10-28 23:00:00 +01:00,2017-10-29 00:00:00 +01:00,1,1
ES,ES.BDCA.AQD,NET_ES131A,STA_ES0125A,,SP_28079017_14_6,SPP_28079017_14_6.1,SAM_28079017_14_6,O3,http://dd.eionet.europa.eu/vocabulary/aq/pollutant/7,hour,16.5700000000,µg/m3,2017-10-29 02:00:00 +01:00,2017-10-29 03:00:00 +01:00,1,1
ES,ES.BDCA.AQD,NET_ES131A,STA_ES0125A,,SP_28079017_14_6,SPP_28079017_14_6.1,SAM_28079017_14_6,O3,http://dd.eionet.europa.eu/vocabulary/aq/pollutant/7,hour,12.7300000000,µg/m3,2017-10-29 03:00:00 +01:00,2017-10-29 04:00:00 +01:00,1,1
ES,ES.BDCA.AQD,NET_ES131A,STA_ES0125A,,SP_28079017_14_6,SPP_28079017_14_6.1,SAM_28079017_14_6,O3,http://dd.eionet.europa.eu/vocabulary/aq/pollutant/7,hour,15.1500000000,µg/m3,2017-10-29 04:00:00 +01:00,2017-10-29 05:00:00 +01:00,1,1
ES,ES.BDCA.AQD,NET_ES131A,STA_ES0125A,,SP_28079017_14_6,SPP_28079017_14_6.1,SAM_28079017_14_6,O3,http://dd.eionet.europa.eu/vocabulary/aq/pollutant/7,hour,16.0399999900,µg/m3,2017-10-29 05:00:00 +01:00,2017-10-29 06:00:00 +01:00,1,1
ES,ES.BDCA.AQD,NET_ES131A,STA_ES0125A,,SP_28079017_14_6,SPP_28079017_14_6.1,SAM_28079017_14_6,O3,http://dd.eionet.europa.eu/vocabulary/aq/pollutant/7,hour,20.6000000000,µg/m3,2017-10-29 06:00:00 +01:00,2017-10-29 07:00:00 +01:00,1,1
ES,ES.BDCA.AQD,NET_ES131A,STA_ES0125A,,SP_28079017_14_6,SPP_28079017_14_6.1,SAM_28079017_14_6,O3,http://dd.eionet.europa.eu/vocabulary/aq/pollutant/7,hour,4.9600000000,µg/m3,2017-10-29 07:00:00 +01:00,2017-10-29 08:00:00 +01:00,1,1
ES,ES.BDCA.AQD,NET_ES131A,STA_ES0125A,,SP_28079017_14_6,SPP_28079017_14_6.1,SAM_28079017_14_6,O3,http://dd.eionet.europa.eu/vocabulary/aq/pollutant/7,hour,4.9400000000,µg/m3,2017-10-29 08:00:00 +01:00,2017-10-29 09:00:00 +01:00,1,1
ES,ES.BDCA.AQD,NET_ES131A,STA_ES0125A,,SP_28079017_14_6,SPP_28079017_14_6.1,SAM_28079017_14_6,O3,http://dd.eionet.europa.eu/vocabulary/aq/pollutant/7,hour,21.4400000000,µg/m3,2017-10-29 09:00:00 +01:00,2017-10-29 10:00:00 +01:00,1,1
ES,ES.BDCA.AQD,NET_ES131A,STA_ES0125A,,SP_28079017_14_6,SPP_28079017_14_6.1,SAM_28079017_14_6,O3,http://dd.eionet.europa.eu/vocabulary/aq/pollutant/7,hour,38.5799999900,µg/m3,2017-10-29 10:00:00 +01:00,2017-10-29 11:00:00 +01:00,1,1
ES,ES.BDCA.AQD,NET_ES131A,STA_ES0125A,,SP_28079017_14_6,SPP_28079017_14_6.1,SAM_28079017_14_6,O3,http://dd.eionet.europa.eu/vocabulary/aq/pollutant/7,hour,41.7899999900,µg/m3,2017-10-29 11:00:00 +01:00,2017-10-29 12:00:00 +01:00,1,1
ES,ES.BDCA.AQD,NET_ES131A,STA_ES0125A,,SP_28079017_14_6,SPP_28079017_14_6.1,SAM_28079017_14_6,O3,http://dd.eionet.europa.eu/vocabulary/aq/pollutant/7,hour,49.9900000000,µg/m3,2017-10-29 12:00:00 +01:00,2017-10-29 13:00:00 +01:00,1,1
ES,ES.BDCA.AQD,NET_ES131A,STA_ES0125A,,SP_28079017_14_6,SPP_28079017_14_6.1,SAM_28079017_14_6,O3,http://dd.eionet.europa.eu/vocabulary/aq/pollutant/7,hour,53.5399999900,µg/m3,2017-10-29 13:00:00 +01:00,2017-10-29 14:00:00 +01:00,1,1
ES,ES.BDCA.AQD,NET_ES131A,STA_ES0125A,,SP_28079017_14_6,SPP_28079017_14_6.1,SAM_28079017_14_6,O3,http://dd.eionet.europa.eu/vocabulary/aq/pollutant/7,hour,55.4699999900,µg/m3,2017-10-29 14:00:00 +01:00,2017-10-29 15:00:00 +01:00,1,1
ES,ES.BDCA.AQD,NET_ES131A,STA_ES0125A,,SP_28079017_14_6,SPP_28079017_14_6.1,SAM_28079017_14_6,O3,http://dd.eionet.europa.eu/vocabulary/aq/pollutant/7,hour,69.9399999900,µg/m3,2017-10-29 15:00:00 +01:00,2017-10-29 16:00:00 +01:00,1,1
ES,ES.BDCA.AQD,NET_ES131A,STA_ES0125A,,SP_28079017_14_6,SPP_28079017_14_6.1,SAM_28079017_14_6,O3,http://dd.eionet.europa.eu/vocabulary/aq/pollutant/7,hour,66.1099999900,µg/m3,2017-10-29 16:00:00 +01:00,2017-10-29 17:00:00 +01:00,1,1
ES,ES.BDCA.AQD,NET_ES131A,STA_ES0125A,,SP_28079017_14_6,SPP_28079017_14_6.1,SAM_28079017_14_6,O3,http://dd.eionet.europa.eu/vocabulary/aq/pollutant/7,hour,62.4799999900,µg/m3,2017-10-29 17:00:00 +01:00,2017-10-29 18:00:00 +01:00,1,1
ES,ES.BDCA.AQD,NET_ES131A,STA_ES0125A,,SP_28079017_14_6,SPP_28079017_14_6.1,SAM_28079017_14_6,O3,http://dd.eionet.europa.eu/vocabulary/aq/pollutant/7,hour,36.6099999900,µg/m3,2017-10-29 18:00:00 +01:00,2017-10-29 19:00:00 +01:00,1,1
ES,ES.BDCA.AQD,NET_ES131A,STA_ES0125A,,SP_28079017_14_6,SPP_28079017_14_6.1,SAM_28079017_14_6,O3,http://dd.eionet.europa.eu/vocabulary/aq/pollutant/7,hour,3.8399999900,µg/m3,2017-10-29 19:00:00 +01:00,2017-10-29 20:00:00 +01:00,1,1
ES,ES.BDCA.AQD,NET_ES131A,STA_ES0125A,,SP_28079017_14_6,SPP_28079017_14_6.1,SAM_28079017_14_6,O3,http://dd.eionet.europa.eu/vocabulary/aq/pollutant/7,hour,1.9199999900,µg/m3,2017-10-29 20:00:00 +01:00,2017-10-29 21:00:00 +01:00,1,1
ES,ES.BDCA.AQD,NET_ES131A,STA_ES0125A,,SP_28079017_14_6,SPP_28079017_14_6.1,SAM_28079017_14_6,O3,http://dd.eionet.europa.eu/vocabulary/aq/pollutant/7,hour,2.1699999900,µg/m3,2017-10-29 21:00:00 +01:00,2017-10-29 22:00:00 +01:00,1,1
ES,ES.BDCA.AQD,NET_ES131A,STA_ES0125A,,SP_28079017_14_6,SPP_28079017_14_6.1,SAM_28079017_14_6,O3,http://dd.eionet.europa.eu/vocabulary/aq/pollutant/7,hour,1.6599999900,µg/m3,2017-10-29 22:00:00 +01:00,2017-10-29 23:00:00 +01:00,1,1
ES,ES.BDCA.AQD,NET_ES131A,STA_ES0125A,,SP_28079017_14_6,SPP_28079017_14_6.1,SAM_28079017_14_6,O3,http://dd.eionet.europa.eu/vocabulary/aq/pollutant/7,hour,12.7500000000,µg/m3,2017-10-29 23:00:00 +01:00,2017-10-30 00:00:00 +01:00,1,1
ES,ES.BDCA.AQD,NET_ES131A,STA_ES0125A,,SP_28079017_14_6,SPP_28079017_14_6.1,SAM_28079017_14_6,O3,http://dd.eionet.europa.eu/vocabulary/aq/pollutant/7,hour,42.6199999900,µg/m3,2017-10-30 00:00:00 +01:00,2017-10-30 01:00:00 +01:00,1,1
ES,ES.BDCA.AQD,NET_ES131A,STA_ES0125A,,SP_28079017_14_6,SPP_28079017_14_6.1,SAM_28079017_14_6,O3,http://dd.eionet.europa.eu/vocabulary/aq/pollutant/7,hour,46.5200000000,µg/m3,2017-10-30 01:00:00 +01:00,2017-10-30 02:00:00 +01:00,1,1
ES,ES.BDCA.AQD,NET_ES131A,STA_ES0125A,,SP_28079017_14_6,SPP_28079017_14_6.1,SAM_28079017_14_6,O3,http://dd.eionet.europa.eu/vocabulary/aq/pollutant/7,hour,46.9799999900,µg/m3,2017-10-30 02:00:00 +01:00,2017-10-30 03:00:00 +01:00,1,1
ES,ES.BDCA.AQD,NET_ES131A,STA_ES0125A,,SP_28079017_14_6,SPP_28079017_14_6.1,SAM_28079017_14_6,O3,http://dd.eionet.europa.eu/vocabulary/aq/pollutant/7,hour,48.2800000000,µg/m3,2017-10-30 03:00:00 +01:00,2017-10-30 04:00:00 +01:00,1,1
ES,ES.BDCA.AQD,NET_ES131A,STA_ES0125A,,SP_28079017_14_6,SPP_28079017_14_6.1,SAM_28079017_14_6,O3,http://dd.eionet.europa.eu/vocabulary/aq/pollutant/7,hour,40.4900000000,µg/m3,2017-10-30 04:00:00 +01:00,2017-10-30 05:00:00 +01:00,1,1
ES,ES.BDCA.AQD,NET_ES131A,STA_ES0125A,,SP_28079017_14_6,SPP_28079017_14_6.1,SAM_28079017_14_6,O3,http://dd.eionet.europa.eu/vocabulary/aq/pollutant/7,hour,24.1499999900,µg/m3,2017-10-30 05:00:00 +01:00,2017-10-30 06:00:00 +01:00,1,1
ES,ES.BDCA.AQD,NET_ES131A,STA_ES0125A,,SP_28079017_14_6,SPP_28079017_14_6.1,SAM_28079017_14_6,O3,http://dd.eionet.europa.eu/vocabulary/aq/pollutant/7,hour,6.0700000000,µg/m3,2017-10-30 06:00:00 +01:00,2017-10-30 07:00:00 +01:00,1,1
ES,ES.BDCA.AQD,NET_ES131A,STA_ES0125A,,SP_28079017_14_6,SPP_28079017_14_6.1,SAM_28079017_14_6,O3,http://dd.eionet.europa.eu/vocabulary/aq/pollutant/7,hour,2.0699999900,µg/m3,2017-10-30 07:00:00 +01:00,2017-10-30 08:00:00 +01:00,1,1
ES,ES.BDCA.AQD,NET_ES131A,STA_ES0125A,,SP_28079017_14_6,SPP_28079017_14_6.1,SAM_28079017_14_6,O3,http://dd.eionet.europa.eu/vocabulary/aq/pollutant/7,hour,3.2599999900,µg/m3,2017-10-30 08:00:00 +01:00,2017-10-30 09:00:00 +01:00,1,1
ES,ES.BDCA.AQD,NET_ES131A,STA_ES0125A,,SP_28079017_14_6,SPP_28079017_14_6.1,SAM_28079017_14_6,O3,http://dd.eionet.europa.eu/vocabulary/aq/pollutant/7,hour,8.0099999900,µg/m3,2017-10-30 09:00:00 +01:00,2017-10-30 10:00:00 +01:00,1,1
ES,ES.BDCA.AQD,NET_ES131A,STA_ES0125A,,SP_28079017_14_6,SPP_28079017_14_6.1,SAM_28079017_14_6,O3,http://dd.eionet.europa.eu/vocabulary/aq/pollutant/7,hour,25.3900000000,µg/m3,2017-10-30 10:00:00 +01:00,2017-10-30 11:00:00 +01:00,1,1
ES,ES.BDCA.AQD,NET_ES131A,STA_ES0125A,,SP_28079017_14_6,SPP_28079017_14_6.1,SAM_28079017_14_6,O3,http://dd.eionet.europa.eu/vocabulary/aq/pollutant/7,hour,39.1499999900,µg/m3,2017-10-30 11:00:00 +01:00,2017-10-30 12:00:00 +01:00,1,1
ES,ES.BDCA.AQD,NET_ES131A,STA_ES0125A,,SP_28079017_14_6,SPP_28079017_14_6.1,SAM_28079017_14_6,O3,http://dd.eionet.europa.eu/vocabulary/aq/pollutant/7,hour,45.1400000000,µg/m3,2017-10-30 12:00:00 +01:00,2017-10-30 13:00:00 +01:00,1,1
ES,ES.BDCA.AQD,NET_ES131A,STA_ES0125A,,SP_28079017_14_6,SPP_28079017_14_6.1,SAM_28079017_14_6,O3,http://dd.eionet.europa.eu/vocabulary/aq/pollutant/7,hour,54.7000000000,µg/m3,2017-10-30 13:00:00 +01:00,2017-10-30 14:00:00 +01:00,1,1
ES,ES.BDCA.AQD,NET_ES131A,STA_ES0125A,,SP_28079017_14_6,SPP_28079017_14_6.1,SAM_28079017_14_6,O3,http://dd.eionet.europa.eu/vocabulary/aq/pollutant/7,hour,59.2500000000,µg/m3,2017-10-30 14:00:00 +01:00,2017-10-30 15:00:00 +01:00,1,1
ES,ES.BDCA.AQD,NET_ES131A,STA_ES0125A,,SP_28079017_14_6,SPP_28079017_14_6.1,SAM_28079017_14_6,O3,http://dd.eionet.europa.eu/vocabulary/aq/pollutant/7,hour,57.5300000000,µg/m3,2017-10-30 15:00:00 +01:00,2017-10-30 16:00:00 +01:00,1,1
ES,ES.BDCA.AQD,NET_ES131A,STA_ES0125A,,SP_28079017_14_6,SPP_28079017_14_6.1,SAM_28079017_14_6,O3,http://dd.eionet.europa.eu/vocabulary/aq/pollutant/7,hour,59.1000000000,µg/m3,2017-10-30 16:00:00 +01:00,2017-10-30 17:00:00 +01:00,1,1
ES,ES.BDCA.AQD,NET_ES131A,STA_ES0125A,,SP_28079017_14_6,SPP_28079017_14_6.1,SAM_28079017_14_6,O3,http://dd.eionet.europa.eu/vocabulary/aq/pollutant/7,hour,49.5499999900,µg/m3,2017-10-30 17:00:00 +01:00,2017-10-30 18:00:00 +01:00,1,1
ES,ES.BDCA.AQD,NET_ES131A,STA_ES0125A,,SP_28079017_14_6,SPP_28079017_14_6.1,SAM_28079017_14_6,O3,http://dd.eionet.europa.eu/vocabulary/aq/pollutant/7,hour,13.8300000000,µg/m3,2017-10-30 18:00:00 +01:00,2017-10-30 19:00:00 +01:00,1,1
ES,ES.BDCA.AQD,NET_ES131A,STA_ES0125A,,SP_28079017_14_6,SPP_28079017_14_6.1,SAM_28079017_14_6,O3,http://dd.eionet.europa.eu/vocabulary/aq/pollutant/7,hour,1.9600000000,µg/m3,2017-10-30 19:00:00 +01:00,2017-10-30 20:00:00 +01:00,1,1
ES,ES.BDCA.AQD,NET_ES131A,STA_ES0125A,,SP_28079017_14_6,SPP_28079017_14_6.1,SAM_28079017_14_6,O3,http://dd.eionet.europa.eu/vocabulary/aq/pollutant/7,hour,2.0800000000,µg/m3,2017-10-30 20:00:00 +01:00,2017-10-30 21:00:00 +01:00,1,1
ES,ES.BDCA.AQD,NET_ES131A,STA_ES0125A,,SP_28079017_14_6,SPP_28079017_14_6.1,SAM_28079017_14_6,O3,http://dd.eionet.europa.eu/vocabulary/aq/pollutant/7,hour,1.8500000000,µg/m3,2017-10-30 21:00:00 +01:00,2017-10-30 22:00:00 +01:00,1,1
ES,ES.BDCA.AQD,NET_ES131A,STA_ES0125A,,SP_28079017_14_6,SPP_28079017_14_6.1,SAM_28079017_14_6,O3,http://dd.eionet.europa.eu/vocabulary/aq/pollutant/7,hour,17.0700000000,µg/m3,2017-10-30 22:00:00 +01:00,2017-10-30 23:00:00 +01:00,1,1
ES,ES.BDCA.AQD,NET_ES131A,STA_ES0125A,,SP_28079017_14_6,SPP_28079017_14_6.1,SAM_28079017_14_6,O3,http://dd.eionet.europa.eu/vocabulary/aq/pollutant/7,hour,38.2199999900,µg/m3,2017-10-30 23:00:00 +01:00,2017-10-31 00:00:00 +01:00,1,1
ES,ES.BDCA.AQD,NET_ES131A,STA_ES0125A,,SP_28079017_14_6,SPP_28079017_14_6.1,SAM_28079017_14_6,O3,http://dd.eionet.europa.eu/vocabulary/aq/pollutant/7,hour,44.7599999900,µg/m3,2017-10-31 00:00:00 +01:00,2017-10-31 01:00:00 +01:00,1,1
ES,ES.BDCA.AQD,NET_ES131A,STA_ES0125A,,SP_28079017_14_6,SPP_28079017_14_6.1,SAM_28079017_14_6,O3,http://dd.eionet.europa.eu/vocabulary/aq/pollutant/7,hour,42.9500000000,µg/m3,2017-10-31 01:00:00 +01:00,2017-10-31 02:00:00 +01:00,1,1
ES,ES.BDCA.AQD,NET_ES131A,STA_ES0125A,,SP_28079017_14_6,SPP_28079017_14_6.1,SAM_28079017_14_6,O3,http://dd.eionet.europa.eu/vocabulary/aq/pollutant/7,hour,56.1700000000,µg/m3,2017-10-31 02:00:00 +01:00,2017-10-31 03:00:00 +01:00,1,1
ES,ES.BDCA.AQD,NET_ES131A,STA_ES0125A,,SP_28079017_14_6,SPP_28079017_14_6.1,SAM_28079017_14_6,O3,http://dd.eionet.europa.eu/vocabulary/aq/pollutant/7,hour,57.4399999900,µg/m3,2017-10-31 03:00:00 +01:00,2017-10-31 04:00:00 +01:00,1,1
ES,ES.BDCA.AQD,NET_ES131A,STA_ES0125A,,SP_28079017_14_6,SPP_28079017_14_6.1,SAM_28079017_14_6,O3,http://dd.eionet.europa.eu/vocabulary/aq/pollutant/7,hour,58.8100000000,µg/m3,2017-10-31 04:00:00 +01:00,2017-10-31 05:00:00 +01:00,1,1
ES,ES.BDCA.AQD,NET_ES131A,STA_ES0125A,,SP_28079017_14_6,SPP_28079017_14_6.1,SAM_28079017_14_6,O3,http://dd.eionet.europa.eu/vocabulary/aq/pollutant/7,hour,54.3699999900,µg/m3,2017-10-31 05:00:00 +01:00,2017-10-31 06:00:00 +01:00,1,1
ES,ES.BDCA.AQD,NET_ES131A,STA_ES0125A,,SP_28079017_14_6,SPP_28079017_14_6.1,SAM_28079017_14_6,O3,http://dd.eionet.europa.eu/vocabulary/aq/pollutant/7,hour,37.1599999900,µg/m3,2017-10-31 06:00:00 +01:00,2017-10-31 07:00:00 +01:00,1,1
ES,ES.BDCA.AQD,NET_ES131A,STA_ES0125A,,SP_28079017_14_6,SPP_28079017_14_6.1,SAM_28079017_14_6,O3,http://dd.eionet.europa.eu/vocabulary/aq/pollutant/7,hour,10.9700000000,µg/m3,2017-10-31 07:00:00 +01:00,2017-10-31 08:00:00 +01:00,1,1
ES,ES.BDCA.AQD,NET_ES131A,STA_ES0125A,,SP_28079017_14_6,SPP_28079017_14_6.1,SAM_28079017_14_6,O3,http://dd.eionet.europa.eu/vocabulary/aq/pollutant/7,hour,7.0899999900,µg/m3,2017-10-31 08:00:00 +01:00,2017-10-31 09:00:00 +01:00,1,1
ES,ES.BDCA.AQD,NET_ES131A,STA_ES0125A,,SP_28079017_14_6,SPP_28079017_14_6.1,SAM_28079017_14_6,O3,http://dd.eionet.europa.eu/vocabulary/aq/pollutant/7,hour,5.5099999900,µg/m3,2017-10-31 09:00:00 +01:00,2017-10-31 10:00:00 +01:00,1,1
ES,ES.BDCA.AQD,NET_ES131A,STA_ES0125A,,SP_28079017_14_6,SPP_28079017_14_6.1,SAM_28079017_14_6,O3,http://dd.eionet.europa.eu/vocabulary/aq/pollutant/7,hour,7.7199999900,µg/m3,2017-10-31 10:00:00 +01:00,2017-10-31 11:00:00 +01:00,1,1
ES,ES.BDCA.AQD,NET_ES131A,STA_ES0125A,,SP_28079017_14_6,SPP_28079017_14_6.1,SAM_28079017_14_6,O3,http://dd.eionet.europa.eu/vocabulary/aq/pollutant/7,hour,14.6999999900,µg/m3,2017-10-31 11:00:00 +01:00,2017-10-31 12:00:00 +01:00,1,1
ES,ES.BDCA.AQD,NET_ES131A,STA_ES0125A,,SP_28079017_14_6,SPP_28079017_14_6.1,SAM_28079017_14_6,O3,http://dd.eionet.europa.eu/vocabulary/aq/pollutant/7,hour,34.2899999900,µg/m3,2017-10-31 12:00:00 +01:00,2017-10-31 13:00:00 +01:00,1,1
ES,ES.BDCA.AQD,NET_ES131A,STA_ES0125A,,SP_28079017_14_6,SPP_28079017_14_6.1,SAM_28079017_14_6,O3,http://dd.eionet.europa.eu/vocabulary/aq/pollutant/7,hour,53.6099999900,µg/m3,2017-10-31 13:00:00 +01:00,2017-10-31 14:00:00 +01:00,1,1
ES,ES.BDCA.AQD,NET_ES131A,STA_ES0125A,,SP_28079017_14_6,SPP_28079017_14_6.1,SAM_28079017_14_6,O3,http://dd.eionet.europa.eu/vocabulary/aq/pollutant/7,hour,59.3900000000,µg/m3,2017-10-31 14:00:00 +01:00,2017-10-31 15:00:00 +01:00,1,1
ES,ES.BDCA.AQD,NET_ES131A,STA_ES0125A,,SP_28079017_14_6,SPP_28079017_14_6.1,SAM_28079017_14_6,O3,http://dd.eionet.europa.eu/vocabulary/aq/pollutant/7,hour,62.2100000000,µg/m3,2017-10-31 15:00:00 +01:00,2017-10-31 16:00:00 +01:00,1,1
ES,ES.BDCA.AQD,NET_ES131A,STA_ES0125A,,SP_28079017_14_6,SPP_28079017_14_6.1,SAM_28079017_14_6,O3,http://dd.eionet.europa.eu/vocabulary/aq/pollutant/7,hour,56.9600000000,µg/m3,2017-10-31 16:00:00 +01:00,2017-10-31 17:00:00 +01:00,1,1
ES,ES.BDCA.AQD,NET_ES131A,STA_ES0125A,,SP_28079017_14_6,SPP_28079017_14_6.1,SAM_28079017_14_6,O3,http://dd.eionet.europa.eu/vocabulary/aq/pollutant/7,hour,36.6000000000,µg/m3,2017-10-31 17:00:00 +01:00,2017-10-31 18:00:00 +01:00,1,1
ES,ES.BDCA.AQD,NET_ES131A,STA_ES0125A,,SP_28079017_14_6,SPP_28079017_14_6.1,SAM_28079017_14_6,O3,http://dd.eionet.europa.eu/vocabulary/aq/pollutant/7,hour,3.5899999900,µg/m3,2017-10-31 18:00:00 +01:00,2017-10-31 19:00:00 +01:00,1,1
ES,ES.BDCA.AQD,NET_ES131A,STA_ES0125A,,SP_28079017_14_6,SPP_28079017_14_6.1,SAM_28079017_14_6,O3,http://dd.eionet.europa.eu/vocabulary/aq/pollutant/7,hour,1.9700000000,µg/m3,2017-10-31 19:00:00 +01:00,2017-10-31 20:00:00 +01:00,1,1
ES,ES.BDCA.AQD,NET_ES131A,STA_ES0125A,,SP_28079017_14_6,SPP_28079017_14_6.1,SAM_28079017_14_6,O3,http://dd.eionet.europa.eu/vocabulary/aq/pollutant/7,hour,1.9199999900,µg/m3,2017-10-31 20:00:00 +01:00,2017-10-31 21:00:00 +01:00,1,1
ES,ES.BDCA.AQD,NET_ES131A,STA_ES0125A,,SP_28079017_14_6,SPP_28079017_14_6.1,SAM_28079017_14_6,O3,http://dd.eionet.europa.eu/vocabulary/aq/pollutant/7,hour,1.9500000000,µg/m3,2017-10-31 21:00:00 +01:00,2017-10-31 22:00:00 +01:00,1,1
ES,ES.BDCA.AQD,NET_ES131A,STA_ES0125A,,SP_28079017_14_6,SPP_28079017_14_6.1,SAM_28079017_14_6,O3,http://dd.eionet.europa.eu/vocabulary/aq/pollutant/7,hour,2.0000000000,µg/m3,2017-10-31 22:00:00 +01:00,2017-10-31 23:00:00 +01:00,1,1
ES,ES.BDCA.AQD,NET_ES131A,STA_ES0125A,,SP_28079017_14_6,SPP_28079017_14_6.1,SAM_28079017_14_6,O3,http://dd.eionet.europa.eu/vocabulary/aq/pollutant/7,hour,1.7900000000,µg/m3,2017-10-31 23:00:00 +01:00,2017-11-01 00:00:00 +01:00,1,1
ES,ES.BDCA.AQD,NET_ES131A,STA_ES0125A,,SP_28079017_14_6,SPP_28079017_14_6.1,SAM_28079017_14_6,O3,http://dd.eionet.europa.eu/vocabulary/aq/pollutant/7,hour,1.4900000000,µg/m3,2017-11-01 00:00:00 +01:00,2017-11-01 01:00:00 +01:00,1,1
ES,ES.BDCA.AQD,NET_ES131A,STA_ES0125A,,SP_28079017_14_6,SPP_28079017_14_6.1,SAM_28079017_14_6,O3,http://dd.eionet.europa.eu/vocabulary/aq/pollutant/7,hour,1.7700000000,µg/m3,2017-11-01 01:00:00 +01:00,2017-11-01 02:00:00 +01:00,1,1
ES,ES.BDCA.AQD,NET_ES131A,STA_ES0125A,,SP_28079017_14_6,SPP_28079017_14_6.1,SAM_28079017_14_6,O3,http://dd.eionet.europa.eu/vocabulary/aq/pollutant/7,hour,1.8000000000,µg/m3,2017-11-01 02:00:00 +01:00,2017-11-01 03:00:00 +01:00,1,1
ES,ES.BDCA.AQD,NET_ES131A,STA_ES0125A,,SP_28079017_14_6,SPP_28079017_14_6.1,SAM_28079017_14_6,O3,http://dd.eionet.europa.eu/vocabulary/aq/pollutant/7,hour,1.4099999900,µg/m3,2017-11-01 03:00:00 +01:00,2017-11-01 04:00:00 +01:00,1,1
ES,ES.BDCA.AQD,NET_ES131A,STA_ES0125A,,SP_28079017_14_6,SPP_28079017_14_6.1,SAM_28079017_14_6,O3,http://dd.eionet.europa.eu/vocabulary/aq/pollutant/7,hour,0.9700000000,µg/m3,2017-11-01 04:00:00 +01:00,2017-11-01 05:00:00 +01:00,1,1
ES,ES.BDCA.AQD,NET_ES131A,STA_ES0125A,,SP_28079017_14_6,SPP_28079017_14_6.1,SAM_28079017_14_6,O3,http://dd.eionet.europa.eu/vocabulary/aq/pollutant/7,hour,1.3799999900,µg/m3,2017-11-01 05:00:00 +01:00,2017-11-01 06:00:00 +01:00,1,1
ES,ES.BDCA.AQD,NET_ES131A,STA_ES0125A,,SP_28079017_14_6,SPP_28079017_14_6.1,SAM_28079017_14_6,O3,http://dd.eionet.europa.eu/vocabulary/aq/pollutant/7,hour,1.4800000000,µg/m3,2017-11-01 06:00:00 +01:00,2017-11-01 07:00:00 +01:00,1,1
ES,ES.BDCA.AQD,NET_ES131A,STA_ES0125A,,SP_28079017_14_6,SPP_28079017_14_6.1,SAM_28079017_14_6,O3,http://dd.eionet.europa.eu/vocabulary/aq/pollutant/7,hour,1.1799999900,µg/m3,2017-11-01 07:00:00 +01:00,2017-11-01 08:00:00 +01:00,1,1
ES,ES.BDCA.AQD,NET_ES131A,STA_ES0125A,,SP_28079017_14_6,SPP_28079017_14_6.1,SAM_28079017_14_6,O3,http://dd.eionet.europa.eu/vocabulary/aq/pollutant/7,hour,3.5200000000,µg/m3,2017-11-01 08:00:00 +01:00,2017-11-01 09:00:00 +01:00,1,1
ES,ES.BDCA.AQD,NET_ES131A,STA_ES0125A,,SP_28079017_14_6,SPP_28079017_14_6.1,SAM_28079017_14_6,O3,http://dd.eionet.europa.eu/vocabulary/aq/pollutant/7,hour,11.8100000000,µg/m3,2017-11-01 09:00:00 +01:00,2017-11-01 10:00:00 +01:00,1,1
ES,ES.BDCA.AQD,NET_ES131A,STA_ES0125A,,SP_28079017_14_6,SPP_28079017_14_6.1,SAM_28079017_14_6,O3,http://dd.eionet.europa.eu/vocabulary/aq/pollutant/7,hour,21.3500000000,µg/m3,2017-11-01 10:00:00 +01:00,2017-11-01 11:00:00 +01:00,1,1
ES,ES.BDCA.AQD,NET_ES131A,STA_ES0125A,,SP_28079017_14_6,SPP_28079017_14_6.1,SAM_28079017_14_6,O3,http://dd.eionet.europa.eu/vocabulary/aq/pollutant/7,hour,42.5399999900,µg/m3,2017-11-01 11:00:00 +01:00,2017-11-01 12:00:00 +01:00,1,1
ES,ES.BDCA.AQD,NET_ES131A,STA_ES0125A,,SP_28079017_14_6,SPP_28079017_14_6.1,SAM_28079017_14_6,O3,http://dd.eionet.europa.eu/vocabulary/aq/pollutant/7,hour,52.3100000000,µg/m3,2017-11-01 12:00:00 +01:00,2017-11-01 13:00:00 +01:00,1,1
ES,ES.BDCA.AQD,NET_ES131A,STA_ES0125A,,SP_28079017_14_6,SPP_28079017_14_6.1,SAM_28079017_14_6,O3,http://dd.eionet.europa.eu/vocabulary/aq/pollutant/7,hour,53.5300000000,µg/m3,2017-11-01 13:00:00 +01:00,2017-11-01 14:00:00 +01:00,1,1
ES,ES.BDCA.AQD,NET_ES131A,STA_ES0125A,,SP_28079017_14_6,SPP_28079017_14_6.1,SAM_28079017_14_6,O3,http://dd.eionet.europa.eu/vocabulary/aq/pollutant/7,hour,64.7800000000,µg/m3,2017-11-01 14:00:00 +01:00,2017-11-01 15:00:00 +01:00,1,1
ES,ES.BDCA.AQD,NET_ES131A,STA_ES0125A,,SP_28079017_14_6,SPP_28079017_14_6.1,SAM_28079017_14_6,O3,http://dd.eionet.europa.eu/vocabulary/aq/pollutant/7,hour,71.1500000000,µg/m3,2017-11-01 15:00:00 +01:00,2017-11-01 16:00:00 +01:00,1,1
ES,ES.BDCA.AQD,NET_ES131A,STA_ES0125A,,SP_28079017_14_6,SPP_28079017_14_6.1,SAM_28079017_14_6,O3,http://dd.eionet.europa.eu/vocabulary/aq/pollutant/7,hour,70.4200000000,µg/m3,2017-11-01 16:00:00 +01:00,2017-11-01 17:00:00 +01:00,1,1
ES,ES.BDCA.AQD,NET_ES131A,STA_ES0125A,,SP_28079017_14_6,SPP_28079017_14_6.1,SAM_28079017_14_6,O3,http://dd.eionet.europa.eu/vocabulary/aq/pollutant/7,hour,64.2800000000,µg/m3,2017-11-01 17:00:00 +01:00,2017-11-01 18:00:00 +01:00,1,1
ES,ES.BDCA.AQD,NET_ES131A,STA_ES0125A,,SP_28079017_14_6,SPP_28079017_14_6.1,SAM_28079017_14_6,O3,http://dd.eionet.europa.eu/vocabulary/aq/pollutant/7,hour,2.8300000000,µg/m3,2017-11-01 18:00:00 +01:00,2017-11-01 19:00:00 +01:00,1,1
ES,ES.BDCA.AQD,NET_ES131A,STA_ES0125A,,SP_28079017_14_6,SPP_28079017_14_6.1,SAM_28079017_14_6,O3,http://dd.eionet.europa.eu/vocabulary/aq/pollutant/7,hour,1.7300000000,µg/m3,2017-11-01 19:00:00 +01:00,2017-11-01 20:00:00 +01:00,1,1
ES,ES.BDCA.AQD,NET_ES131A,STA_ES0125A,,SP_28079017_14_6,SPP_28079017_14_6.1,SAM_28079017_14_6,O3,http://dd.eionet.europa.eu/vocabulary/aq/pollutant/7,hour,1.4199999900,µg/m3,2017-11-01 20:00:00 +01:00,2017-11-01 21:00:00 +01:00,1,1
ES,ES.BDCA.AQD,NET_ES131A,STA_ES0125A,,SP_28079017_14_6,SPP_28079017_14_6.1,SAM_28079017_14_6,O3,http://dd.eionet.europa.eu/vocabulary/aq/pollutant/7,hour,1.4700000000,µg/m3,2017-11-01 21:00:00 +01:00,2017-11-01 22:00:00 +01:00,1,1
ES,ES.BDCA.AQD,NET_ES131A,STA_ES0125A,,SP_28079017_14_6,SPP_28079017_14_6.1,SAM_28079017_14_6,O3,http://dd.eionet.europa.eu/vocabulary/aq/pollutant/7,hour,1.4199999900,µg/m3,2017-11-01 22:00:00 +01:00,2017-11-01 23:00:00 +01:00,1,1
ES,ES.BDCA.AQD,NET_ES131A,STA_ES0125A,,SP_28079017_14_6,SPP_28079017_14_6.1,SAM_28079017_14_6,O3,http://dd.eionet.europa.eu/vocabulary/aq/pollutant/7,hour,1.5200000000,µg/m3,2017-11-01 23:00:00 +01:00,2017-11-02 00:00:00 +01:00,1,1
ES,ES.BDCA.AQD,NET_ES131A,STA_ES0125A,,SP_28079017_14_6,SPP_28079017_14_6.1,SAM_28079017_14_6,O3,http://dd.eionet.europa.eu/vocabulary/aq/pollutant/7,hour,1.3200000000,µg/m3,2017-11-02 00:00:00 +01:00,2017-11-02 01:00:00 +01:00,1,1
ES,ES.BDCA.AQD,NET_ES131A,STA_ES0125A,,SP_28079017_14_6,SPP_28079017_14_6.1,SAM_28079017_14_6,O3,http://dd.eionet.europa.eu/vocabulary/aq/pollutant/7,hour,1.4499999900,µg/m3,2017-11-02 01:00:00 +01:00,2017-11-02 02:00:00 +01:00,1,1
ES,ES.BDCA.AQD,NET_ES131A,STA_ES0125A,,SP_28079017_14_6,SPP_28079017_14_6.1,SAM_28079017_14_6,O3,http://dd.eionet.europa.eu/vocabulary/aq/pollutant/7,hour,1.2500000000,µg/m3,2017-11-02 02:00:00 +01:00,2017-11-02 03:00:00 +01:00,1,1
ES,ES.BDCA.AQD,NET_ES131A,STA_ES0125A,,SP_28079017_14_6,SPP_28079017_14_6.1,SAM_28079017_14_6,O3,http://dd.eionet.europa.eu/vocabulary/aq/pollutant/7,hour,1.1399999900,µg/m3,2017-11-02 03:00:00 +01:00,2017-11-02 04:00:00 +01:00,1,1
ES,ES.BDCA.AQD,NET_ES131A,STA_ES0125A,,SP_28079017_14_6,SPP_28079017_14_6.1,SAM_28079017_14_6,O3,http://dd.eionet.europa.eu/vocabulary/aq/pollutant/7,hour,0.9600000000,µg/m3,2017-11-02 04:00:00 +01:00,2017-11-02 05:00:00 +01:00,1,1
ES,ES.BDCA.AQD,NET_ES131A,STA_ES0125A,,SP_28079017_14_6,SPP_28079017_14_6.1,SAM_28079017_14_6,O3,http://dd.eionet.europa.eu/vocabulary/aq/pollutant/7,hour,2.5200000000,µg/m3,2017-11-02 05:00:00 +01:00,2017-11-02 06:00:00 +01:00,1,1
ES,ES.BDCA.AQD,NET_ES131A,STA_ES0125A,,SP_28079017_14_6,SPP_28079017_14_6.1,SAM_28079017_14_6,O3,http://dd.eionet.europa.eu/vocabulary/aq/pollutant/7,hour,1.4299999900,µg/m3,2017-11-02 06:00:00 +01:00,2017-11-02 07:00:00 +01:00,1,1
ES,ES.BDCA.AQD,NET_ES131A,STA_ES0125A,,SP_28079017_14_6,SPP_28079017_14_6.1,SAM_28079017_14_6,O3,http://dd.eionet.europa.eu/vocabulary/aq/pollutant/7,hour,0.9300000000,µg/m3,2017-11-02 07:00:00 +01:00,2017-11-02 08:00:00 +01:00,1,1
ES,ES.BDCA.AQD,NET_ES131A,STA_ES0125A,,SP_28079017_14_6,SPP_28079017_14_6.1,SAM_28079017_14_6,O3,http://dd.eionet.europa.eu/vocabulary/aq/pollutant/7,hour,1.6499999900,µg/m3,2017-11-02 08:00:00 +01:00,2017-11-02 09:00:00 +01:00,1,1
ES,ES.BDCA.AQD,NET_ES131A,STA_ES0125A,,SP_28079017_14_6,SPP_28079017_14_6.1,SAM_28079017_14_6,O3,http://dd.eionet.europa.eu/vocabulary/aq/pollutant/7,hour,3.4399999900,µg/m3,2017-11-02 09:00:00 +01:00,2017-11-02 10:00:00 +01:00,1,1
ES,ES.BDCA.AQD,NET_ES131A,STA_ES0125A,,SP_28079017_14_6,SPP_28079017_14_6.1,SAM_28079017_14_6,O3,http://dd.eionet.europa.eu/vocabulary/aq/pollutant/7,hour,13.8900000000,µg/m3,2017-11-02 10:00:00 +01:00,2017-11-02 11:00:00 +01:00,1,1
ES,ES.BDCA.AQD,NET_ES131A,STA_ES0125A,,SP_28079017_14_6,SPP_28079017_14_6.1,SAM_28079017_14_6,O3,http://dd.eionet.europa.eu/vocabulary/aq/pollutant/7,hour,31.3700000000,µg/m3,2017-11-02 11:00:00 +01:00,2017-11-02 12:00:00 +01:00,1,1
ES,ES.BDCA.AQD,NET_ES131A,STA_ES0125A,,SP_28079017_14_6,SPP_28079017_14_6.1,SAM_28079017_14_6,O3,http://dd.eionet.europa.eu/vocabulary/aq/pollutant/7,hour,42.7400000000,µg/m3,2017-11-02 12:00:00 +01:00,2017-11-02 13:00:00 +01:00,1,1
ES,ES.BDCA.AQD,NET_ES131A,STA_ES0125A,,SP_28079017_14_6,SPP_28079017_14_6.1,SAM_28079017_14_6,O3,http://dd.eionet.europa.eu/vocabulary/aq/pollutant/7,hour,60.7100000000,µg/m3,2017-11-02 13:00:00 +01:00,2017-11-02 14:00:00 +01:00,1,1
ES,ES.BDCA.AQD,NET_ES131A,STA_ES0125A,,SP_28079017_14_6,SPP_28079017_14_6.1,SAM_28079017_14_6,O3,http://dd.eionet.europa.eu/vocabulary/aq/pollutant/7,hour,69.2999999900,µg/m3,2017-11-02 14:00:00 +01:00,2017-11-02 15:00:00 +01:00,1,1
ES,ES.BDCA.AQD,NET_ES131A,STA_ES0125A,,SP_28079017_14_6,SPP_28079017_14_6.1,SAM_28079017_14_6,O3,http://dd.eionet.europa.eu/vocabulary/aq/pollutant/7,hour,69.9899999900,µg/m3,2017-11-02 15:00:00 +01:00,2017-11-02 16:00:00 +01:00,1,1
ES,ES.BDCA.AQD,NET_ES131A,STA_ES0125A,,SP_28079017_14_6,SPP_28079017_14_6.1,SAM_28079017_14_6,O3,http://dd.eionet.europa.eu/vocabulary/aq/pollutant/7,hour,63.0700000000,µg/m3,2017-11-02 16:00:00 +01:00,2017-11-02 17:00:00 +01:00,1,1
ES,ES.BDCA.AQD,NET_ES131A,STA_ES0125A,,SP_28079017_14_6,SPP_28079017_14_6.1,SAM_28079017_14_6,O3,http://dd.eionet.europa.eu/vocabulary/aq/pollutant/7,hour,45.4200000000,µg/m3,2017-11-02 17:00:00 +01:00,2017-11-02 18:00:00 +01:00,1,1
ES,ES.BDCA.AQD,NET_ES131A,STA_ES0125A,,SP_28079017_14_6,SPP_28079017_14_6.1,SAM_28079017_14_6,O3,http://dd.eionet.europa.eu/vocabulary/aq/pollutant/7,hour,24.5900000000,µg/m3,2017-11-02 18:00:00 +01:00,2017-11-02 19:00:00 +01:00,1,1
ES,ES.BDCA.AQD,NET_ES131A,STA_ES0125A,,SP_28079017_14_6,SPP_28079017_14_6.1,SAM_28079017_14_6,O3,http://dd.eionet.europa.eu/vocabulary/aq/pollutant/7,hour,1.9199999900,µg/m3,2017-11-02 19:00:00 +01:00,2017-11-02 20:00:00 +01:00,1,1
ES,ES.BDCA.AQD,NET_ES131A,STA_ES0125A,,SP_28079017_14_6,SPP_28079017_14_6.1,SAM_28079017_14_6,O3,http://dd.eionet.europa.eu/vocabulary/aq/pollutant/7,hour,1.3799999900,µg/m3,2017-11-02 20:00:00 +01:00,2017-11-02 21:00:00 +01:00,1,1
ES,ES.BDCA.AQD,NET_ES131A,STA_ES0125A,,SP_28079017_14_6,SPP_28079017_14_6.1,SAM_28079017_14_6,O3,http://dd.eionet.europa.eu/vocabulary/aq/pollutant/7,hour,1.4399999900,µg/m3,2017-11-02 21:00:00 +01:00,2017-11-02 22:00:00 +01:00,1,1
ES,ES.BDCA.AQD,NET_ES131A,STA_ES0125A,,SP_28079017_14_6,SPP_28079017_14_6.1,SAM_28079017_14_6,O3,http://dd.eionet.europa.eu/vocabulary/aq/pollutant/7,hour,1.4700000000,µg/m3,2017-11-02 22:00:00 +01:00,2017-11-02 23:00:00 +01:00,1,1
ES,ES.BDCA.AQD,NET_ES131A,STA_ES0125A,,SP_28079017_14_6,SPP_28079017_14_6.1,SAM_28079017_14_6,O3,http://dd.eionet.europa.eu/vocabulary/aq/pollutant/7,hour,1.1000000000,µg/m3,2017-11-02 23:00:00 +01:00,2017-11-03 00:00:00 +01:00,1,1
ES,ES.BDCA.AQD,NET_ES131A,STA_ES0125A,,SP_28079017_14_6,SPP_28079017_14_6.1,SAM_28079017_14_6,O3,http://dd.eionet.europa.eu/vocabulary/aq/pollutant/7,hour,0.9200000000,µg/m3,2017-11-03 00:00:00 +01:00,2017-11-03 01:00:00 +01:00,1,1
ES,ES.BDCA.AQD,NET_ES131A,STA_ES0125A,,SP_28079017_14_6,SPP_28079017_14_6.1,SAM_28079017_14_6,O3,http://dd.eionet.europa.eu/vocabulary/aq/pollutant/7,hour,0.9700000000,µg/m3,2017-11-03 01:00:00 +01:00,2017-11-03 02:00:00 +01:00,1,1
ES,ES.BDCA.AQD,NET_ES131A,STA_ES0125A,,SP_28079017_14_6,SPP_28079017_14_6.1,SAM_28079017_14_6,O3,http://dd.eionet.europa.eu/vocabulary/aq/pollutant/7,hour,1.0100000000,µg/m3,2017-11-03 02:00:00 +01:00,2017-11-03 03:00:00 +01:00,1,1
ES,ES.BDCA.AQD,NET_ES131A,STA_ES0125A,,SP_28079017_14_6,SPP_28079017_14_6.1,SAM_28079017_14_6,O3,http://dd.eionet.europa.eu/vocabulary/aq/pollutant/7,hour,0.9100000000,µg/m3,2017-11-03 03:00:00 +01:00,2017-11-03 04:00:00 +01:00,1,1
ES,ES.BDCA.AQD,NET_ES131A,STA_ES0125A,,SP_28079017_14_6,SPP_28079017_14_6.1,SAM_28079017_14_6,O3,http://dd.eionet.europa.eu/vocabulary/aq/pollutant/7,hour,3.8799999900,µg/m3,2017-11-03 04:00:00 +01:00,2017-11-03 05:00:00 +01:00,1,1
ES,ES.BDCA.AQD,NET_ES131A,STA_ES0125A,,SP_28079017_14_6,SPP_28079017_14_6.1,SAM_28079017_14_6,O3,http://dd.eionet.europa.eu/vocabulary/aq/pollutant/7,hour,22.2300000000,µg/m3,2017-11-03 05:00:00 +01:00,2017-11-03 06:00:00 +01:00,1,1
ES,ES.BDCA.AQD,NET_ES131A,STA_ES0125A,,SP_28079017_14_6,SPP_28079017_14_6.1,SAM_28079017_14_6,O3,http://dd.eionet.europa.eu/vocabulary/aq/pollutant/7,hour,13.8000000000,µg/m3,2017-11-03 06:00:00 +01:00,2017-11-03 07:00:00 +01:00,1,1
ES,ES.BDCA.AQD,NET_ES131A,STA_ES0125A,,SP_28079017_14_6,SPP_28079017_14_6.1,SAM_28079017_14_6,O3,http://dd.eionet.europa.eu/vocabulary/aq/pollutant/7,hour,2.2999999900,µg/m3,2017-11-03 07:00:00 +01:00,2017-11-03 08:00:00 +01:00,1,1
ES,ES.BDCA.AQD,NET_ES131A,STA_ES0125A,,SP_28079017_14_6,SPP_28079017_14_6.1,SAM_28079017_14_6,O3,http://dd.eionet.europa.eu/vocabulary/aq/pollutant/7,hour,1.8700000000,µg/m3,2017-11-03 08:00:00 +01:00,2017-11-03 09:00:00 +01:00,1,1
ES,ES.BDCA.AQD,NET_ES131A,STA_ES0125A,,SP_28079017_14_6,SPP_28079017_14_6.1,SAM_28079017_14_6,O3,http://dd.eionet.europa.eu/vocabulary/aq/pollutant/7,hour,5.3099999900,µg/m3,2017-11-03 09:00:00 +01:00,2017-11-03 10:00:00 +01:00,1,1
ES,ES.BDCA.AQD,NET_ES131A,STA_ES0125A,,SP_28079017_14_6,SPP_28079017_14_6.1,SAM_28079017_14_6,O3,http://dd.eionet.europa.eu/vocabulary/aq/pollutant/7,hour,12.8200000000,µg/m3,2017-11-03 10:00:00 +01:00,2017-11-03 11:00:00 +01:00,1,1
ES,ES.BDCA.AQD,NET_ES131A,STA_ES0125A,,SP_28079017_14_6,SPP_28079017_14_6.1,SAM_28079017_14_6,O3,http://dd.eionet.europa.eu/vocabulary/aq/pollutant/7,hour,34.2400000000,µg/m3,2017-11-03 11:00:00 +01:00,2017-11-03 12:00:00 +01:00,1,1
ES,ES.BDCA.AQD,NET_ES131A,STA_ES0125A,,SP_28079017_14_6,SPP_28079017_14_6.1,SAM_28079017_14_6,O3,http://dd.eionet.europa.eu/vocabulary/aq/pollutant/7,hour,50.4799999900,µg/m3,2017-11-03 12:00:00 +01:00,2017-11-03 13:00:00 +01:00,1,1
ES,ES.BDCA.AQD,NET_ES131A,STA_ES0125A,,SP_28079017_14_6,SPP_28079017_14_6.1,SAM_28079017_14_6,O3,http://dd.eionet.europa.eu/vocabulary/aq/pollutant/7,hour,52.8100000000,µg/m3,2017-11-03 13:00:00 +01:00,2017-11-03 14:00:00 +01:00,1,1
ES,ES.BDCA.AQD,NET_ES131A,STA_ES0125A,,SP_28079017_14_6,SPP_28079017_14_6.1,SAM_28079017_14_6,O3,http://dd.eionet.europa.eu/vocabulary/aq/pollutant/7,hour,55.8599999900,µg/m3,2017-11-03 14:00:00 +01:00,2017-11-03 15:00:00 +01:00,1,1
ES,ES.BDCA.AQD,NET_ES131A,STA_ES0125A,,SP_28079017_14_6,SPP_28079017_14_6.1,SAM_28079017_14_6,O3,http://dd.eionet.europa.eu/vocabulary/aq/pollutant/7,hour,58.5499999900,µg/m3,2017-11-03 15:00:00 +01:00,2017-11-03 16:00:00 +01:00,1,1
ES,ES.BDCA.AQD,NET_ES131A,STA_ES0125A,,SP_28079017_14_6,SPP_28079017_14_6.1,SAM_28079017_14_6,O3,http://dd.eionet.europa.eu/vocabulary/aq/pollutant/7,hour,54.6700000000,µg/m3,2017-11-03 16:00:00 +01:00,2017-11-03 17:00:00 +01:00,1,1
ES,ES.BDCA.AQD,NET_ES131A,STA_ES0125A,,SP_28079017_14_6,SPP_28079017_14_6.1,SAM_28079017_14_6,O3,http://dd.eionet.europa.eu/vocabulary/aq/pollutant/7,hour,45.0600000000,µg/m3,2017-11-03 17:00:00 +01:00,2017-11-03 18:00:00 +01:00,1,1
ES,ES.BDCA.AQD,NET_ES131A,STA_ES0125A,,SP_28079017_14_6,SPP_28079017_14_6.1,SAM_28079017_14_6,O3,http://dd.eionet.europa.eu/vocabulary/aq/pollutant/7,hour,18.5700000000,µg/m3,2017-11-03 18:00:00 +01:00,2017-11-03 19:00:00 +01:00,1,1
ES,ES.BDCA.AQD,NET_ES131A,STA_ES0125A,,SP_28079017_14_6,SPP_28079017_14_6.1,SAM_28079017_14_6,O3,http://dd.eionet.europa.eu/vocabulary/aq/pollutant/7,hour,2.7300000000,µg/m3,2017-11-03 19:00:00 +01:00,2017-11-03 20:00:00 +01:00,1,1
ES,ES.BDCA.AQD,NET_ES131A,STA_ES0125A,,SP_28079017_14_6,SPP_28079017_14_6.1,SAM_28079017_14_6,O3,http://dd.eionet.europa.eu/vocabulary/aq/pollutant/7,hour,1.2400000000,µg/m3,2017-11-03 20:00:00 +01:00,2017-11-03 21:00:00 +01:00,1,1
ES,ES.BDCA.AQD,NET_ES131A,STA_ES0125A,,SP_28079017_14_6,SPP_28079017_14_6.1,SAM_28079017_14_6,O3,http://dd.eionet.europa.eu/vocabulary/aq/pollutant/7,hour,1.2900000000,µg/m3,2017-11-03 21:00:00 +01:00,2017-11-03 22:00:00 +01:00,1,1
ES,ES.BDCA.AQD,NET_ES131A,STA_ES0125A,,SP_28079017_14_6,SPP_28079017_14_6.1,SAM_28079017_14_6,O3,http://dd.eionet.europa.eu/vocabulary/aq/pollutant/7,hour,1.2900000000,µg/m3,2017-11-03 22:00:00 +01:00,2017-11-03 23:00:00 +01:00,1,1
ES,ES.BDCA.AQD,NET_ES131A,STA_ES0125A,,SP_28079017_14_6,SPP_28079017_14_6.1,SAM_28079017_14_6,O3,http://dd.eionet.europa.eu/vocabulary/aq/pollutant/7,hour,1.0100000000,µg/m3,2017-11-03 23:00:00 +01:00,2017-11-04 00:00:00 +01:00,1,1
ES,ES.BDCA.AQD,NET_ES131A,STA_ES0125A,,SP_28079017_14_6,SPP_28079017_14_6.1,SAM_28079017_14_6,O3,http://dd.eionet.europa.eu/vocabulary/aq/pollutant/7,hour,1.7100000000,µg/m3,2017-11-04 00:00:00 +01:00,2017-11-04 01:00:00 +01:00,1,1
ES,ES.BDCA.AQD,NET_ES131A,STA_ES0125A,,SP_28079017_14_6,SPP_28079017_14_6.1,SAM_28079017_14_6,O3,http://dd.eionet.europa.eu/vocabulary/aq/pollutant/7,hour,12.8900000000,µg/m3,2017-11-04 01:00:00 +01:00,2017-11-04 02:00:00 +01:00,1,1
ES,ES.BDCA.AQD,NET_ES131A,STA_ES0125A,,SP_28079017_14_6,SPP_28079017_14_6.1,SAM_28079017_14_6,O3,http://dd.eionet.europa.eu/vocabulary/aq/pollutant/7,hour,25.8200000000,µg/m3,2017-11-04 02:00:00 +01:00,2017-11-04 03:00:00 +01:00,1,1
ES,ES.BDCA.AQD,NET_ES131A,STA_ES0125A,,SP_28079017_14_6,SPP_28079017_14_6.1,SAM_28079017_14_6,O3,http://dd.eionet.europa.eu/vocabulary/aq/pollutant/7,hour,23.1200000000,µg/m3,2017-11-04 03:00:00 +01:00,2017-11-04 04:00:00 +01:00,1,1
ES,ES.BDCA.AQD,NET_ES131A,STA_ES0125A,,SP_28079017_14_6,SPP_28079017_14_6.1,SAM_28079017_14_6,O3,http://dd.eionet.europa.eu/vocabulary/aq/pollutant/7,hour,14.9100000000,µg/m3,2017-11-04 04:00:00 +01:00,2017-11-04 05:00:00 +01:00,1,1
ES,ES.BDCA.AQD,NET_ES131A,STA_ES0125A,,SP_28079017_14_6,SPP_28079017_14_6.1,SAM_28079017_14_6,O3,http://dd.eionet.europa.eu/vocabulary/aq/pollutant/7,hour,15.2899999900,µg/m3,2017-11-04 05:00:00 +01:00,2017-11-04 06:00:00 +01:00,1,1
ES,ES.BDCA.AQD,NET_ES131A,STA_ES0125A,,SP_28079017_14_6,SPP_28079017_14_6.1,SAM_28079017_14_6,O3,http://dd.eionet.europa.eu/vocabulary/aq/pollutant/7,hour,13.6400000000,µg/m3,2017-11-04 06:00:00 +01:00,2017-11-04 07:00:00 +01:00,1,1
ES,ES.BDCA.AQD,NET_ES131A,STA_ES0125A,,SP_28079017_14_6,SPP_28079017_14_6.1,SAM_28079017_14_6,O3,http://dd.eionet.europa.eu/vocabulary/aq/pollutant/7,hour,15.1300000000,µg/m3,2017-11-04 07:00:00 +01:00,2017-11-04 08:00:00 +01:00,1,1
ES,ES.BDCA.AQD,NET_ES131A,STA_ES0125A,,SP_28079017_14_6,SPP_28079017_14_6.1,SAM_28079017_14_6,O3,http://dd.eionet.europa.eu/vocabulary/aq/pollutant/7,hour,11.8699999900,µg/m3,2017-11-04 08:00:00 +01:00,2017-11-04 09:00:00 +01:00,1,1
ES,ES.BDCA.AQD,NET_ES131A,STA_ES0125A,,SP_28079017_14_6,SPP_28079017_14_6.1,SAM_28079017_14_6,O3,http://dd.eionet.europa.eu/vocabulary/aq/pollutant/7,hour,11.5900000000,µg/m3,2017-11-04 09:00:00 +01:00,2017-11-04 10:00:00 +01:00,1,1
ES,ES.BDCA.AQD,NET_ES131A,STA_ES0125A,,SP_28079017_14_6,SPP_28079017_14_6.1,SAM_28079017_14_6,O3,http://dd.eionet.europa.eu/vocabulary/aq/pollutant/7,hour,29.6600000000,µg/m3,2017-11-04 10:00:00 +01:00,2017-11-04 11:00:00 +01:00,1,1
ES,ES.BDCA.AQD,NET_ES131A,STA_ES0125A,,SP_28079017_14_6,SPP_28079017_14_6.1,SAM_28079017_14_6,O3,http://dd.eionet.europa.eu/vocabulary/aq/pollutant/7,hour,38.0000000000,µg/m3,2017-11-04 11:00:00 +01:00,2017-11-04 12:00:00 +01:00,1,1
ES,ES.BDCA.AQD,NET_ES131A,STA_ES0125A,,SP_28079017_14_6,SPP_28079017_14_6.1,SAM_28079017_14_6,O3,http://dd.eionet.europa.eu/vocabulary/aq/pollutant/7,hour,44.1899999900,µg/m3,2017-11-04 12:00:00 +01:00,2017-11-04 13:00:00 +01:00,1,1
ES,ES.BDCA.AQD,NET_ES131A,STA_ES0125A,,SP_28079017_14_6,SPP_28079017_14_6.1,SAM_28079017_14_6,O3,http://dd.eionet.europa.eu/vocabulary/aq/pollutant/7,hour,48.1099999900,µg/m3,2017-11-04 13:00:00 +01:00,2017-11-04 14:00:00 +01:00,1,1
ES,ES.BDCA.AQD,NET_ES131A,STA_ES0125A,,SP_28079017_14_6,SPP_28079017_14_6.1,SAM_28079017_14_6,O3,http://dd.eionet.europa.eu/vocabulary/aq/pollutant/7,hour,55.6099999900,µg/m3,2017-11-04 14:00:00 +01:00,2017-11-04 15:00:00 +01:00,1,1
ES,ES.BDCA.AQD,NET_ES131A,STA_ES0125A,,SP_28079017_14_6,SPP_28079017_14_6.1,SAM_28079017_14_6,O3,http://dd.eionet.europa.eu/vocabulary/aq/pollutant/7,hour,60.0499999900,µg/m3,2017-11-04 15:00:00 +01:00,2017-11-04 16:00:00 +01:00,1,1
ES,ES.BDCA.AQD,NET_ES131A,STA_ES0125A,,SP_28079017_14_6,SPP_28079017_14_6.1,SAM_28079017_14_6,O3,http://dd.eionet.europa.eu/vocabulary/aq/pollutant/7,hour,57.7000000000,µg/m3,2017-11-04 16:00:00 +01:00,2017-11-04 17:00:00 +01:00,1,1
ES,ES.BDCA.AQD,NET_ES131A,STA_ES0125A,,SP_28079017_14_6,SPP_28079017_14_6.1,SAM_28079017_14_6,O3,http://dd.eionet.europa.eu/vocabulary/aq/pollutant/7,hour,50.3500000000,µg/m3,2017-11-04 17:00:00 +01:00,2017-11-04 18:00:00 +01:00,1,1
ES,ES.BDCA.AQD,NET_ES131A,STA_ES0125A,,SP_28079017_14_6,SPP_28079017_14_6.1,SAM_28079017_14_6,O3,http://dd.eionet.europa.eu/vocabulary/aq/pollutant/7,hour,35.8999999900,µg/m3,2017-11-04 18:00:00 +01:00,2017-11-04 19:00:00 +01:00,1,1
ES,ES.BDCA.AQD,NET_ES131A,STA_ES0125A,,SP_28079017_14_6,SPP_28079017_14_6.1,SAM_28079017_14_6,O3,http://dd.eionet.europa.eu/vocabulary/aq/pollutant/7,hour,20.9800000000,µg/m3,2017-11-04 19:00:00 +01:00,2017-11-04 20:00:00 +01:00,1,1
ES,ES.BDCA.AQD,NET_ES131A,STA_ES0125A,,SP_28079017_14_6,SPP_28079017_14_6.1,SAM_28079017_14_6,O3,http://dd.eionet.europa.eu/vocabulary/aq/pollutant/7,hour,28.6999999900,µg/m3,2017-11-04 20:00:00 +01:00,2017-11-04 21:00:00 +01:00,1,1
ES,ES.BDCA.AQD,NET_ES131A,STA_ES0125A,,SP_28079017_14_6,SPP_28079017_14_6.1,SAM_28079017_14_6,O3,http://dd.eionet.europa.eu/vocabulary/aq/pollutant/7,hour,21.1499999900,µg/m3,2017-11-04 21:00:00 +01:00,2017-11-04 22:00:00 +01:00,1,1
ES,ES.BDCA.AQD,NET_ES131A,STA_ES0125A,,SP_28079017_14_6,SPP_28079017_14_6.1,SAM_28079017_14_6,O3,http://dd.eionet.europa.eu/vocabulary/aq/pollutant/7,hour,13.9100000000,µg/m3,2017-11-04 22:00:00 +01:00,2017-11-04 23:00:00 +01:00,1,1
ES,ES.BDCA.AQD,NET_ES131A,STA_ES0125A,,SP_28079017_14_6,SPP_28079017_14_6.1,SAM_28079017_14_6,O3,http://dd.eionet.europa.eu/vocabulary/aq/pollutant/7,hour,3.9600000000,µg/m3,2017-11-04 23:00:00 +01:00,2017-11-05 00:00:00 +01:00,1,1
ES,ES.BDCA.AQD,NET_ES131A,STA_ES0125A,,SP_28079017_14_6,SPP_28079017_14_6.1,SAM_28079017_14_6,O3,http://dd.eionet.europa.eu/vocabulary/aq/pollutant/7,hour,1.7600000000,µg/m3,2017-11-05 00:00:00 +01:00,2017-11-05 01:00:00 +01:00,1,1
ES,ES.BDCA.AQD,NET_ES131A,STA_ES0125A,,SP_28079017_14_6,SPP_28079017_14_6.1,SAM_28079017_14_6,O3,http://dd.eionet.europa.eu/vocabulary/aq/pollutant/7,hour,1.5400000000,µg/m3,2017-11-05 01:00:00 +01:00,2017-11-05 02:00:00 +01:00,1,1
ES,ES.BDCA.AQD,NET_ES131A,STA_ES0125A,,SP_28079017_14_6,SPP_28079017_14_6.1,SAM_28079017_14_6,O3,http://dd.eionet.europa.eu/vocabulary/aq/pollutant/7,hour,1.0400000000,µg/m3,2017-11-05 02:00:00 +01:00,2017-11-05 03:00:00 +01:00,1,1
ES,ES.BDCA.AQD,NET_ES131A,STA_ES0125A,,SP_28079017_14_6,SPP_28079017_14_6.1,SAM_28079017_14_6,O3,http://dd.eionet.europa.eu/vocabulary/aq/pollutant/7,hour,1.6499999900,µg/m3,2017-11-05 03:00:00 +01:00,2017-11-05 04:00:00 +01:00,1,1
ES,ES.BDCA.AQD,NET_ES131A,STA_ES0125A,,SP_28079017_14_6,SPP_28079017_14_6.1,SAM_28079017_14_6,O3,http://dd.eionet.europa.eu/vocabulary/aq/pollutant/7,hour,8.8900000000,µg/m3,2017-11-05 04:00:00 +01:00,2017-11-05 05:00:00 +01:00,1,1
ES,ES.BDCA.AQD,NET_ES131A,STA_ES0125A,,SP_28079017_14_6,SPP_28079017_14_6.1,SAM_28079017_14_6,O3,http://dd.eionet.europa.eu/vocabulary/aq/pollutant/7,hour,16.6200000000,µg/m3,2017-11-05 05:00:00 +01:00,2017-11-05 06:00:00 +01:00,1,1
ES,ES.BDCA.AQD,NET_ES131A,STA_ES0125A,,SP_28079017_14_6,SPP_28079017_14_6.1,SAM_28079017_14_6,O3,http://dd.eionet.europa.eu/vocabulary/aq/pollutant/7,hour,6.1200000000,µg/m3,2017-11-05 06:00:00 +01:00,2017-11-05 07:00:00 +01:00,1,1
ES,ES.BDCA.AQD,NET_ES131A,STA_ES0125A,,SP_28079017_14_6,SPP_28079017_14_6.1,SAM_28079017_14_6,O3,http://dd.eionet.europa.eu/vocabulary/aq/pollutant/7,hour,4.3899999900,µg/m3,2017-11-05 07:00:00 +01:00,2017-11-05 08:00:00 +01:00,1,1
ES,ES.BDCA.AQD,NET_ES131A,STA_ES0125A,,SP_28079017_14_6,SPP_28079017_14_6.1,SAM_28079017_14_6,O3,http://dd.eionet.europa.eu/vocabulary/aq/pollutant/7,hour,5.7199999900,µg/m3,2017-11-05 08:00:00 +01:00,2017-11-05 09:00:00 +01:00,1,1
ES,ES.BDCA.AQD,NET_ES131A,STA_ES0125A,,SP_28079017_14_6,SPP_28079017_14_6.1,SAM_28079017_14_6,O3,http://dd.eionet.europa.eu/vocabulary/aq/pollutant/7,hour,33.9699999900,µg/m3,2017-11-05 09:00:00 +01:00,2017-11-05 10:00:00 +01:00,1,1
ES,ES.BDCA.AQD,NET_ES131A,STA_ES0125A,,SP_28079017_14_6,SPP_28079017_14_6.1,SAM_28079017_14_6,O3,http://dd.eionet.europa.eu/vocabulary/aq/pollutant/7,hour,56.0000000000,µg/m3,2017-11-05 10:00:00 +01:00,2017-11-05 11:00:00 +01:00,1,1
ES,ES.BDCA.AQD,NET_ES131A,STA_ES0125A,,SP_28079017_14_6,SPP_28079017_14_6.1,SAM_28079017_14_6,O3,http://dd.eionet.europa.eu/vocabulary/aq/pollutant/7,hour,59.0300000000,µg/m3,2017-11-05 11:00:00 +01:00,2017-11-05 12:00:00 +01:00,1,1
ES,ES.BDCA.AQD,NET_ES131A,STA_ES0125A,,SP_28079017_14_6,SPP_28079017_14_6.1,SAM_28079017_14_6,O3,http://dd.eionet.europa.eu/vocabulary/aq/pollutant/7,hour,62.3599999900,µg/m3,2017-11-05 12:00:00 +01:00,2017-11-05 13:00:00 +01:00,1,1
ES,ES.BDCA.AQD,NET_ES131A,STA_ES0125A,,SP_28079017_14_6,SPP_28079017_14_6.1,SAM_28079017_14_6,O3,http://dd.eionet.europa.eu/vocabulary/aq/pollutant/7,hour,66.3700000000,µg/m3,2017-11-05 13:00:00 +01:00,2017-11-05 14:00:00 +01:00,1,1
ES,ES.BDCA.AQD,NET_ES131A,STA_ES0125A,,SP_28079017_14_6,SPP_28079017_14_6.1,SAM_28079017_14_6,O3,http://dd.eionet.europa.eu/vocabulary/aq/pollutant/7,hour,69.6099999900,µg/m3,2017-11-05 14:00:00 +01:00,2017-11-05 15:00:00 +01:00,1,1
ES,ES.BDCA.AQD,NET_ES131A,STA_ES0125A,,SP_28079017_14_6,SPP_28079017_14_6.1,SAM_28079017_14_6,O3,http://dd.eionet.europa.eu/vocabulary/aq/pollutant/7,hour,70.2300000000,µg/m3,2017-11-05 15:00:00 +01:00,2017-11-05 16:00:00 +01:00,1,1
ES,ES.BDCA.AQD,NET_ES131A,STA_ES0125A,,SP_28079017_14_6,SPP_28079017_14_6.1,SAM_28079017_14_6,O3,http://dd.eionet.europa.eu/vocabulary/aq/pollutant/7,hour,70.0699999900,µg/m3,2017-11-05 16:00:00 +01:00,2017-11-05 17:00:00 +01:00,1,1
ES,ES.BDCA.AQD,NET_ES131A,STA_ES0125A,,SP_28079017_14_6,SPP_28079017_14_6.1,SAM_28079017_14_6,O3,http://dd.eionet.europa.eu/vocabulary/aq/pollutant/7,hour,62.5099999900,µg/m3,2017-11-05 17:00:00 +01:00,2017-11-05 18:00:00 +01:00,1,1
ES,ES.BDCA.AQD,NET_ES131A,STA_ES0125A,,SP_28079017_14_6,SPP_28079017_14_6.1,SAM_28079017_14_6,O3,http://dd.eionet.europa.eu/vocabulary/aq/pollutant/7,hour,47.3999999900,µg/m3,2017-11-05 18:00:00 +01:00,2017-11-05 19:00:00 +01:00,1,1
ES,ES.BDCA.AQD,NET_ES131A,STA_ES0125A,,SP_28079017_14_6,SPP_28079017_14_6.1,SAM_28079017_14_6,O3,http://dd.eionet.europa.eu/vocabulary/aq/pollutant/7,hour,11.3000000000,µg/m3,2017-11-05 19:00:00 +01:00,2017-11-05 20:00:00 +01:00,1,1
ES,ES.BDCA.AQD,NET_ES131A,STA_ES0125A,,SP_28079017_14_6,SPP_28079017_14_6.1,SAM_28079017_14_6,O3,http://dd.eionet.europa.eu/vocabulary/aq/pollutant/7,hour,6.1399999900,µg/m3,2017-11-05 20:00:00 +01:00,2017-11-05 21:00:00 +01:00,1,1
ES,ES.BDCA.AQD,NET_ES131A,STA_ES0125A,,SP_28079017_14_6,SPP_28079017_14_6.1,SAM_28079017_14_6,O3,http://dd.eionet.europa.eu/vocabulary/aq/pollutant/7,hour,1.0700000000,µg/m3,2017-11-05 21:00:00 +01:00,2017-11-05 22:00:00 +01:00,1,1
ES,ES.BDCA.AQD,NET_ES131A,STA_ES0125A,,SP_28079017_14_6,SPP_28079017_14_6.1,SAM_28079017_14_6,O3,http://dd.eionet.europa.eu/vocabulary/aq/pollutant/7,hour,1.2500000000,µg/m3,2017-11-05 22:00:00 +01:00,2017-11-05 23:00:00 +01:00,1,1
ES,ES.BDCA.AQD,NET_ES131A,STA_ES0125A,,SP_28079017_14_6,SPP_28079017_14_6.1,SAM_28079017_14_6,O3,http://dd.eionet.europa.eu/vocabulary/aq/pollutant/7,hour,3.0299999900,µg/m3,2017-11-05 23:00:00 +01:00,2017-11-06 00:00:00 +01:00,1,1
ES,ES.BDCA.AQD,NET_ES131A,STA_ES0125A,,SP_28079017_14_6,SPP_28079017_14_6.1,SAM_28079017_14_6,O3,http://dd.eionet.europa.eu/vocabulary/aq/pollutant/7,hour,3.9100000000,µg/m3,2017-11-06 00:00:00 +01:00,2017-11-06 01:00:00 +01:00,1,1
ES,ES.BDCA.AQD,NET_ES131A,STA_ES0125A,,SP_28079017_14_6,SPP_28079017_14_6.1,SAM_28079017_14_6,O3,http://dd.eionet.europa.eu/vocabulary/aq/pollutant/7,hour,4.8399999900,µg/m3,2017-11-06 01:00:00 +01:00,2017-11-06 02:00:00 +01:00,1,1
ES,ES.BDCA.AQD,NET_ES131A,STA_ES0125A,,SP_28079017_14_6,SPP_28079017_14_6.1,SAM_28079017_14_6,O3,http://dd.eionet.europa.eu/vocabulary/aq/pollutant/7,hour,0.8900000000,µg/m3,2017-11-06 02:00:00 +01:00,2017-11-06 03:00:00 +01:00,1,1
ES,ES.BDCA.AQD,NET_ES131A,STA_ES0125A,,SP_28079017_14_6,SPP_28079017_14_6.1,SAM_28079017_14_6,O3,http://dd.eionet.europa.eu/vocabulary/aq/pollutant/7,hour,1.1399999900,µg/m3,2017-11-06 03:00:00 +01:00,2017-11-06 04:00:00 +01:00,1,1
ES,ES.BDCA.AQD,NET_ES131A,STA_ES0125A,,SP_28079017_14_6,SPP_28079017_14_6.1,SAM_28079017_14_6,O3,http://dd.eionet.europa.eu/vocabulary/aq/pollutant/7,hour,2.2000000000,µg/m3,2017-11-06 04:00:00 +01:00,2017-11-06 05:00:00 +01:00,1,1
ES,ES.BDCA.AQD,NET_ES131A,STA_ES0125A,,SP_28079017_14_6,SPP_28079017_14_6.1,SAM_28079017_14_6,O3,http://dd.eionet.europa.eu/vocabulary/aq/pollutant/7,hour,2.0899999900,µg/m3,2017-11-06 05:00:00 +01:00,2017-11-06 06:00:00 +01:00,1,1
ES,ES.BDCA.AQD,NET_ES131A,STA_ES0125A,,SP_28079017_14_6,SPP_28079017_14_6.1,SAM_28079017_14_6,O3,http://dd.eionet.europa.eu/vocabulary/aq/pollutant/7,hour,1.1299999900,µg/m3,2017-11-06 06:00:00 +01:00,2017-11-06 07:00:00 +01:00,1,1
ES,ES.BDCA.AQD,NET_ES131A,STA_ES0125A,,SP_28079017_14_6,SPP_28079017_14_6.1,SAM_28079017_14_6,O3,http://dd.eionet.europa.eu/vocabulary/aq/pollutant/7,hour,0.9600000000,µg/m3,2017-11-06 07:00:00 +01:00,2017-11-06 08:00:00 +01:00,1,1
ES,ES.BDCA.AQD,NET_ES131A,STA_ES0125A,,SP_28079017_14_6,SPP_28079017_14_6.1,SAM_28079017_14_6,O3,http://dd.eionet.europa.eu/vocabulary/aq/pollutant/7,hour,1.1200000000,µg/m3,2017-11-06 08:00:00 +01:00,2017-11-06 09:00:00 +01:00,1,1
ES,ES.BDCA.AQD,NET_ES131A,STA_ES0125A,,SP_28079017_14_6,SPP_28079017_14_6.1,SAM_28079017_14_6,O3,http://dd.eionet.europa.eu/vocabulary/aq/pollutant/7,hour,10.1000000000,µg/m3,2017-11-06 09:00:00 +01:00,2017-11-06 10:00:00 +01:00,1,1
ES,ES.BDCA.AQD,NET_ES131A,STA_ES0125A,,SP_28079017_14_6,SPP_28079017_14_6.1,SAM_28079017_14_6,O3,http://dd.eionet.europa.eu/vocabulary/aq/pollutant/7,hour,31.2700000000,µg/m3,2017-11-06 10:00:00 +01:00,2017-11-06 11:00:00 +01:00,1,1
ES,ES.BDCA.AQD,NET_ES131A,STA_ES0125A,,SP_28079017_14_6,SPP_28079017_14_6.1,SAM_28079017_14_6,O3,http://dd.eionet.europa.eu/vocabulary/aq/pollutant/7,hour,56.6300000000,µg/m3,2017-11-06 11:00:00 +01:00,2017-11-06 12:00:00 +01:00,1,1
ES,ES.BDCA.AQD,NET_ES131A,STA_ES0125A,,SP_28079017_14_6,SPP_28079017_14_6.1,SAM_28079017_14_6,O3,http://dd.eionet.europa.eu/vocabulary/aq/pollutant/7,hour,58.7800000000,µg/m3,2017-11-06 12:00:00 +01:00,2017-11-06 13:00:00 +01:00,1,1
ES,ES.BDCA.AQD,NET_ES131A,STA_ES0125A,,SP_28079017_14_6,SPP_28079017_14_6.1,SAM_28079017_14_6,O3,http://dd.eionet.europa.eu/vocabulary/aq/pollutant/7,hour,59.7999999900,µg/m3,2017-11-06 13:00:00 +01:00,2017-11-06 14:00:00 +01:00,1,1
ES,ES.BDCA.AQD,NET_ES131A,STA_ES0125A,,SP_28079017_14_6,SPP_28079017_14_6.1,SAM_28079017_14_6,O3,http://dd.eionet.europa.eu/vocabulary/aq/pollutant/7,hour,55.0799999900,µg/m3,2017-11-06 14:00:00 +01:00,2017-11-06 15:00:00 +01:00,1,1
ES,ES.BDCA.AQD,NET_ES131A,STA_ES0125A,,SP_28079017_14_6,SPP_28079017_14_6.1,SAM_28079017_14_6,O3,http://dd.eionet.europa.eu/vocabulary/aq/pollutant/7,hour,54.5000000000,µg/m3,2017-11-06 15:00:00 +01:00,2017-11-06 16:00:00 +01:00,1,1
ES,ES.BDCA.AQD,NET_ES131A,STA_ES0125A,,SP_28079017_14_6,SPP_28079017_14_6.1,SAM_28079017_14_6,O3,http://dd.eionet.europa.eu/vocabulary/aq/pollutant/7,hour,44.8800000000,µg/m3,2017-11-06 16:00:00 +01:00,2017-11-06 17:00:00 +01:00,1,1
ES,ES.BDCA.AQD,NET_ES131A,STA_ES0125A,,SP_28079017_14_6,SPP_28079017_14_6.1,SAM_28079017_14_6,O3,http://dd.eionet.europa.eu/vocabulary/aq/pollutant/7,hour,37.8299999900,µg/m3,2017-11-06 17:00:00 +01:00,2017-11-06 18:00:00 +01:00,1,1
ES,ES.BDCA.AQD,NET_ES131A,STA_ES0125A,,SP_28079017_14_6,SPP_28079017_14_6.1,SAM_28079017_14_6,O3,http://dd.eionet.europa.eu/vocabulary/aq/pollutant/7,hour,39.7700000000,µg/m3,2017-11-06 18:00:00 +01:00,2017-11-06 19:00:00 +01:00,1,1
ES,ES.BDCA.AQD,NET_ES131A,STA_ES0125A,,SP_28079017_14_6,SPP_28079017_14_6.1,SAM_28079017_14_6,O3,http://dd.eionet.europa.eu/vocabulary/aq/pollutant/7,hour,37.8599999900,µg/m3,2017-11-06 19:00:00 +01:00,2017-11-06 20:00:00 +01:00,1,1
ES,ES.BDCA.AQD,NET_ES131A,STA_ES0125A,,SP_28079017_14_6,SPP_28079017_14_6.1,SAM_28079017_14_6,O3,http://dd.eionet.europa.eu/vocabulary/aq/pollutant/7,hour,18.6200000000,µg/m3,2017-11-06 20:00:00 +01:00,2017-11-06 21:00:00 +01:00,1,1
ES,ES.BDCA.AQD,NET_ES131A,STA_ES0125A,,SP_28079017_14_6,SPP_28079017_14_6.1,SAM_28079017_14_6,O3,http://dd.eionet.europa.eu/vocabulary/aq/pollutant/7,hour,6.4100000000,µg/m3,2017-11-06 21:00:00 +01:00,2017-11-06 22:00:00 +01:00,1,1
ES,ES.BDCA.AQD,NET_ES131A,STA_ES0125A,,SP_28079017_14_6,SPP_28079017_14_6.1,SAM_28079017_14_6,O3,http://dd.eionet.europa.eu/vocabulary/aq/pollutant/7,hour,10.1700000000,µg/m3,2017-11-06 22:00:00 +01:00,2017-11-06 23:00:00 +01:00,1,1
ES,ES.BDCA.AQD,NET_ES131A,STA_ES0125A,,SP_28079017_14_6,SPP_28079017_14_6.1,SAM_28079017_14_6,O3,http://dd.eionet.europa.eu/vocabulary/aq/pollutant/7,hour,32.9300000000,µg/m3,2017-11-06 23:00:00 +01:00,2017-11-07 00:00:00 +01:00,1,1
ES,ES.BDCA.AQD,NET_ES131A,STA_ES0125A,,SP_28079017_14_6,SPP_28079017_14_6.1,SAM_28079017_14_6,O3,http://dd.eionet.europa.eu/vocabulary/aq/pollutant/7,hour,51.7599999900,µg/m3,2017-11-07 00:00:00 +01:00,2017-11-07 01:00:00 +01:00,1,1
ES,ES.BDCA.AQD,NET_ES131A,STA_ES0125A,,SP_28079017_14_6,SPP_28079017_14_6.1,SAM_28079017_14_6,O3,http://dd.eionet.europa.eu/vocabulary/aq/pollutant/7,hour,49.5600000000,µg/m3,2017-11-07 01:00:00 +01:00,2017-11-07 02:00:00 +01:00,1,1
ES,ES.BDCA.AQD,NET_ES131A,STA_ES0125A,,SP_28079017_14_6,SPP_28079017_14_6.1,SAM_28079017_14_6,O3,http://dd.eionet.europa.eu/vocabulary/aq/pollutant/7,hour,36.9500000000,µg/m3,2017-11-07 02:00:00 +01:00,2017-11-07 03:00:00 +01:00,1,1
ES,ES.BDCA.AQD,NET_ES131A,STA_ES0125A,,SP_28079017_14_6,SPP_28079017_14_6.1,SAM_28079017_14_6,O3,http://dd.eionet.europa.eu/vocabulary/aq/pollutant/7,hour,6.3200000000,µg/m3,2017-11-07 03:00:00 +01:00,2017-11-07 04:00:00 +01:00,1,1
ES,ES.BDCA.AQD,NET_ES131A,STA_ES0125A,,SP_28079017_14_6,SPP_28079017_14_6.1,SAM_28079017_14_6,O3,http://dd.eionet.europa.eu/vocabulary/aq/pollutant/7,hour,1.0400000000,µg/m3,2017-11-07 04:00:00 +01:00,2017-11-07 05:00:00 +01:00,1,1
ES,ES.BDCA.AQD,NET_ES131A,STA_ES0125A,,SP_28079017_14_6,SPP_28079017_14_6.1,SAM_28079017_14_6,O3,http://dd.eionet.europa.eu/vocabulary/aq/pollutant/7,hour,0.9500000000,µg/m3,2017-11-07 05:00:00 +01:00,2017-11-07 06:00:00 +01:00,1,1
ES,ES.BDCA.AQD,NET_ES131A,STA_ES0125A,,SP_28079017_14_6,SPP_28079017_14_6.1,SAM_28079017_14_6,O3,http://dd.eionet.europa.eu/vocabulary/aq/pollutant/7,hour,0.9600000000,µg/m3,2017-11-07 06:00:00 +01:00,2017-11-07 07:00:00 +01:00,1,1
ES,ES.BDCA.AQD,NET_ES131A,STA_ES0125A,,SP_28079017_14_6,SPP_28079017_14_6.1,SAM_28079017_14_6,O3,http://dd.eionet.europa.eu/vocabulary/aq/pollutant/7,hour,0.9000000000,µg/m3,2017-11-07 07:00:00 +01:00,2017-11-07 08:00:00 +01:00,1,1
ES,ES.BDCA.AQD,NET_ES131A,STA_ES0125A,,SP_28079017_14_6,SPP_28079017_14_6.1,SAM_28079017_14_6,O3,http://dd.eionet.europa.eu/vocabulary/aq/pollutant/7,hour,0.9500000000,µg/m3,2017-11-07 08:00:00 +01:00,2017-11-07 09:00:00 +01:00,1,1
ES,ES.BDCA.AQD,NET_ES131A,STA_ES0125A,,SP_28079017_14_6,SPP_28079017_14_6.1,SAM_28079017_14_6,O3,http://dd.eionet.europa.eu/vocabulary/aq/pollutant/7,hour,5.8399999900,µg/m3,2017-11-07 09:00:00 +01:00,2017-11-07 10:00:00 +01:00,1,1
ES,ES.BDCA.AQD,NET_ES131A,STA_ES0125A,,SP_28079017_14_6,SPP_28079017_14_6.1,SAM_28079017_14_6,O3,http://dd.eionet.europa.eu/vocabulary/aq/pollutant/7,hour,16.8500000000,µg/m3,2017-11-07 10:00:00 +01:00,2017-11-07 11:00:00 +01:00,1,1
ES,ES.BDCA.AQD,NET_ES131A,STA_ES0125A,,SP_28079017_14_6,SPP_28079017_14_6.1,SAM_28079017_14_6,O3,http://dd.eionet.europa.eu/vocabulary/aq/pollutant/7,hour,18.4200000000,µg/m3,2017-11-07 11:00:00 +01:00,2017-11-07 12:00:00 +01:00,1,1
ES,ES.BDCA.AQD,NET_ES131A,STA_ES0125A,,SP_28079017_14_6,SPP_28079017_14_6.1,SAM_28079017_14_6,O3,http://dd.eionet.europa.eu/vocabulary/aq/pollutant/7,hour,,µg/m3,2017-11-07 12:00:00 +01:00,2017-11-07 13:00:00 +01:00,-1,1
ES,ES.BDCA.AQD,NET_ES131A,STA_ES0125A,,SP_28079017_14_6,SPP_28079017_14_6.1,SAM_28079017_14_6,O3,http://dd.eionet.europa.eu/vocabulary/aq/pollutant/7,hour,22.6200000000,µg/m3,2017-11-07 13:00:00 +01:00,2017-11-07 14:00:00 +01:00,1,1
ES,ES.BDCA.AQD,NET_ES131A,STA_ES0125A,,SP_28079017_14_6,SPP_28079017_14_6.1,SAM_28079017_14_6,O3,http://dd.eionet.europa.eu/vocabulary/aq/pollutant/7,hour,36.2800000000,µg/m3,2017-11-07 14:00:00 +01:00,2017-11-07 15:00:00 +01:00,1,1
ES,ES.BDCA.AQD,NET_ES131A,STA_ES0125A,,SP_28079017_14_6,SPP_28079017_14_6.1,SAM_28079017_14_6,O3,http://dd.eionet.europa.eu/vocabulary/aq/pollutant/7,hour,39.3800000000,µg/m3,2017-11-07 15:00:00 +01:00,2017-11-07 16:00:00 +01:00,1,1
ES,ES.BDCA.AQD,NET_ES131A,STA_ES0125A,,SP_28079017_14_6,SPP_28079017_14_6.1,SAM_28079017_14_6,O3,http://dd.eionet.europa.eu/vocabulary/aq/pollutant/7,hour,35.4099999900,µg/m3,2017-11-07 16:00:00 +01:00,2017-11-07 17:00:00 +01:00,1,1
ES,ES.BDCA.AQD,NET_ES131A,STA_ES0125A,,SP_28079017_14_6,SPP_28079017_14_6.1,SAM_28079017_14_6,O3,http://dd.eionet.europa.eu/vocabulary/aq/pollutant/7,hour,16.5900000000,µg/m3,2017-11-07 17:00:00 +01:00,2017-11-07 18:00:00 +01:00,1,1
ES,ES.BDCA.AQD,NET_ES131A,STA_ES0125A,,SP_28079017_14_6,SPP_28079017_14_6.1,SAM_28079017_14_6,O3,http://dd.eionet.europa.eu/vocabulary/aq/pollutant/7,hour,3.1400000000,µg/m3,2017-11-07 18:00:00 +01:00,2017-11-07 19:00:00 +01:00,1,1
ES,ES.BDCA.AQD,NET_ES131A,STA_ES0125A,,SP_28079017_14_6,SPP_28079017_14_6.1,SAM_28079017_14_6,O3,http://dd.eionet.europa.eu/vocabulary/aq/pollutant/7,hour,2.9400000000,µg/m3,2017-11-07 19:00:00 +01:00,2017-11-07 20:00:00 +01:00,1,1
ES,ES.BDCA.AQD,NET_ES131A,STA_ES0125A,,SP_28079017_14_6,SPP_28079017_14_6.1,SAM_28079017_14_6,O3,http://dd.eionet.europa.eu/vocabulary/aq/pollutant/7,hour,5.6799999900,µg/m3,2017-11-07 20:00:00 +01:00,2017-11-07 21:00:00 +01:00,1,1
ES,ES.BDCA.AQD,NET_ES131A,STA_ES0125A,,SP_28079017_14_6,SPP_28079017_14_6.1,SAM_28079017_14_6,O3,http://dd.eionet.europa.eu/vocabulary/aq/pollutant/7,hour,0.9500000000,µg/m3,2017-11-07 21:00:00 +01:00,2017-11-07 22:00:00 +01:00,1,1
ES,ES.BDCA.AQD,NET_ES131A,STA_ES0125A,,SP_28079017_14_6,SPP_28079017_14_6.1,SAM_28079017_14_6,O3,http://dd.eionet.europa.eu/vocabulary/aq/pollutant/7,hour,0.8400000000,µg/m3,2017-11-07 22:00:00 +01:00,2017-11-07 23:00:00 +01:00,1,1
ES,ES.BDCA.AQD,NET_ES131A,STA_ES0125A,,SP_28079017_14_6,SPP_28079017_14_6.1,SAM_28079017_14_6,O3,http://dd.eionet.europa.eu/vocabulary/aq/pollutant/7,hour,0.9500000000,µg/m3,2017-11-07 23:00:00 +01:00,2017-11-08 00:00:00 +01:00,1,1
ES,ES.BDCA.AQD,NET_ES131A,STA_ES0125A,,SP_28079017_14_6,SPP_28079017_14_6.1,SAM_28079017_14_6,O3,http://dd.eionet.europa.eu/vocabulary/aq/pollutant/7,hour,0.9600000000,µg/m3,2017-11-08 00:00:00 +01:00,2017-11-08 01:00:00 +01:00,1,1
ES,ES.BDCA.AQD,NET_ES131A,STA_ES0125A,,SP_28079017_14_6,SPP_28079017_14_6.1,SAM_28079017_14_6,O3,http://dd.eionet.europa.eu/vocabulary/aq/pollutant/7,hour,1.4399999900,µg/m3,2017-11-08 01:00:00 +01:00,2017-11-08 02:00:00 +01:00,1,1
ES,ES.BDCA.AQD,NET_ES131A,STA_ES0125A,,SP_28079017_14_6,SPP_28079017_14_6.1,SAM_28079017_14_6,O3,http://dd.eionet.europa.eu/vocabulary/aq/pollutant/7,hour,0.9900000000,µg/m3,2017-11-08 02:00:00 +01:00,2017-11-08 03:00:00 +01:00,1,1
ES,ES.BDCA.AQD,NET_ES131A,STA_ES0125A,,SP_28079017_14_6,SPP_28079017_14_6.1,SAM_28079017_14_6,O3,http://dd.eionet.europa.eu/vocabulary/aq/pollutant/7,hour,0.7900000000,µg/m3,2017-11-08 03:00:00 +01:00,2017-11-08 04:00:00 +01:00,1,1
ES,ES.BDCA.AQD,NET_ES131A,STA_ES0125A,,SP_28079017_14_6,SPP_28079017_14_6.1,SAM_28079017_14_6,O3,http://dd.eionet.europa.eu/vocabulary/aq/pollutant/7,hour,0.8500000000,µg/m3,2017-11-08 04:00:00 +01:00,2017-11-08 05:00:00 +01:00,1,1
ES,ES.BDCA.AQD,NET_ES131A,STA_ES0125A,,SP_28079017_14_6,SPP_28079017_14_6.1,SAM_28079017_14_6,O3,http://dd.eionet.europa.eu/vocabulary/aq/pollutant/7,hour,1.0000000000,µg/m3,2017-11-08 05:00:00 +01:00,2017-11-08 06:00:00 +01:00,1,1
ES,ES.BDCA.AQD,NET_ES131A,STA_ES0125A,,SP_28079017_14_6,SPP_28079017_14_6.1,SAM_28079017_14_6,O3,http://dd.eionet.europa.eu/vocabulary/aq/pollutant/7,hour,0.9400000000,µg/m3,2017-11-08 06:00:00 +01:00,2017-11-08 07:00:00 +01:00,1,1
ES,ES.BDCA.AQD,NET_ES131A,STA_ES0125A,,SP_28079017_14_6,SPP_28079017_14_6.1,SAM_28079017_14_6,O3,http://dd.eionet.europa.eu/vocabulary/aq/pollutant/7,hour,1.0000000000,µg/m3,2017-11-08 07:00:00 +01:00,2017-11-08 08:00:00 +01:00,1,1
ES,ES.BDCA.AQD,NET_ES131A,STA_ES0125A,,SP_28079017_14_6,SPP_28079017_14_6.1,SAM_28079017_14_6,O3,http://dd.eionet.europa.eu/vocabulary/aq/pollutant/7,hour,0.8300000000,µg/m3,2017-11-08 08:00:00 +01:00,2017-11-08 09:00:00 +01:00,1,1
ES,ES.BDCA.AQD,NET_ES131A,STA_ES0125A,,SP_28079017_14_6,SPP_28079017_14_6.1,SAM_28079017_14_6,O3,http://dd.eionet.europa.eu/vocabulary/aq/pollutant/7,hour,9.6500000000,µg/m3,2017-11-08 09:00:00 +01:00,2017-11-08 10:00:00 +01:00,1,1
ES,ES.BDCA.AQD,NET_ES131A,STA_ES0125A,,SP_28079017_14_6,SPP_28079017_14_6.1,SAM_28079017_14_6,O3,http://dd.eionet.europa.eu/vocabulary/aq/pollutant/7,hour,38.3500000000,µg/m3,2017-11-08 10:00:00 +01:00,2017-11-08 11:00:00 +01:00,1,1
ES,ES.BDCA.AQD,NET_ES131A,STA_ES0125A,,SP_28079017_14_6,SPP_28079017_14_6.1,SAM_28079017_14_6,O3,http://dd.eionet.europa.eu/vocabulary/aq/pollutant/7,hour,57.1899999900,µg/m3,2017-11-08 11:00:00 +01:00,2017-11-08 12:00:00 +01:00,1,1
ES,ES.BDCA.AQD,NET_ES131A,STA_ES0125A,,SP_28079017_14_6,SPP_28079017_14_6.1,SAM_28079017_14_6,O3,http://dd.eionet.europa.eu/vocabulary/aq/pollutant/7,hour,59.0600000000,µg/m3,2017-11-08 12:00:00 +01:00,2017-11-08 13:00:00 +01:00,1,1
ES,ES.BDCA.AQD,NET_ES131A,STA_ES0125A,,SP_28079017_14_6,SPP_28079017_14_6.1,SAM_28079017_14_6,O3,http://dd.eionet.europa.eu/vocabulary/aq/pollutant/7,hour,57.7400000000,µg/m3,2017-11-08 13:00:00 +01:00,2017-11-08 14:00:00 +01:00,1,1
ES,ES.BDCA.AQD,NET_ES131A,STA_ES0125A,,SP_28079017_14_6,SPP_28079017_14_6.1,SAM_28079017_14_6,O3,http://dd.eionet.europa.eu/vocabulary/aq/pollutant/7,hour,52.9699999900,µg/m3,2017-11-08 14:00:00 +01:00,2017-11-08 15:00:00 +01:00,1,1
ES,ES.BDCA.AQD,NET_ES131A,STA_ES0125A,,SP_28079017_14_6,SPP_28079017_14_6.1,SAM_28079017_14_6,O3,http://dd.eionet.europa.eu/vocabulary/aq/pollutant/7,hour,62.6899999900,µg/m3,2017-11-08 15:00:00 +01:00,2017-11-08 16:00:00 +01:00,1,1
ES,ES.BDCA.AQD,NET_ES131A,STA_ES0125A,,SP_28079017_14_6,SPP_28079017_14_6.1,SAM_28079017_14_6,O3,http://dd.eionet.europa.eu/vocabulary/aq/pollutant/7,hour,52.3699999900,µg/m3,2017-11-08 16:00:00 +01:00,2017-11-08 17:00:00 +01:00,1,1
ES,ES.BDCA.AQD,NET_ES131A,STA_ES0125A,,SP_28079017_14_6,SPP_28079017_14_6.1,SAM_28079017_14_6,O3,http://dd.eionet.europa.eu/vocabulary/aq/pollutant/7,hour,53.2400000000,µg/m3,2017-11-08 17:00:00 +01:00,2017-11-08 18:00:00 +01:00,1,1
ES,ES.BDCA.AQD,NET_ES131A,STA_ES0125A,,SP_28079017_14_6,SPP_28079017_14_6.1,SAM_28079017_14_6,O3,http://dd.eionet.europa.eu/vocabulary/aq/pollutant/7,hour,26.9300000000,µg/m3,2017-11-08 18:00:00 +01:00,2017-11-08 19:00:00 +01:00,1,1
ES,ES.BDCA.AQD,NET_ES131A,STA_ES0125A,,SP_28079017_14_6,SPP_28079017_14_6.1,SAM_28079017_14_6,O3,http://dd.eionet.europa.eu/vocabulary/aq/pollutant/7,hour,4.3600000000,µg/m3,2017-11-08 19:00:00 +01:00,2017-11-08 20:00:00 +01:00,1,1
ES,ES.BDCA.AQD,NET_ES131A,STA_ES0125A,,SP_28079017_14_6,SPP_28079017_14_6.1,SAM_28079017_14_6,O3,http://dd.eionet.europa.eu/vocabulary/aq/pollutant/7,hour,31.4100000000,µg/m3,2017-11-08 20:00:00 +01:00,2017-11-08 21:00:00 +01:00,1,1
ES,ES.BDCA.AQD,NET_ES131A,STA_ES0125A,,SP_28079017_14_6,SPP_28079017_14_6.1,SAM_28079017_14_6,O3,http://dd.eionet.europa.eu/vocabulary/aq/pollutant/7,hour,54.8699999900,µg/m3,2017-11-08 21:00:00 +01:00,2017-11-08 22:00:00 +01:00,1,1
ES,ES.BDCA.AQD,NET_ES131A,STA_ES0125A,,SP_28079017_14_6,SPP_28079017_14_6.1,SAM_28079017_14_6,O3,http://dd.eionet.europa.eu/vocabulary/aq/pollutant/7,hour,54.2500000000,µg/m3,2017-11-08 22:00:00 +01:00,2017-11-08 23:00:00 +01:00,1,1
ES,ES.BDCA.AQD,NET_ES131A,STA_ES0125A,,SP_28079017_14_6,SPP_28079017_14_6.1,SAM_28079017_14_6,O3,http://dd.eionet.europa.eu/vocabulary/aq/pollutant/7,hour,62.2700000000,µg/m3,2017-11-08 23:00:00 +01:00,2017-11-09 00:00:00 +01:00,1,1
ES,ES.BDCA.AQD,NET_ES131A,STA_ES0125A,,SP_28079017_14_6,SPP_28079017_14_6.1,SAM_28079017_14_6,O3,http://dd.eionet.europa.eu/vocabulary/aq/pollutant/7,hour,61.4200000000,µg/m3,2017-11-09 00:00:00 +01:00,2017-11-09 01:00:00 +01:00,1,1
ES,ES.BDCA.AQD,NET_ES131A,STA_ES0125A,,SP_28079017_14_6,SPP_28079017_14_6.1,SAM_28079017_14_6,O3,http://dd.eionet.europa.eu/vocabulary/aq/pollutant/7,hour,56.2999999900,µg/m3,2017-11-09 01:00:00 +01:00,2017-11-09 02:00:00 +01:00,1,1
ES,ES.BDCA.AQD,NET_ES131A,STA_ES0125A,,SP_28079017_14_6,SPP_28079017_14_6.1,SAM_28079017_14_6,O3,http://dd.eionet.europa.eu/vocabulary/aq/pollutant/7,hour,51.7800000000,µg/m3,2017-11-09 02:00:00 +01:00,2017-11-09 03:00:00 +01:00,1,1
ES,ES.BDCA.AQD,NET_ES131A,STA_ES0125A,,SP_28079017_14_6,SPP_28079017_14_6.1,SAM_28079017_14_6,O3,http://dd.eionet.europa.eu/vocabulary/aq/pollutant/7,hour,44.7700000000,µg/m3,2017-11-09 03:00:00 +01:00,2017-11-09 04:00:00 +01:00,1,1
ES,ES.BDCA.AQD,NET_ES131A,STA_ES0125A,,SP_28079017_14_6,SPP_28079017_14_6.1,SAM_28079017_14_6,O3,http://dd.eionet.europa.eu/vocabulary/aq/pollutant/7,hour,55.2700000000,µg/m3,2017-11-09 04:00:00 +01:00,2017-11-09 05:00:00 +01:00,1,1
ES,ES.BDCA.AQD,NET_ES131A,STA_ES0125A,,SP_28079017_14_6,SPP_28079017_14_6.1,SAM_28079017_14_6,O3,http://dd.eionet.europa.eu/vocabulary/aq/pollutant/7,hour,28.7300000000,µg/m3,2017-11-09 05:00:00 +01:00,2017-11-09 06:00:00 +01:00,1,1
ES,ES.BDCA.AQD,NET_ES131A,STA_ES0125A,,SP_28079017_14_6,SPP_28079017_14_6.1,SAM_28079017_14_6,O3,http://dd.eionet.europa.eu/vocabulary/aq/pollutant/7,hour,8.4700000000,µg/m3,2017-11-09 06:00:00 +01:00,2017-11-09 07:00:00 +01:00,1,1
ES,ES.BDCA.AQD,NET_ES131A,STA_ES0125A,,SP_28079017_14_6,SPP_28079017_14_6.1,SAM_28079017_14_6,O3,http://dd.eionet.europa.eu/vocabulary/aq/pollutant/7,hour,2.5000000000,µg/m3,2017-11-09 07:00:00 +01:00,2017-11-09 08:00:00 +01:00,1,1
ES,ES.BDCA.AQD,NET_ES131A,STA_ES0125A,,SP_28079017_14_6,SPP_28079017_14_6.1,SAM_28079017_14_6,O3,http://dd.eionet.europa.eu/vocabulary/aq/pollutant/7,hour,1.6399999900,µg/m3,2017-11-09 08:00:00 +01:00,2017-11-09 09:00:00 +01:00,1,1
ES,ES.BDCA.AQD,NET_ES131A,STA_ES0125A,,SP_28079017_14_6,SPP_28079017_14_6.1,SAM_28079017_14_6,O3,http://dd.eionet.europa.eu/vocabulary/aq/pollutant/7,hour,9.6999999900,µg/m3,2017-11-09 09:00:00 +01:00,2017-11-09 10:00:00 +01:00,1,1
ES,ES.BDCA.AQD,NET_ES131A,STA_ES0125A,,SP_28079017_14_6,SPP_28079017_14_6.1,SAM_28079017_14_6,O3,http://dd.eionet.europa.eu/vocabulary/aq/pollutant/7,hour,39.7000000000,µg/m3,2017-11-09 10:00:00 +01:00,2017-11-09 11:00:00 +01:00,1,1
ES,ES.BDCA.AQD,NET_ES131A,STA_ES0125A,,SP_28079017_14_6,SPP_28079017_14_6.1,SAM_28079017_14_6,O3,http://dd.eionet.europa.eu/vocabulary/aq/pollutant/7,hour,63.7000000000,µg/m3,2017-11-09 11:00:00 +01:00,2017-11-09 12:00:00 +01:00,1,1
ES,ES.BDCA.AQD,NET_ES131A,STA_ES0125A,,SP_28079017_14_6,SPP_28079017_14_6.1,SAM_28079017_14_6,O3,http://dd.eionet.europa.eu/vocabulary/aq/pollutant/7,hour,72.1899999900,µg/m3,2017-11-09 12:00:00 +01:00,2017-11-09 13:00:00 +01:00,1,1
ES,ES.BDCA.AQD,NET_ES131A,STA_ES0125A,,SP_28079017_14_6,SPP_28079017_14_6.1,SAM_28079017_14_6,O3,http://dd.eionet.europa.eu/vocabulary/aq/pollutant/7,hour,71.2999999900,µg/m3,2017-11-09 13:00:00 +01:00,2017-11-09 14:00:00 +01:00,1,1
ES,ES.BDCA.AQD,NET_ES131A,STA_ES0125A,,SP_28079017_14_6,SPP_28079017_14_6.1,SAM_28079017_14_6,O3,http://dd.eionet.europa.eu/vocabulary/aq/pollutant/7,hour,73.0400000000,µg/m3,2017-11-09 14:00:00 +01:00,2017-11-09 15:00:00 +01:00,1,1
ES,ES.BDCA.AQD,NET_ES131A,STA_ES0125A,,SP_28079017_14_6,SPP_28079017_14_6.1,SAM_28079017_14_6,O3,http://dd.eionet.europa.eu/vocabulary/aq/pollutant/7,hour,74.0799999900,µg/m3,2017-11-09 15:00:00 +01:00,2017-11-09 16:00:00 +01:00,1,1
ES,ES.BDCA.AQD,NET_ES131A,STA_ES0125A,,SP_28079017_14_6,SPP_28079017_14_6.1,SAM_28079017_14_6,O3,http://dd.eionet.europa.eu/vocabulary/aq/pollutant/7,hour,73.2099999900,µg/m3,2017-11-09 16:00:00 +01:00,2017-11-09 17:00:00 +01:00,1,1
ES,ES.BDCA.AQD,NET_ES131A,STA_ES0125A,,SP_28079017_14_6,SPP_28079017_14_6.1,SAM_28079017_14_6,O3,http://dd.eionet.europa.eu/vocabulary/aq/pollutant/7,hour,63.9900000000,µg/m3,2017-11-09 17:00:00 +01:00,2017-11-09 18:00:00 +01:00,1,1
ES,ES.BDCA.AQD,NET_ES131A,STA_ES0125A,,SP_28079017_14_6,SPP_28079017_14_6.1,SAM_28079017_14_6,O3,http://dd.eionet.europa.eu/vocabulary/aq/pollutant/7,hour,51.0000000000,µg/m3,2017-11-09 18:00:00 +01:00,2017-11-09 19:00:00 +01:00,1,1
ES,ES.BDCA.AQD,NET_ES131A,STA_ES0125A,,SP_28079017_14_6,SPP_28079017_14_6.1,SAM_28079017_14_6,O3,http://dd.eionet.europa.eu/vocabulary/aq/pollutant/7,hour,44.9900000000,µg/m3,2017-11-09 19:00:00 +01:00,2017-11-09 20:00:00 +01:00,1,1
ES,ES.BDCA.AQD,NET_ES131A,STA_ES0125A,,SP_28079017_14_6,SPP_28079017_14_6.1,SAM_28079017_14_6,O3,http://dd.eionet.europa.eu/vocabulary/aq/pollutant/7,hour,33.5600000000,µg/m3,2017-11-09 20:00:00 +01:00,2017-11-09 21:00:00 +01:00,1,1
ES,ES.BDCA.AQD,NET_ES131A,STA_ES0125A,,SP_28079017_14_6,SPP_28079017_14_6.1,SAM_28079017_14_6,O3,http://dd.eionet.europa.eu/vocabulary/aq/pollutant/7,hour,24.8299999900,µg/m3,2017-11-09 21:00:00 +01:00,2017-11-09 22:00:00 +01:00,1,1
ES,ES.BDCA.AQD,NET_ES131A,STA_ES0125A,,SP_28079017_14_6,SPP_28079017_14_6.1,SAM_28079017_14_6,O3,http://dd.eionet.europa.eu/vocabulary/aq/pollutant/7,hour,22.1499999900,µg/m3,2017-11-09 22:00:00 +01:00,2017-11-09 23:00:00 +01:00,1,1
ES,ES.BDCA.AQD,NET_ES131A,STA_ES0125A,,SP_28079017_14_6,SPP_28079017_14_6.1,SAM_28079017_14_6,O3,http://dd.eionet.europa.eu/vocabulary/aq/pollutant/7,hour,39.3900000000,µg/m3,2017-11-09 23:00:00 +01:00,2017-11-10 00:00:00 +01:00,1,1
ES,ES.BDCA.AQD,NET_ES131A,STA_ES0125A,,SP_28079017_14_6,SPP_28079017_14_6.1,SAM_28079017_14_6,O3,http://dd.eionet.europa.eu/vocabulary/aq/pollutant/7,hour,48.7299999900,µg/m3,2017-11-10 00:00:00 +01:00,2017-11-10 01:00:00 +01:00,1,1
ES,ES.BDCA.AQD,NET_ES131A,STA_ES0125A,,SP_28079017_14_6,SPP_28079017_14_6.1,SAM_28079017_14_6,O3,http://dd.eionet.europa.eu/vocabulary/aq/pollutant/7,hour,50.8800000000,µg/m3,2017-11-10 01:00:00 +01:00,2017-11-10 02:00:00 +01:00,1,1
ES,ES.BDCA.AQD,NET_ES131A,STA_ES0125A,,SP_28079017_14_6,SPP_28079017_14_6.1,SAM_28079017_14_6,O3,http://dd.eionet.europa.eu/vocabulary/aq/pollutant/7,hour,37.2299999900,µg/m3,2017-11-10 02:00:00 +01:00,2017-11-10 03:00:00 +01:00,1,1
ES,ES.BDCA.AQD,NET_ES131A,STA_ES0125A,,SP_28079017_14_6,SPP_28079017_14_6.1,SAM_28079017_14_6,O3,http://dd.eionet.europa.eu/vocabulary/aq/pollutant/7,hour,12.6199999900,µg/m3,2017-11-10 03:00:00 +01:00,2017-11-10 04:00:00 +01:00,1,1
ES,ES.BDCA.AQD,NET_ES131A,STA_ES0125A,,SP_28079017_14_6,SPP_28079017_14_6.1,SAM_28079017_14_6,O3,http://dd.eionet.europa.eu/vocabulary/aq/pollutant/7,hour,2.8100000000,µg/m3,2017-11-10 04:00:00 +01:00,2017-11-10 05:00:00 +01:00,1,1
ES,ES.BDCA.AQD,NET_ES131A,STA_ES0125A,,SP_28079017_14_6,SPP_28079017_14_6.1,SAM_28079017_14_6,O3,http://dd.eionet.europa.eu/vocabulary/aq/pollutant/7,hour,1.0400000000,µg/m3,2017-11-10 05:00:00 +01:00,2017-11-10 06:00:00 +01:00,1,1
ES,ES.BDCA.AQD,NET_ES131A,STA_ES0125A,,SP_28079017_14_6,SPP_28079017_14_6.1,SAM_28079017_14_6,O3,http://dd.eionet.europa.eu/vocabulary/aq/pollutant/7,hour,0.9800000000,µg/m3,2017-11-10 06:00:00 +01:00,2017-11-10 07:00:00 +01:00,1,1
ES,ES.BDCA.AQD,NET_ES131A,STA_ES0125A,,SP_28079017_14_6,SPP_28079017_14_6.1,SAM_28079017_14_6,O3,http://dd.eionet.europa.eu/vocabulary/aq/pollutant/7,hour,0.9400000000,µg/m3,2017-11-10 07:00:00 +01:00,2017-11-10 08:00:00 +01:00,1,1
ES,ES.BDCA.AQD,NET_ES131A,STA_ES0125A,,SP_28079017_14_6,SPP_28079017_14_6.1,SAM_28079017_14_6,O3,http://dd.eionet.europa.eu/vocabulary/aq/pollutant/7,hour,1.0600000000,µg/m3,2017-11-10 08:00:00 +01:00,2017-11-10 09:00:00 +01:00,1,1
ES,ES.BDCA.AQD,NET_ES131A,STA_ES0125A,,SP_28079017_14_6,SPP_28079017_14_6.1,SAM_28079017_14_6,O3,http://dd.eionet.europa.eu/vocabulary/aq/pollutant/7,hour,3.2400000000,µg/m3,2017-11-10 09:00:00 +01:00,2017-11-10 10:00:00 +01:00,1,1
ES,ES.BDCA.AQD,NET_ES131A,STA_ES0125A,,SP_28079017_14_6,SPP_28079017_14_6.1,SAM_28079017_14_6,O3,http://dd.eionet.europa.eu/vocabulary/aq/pollutant/7,hour,6.4199999900,µg/m3,2017-11-10 10:00:00 +01:00,2017-11-10 11:00:00 +01:00,1,1
ES,ES.BDCA.AQD,NET_ES131A,STA_ES0125A,,SP_28079017_14_6,SPP_28079017_14_6.1,SAM_28079017_14_6,O3,http://dd.eionet.europa.eu/vocabulary/aq/pollutant/7,hour,15.6099999900,µg/m3,2017-11-10 11:00:00 +01:00,2017-11-10 12:00:00 +01:00,1,1
ES,ES.BDCA.AQD,NET_ES131A,STA_ES0125A,,SP_28079017_14_6,SPP_28079017_14_6.1,SAM_28079017_14_6,O3,http://dd.eionet.europa.eu/vocabulary/aq/pollutant/7,hour,33.0300000000,µg/m3,2017-11-10 12:00:00 +01:00,2017-11-10 13:00:00 +01:00,1,1
ES,ES.BDCA.AQD,NET_ES131A,STA_ES0125A,,SP_28079017_14_6,SPP_28079017_14_6.1,SAM_28079017_14_6,O3,http://dd.eionet.europa.eu/vocabulary/aq/pollutant/7,hour,50.2400000000,µg/m3,2017-11-10 13:00:00 +01:00,2017-11-10 14:00:00 +01:00,1,1
ES,ES.BDCA.AQD,NET_ES131A,STA_ES0125A,,SP_28079017_14_6,SPP_28079017_14_6.1,SAM_28079017_14_6,O3,http://dd.eionet.europa.eu/vocabulary/aq/pollutant/7,hour,64.0100000000,µg/m3,2017-11-10 14:00:00 +01:00,2017-11-10 15:00:00 +01:00,1,1
ES,ES.BDCA.AQD,NET_ES131A,STA_ES0125A,,SP_28079017_14_6,SPP_28079017_14_6.1,SAM_28079017_14_6,O3,http://dd.eionet.europa.eu/vocabulary/aq/pollutant/7,hour,62.0900000000,µg/m3,2017-11-10 15:00:00 +01:00,2017-11-10 16:00:00 +01:00,1,1
ES,ES.BDCA.AQD,NET_ES131A,STA_ES0125A,,SP_28079017_14_6,SPP_28079017_14_6.1,SAM_28079017_14_6,O3,http://dd.eionet.europa.eu/vocabulary/aq/pollutant/7,hour,60.5900000000,µg/m3,2017-11-10 16:00:00 +01:00,2017-11-10 17:00:00 +01:00,1,1
ES,ES.BDCA.AQD,NET_ES131A,STA_ES0125A,,SP_28079017_14_6,SPP_28079017_14_6.1,SAM_28079017_14_6,O3,http://dd.eionet.europa.eu/vocabulary/aq/pollutant/7,hour,48.1000000000,µg/m3,2017-11-10 17:00:00 +01:00,2017-11-10 18:00:00 +01:00,1,1
ES,ES.BDCA.AQD,NET_ES131A,STA_ES0125A,,SP_28079017_14_6,SPP_28079017_14_6.1,SAM_28079017_14_6,O3,http://dd.eionet.europa.eu/vocabulary/aq/pollutant/7,hour,36.5399999900,µg/m3,2017-11-10 18:00:00 +01:00,2017-11-10 19:00:00 +01:00,1,1
ES,ES.BDCA.AQD,NET_ES131A,STA_ES0125A,,SP_28079017_14_6,SPP_28079017_14_6.1,SAM_28079017_14_6,O3,http://dd.eionet.europa.eu/vocabulary/aq/pollutant/7,hour,23.7500000000,µg/m3,2017-11-10 19:00:00 +01:00,2017-11-10 20:00:00 +01:00,1,1
ES,ES.BDCA.AQD,NET_ES131A,STA_ES0125A,,SP_28079017_14_6,SPP_28079017_14_6.1,SAM_28079017_14_6,O3,http://dd.eionet.europa.eu/vocabulary/aq/pollutant/7,hour,2.1000000000,µg/m3,2017-11-10 20:00:00 +01:00,2017-11-10 21:00:00 +01:00,1,1
ES,ES.BDCA.AQD,NET_ES131A,STA_ES0125A,,SP_28079017_14_6,SPP_28079017_14_6.1,SAM_28079017_14_6,O3,http://dd.eionet.europa.eu/vocabulary/aq/pollutant/7,hour,2.2999999900,µg/m3,2017-11-10 21:00:00 +01:00,2017-11-10 22:00:00 +01:00,1,1
ES,ES.BDCA.AQD,NET_ES131A,STA_ES0125A,,SP_28079017_14_6,SPP_28079017_14_6.1,SAM_28079017_14_6,O3,http://dd.eionet.europa.eu/vocabulary/aq/pollutant/7,hour,2.1699999900,µg/m3,2017-11-10 22:00:00 +01:00,2017-11-10 23:00:00 +01:00,1,1
ES,ES.BDCA.AQD,NET_ES131A,STA_ES0125A,,SP_28079017_14_6,SPP_28079017_14_6.1,SAM_28079017_14_6,O3,http://dd.eionet.europa.eu/vocabulary/aq/pollutant/7,hour,1.8700000000,µg/m3,2017-11-10 23:00:00 +01:00,2017-11-11 00:00:00 +01:00,1,1
ES,ES.BDCA.AQD,NET_ES131A,STA_ES0125A,,SP_28079017_14_6,SPP_28079017_14_6.1,SAM_28079017_14_6,O3,http://dd.eionet.europa.eu/vocabulary/aq/pollutant/7,hour,1.8899999900,µg/m3,2017-11-11 00:00:00 +01:00,2017-11-11 01:00:00 +01:00,1,1
ES,ES.BDCA.AQD,NET_ES131A,STA_ES0125A,,SP_28079017_14_6,SPP_28079017_14_6.1,SAM_28079017_14_6,O3,http://dd.eionet.europa.eu/vocabulary/aq/pollutant/7,hour,1.7900000000,µg/m3,2017-11-11 01:00:00 +01:00,2017-11-11 02:00:00 +01:00,1,1
ES,ES.BDCA.AQD,NET_ES131A,STA_ES0125A,,SP_28079017_14_6,SPP_28079017_14_6.1,SAM_28079017_14_6,O3,http://dd.eionet.europa.eu/vocabulary/aq/pollutant/7,hour,1.5900000000,µg/m3,2017-11-11 02:00:00 +01:00,2017-11-11 03:00:00 +01:00,1,1
ES,ES.BDCA.AQD,NET_ES131A,STA_ES0125A,,SP_28079017_14_6,SPP_28079017_14_6.1,SAM_28079017_14_6,O3,http://dd.eionet.europa.eu/vocabulary/aq/pollutant/7,hour,1.4900000000,µg/m3,2017-11-11 03:00:00 +01:00,2017-11-11 04:00:00 +01:00,1,1
ES,ES.BDCA.AQD,NET_ES131A,STA_ES0125A,,SP_28079017_14_6,SPP_28079017_14_6.1,SAM_28079017_14_6,O3,http://dd.eionet.europa.eu/vocabulary/aq/pollutant/7,hour,1.3300000000,µg/m3,2017-11-11 04:00:00 +01:00,2017-11-11 05:00:00 +01:00,1,1
ES,ES.BDCA.AQD,NET_ES131A,STA_ES0125A,,SP_28079017_14_6,SPP_28079017_14_6.1,SAM_28079017_14_6,O3,http://dd.eionet.europa.eu/vocabulary/aq/pollutant/7,hour,1.2000000000,µg/m3,2017-11-11 05:00:00 +01:00,2017-11-11 06:00:00 +01:00,1,1
ES,ES.BDCA.AQD,NET_ES131A,STA_ES0125A,,SP_28079017_14_6,SPP_28079017_14_6.1,SAM_28079017_14_6,O3,http://dd.eionet.europa.eu/vocabulary/aq/pollutant/7,hour,1.2000000000,µg/m3,2017-11-11 06:00:00 +01:00,2017-11-11 07:00:00 +01:00,1,1
ES,ES.BDCA.AQD,NET_ES131A,STA_ES0125A,,SP_28079017_14_6,SPP_28079017_14_6.1,SAM_28079017_14_6,O3,http://dd.eionet.europa.eu/vocabulary/aq/pollutant/7,hour,0.8200000000,µg/m3,2017-11-11 07:00:00 +01:00,2017-11-11 08:00:00 +01:00,1,1
ES,ES.BDCA.AQD,NET_ES131A,STA_ES0125A,,SP_28079017_14_6,SPP_28079017_14_6.1,SAM_28079017_14_6,O3,http://dd.eionet.europa.eu/vocabulary/aq/pollutant/7,hour,1.1100000000,µg/m3,2017-11-11 08:00:00 +01:00,2017-11-11 09:00:00 +01:00,1,1
ES,ES.BDCA.AQD,NET_ES131A,STA_ES0125A,,SP_28079017_14_6,SPP_28079017_14_6.1,SAM_28079017_14_6,O3,http://dd.eionet.europa.eu/vocabulary/aq/pollutant/7,hour,2.2700000000,µg/m3,2017-11-11 09:00:00 +01:00,2017-11-11 10:00:00 +01:00,1,1
ES,ES.BDCA.AQD,NET_ES131A,STA_ES0125A,,SP_28079017_14_6,SPP_28079017_14_6.1,SAM_28079017_14_6,O3,http://dd.eionet.europa.eu/vocabulary/aq/pollutant/7,hour,8.1899999900,µg/m3,2017-11-11 10:00:00 +01:00,2017-11-11 11:00:00 +01:00,1,1
ES,ES.BDCA.AQD,NET_ES131A,STA_ES0125A,,SP_28079017_14_6,SPP_28079017_14_6.1,SAM_28079017_14_6,O3,http://dd.eionet.europa.eu/vocabulary/aq/pollutant/7,hour,25.2800000000,µg/m3,2017-11-11 11:00:00 +01:00,2017-11-11 12:00:00 +01:00,1,1
ES,ES.BDCA.AQD,NET_ES131A,STA_ES0125A,,SP_28079017_14_6,SPP_28079017_14_6.1,SAM_28079017_14_6,O3,http://dd.eionet.europa.eu/vocabulary/aq/pollutant/7,hour,29.2800000000,µg/m3,2017-11-11 12:00:00 +01:00,2017-11-11 13:00:00 +01:00,1,1
ES,ES.BDCA.AQD,NET_ES131A,STA_ES0125A,,SP_28079017_14_6,SPP_28079017_14_6.1,SAM_28079017_14_6,O3,http://dd.eionet.europa.eu/vocabulary/aq/pollutant/7,hour,35.3100000000,µg/m3,2017-11-11 13:00:00 +01:00,2017-11-11 14:00:00 +01:00,1,1
ES,ES.BDCA.AQD,NET_ES131A,STA_ES0125A,,SP_28079017_14_6,SPP_28079017_14_6.1,SAM_28079017_14_6,O3,http://dd.eionet.europa.eu/vocabulary/aq/pollutant/7,hour,41.1599999900,µg/m3,2017-11-11 14:00:00 +01:00,2017-11-11 15:00:00 +01:00,1,1
ES,ES.BDCA.AQD,NET_ES131A,STA_ES0125A,,SP_28079017_14_6,SPP_28079017_14_6.1,SAM_28079017_14_6,O3,http://dd.eionet.europa.eu/vocabulary/aq/pollutant/7,hour,46.0300000000,µg/m3,2017-11-11 15:00:00 +01:00,2017-11-11 16:00:00 +01:00,1,1
ES,ES.BDCA.AQD,NET_ES131A,STA_ES0125A,,SP_28079017_14_6,SPP_28079017_14_6.1,SAM_28079017_14_6,O3,http://dd.eionet.europa.eu/vocabulary/aq/pollutant/7,hour,41.1199999900,µg/m3,2017-11-11 16:00:00 +01:00,2017-11-11 17:00:00 +01:00,1,1
ES,ES.BDCA.AQD,NET_ES131A,STA_ES0125A,,SP_28079017_14_6,SPP_28079017_14_6.1,SAM_28079017_14_6,O3,http://dd.eionet.europa.eu/vocabulary/aq/pollutant/7,hour,15.6800000000,µg/m3,2017-11-11 17:00:00 +01:00,2017-11-11 18:00:00 +01:00,1,1
ES,ES.BDCA.AQD,NET_ES131A,STA_ES0125A,,SP_28079017_14_6,SPP_28079017_14_6.1,SAM_28079017_14_6,O3,http://dd.eionet.europa.eu/vocabulary/aq/pollutant/7,hour,1.9199999900,µg/m3,2017-11-11 18:00:00 +01:00,2017-11-11 19:00:00 +01:00,1,1
ES,ES.BDCA.AQD,NET_ES131A,STA_ES0125A,,SP_28079017_14_6,SPP_28079017_14_6.1,SAM_28079017_14_6,O3,http://dd.eionet.europa.eu/vocabulary/aq/pollutant/7,hour,1.3999999900,µg/m3,2017-11-11 19:00:00 +01:00,2017-11-11 20:00:00 +01:00,1,1
ES,ES.BDCA.AQD,NET_ES131A,STA_ES0125A,,SP_28079017_14_6,SPP_28079017_14_6.1,SAM_28079017_14_6,O3,http://dd.eionet.europa.eu/vocabulary/aq/pollutant/7,hour,1.6000000000,µg/m3,2017-11-11 20:00:00 +01:00,2017-11-11 21:00:00 +01:00,1,1
ES,ES.BDCA.AQD,NET_ES131A,STA_ES0125A,,SP_28079017_14_6,SPP_28079017_14_6.1,SAM_28079017_14_6,O3,http://dd.eionet.europa.eu/vocabulary/aq/pollutant/7,hour,1.8899999900,µg/m3,2017-11-11 21:00:00 +01:00,2017-11-11 22:00:00 +01:00,1,1
ES,ES.BDCA.AQD,NET_ES131A,STA_ES0125A,,SP_28079017_14_6,SPP_28079017_14_6.1,SAM_28079017_14_6,O3,http://dd.eionet.europa.eu/vocabulary/aq/pollutant/7,hour,1.6699999900,µg/m3,2017-11-11 22:00:00 +01:00,2017-11-11 23:00:00 +01:00,1,1
ES,ES.BDCA.AQD,NET_ES131A,STA_ES0125A,,SP_28079017_14_6,SPP_28079017_14_6.1,SAM_28079017_14_6,O3,http://dd.eionet.europa.eu/vocabulary/aq/pollutant/7,hour,1.5500000000,µg/m3,2017-11-11 23:00:00 +01:00,2017-11-12 00:00:00 +01:00,1,1
ES,ES.BDCA.AQD,NET_ES131A,STA_ES0125A,,SP_28079017_14_6,SPP_28079017_14_6.1,SAM_28079017_14_6,O3,http://dd.eionet.europa.eu/vocabulary/aq/pollutant/7,hour,1.4700000000,µg/m3,2017-11-12 00:00:00 +01:00,2017-11-12 01:00:00 +01:00,1,1
ES,ES.BDCA.AQD,NET_ES131A,STA_ES0125A,,SP_28079017_14_6,SPP_28079017_14_6.1,SAM_28079017_14_6,O3,http://dd.eionet.europa.eu/vocabulary/aq/pollutant/7,hour,1.3500000000,µg/m3,2017-11-12 01:00:00 +01:00,2017-11-12 02:00:00 +01:00,1,1
ES,ES.BDCA.AQD,NET_ES131A,STA_ES0125A,,SP_28079017_14_6,SPP_28079017_14_6.1,SAM_28079017_14_6,O3,http://dd.eionet.europa.eu/vocabulary/aq/pollutant/7,hour,1.2000000000,µg/m3,2017-11-12 02:00:00 +01:00,2017-11-12 03:00:00 +01:00,1,1
ES,ES.BDCA.AQD,NET_ES131A,STA_ES0125A,,SP_28079017_14_6,SPP_28079017_14_6.1,SAM_28079017_14_6,O3,http://dd.eionet.europa.eu/vocabulary/aq/pollutant/7,hour,1.2600000000,µg/m3,2017-11-12 03:00:00 +01:00,2017-11-12 04:00:00 +01:00,1,1
ES,ES.BDCA.AQD,NET_ES131A,STA_ES0125A,,SP_28079017_14_6,SPP_28079017_14_6.1,SAM_28079017_14_6,O3,http://dd.eionet.europa.eu/vocabulary/aq/pollutant/7,hour,1.0000000000,µg/m3,2017-11-12 04:00:00 +01:00,2017-11-12 05:00:00 +01:00,1,1
ES,ES.BDCA.AQD,NET_ES131A,STA_ES0125A,,SP_28079017_14_6,SPP_28079017_14_6.1,SAM_28079017_14_6,O3,http://dd.eionet.europa.eu/vocabulary/aq/pollutant/7,hour,1.0800000000,µg/m3,2017-11-12 05:00:00 +01:00,2017-11-12 06:00:00 +01:00,1,1
ES,ES.BDCA.AQD,NET_ES131A,STA_ES0125A,,SP_28079017_14_6,SPP_28079017_14_6.1,SAM_28079017_14_6,O3,http://dd.eionet.europa.eu/vocabulary/aq/pollutant/7,hour,0.7600000000,µg/m3,2017-11-12 06:00:00 +01:00,2017-11-12 07:00:00 +01:00,1,1
ES,ES.BDCA.AQD,NET_ES131A,STA_ES0125A,,SP_28079017_14_6,SPP_28079017_14_6.1,SAM_28079017_14_6,O3,http://dd.eionet.europa.eu/vocabulary/aq/pollutant/7,hour,1.0000000000,µg/m3,2017-11-12 07:00:00 +01:00,2017-11-12 08:00:00 +01:00,1,1
ES,ES.BDCA.AQD,NET_ES131A,STA_ES0125A,,SP_28079017_14_6,SPP_28079017_14_6.1,SAM_28079017_14_6,O3,http://dd.eionet.europa.eu/vocabulary/aq/pollutant/7,hour,0.9800000000,µg/m3,2017-11-12 08:00:00 +01:00,2017-11-12 09:00:00 +01:00,1,1
ES,ES.BDCA.AQD,NET_ES131A,STA_ES0125A,,SP_28079017_14_6,SPP_28079017_14_6.1,SAM_28079017_14_6,O3,http://dd.eionet.europa.eu/vocabulary/aq/pollutant/7,hour,2.1499999900,µg/m3,2017-11-12 09:00:00 +01:00,2017-11-12 10:00:00 +01:00,1,1
ES,ES.BDCA.AQD,NET_ES131A,STA_ES0125A,,SP_28079017_14_6,SPP_28079017_14_6.1,SAM_28079017_14_6,O3,http://dd.eionet.europa.eu/vocabulary/aq/pollutant/7,hour,10.4900000000,µg/m3,2017-11-12 10:00:00 +01:00,2017-11-12 11:00:00 +01:00,1,1
ES,ES.BDCA.AQD,NET_ES131A,STA_ES0125A,,SP_28079017_14_6,SPP_28079017_14_6.1,SAM_28079017_14_6,O3,http://dd.eionet.europa.eu/vocabulary/aq/pollutant/7,hour,18.3299999900,µg/m3,2017-11-12 11:00:00 +01:00,2017-11-12 12:00:00 +01:00,1,1
ES,ES.BDCA.AQD,NET_ES131A,STA_ES0125A,,SP_28079017_14_6,SPP_28079017_14_6.1,SAM_28079017_14_6,O3,http://dd.eionet.europa.eu/vocabulary/aq/pollutant/7,hour,32.8800000000,µg/m3,2017-11-12 12:00:00 +01:00,2017-11-12 13:00:00 +01:00,1,1
ES,ES.BDCA.AQD,NET_ES131A,STA_ES0125A,,SP_28079017_14_6,SPP_28079017_14_6.1,SAM_28079017_14_6,O3,http://dd.eionet.europa.eu/vocabulary/aq/pollutant/7,hour,44.1400000000,µg/m3,2017-11-12 13:00:00 +01:00,2017-11-12 14:00:00 +01:00,1,1
ES,ES.BDCA.AQD,NET_ES131A,STA_ES0125A,,SP_28079017_14_6,SPP_28079017_14_6.1,SAM_28079017_14_6,O3,http://dd.eionet.europa.eu/vocabulary/aq/pollutant/7,hour,44.5200000000,µg/m3,2017-11-12 14:00:00 +01:00,2017-11-12 15:00:00 +01:00,1,1
ES,ES.BDCA.AQD,NET_ES131A,STA_ES0125A,,SP_28079017_14_6,SPP_28079017_14_6.1,SAM_28079017_14_6,O3,http://dd.eionet.europa.eu/vocabulary/aq/pollutant/7,hour,47.4200000000,µg/m3,2017-11-12 15:00:00 +01:00,2017-11-12 16:00:00 +01:00,1,1
ES,ES.BDCA.AQD,NET_ES131A,STA_ES0125A,,SP_28079017_14_6,SPP_28079017_14_6.1,SAM_28079017_14_6,O3,http://dd.eionet.europa.eu/vocabulary/aq/pollutant/7,hour,44.8900000000,µg/m3,2017-11-12 16:00:00 +01:00,2017-11-12 17:00:00 +01:00,1,1
ES,ES.BDCA.AQD,NET_ES131A,STA_ES0125A,,SP_28079017_14_6,SPP_28079017_14_6.1,SAM_28079017_14_6,O3,http://dd.eionet.europa.eu/vocabulary/aq/pollutant/7,hour,25.5000000000,µg/m3,2017-11-12 17:00:00 +01:00,2017-11-12 18:00:00 +01:00,1,1
ES,ES.BDCA.AQD,NET_ES131A,STA_ES0125A,,SP_28079017_14_6,SPP_28079017_14_6.1,SAM_28079017_14_6,O3,http://dd.eionet.europa.eu/vocabulary/aq/pollutant/7,hour,19.9800000000,µg/m3,2017-11-12 18:00:00 +01:00,2017-11-12 19:00:00 +01:00,1,1
ES,ES.BDCA.AQD,NET_ES131A,STA_ES0125A,,SP_28079017_14_6,SPP_28079017_14_6.1,SAM_28079017_14_6,O3,http://dd.eionet.europa.eu/vocabulary/aq/pollutant/7,hour,12.0900000000,µg/m3,2017-11-12 19:00:00 +01:00,2017-11-12 20:00:00 +01:00,1,1
ES,ES.BDCA.AQD,NET_ES131A,STA_ES0125A,,SP_28079017_14_6,SPP_28079017_14_6.1,SAM_28079017_14_6,O3,http://dd.eionet.europa.eu/vocabulary/aq/pollutant/7,hour,2.1499999900,µg/m3,2017-11-12 20:00:00 +01:00,2017-11-12 21:00:00 +01:00,1,1
ES,ES.BDCA.AQD,NET_ES131A,STA_ES0125A,,SP_28079017_14_6,SPP_28079017_14_6.1,SAM_28079017_14_6,O3,http://dd.eionet.europa.eu/vocabulary/aq/pollutant/7,hour,2.0200000000,µg/m3,2017-11-12 21:00:00 +01:00,2017-11-12 22:00:00 +01:00,1,1
ES,ES.BDCA.AQD,NET_ES131A,STA_ES0125A,,SP_28079017_14_6,SPP_28079017_14_6.1,SAM_28079017_14_6,O3,http://dd.eionet.europa.eu/vocabulary/aq/pollutant/7,hour,1.7900000000,µg/m3,2017-11-12 22:00:00 +01:00,2017-11-12 23:00:00 +01:00,1,1
ES,ES.BDCA.AQD,NET_ES131A,STA_ES0125A,,SP_28079017_14_6,SPP_28079017_14_6.1,SAM_28079017_14_6,O3,http://dd.eionet.europa.eu/vocabulary/aq/pollutant/7,hour,2.0899999900,µg/m3,2017-11-12 23:00:00 +01:00,2017-11-13 00:00:00 +01:00,1,1
ES,ES.BDCA.AQD,NET_ES131A,STA_ES0125A,,SP_28079017_14_6,SPP_28079017_14_6.1,SAM_28079017_14_6,O3,http://dd.eionet.europa.eu/vocabulary/aq/pollutant/7,hour,1.2600000000,µg/m3,2017-11-13 00:00:00 +01:00,2017-11-13 01:00:00 +01:00,1,1
ES,ES.BDCA.AQD,NET_ES131A,STA_ES0125A,,SP_28079017_14_6,SPP_28079017_14_6.1,SAM_28079017_14_6,O3,http://dd.eionet.europa.eu/vocabulary/aq/pollutant/7,hour,1.3600000000,µg/m3,2017-11-13 01:00:00 +01:00,2017-11-13 02:00:00 +01:00,1,1
ES,ES.BDCA.AQD,NET_ES131A,STA_ES0125A,,SP_28079017_14_6,SPP_28079017_14_6.1,SAM_28079017_14_6,O3,http://dd.eionet.europa.eu/vocabulary/aq/pollutant/7,hour,1.3799999900,µg/m3,2017-11-13 02:00:00 +01:00,2017-11-13 03:00:00 +01:00,1,1
ES,ES.BDCA.AQD,NET_ES131A,STA_ES0125A,,SP_28079017_14_6,SPP_28079017_14_6.1,SAM_28079017_14_6,O3,http://dd.eionet.europa.eu/vocabulary/aq/pollutant/7,hour,1.2700000000,µg/m3,2017-11-13 03:00:00 +01:00,2017-11-13 04:00:00 +01:00,1,1
ES,ES.BDCA.AQD,NET_ES131A,STA_ES0125A,,SP_28079017_14_6,SPP_28079017_14_6.1,SAM_28079017_14_6,O3,http://dd.eionet.europa.eu/vocabulary/aq/pollutant/7,hour,0.9700000000,µg/m3,2017-11-13 04:00:00 +01:00,2017-11-13 05:00:00 +01:00,1,1
ES,ES.BDCA.AQD,NET_ES131A,STA_ES0125A,,SP_28079017_14_6,SPP_28079017_14_6.1,SAM_28079017_14_6,O3,http://dd.eionet.europa.eu/vocabulary/aq/pollutant/7,hour,0.9200000000,µg/m3,2017-11-13 05:00:00 +01:00,2017-11-13 06:00:00 +01:00,1,1
ES,ES.BDCA.AQD,NET_ES131A,STA_ES0125A,,SP_28079017_14_6,SPP_28079017_14_6.1,SAM_28079017_14_6,O3,http://dd.eionet.europa.eu/vocabulary/aq/pollutant/7,hour,0.9200000000,µg/m3,2017-11-13 06:00:00 +01:00,2017-11-13 07:00:00 +01:00,1,1
ES,ES.BDCA.AQD,NET_ES131A,STA_ES0125A,,SP_28079017_14_6,SPP_28079017_14_6.1,SAM_28079017_14_6,O3,http://dd.eionet.europa.eu/vocabulary/aq/pollutant/7,hour,0.9900000000,µg/m3,2017-11-13 07:00:00 +01:00,2017-11-13 08:00:00 +01:00,1,1
ES,ES.BDCA.AQD,NET_ES131A,STA_ES0125A,,SP_28079017_14_6,SPP_28079017_14_6.1,SAM_28079017_14_6,O3,http://dd.eionet.europa.eu/vocabulary/aq/pollutant/7,hour,1.1499999900,µg/m3,2017-11-13 08:00:00 +01:00,2017-11-13 09:00:00 +01:00,1,1
ES,ES.BDCA.AQD,NET_ES131A,STA_ES0125A,,SP_28079017_14_6,SPP_28079017_14_6.1,SAM_28079017_14_6,O3,http://dd.eionet.europa.eu/vocabulary/aq/pollutant/7,hour,3.0000000000,µg/m3,2017-11-13 09:00:00 +01:00,2017-11-13 10:00:00 +01:00,1,1
ES,ES.BDCA.AQD,NET_ES131A,STA_ES0125A,,SP_28079017_14_6,SPP_28079017_14_6.1,SAM_28079017_14_6,O3,http://dd.eionet.europa.eu/vocabulary/aq/pollutant/7,hour,11.1400000000,µg/m3,2017-11-13 10:00:00 +01:00,2017-11-13 11:00:00 +01:00,1,1
ES,ES.BDCA.AQD,NET_ES131A,STA_ES0125A,,SP_28079017_14_6,SPP_28079017_14_6.1,SAM_28079017_14_6,O3,http://dd.eionet.europa.eu/vocabulary/aq/pollutant/7,hour,54.7999999900,µg/m3,2017-11-13 11:00:00 +01:00,2017-11-13 12:00:00 +01:00,1,1
ES,ES.BDCA.AQD,NET_ES131A,STA_ES0125A,,SP_28079017_14_6,SPP_28079017_14_6.1,SAM_28079017_14_6,O3,http://dd.eionet.europa.eu/vocabulary/aq/pollutant/7,hour,68.9399999900,µg/m3,2017-11-13 12:00:00 +01:00,2017-11-13 13:00:00 +01:00,1,1
ES,ES.BDCA.AQD,NET_ES131A,STA_ES0125A,,SP_28079017_14_6,SPP_28079017_14_6.1,SAM_28079017_14_6,O3,http://dd.eionet.europa.eu/vocabulary/aq/pollutant/7,hour,81.7900000000,µg/m3,2017-11-13 13:00:00 +01:00,2017-11-13 14:00:00 +01:00,1,1
ES,ES.BDCA.AQD,NET_ES131A,STA_ES0125A,,SP_28079017_14_6,SPP_28079017_14_6.1,SAM_28079017_14_6,O3,http://dd.eionet.europa.eu/vocabulary/aq/pollutant/7,hour,82.7000000000,µg/m3,2017-11-13 14:00:00 +01:00,2017-11-13 15:00:00 +01:00,1,1
ES,ES.BDCA.AQD,NET_ES131A,STA_ES0125A,,SP_28079017_14_6,SPP_28079017_14_6.1,SAM_28079017_14_6,O3,http://dd.eionet.europa.eu/vocabulary/aq/pollutant/7,hour,78.7999999900,µg/m3,2017-11-13 15:00:00 +01:00,2017-11-13 16:00:00 +01:00,1,1
ES,ES.BDCA.AQD,NET_ES131A,STA_ES0125A,,SP_28079017_14_6,SPP_28079017_14_6.1,SAM_28079017_14_6,O3,http://dd.eionet.europa.eu/vocabulary/aq/pollutant/7,hour,72.9099999900,µg/m3,2017-11-13 16:00:00 +01:00,2017-11-13 17:00:00 +01:00,1,1
ES,ES.BDCA.AQD,NET_ES131A,STA_ES0125A,,SP_28079017_14_6,SPP_28079017_14_6.1,SAM_28079017_14_6,O3,http://dd.eionet.europa.eu/vocabulary/aq/pollutant/7,hour,68.8599999900,µg/m3,2017-11-13 17:00:00 +01:00,2017-11-13 18:00:00 +01:00,1,1
ES,ES.BDCA.AQD,NET_ES131A,STA_ES0125A,,SP_28079017_14_6,SPP_28079017_14_6.1,SAM_28079017_14_6,O3,http://dd.eionet.europa.eu/vocabulary/aq/pollutant/7,hour,48.5600000000,µg/m3,2017-11-13 18:00:00 +01:00,2017-11-13 19:00:00 +01:00,1,1
ES,ES.BDCA.AQD,NET_ES131A,STA_ES0125A,,SP_28079017_14_6,SPP_28079017_14_6.1,SAM_28079017_14_6,O3,http://dd.eionet.europa.eu/vocabulary/aq/pollutant/7,hour,41.1700000000,µg/m3,2017-11-13 19:00:00 +01:00,2017-11-13 20:00:00 +01:00,1,1
ES,ES.BDCA.AQD,NET_ES131A,STA_ES0125A,,SP_28079017_14_6,SPP_28079017_14_6.1,SAM_28079017_14_6,O3,http://dd.eionet.europa.eu/vocabulary/aq/pollutant/7,hour,42.4500000000,µg/m3,2017-11-13 20:00:00 +01:00,2017-11-13 21:00:00 +01:00,1,1
ES,ES.BDCA.AQD,NET_ES131A,STA_ES0125A,,SP_28079017_14_6,SPP_28079017_14_6.1,SAM_28079017_14_6,O3,http://dd.eionet.europa.eu/vocabulary/aq/pollutant/7,hour,41.7599999900,µg/m3,2017-11-13 21:00:00 +01:00,2017-11-13 22:00:00 +01:00,1,1
ES,ES.BDCA.AQD,NET_ES131A,STA_ES0125A,,SP_28079017_14_6,SPP_28079017_14_6.1,SAM_28079017_14_6,O3,http://dd.eionet.europa.eu/vocabulary/aq/pollutant/7,hour,41.5300000000,µg/m3,2017-11-13 22:00:00 +01:00,2017-11-13 23:00:00 +01:00,1,1
ES,ES.BDCA.AQD,NET_ES131A,STA_ES0125A,,SP_28079017_14_6,SPP_28079017_14_6.1,SAM_28079017_14_6,O3,http://dd.eionet.europa.eu/vocabulary/aq/pollutant/7,hour,49.2000000000,µg/m3,2017-11-13 23:00:00 +01:00,2017-11-14 00:00:00 +01:00,1,1
ES,ES.BDCA.AQD,NET_ES131A,STA_ES0125A,,SP_28079017_14_6,SPP_28079017_14_6.1,SAM_28079017_14_6,O3,http://dd.eionet.europa.eu/vocabulary/aq/pollutant/7,hour,30.3200000000,µg/m3,2017-11-14 00:00:00 +01:00,2017-11-14 01:00:00 +01:00,1,1
ES,ES.BDCA.AQD,NET_ES131A,STA_ES0125A,,SP_28079017_14_6,SPP_28079017_14_6.1,SAM_28079017_14_6,O3,http://dd.eionet.europa.eu/vocabulary/aq/pollutant/7,hour,33.8599999900,µg/m3,2017-11-14 01:00:00 +01:00,2017-11-14 02:00:00 +01:00,1,1
ES,ES.BDCA.AQD,NET_ES131A,STA_ES0125A,,SP_28079017_14_6,SPP_28079017_14_6.1,SAM_28079017_14_6,O3,http://dd.eionet.europa.eu/vocabulary/aq/pollutant/7,hour,44.5499999900,µg/m3,2017-11-14 02:00:00 +01:00,2017-11-14 03:00:00 +01:00,1,1
ES,ES.BDCA.AQD,NET_ES131A,STA_ES0125A,,SP_28079017_14_6,SPP_28079017_14_6.1,SAM_28079017_14_6,O3,http://dd.eionet.europa.eu/vocabulary/aq/pollutant/7,hour,39.4699999900,µg/m3,2017-11-14 03:00:00 +01:00,2017-11-14 04:00:00 +01:00,1,1
ES,ES.BDCA.AQD,NET_ES131A,STA_ES0125A,,SP_28079017_14_6,SPP_28079017_14_6.1,SAM_28079017_14_6,O3,http://dd.eionet.europa.eu/vocabulary/aq/pollutant/7,hour,30.5000000000,µg/m3,2017-11-14 04:00:00 +01:00,2017-11-14 05:00:00 +01:00,1,1
ES,ES.BDCA.AQD,NET_ES131A,STA_ES0125A,,SP_28079017_14_6,SPP_28079017_14_6.1,SAM_28079017_14_6,O3,http://dd.eionet.europa.eu/vocabulary/aq/pollutant/7,hour,13.4000000000,µg/m3,2017-11-14 05:00:00 +01:00,2017-11-14 06:00:00 +01:00,1,1
ES,ES.BDCA.AQD,NET_ES131A,STA_ES0125A,,SP_28079017_14_6,SPP_28079017_14_6.1,SAM_28079017_14_6,O3,http://dd.eionet.europa.eu/vocabulary/aq/pollutant/7,hour,1.4399999900,µg/m3,2017-11-14 06:00:00 +01:00,2017-11-14 07:00:00 +01:00,1,1
ES,ES.BDCA.AQD,NET_ES131A,STA_ES0125A,,SP_28079017_14_6,SPP_28079017_14_6.1,SAM_28079017_14_6,O3,http://dd.eionet.europa.eu/vocabulary/aq/pollutant/7,hour,1.4099999900,µg/m3,2017-11-14 07:00:00 +01:00,2017-11-14 08:00:00 +01:00,1,1
ES,ES.BDCA.AQD,NET_ES131A,STA_ES0125A,,SP_28079017_14_6,SPP_28079017_14_6.1,SAM_28079017_14_6,O3,http://dd.eionet.europa.eu/vocabulary/aq/pollutant/7,hour,1.9800000000,µg/m3,2017-11-14 08:00:00 +01:00,2017-11-14 09:00:00 +01:00,1,1
ES,ES.BDCA.AQD,NET_ES131A,STA_ES0125A,,SP_28079017_14_6,SPP_28079017_14_6.1,SAM_28079017_14_6,O3,http://dd.eionet.europa.eu/vocabulary/aq/pollutant/7,hour,7.1200000000,µg/m3,2017-11-14 09:00:00 +01:00,2017-11-14 10:00:00 +01:00,1,1
ES,ES.BDCA.AQD,NET_ES131A,STA_ES0125A,,SP_28079017_14_6,SPP_28079017_14_6.1,SAM_28079017_14_6,O3,http://dd.eionet.europa.eu/vocabulary/aq/pollutant/7,hour,11.5900000000,µg/m3,2017-11-14 10:00:00 +01:00,2017-11-14 11:00:00 +01:00,1,1
ES,ES.BDCA.AQD,NET_ES131A,STA_ES0125A,,SP_28079017_14_6,SPP_28079017_14_6.1,SAM_28079017_14_6,O3,http://dd.eionet.europa.eu/vocabulary/aq/pollutant/7,hour,11.1899999900,µg/m3,2017-11-14 11:00:00 +01:00,2017-11-14 12:00:00 +01:00,1,1
ES,ES.BDCA.AQD,NET_ES131A,STA_ES0125A,,SP_28079017_14_6,SPP_28079017_14_6.1,SAM_28079017_14_6,O3,http://dd.eionet.europa.eu/vocabulary/aq/pollutant/7,hour,16.2399999900,µg/m3,2017-11-14 12:00:00 +01:00,2017-11-14 13:00:00 +01:00,1,1
ES,ES.BDCA.AQD,NET_ES131A,STA_ES0125A,,SP_28079017_14_6,SPP_28079017_14_6.1,SAM_28079017_14_6,O3,http://dd.eionet.europa.eu/vocabulary/aq/pollutant/7,hour,20.3599999900,µg/m3,2017-11-14 13:00:00 +01:00,2017-11-14 14:00:00 +01:00,1,1
ES,ES.BDCA.AQD,NET_ES131A,STA_ES0125A,,SP_28079017_14_6,SPP_28079017_14_6.1,SAM_28079017_14_6,O3,http://dd.eionet.europa.eu/vocabulary/aq/pollutant/7,hour,33.7700000000,µg/m3,2017-11-14 14:00:00 +01:00,2017-11-14 15:00:00 +01:00,1,1
ES,ES.BDCA.AQD,NET_ES131A,STA_ES0125A,,SP_28079017_14_6,SPP_28079017_14_6.1,SAM_28079017_14_6,O3,http://dd.eionet.europa.eu/vocabulary/aq/pollutant/7,hour,30.4699999900,µg/m3,2017-11-14 15:00:00 +01:00,2017-11-14 16:00:00 +01:00,1,1
ES,ES.BDCA.AQD,NET_ES131A,STA_ES0125A,,SP_28079017_14_6,SPP_28079017_14_6.1,SAM_28079017_14_6,O3,http://dd.eionet.europa.eu/vocabulary/aq/pollutant/7,hour,28.1900000000,µg/m3,2017-11-14 16:00:00 +01:00,2017-11-14 17:00:00 +01:00,1,1
ES,ES.BDCA.AQD,NET_ES131A,STA_ES0125A,,SP_28079017_14_6,SPP_28079017_14_6.1,SAM_28079017_14_6,O3,http://dd.eionet.europa.eu/vocabulary/aq/pollutant/7,hour,11.2200000000,µg/m3,2017-11-14 17:00:00 +01:00,2017-11-14 18:00:00 +01:00,1,1
ES,ES.BDCA.AQD,NET_ES131A,STA_ES0125A,,SP_28079017_14_6,SPP_28079017_14_6.1,SAM_28079017_14_6,O3,http://dd.eionet.europa.eu/vocabulary/aq/pollutant/7,hour,1.9199999900,µg/m3,2017-11-14 18:00:00 +01:00,2017-11-14 19:00:00 +01:00,1,1
ES,ES.BDCA.AQD,NET_ES131A,STA_ES0125A,,SP_28079017_14_6,SPP_28079017_14_6.1,SAM_28079017_14_6,O3,http://dd.eionet.europa.eu/vocabulary/aq/pollutant/7,hour,2.2000000000,µg/m3,2017-11-14 19:00:00 +01:00,2017-11-14 20:00:00 +01:00,1,1
ES,ES.BDCA.AQD,NET_ES131A,STA_ES0125A,,SP_28079017_14_6,SPP_28079017_14_6.1,SAM_28079017_14_6,O3,http://dd.eionet.europa.eu/vocabulary/aq/pollutant/7,hour,2.0200000000,µg/m3,2017-11-14 20:00:00 +01:00,2017-11-14 21:00:00 +01:00,1,1
ES,ES.BDCA.AQD,NET_ES131A,STA_ES0125A,,SP_28079017_14_6,SPP_28079017_14_6.1,SAM_28079017_14_6,O3,http://dd.eionet.europa.eu/vocabulary/aq/pollutant/7,hour,1.8999999900,µg/m3,2017-11-14 21:00:00 +01:00,2017-11-14 22:00:00 +01:00,1,1
ES,ES.BDCA.AQD,NET_ES131A,STA_ES0125A,,SP_28079017_14_6,SPP_28079017_14_6.1,SAM_28079017_14_6,O3,http://dd.eionet.europa.eu/vocabulary/aq/pollutant/7,hour,1.7700000000,µg/m3,2017-11-14 22:00:00 +01:00,2017-11-14 23:00:00 +01:00,1,1
ES,ES.BDCA.AQD,NET_ES131A,STA_ES0125A,,SP_28079017_14_6,SPP_28079017_14_6.1,SAM_28079017_14_6,O3,http://dd.eionet.europa.eu/vocabulary/aq/pollutant/7,hour,1.4199999900,µg/m3,2017-11-14 23:00:00 +01:00,2017-11-15 00:00:00 +01:00,1,1
ES,ES.BDCA.AQD,NET_ES131A,STA_ES0125A,,SP_28079017_14_6,SPP_28079017_14_6.1,SAM_28079017_14_6,O3,http://dd.eionet.europa.eu/vocabulary/aq/pollutant/7,hour,1.3100000000,µg/m3,2017-11-15 00:00:00 +01:00,2017-11-15 01:00:00 +01:00,1,1
ES,ES.BDCA.AQD,NET_ES131A,STA_ES0125A,,SP_28079017_14_6,SPP_28079017_14_6.1,SAM_28079017_14_6,O3,http://dd.eionet.europa.eu/vocabulary/aq/pollutant/7,hour,0.8300000000,µg/m3,2017-11-15 01:00:00 +01:00,2017-11-15 02:00:00 +01:00,1,1
ES,ES.BDCA.AQD,NET_ES131A,STA_ES0125A,,SP_28079017_14_6,SPP_28079017_14_6.1,SAM_28079017_14_6,O3,http://dd.eionet.europa.eu/vocabulary/aq/pollutant/7,hour,0.9200000000,µg/m3,2017-11-15 02:00:00 +01:00,2017-11-15 03:00:00 +01:00,1,1
ES,ES.BDCA.AQD,NET_ES131A,STA_ES0125A,,SP_28079017_14_6,SPP_28079017_14_6.1,SAM_28079017_14_6,O3,http://dd.eionet.europa.eu/vocabulary/aq/pollutant/7,hour,0.7700000000,µg/m3,2017-11-15 03:00:00 +01:00,2017-11-15 04:00:00 +01:00,1,1
ES,ES.BDCA.AQD,NET_ES131A,STA_ES0125A,,SP_28079017_14_6,SPP_28079017_14_6.1,SAM_28079017_14_6,O3,http://dd.eionet.europa.eu/vocabulary/aq/pollutant/7,hour,0.8300000000,µg/m3,2017-11-15 04:00:00 +01:00,2017-11-15 05:00:00 +01:00,1,1
ES,ES.BDCA.AQD,NET_ES131A,STA_ES0125A,,SP_28079017_14_6,SPP_28079017_14_6.1,SAM_28079017_14_6,O3,http://dd.eionet.europa.eu/vocabulary/aq/pollutant/7,hour,0.8300000000,µg/m3,2017-11-15 05:00:00 +01:00,2017-11-15 06:00:00 +01:00,1,1
ES,ES.BDCA.AQD,NET_ES131A,STA_ES0125A,,SP_28079017_14_6,SPP_28079017_14_6.1,SAM_28079017_14_6,O3,http://dd.eionet.europa.eu/vocabulary/aq/pollutant/7,hour,0.8300000000,µg/m3,2017-11-15 06:00:00 +01:00,2017-11-15 07:00:00 +01:00,1,1
ES,ES.BDCA.AQD,NET_ES131A,STA_ES0125A,,SP_28079017_14_6,SPP_28079017_14_6.1,SAM_28079017_14_6,O3,http://dd.eionet.europa.eu/vocabulary/aq/pollutant/7,hour,0.9000000000,µg/m3,2017-11-15 07:00:00 +01:00,2017-11-15 08:00:00 +01:00,1,1
ES,ES.BDCA.AQD,NET_ES131A,STA_ES0125A,,SP_28079017_14_6,SPP_28079017_14_6.1,SAM_28079017_14_6,O3,http://dd.eionet.europa.eu/vocabulary/aq/pollutant/7,hour,0.8000000000,µg/m3,2017-11-15 08:00:00 +01:00,2017-11-15 09:00:00 +01:00,1,1
ES,ES.BDCA.AQD,NET_ES131A,STA_ES0125A,,SP_28079017_14_6,SPP_28079017_14_6.1,SAM_28079017_14_6,O3,http://dd.eionet.europa.eu/vocabulary/aq/pollutant/7,hour,1.4099999900,µg/m3,2017-11-15 09:00:00 +01:00,2017-11-15 10:00:00 +01:00,1,1
ES,ES.BDCA.AQD,NET_ES131A,STA_ES0125A,,SP_28079017_14_6,SPP_28079017_14_6.1,SAM_28079017_14_6,O3,http://dd.eionet.europa.eu/vocabulary/aq/pollutant/7,hour,5.8600000000,µg/m3,2017-11-15 10:00:00 +01:00,2017-11-15 11:00:00 +01:00,1,1
ES,ES.BDCA.AQD,NET_ES131A,STA_ES0125A,,SP_28079017_14_6,SPP_28079017_14_6.1,SAM_28079017_14_6,O3,http://dd.eionet.europa.eu/vocabulary/aq/pollutant/7,hour,17.4200000000,µg/m3,2017-11-15 11:00:00 +01:00,2017-11-15 12:00:00 +01:00,1,1
ES,ES.BDCA.AQD,NET_ES131A,STA_ES0125A,,SP_28079017_14_6,SPP_28079017_14_6.1,SAM_28079017_14_6,O3,http://dd.eionet.europa.eu/vocabulary/aq/pollutant/7,hour,19.8999999900,µg/m3,2017-11-15 12:00:00 +01:00,2017-11-15 13:00:00 +01:00,1,1
ES,ES.BDCA.AQD,NET_ES131A,STA_ES0125A,,SP_28079017_14_6,SPP_28079017_14_6.1,SAM_28079017_14_6,O3,http://dd.eionet.europa.eu/vocabulary/aq/pollutant/7,hour,26.3099999900,µg/m3,2017-11-15 13:00:00 +01:00,2017-11-15 14:00:00 +01:00,1,1
ES,ES.BDCA.AQD,NET_ES131A,STA_ES0125A,,SP_28079017_14_6,SPP_28079017_14_6.1,SAM_28079017_14_6,O3,http://dd.eionet.europa.eu/vocabulary/aq/pollutant/7,hour,28.7600000000,µg/m3,2017-11-15 14:00:00 +01:00,2017-11-15 15:00:00 +01:00,1,1
ES,ES.BDCA.AQD,NET_ES131A,STA_ES0125A,,SP_28079017_14_6,SPP_28079017_14_6.1,SAM_28079017_14_6,O3,http://dd.eionet.europa.eu/vocabulary/aq/pollutant/7,hour,26.2399999900,µg/m3,2017-11-15 15:00:00 +01:00,2017-11-15 16:00:00 +01:00,1,1
ES,ES.BDCA.AQD,NET_ES131A,STA_ES0125A,,SP_28079017_14_6,SPP_28079017_14_6.1,SAM_28079017_14_6,O3,http://dd.eionet.europa.eu/vocabulary/aq/pollutant/7,hour,23.4600000000,µg/m3,2017-11-15 16:00:00 +01:00,2017-11-15 17:00:00 +01:00,1,1
ES,ES.BDCA.AQD,NET_ES131A,STA_ES0125A,,SP_28079017_14_6,SPP_28079017_14_6.1,SAM_28079017_14_6,O3,http://dd.eionet.europa.eu/vocabulary/aq/pollutant/7,hour,4.5000000000,µg/m3,2017-11-15 17:00:00 +01:00,2017-11-15 18:00:00 +01:00,1,1
ES,ES.BDCA.AQD,NET_ES131A,STA_ES0125A,,SP_28079017_14_6,SPP_28079017_14_6.1,SAM_28079017_14_6,O3,http://dd.eionet.europa.eu/vocabulary/aq/pollutant/7,hour,1.7400000000,µg/m3,2017-11-15 18:00:00 +01:00,2017-11-15 19:00:00 +01:00,1,1
ES,ES.BDCA.AQD,NET_ES131A,STA_ES0125A,,SP_28079017_14_6,SPP_28079017_14_6.1,SAM_28079017_14_6,O3,http://dd.eionet.europa.eu/vocabulary/aq/pollutant/7,hour,1.9600000000,µg/m3,2017-11-15 19:00:00 +01:00,2017-11-15 20:00:00 +01:00,1,1
ES,ES.BDCA.AQD,NET_ES131A,STA_ES0125A,,SP_28079017_14_6,SPP_28079017_14_6.1,SAM_28079017_14_6,O3,http://dd.eionet.europa.eu/vocabulary/aq/pollutant/7,hour,1.8600000000,µg/m3,2017-11-15 20:00:00 +01:00,2017-11-15 21:00:00 +01:00,1,1
ES,ES.BDCA.AQD,NET_ES131A,STA_ES0125A,,SP_28079017_14_6,SPP_28079017_14_6.1,SAM_28079017_14_6,O3,http://dd.eionet.europa.eu/vocabulary/aq/pollutant/7,hour,2.4800000000,µg/m3,2017-11-15 21:00:00 +01:00,2017-11-15 22:00:00 +01:00,1,1
ES,ES.BDCA.AQD,NET_ES131A,STA_ES0125A,,SP_28079017_14_6,SPP_28079017_14_6.1,SAM_28079017_14_6,O3,http://dd.eionet.europa.eu/vocabulary/aq/pollutant/7,hour,2.4800000000,µg/m3,2017-11-15 22:00:00 +01:00,2017-11-15 23:00:00 +01:00,1,1
ES,ES.BDCA.AQD,NET_ES131A,STA_ES0125A,,SP_28079017_14_6,SPP_28079017_14_6.1,SAM_28079017_14_6,O3,http://dd.eionet.europa.eu/vocabulary/aq/pollutant/7,hour,0.9600000000,µg/m3,2017-11-15 23:00:00 +01:00,2017-11-16 00:00:00 +01:00,1,1
ES,ES.BDCA.AQD,NET_ES131A,STA_ES0125A,,SP_28079017_14_6,SPP_28079017_14_6.1,SAM_28079017_14_6,O3,http://dd.eionet.europa.eu/vocabulary/aq/pollutant/7,hour,1.0000000000,µg/m3,2017-11-16 00:00:00 +01:00,2017-11-16 01:00:00 +01:00,1,1
ES,ES.BDCA.AQD,NET_ES131A,STA_ES0125A,,SP_28079017_14_6,SPP_28079017_14_6.1,SAM_28079017_14_6,O3,http://dd.eionet.europa.eu/vocabulary/aq/pollutant/7,hour,0.8800000000,µg/m3,2017-11-16 01:00:00 +01:00,2017-11-16 02:00:00 +01:00,1,1
ES,ES.BDCA.AQD,NET_ES131A,STA_ES0125A,,SP_28079017_14_6,SPP_28079017_14_6.1,SAM_28079017_14_6,O3,http://dd.eionet.europa.eu/vocabulary/aq/pollutant/7,hour,1.0300000000,µg/m3,2017-11-16 02:00:00 +01:00,2017-11-16 03:00:00 +01:00,1,1
ES,ES.BDCA.AQD,NET_ES131A,STA_ES0125A,,SP_28079017_14_6,SPP_28079017_14_6.1,SAM_28079017_14_6,O3,http://dd.eionet.europa.eu/vocabulary/aq/pollutant/7,hour,1.6100000000,µg/m3,2017-11-16 03:00:00 +01:00,2017-11-16 04:00:00 +01:00,1,1
ES,ES.BDCA.AQD,NET_ES131A,STA_ES0125A,,SP_28079017_14_6,SPP_28079017_14_6.1,SAM_28079017_14_6,O3,http://dd.eionet.europa.eu/vocabulary/aq/pollutant/7,hour,1.2900000000,µg/m3,2017-11-16 04:00:00 +01:00,2017-11-16 05:00:00 +01:00,1,1
ES,ES.BDCA.AQD,NET_ES131A,STA_ES0125A,,SP_28079017_14_6,SPP_28079017_14_6.1,SAM_28079017_14_6,O3,http://dd.eionet.europa.eu/vocabulary/aq/pollutant/7,hour,0.8300000000,µg/m3,2017-11-16 05:00:00 +01:00,2017-11-16 06:00:00 +01:00,1,1
ES,ES.BDCA.AQD,NET_ES131A,STA_ES0125A,,SP_28079017_14_6,SPP_28079017_14_6.1,SAM_28079017_14_6,O3,http://dd.eionet.europa.eu/vocabulary/aq/pollutant/7,hour,0.8700000000,µg/m3,2017-11-16 06:00:00 +01:00,2017-11-16 07:00:00 +01:00,1,1
ES,ES.BDCA.AQD,NET_ES131A,STA_ES0125A,,SP_28079017_14_6,SPP_28079017_14_6.1,SAM_28079017_14_6,O3,http://dd.eionet.europa.eu/vocabulary/aq/pollutant/7,hour,1.2200000000,µg/m3,2017-11-16 07:00:00 +01:00,2017-11-16 08:00:00 +01:00,1,1
ES,ES.BDCA.AQD,NET_ES131A,STA_ES0125A,,SP_28079017_14_6,SPP_28079017_14_6.1,SAM_28079017_14_6,O3,http://dd.eionet.europa.eu/vocabulary/aq/pollutant/7,hour,0.8500000000,µg/m3,2017-11-16 08:00:00 +01:00,2017-11-16 09:00:00 +01:00,1,1
ES,ES.BDCA.AQD,NET_ES131A,STA_ES0125A,,SP_28079017_14_6,SPP_28079017_14_6.1,SAM_28079017_14_6,O3,http://dd.eionet.europa.eu/vocabulary/aq/pollutant/7,hour,1.2000000000,µg/m3,2017-11-16 09:00:00 +01:00,2017-11-16 10:00:00 +01:00,1,1
ES,ES.BDCA.AQD,NET_ES131A,STA_ES0125A,,SP_28079017_14_6,SPP_28079017_14_6.1,SAM_28079017_14_6,O3,http://dd.eionet.europa.eu/vocabulary/aq/pollutant/7,hour,1.8300000000,µg/m3,2017-11-16 10:00:00 +01:00,2017-11-16 11:00:00 +01:00,1,1
ES,ES.BDCA.AQD,NET_ES131A,STA_ES0125A,,SP_28079017_14_6,SPP_28079017_14_6.1,SAM_28079017_14_6,O3,http://dd.eionet.europa.eu/vocabulary/aq/pollutant/7,hour,2.8100000000,µg/m3,2017-11-16 11:00:00 +01:00,2017-11-16 12:00:00 +01:00,1,1
ES,ES.BDCA.AQD,NET_ES131A,STA_ES0125A,,SP_28079017_14_6,SPP_28079017_14_6.1,SAM_28079017_14_6,O3,http://dd.eionet.europa.eu/vocabulary/aq/pollutant/7,hour,4.7699999900,µg/m3,2017-11-16 12:00:00 +01:00,2017-11-16 13:00:00 +01:00,1,1
ES,ES.BDCA.AQD,NET_ES131A,STA_ES0125A,,SP_28079017_14_6,SPP_28079017_14_6.1,SAM_28079017_14_6,O3,http://dd.eionet.europa.eu/vocabulary/aq/pollutant/7,hour,8.8200000000,µg/m3,2017-11-16 13:00:00 +01:00,2017-11-16 14:00:00 +01:00,1,1
ES,ES.BDCA.AQD,NET_ES131A,STA_ES0125A,,SP_28079017_14_6,SPP_28079017_14_6.1,SAM_28079017_14_6,O3,http://dd.eionet.europa.eu/vocabulary/aq/pollutant/7,hour,11.2100000000,µg/m3,2017-11-16 14:00:00 +01:00,2017-11-16 15:00:00 +01:00,1,1
ES,ES.BDCA.AQD,NET_ES131A,STA_ES0125A,,SP_28079017_14_6,SPP_28079017_14_6.1,SAM_28079017_14_6,O3,http://dd.eionet.europa.eu/vocabulary/aq/pollutant/7,hour,11.7400000000,µg/m3,2017-11-16 15:00:00 +01:00,2017-11-16 16:00:00 +01:00,1,1
ES,ES.BDCA.AQD,NET_ES131A,STA_ES0125A,,SP_28079017_14_6,SPP_28079017_14_6.1,SAM_28079017_14_6,O3,http://dd.eionet.europa.eu/vocabulary/aq/pollutant/7,hour,6.7100000000,µg/m3,2017-11-16 16:00:00 +01:00,2017-11-16 17:00:00 +01:00,1,1
ES,ES.BDCA.AQD,NET_ES131A,STA_ES0125A,,SP_28079017_14_6,SPP_28079017_14_6.1,SAM_28079017_14_6,O3,http://dd.eionet.europa.eu/vocabulary/aq/pollutant/7,hour,1.6599999900,µg/m3,2017-11-16 17:00:00 +01:00,2017-11-16 18:00:00 +01:00,1,1
ES,ES.BDCA.AQD,NET_ES131A,STA_ES0125A,,SP_28079017_14_6,SPP_28079017_14_6.1,SAM_28079017_14_6,O3,http://dd.eionet.europa.eu/vocabulary/aq/pollutant/7,hour,0.8100000000,µg/m3,2017-11-16 18:00:00 +01:00,2017-11-16 19:00:00 +01:00,1,1
ES,ES.BDCA.AQD,NET_ES131A,STA_ES0125A,,SP_28079017_14_6,SPP_28079017_14_6.1,SAM_28079017_14_6,O3,http://dd.eionet.europa.eu/vocabulary/aq/pollutant/7,hour,1.9199999900,µg/m3,2017-11-16 19:00:00 +01:00,2017-11-16 20:00:00 +01:00,1,1
ES,ES.BDCA.AQD,NET_ES131A,STA_ES0125A,,SP_28079017_14_6,SPP_28079017_14_6.1,SAM_28079017_14_6,O3,http://dd.eionet.europa.eu/vocabulary/aq/pollutant/7,hour,1.0900000000,µg/m3,2017-11-16 20:00:00 +01:00,2017-11-16 21:00:00 +01:00,1,1
ES,ES.BDCA.AQD,NET_ES131A,STA_ES0125A,,SP_28079017_14_6,SPP_28079017_14_6.1,SAM_28079017_14_6,O3,http://dd.eionet.europa.eu/vocabulary/aq/pollutant/7,hour,1.1200000000,µg/m3,2017-11-16 21:00:00 +01:00,2017-11-16 22:00:00 +01:00,1,1
ES,ES.BDCA.AQD,NET_ES131A,STA_ES0125A,,SP_28079017_14_6,SPP_28079017_14_6.1,SAM_28079017_14_6,O3,http://dd.eionet.europa.eu/vocabulary/aq/pollutant/7,hour,0.9300000000,µg/m3,2017-11-16 22:00:00 +01:00,2017-11-16 23:00:00 +01:00,1,1
ES,ES.BDCA.AQD,NET_ES131A,STA_ES0125A,,SP_28079017_14_6,SPP_28079017_14_6.1,SAM_28079017_14_6,O3,http://dd.eionet.europa.eu/vocabulary/aq/pollutant/7,hour,1.2800000000,µg/m3,2017-11-16 23:00:00 +01:00,2017-11-17 00:00:00 +01:00,1,1
ES,ES.BDCA.AQD,NET_ES131A,STA_ES0125A,,SP_28079017_14_6,SPP_28079017_14_6.1,SAM_28079017_14_6,O3,http://dd.eionet.europa.eu/vocabulary/aq/pollutant/7,hour,0.9200000000,µg/m3,2017-11-17 00:00:00 +01:00,2017-11-17 01:00:00 +01:00,1,1
ES,ES.BDCA.AQD,NET_ES131A,STA_ES0125A,,SP_28079017_14_6,SPP_28079017_14_6.1,SAM_28079017_14_6,O3,http://dd.eionet.europa.eu/vocabulary/aq/pollutant/7,hour,0.9100000000,µg/m3,2017-11-17 01:00:00 +01:00,2017-11-17 02:00:00 +01:00,1,1
ES,ES.BDCA.AQD,NET_ES131A,STA_ES0125A,,SP_28079017_14_6,SPP_28079017_14_6.1,SAM_28079017_14_6,O3,http://dd.eionet.europa.eu/vocabulary/aq/pollutant/7,hour,0.9600000000,µg/m3,2017-11-17 02:00:00 +01:00,2017-11-17 03:00:00 +01:00,1,1
ES,ES.BDCA.AQD,NET_ES131A,STA_ES0125A,,SP_28079017_14_6,SPP_28079017_14_6.1,SAM_28079017_14_6,O3,http://dd.eionet.europa.eu/vocabulary/aq/pollutant/7,hour,1.0000000000,µg/m3,2017-11-17 03:00:00 +01:00,2017-11-17 04:00:00 +01:00,1,1
ES,ES.BDCA.AQD,NET_ES131A,STA_ES0125A,,SP_28079017_14_6,SPP_28079017_14_6.1,SAM_28079017_14_6,O3,http://dd.eionet.europa.eu/vocabulary/aq/pollutant/7,hour,0.9400000000,µg/m3,2017-11-17 04:00:00 +01:00,2017-11-17 05:00:00 +01:00,1,1
ES,ES.BDCA.AQD,NET_ES131A,STA_ES0125A,,SP_28079017_14_6,SPP_28079017_14_6.1,SAM_28079017_14_6,O3,http://dd.eionet.europa.eu/vocabulary/aq/pollutant/7,hour,0.8800000000,µg/m3,2017-11-17 05:00:00 +01:00,2017-11-17 06:00:00 +01:00,1,1
ES,ES.BDCA.AQD,NET_ES131A,STA_ES0125A,,SP_28079017_14_6,SPP_28079017_14_6.1,SAM_28079017_14_6,O3,http://dd.eionet.europa.eu/vocabulary/aq/pollutant/7,hour,0.7800000000,µg/m3,2017-11-17 06:00:00 +01:00,2017-11-17 07:00:00 +01:00,1,1
ES,ES.BDCA.AQD,NET_ES131A,STA_ES0125A,,SP_28079017_14_6,SPP_28079017_14_6.1,SAM_28079017_14_6,O3,http://dd.eionet.europa.eu/vocabulary/aq/pollutant/7,hour,0.8600000000,µg/m3,2017-11-17 07:00:00 +01:00,2017-11-17 08:00:00 +01:00,1,1
ES,ES.BDCA.AQD,NET_ES131A,STA_ES0125A,,SP_28079017_14_6,SPP_28079017_14_6.1,SAM_28079017_14_6,O3,http://dd.eionet.europa.eu/vocabulary/aq/pollutant/7,hour,0.9500000000,µg/m3,2017-11-17 08:00:00 +01:00,2017-11-17 09:00:00 +01:00,1,1
ES,ES.BDCA.AQD,NET_ES131A,STA_ES0125A,,SP_28079017_14_6,SPP_28079017_14_6.1,SAM_28079017_14_6,O3,http://dd.eionet.europa.eu/vocabulary/aq/pollutant/7,hour,0.8800000000,µg/m3,2017-11-17 09:00:00 +01:00,2017-11-17 10:00:00 +01:00,1,1
ES,ES.BDCA.AQD,NET_ES131A,STA_ES0125A,,SP_28079017_14_6,SPP_28079017_14_6.1,SAM_28079017_14_6,O3,http://dd.eionet.europa.eu/vocabulary/aq/pollutant/7,hour,1.1499999900,µg/m3,2017-11-17 10:00:00 +01:00,2017-11-17 11:00:00 +01:00,1,1
ES,ES.BDCA.AQD,NET_ES131A,STA_ES0125A,,SP_28079017_14_6,SPP_28079017_14_6.1,SAM_28079017_14_6,O3,http://dd.eionet.europa.eu/vocabulary/aq/pollutant/7,hour,2.6200000000,µg/m3,2017-11-17 11:00:00 +01:00,2017-11-17 12:00:00 +01:00,1,1
ES,ES.BDCA.AQD,NET_ES131A,STA_ES0125A,,SP_28079017_14_6,SPP_28079017_14_6.1,SAM_28079017_14_6,O3,http://dd.eionet.europa.eu/vocabulary/aq/pollutant/7,hour,4.8200000000,µg/m3,2017-11-17 12:00:00 +01:00,2017-11-17 13:00:00 +01:00,1,1
ES,ES.BDCA.AQD,NET_ES131A,STA_ES0125A,,SP_28079017_14_6,SPP_28079017_14_6.1,SAM_28079017_14_6,O3,http://dd.eionet.europa.eu/vocabulary/aq/pollutant/7,hour,10.4300000000,µg/m3,2017-11-17 13:00:00 +01:00,2017-11-17 14:00:00 +01:00,1,1
ES,ES.BDCA.AQD,NET_ES131A,STA_ES0125A,,SP_28079017_14_6,SPP_28079017_14_6.1,SAM_28079017_14_6,O3,http://dd.eionet.europa.eu/vocabulary/aq/pollutant/7,hour,11.7100000000,µg/m3,2017-11-17 14:00:00 +01:00,2017-11-17 15:00:00 +01:00,1,1
ES,ES.BDCA.AQD,NET_ES131A,STA_ES0125A,,SP_28079017_14_6,SPP_28079017_14_6.1,SAM_28079017_14_6,O3,http://dd.eionet.europa.eu/vocabulary/aq/pollutant/7,hour,11.4800000000,µg/m3,2017-11-17 15:00:00 +01:00,2017-11-17 16:00:00 +01:00,1,1
ES,ES.BDCA.AQD,NET_ES131A,STA_ES0125A,,SP_28079017_14_6,SPP_28079017_14_6.1,SAM_28079017_14_6,O3,http://dd.eionet.europa.eu/vocabulary/aq/pollutant/7,hour,8.8399999900,µg/m3,2017-11-17 16:00:00 +01:00,2017-11-17 17:00:00 +01:00,1,1
ES,ES.BDCA.AQD,NET_ES131A,STA_ES0125A,,SP_28079017_14_6,SPP_28079017_14_6.1,SAM_28079017_14_6,O3,http://dd.eionet.europa.eu/vocabulary/aq/pollutant/7,hour,1.3300000000,µg/m3,2017-11-17 17:00:00 +01:00,2017-11-17 18:00:00 +01:00,1,1
ES,ES.BDCA.AQD,NET_ES131A,STA_ES0125A,,SP_28079017_14_6,SPP_28079017_14_6.1,SAM_28079017_14_6,O3,http://dd.eionet.europa.eu/vocabulary/aq/pollutant/7,hour,1.0800000000,µg/m3,2017-11-17 18:00:00 +01:00,2017-11-17 19:00:00 +01:00,1,1
ES,ES.BDCA.AQD,NET_ES131A,STA_ES0125A,,SP_28079017_14_6,SPP_28079017_14_6.1,SAM_28079017_14_6,O3,http://dd.eionet.europa.eu/vocabulary/aq/pollutant/7,hour,1.4299999900,µg/m3,2017-11-17 19:00:00 +01:00,2017-11-17 20:00:00 +01:00,1,1
ES,ES.BDCA.AQD,NET_ES131A,STA_ES0125A,,SP_28079017_14_6,SPP_28079017_14_6.1,SAM_28079017_14_6,O3,http://dd.eionet.europa.eu/vocabulary/aq/pollutant/7,hour,1.5400000000,µg/m3,2017-11-17 20:00:00 +01:00,2017-11-17 21:00:00 +01:00,1,1
ES,ES.BDCA.AQD,NET_ES131A,STA_ES0125A,,SP_28079017_14_6,SPP_28079017_14_6.1,SAM_28079017_14_6,O3,http://dd.eionet.europa.eu/vocabulary/aq/pollutant/7,hour,1.2700000000,µg/m3,2017-11-17 21:00:00 +01:00,2017-11-17 22:00:00 +01:00,1,1
ES,ES.BDCA.AQD,NET_ES131A,STA_ES0125A,,SP_28079017_14_6,SPP_28079017_14_6.1,SAM_28079017_14_6,O3,http://dd.eionet.europa.eu/vocabulary/aq/pollutant/7,hour,1.1799999900,µg/m3,2017-11-17 22:00:00 +01:00,2017-11-17 23:00:00 +01:00,1,1
ES,ES.BDCA.AQD,NET_ES131A,STA_ES0125A,,SP_28079017_14_6,SPP_28079017_14_6.1,SAM_28079017_14_6,O3,http://dd.eionet.europa.eu/vocabulary/aq/pollutant/7,hour,0.9200000000,µg/m3,2017-11-17 23:00:00 +01:00,2017-11-18 00:00:00 +01:00,1,1
ES,ES.BDCA.AQD,NET_ES131A,STA_ES0125A,,SP_28079017_14_6,SPP_28079017_14_6.1,SAM_28079017_14_6,O3,http://dd.eionet.europa.eu/vocabulary/aq/pollutant/7,hour,0.9500000000,µg/m3,2017-11-18 00:00:00 +01:00,2017-11-18 01:00:00 +01:00,1,1
ES,ES.BDCA.AQD,NET_ES131A,STA_ES0125A,,SP_28079017_14_6,SPP_28079017_14_6.1,SAM_28079017_14_6,O3,http://dd.eionet.europa.eu/vocabulary/aq/pollutant/7,hour,0.9300000000,µg/m3,2017-11-18 01:00:00 +01:00,2017-11-18 02:00:00 +01:00,1,1
ES,ES.BDCA.AQD,NET_ES131A,STA_ES0125A,,SP_28079017_14_6,SPP_28079017_14_6.1,SAM_28079017_14_6,O3,http://dd.eionet.europa.eu/vocabulary/aq/pollutant/7,hour,1.2400000000,µg/m3,2017-11-18 02:00:00 +01:00,2017-11-18 03:00:00 +01:00,1,1
ES,ES.BDCA.AQD,NET_ES131A,STA_ES0125A,,SP_28079017_14_6,SPP_28079017_14_6.1,SAM_28079017_14_6,O3,http://dd.eionet.europa.eu/vocabulary/aq/pollutant/7,hour,1.0000000000,µg/m3,2017-11-18 03:00:00 +01:00,2017-11-18 04:00:00 +01:00,1,1
ES,ES.BDCA.AQD,NET_ES131A,STA_ES0125A,,SP_28079017_14_6,SPP_28079017_14_6.1,SAM_28079017_14_6,O3,http://dd.eionet.europa.eu/vocabulary/aq/pollutant/7,hour,1.0000000000,µg/m3,2017-11-18 04:00:00 +01:00,2017-11-18 05:00:00 +01:00,1,1
ES,ES.BDCA.AQD,NET_ES131A,STA_ES0125A,,SP_28079017_14_6,SPP_28079017_14_6.1,SAM_28079017_14_6,O3,http://dd.eionet.europa.eu/vocabulary/aq/pollutant/7,hour,1.0000000000,µg/m3,2017-11-18 05:00:00 +01:00,2017-11-18 06:00:00 +01:00,1,1
ES,ES.BDCA.AQD,NET_ES131A,STA_ES0125A,,SP_28079017_14_6,SPP_28079017_14_6.1,SAM_28079017_14_6,O3,http://dd.eionet.europa.eu/vocabulary/aq/pollutant/7,hour,0.9200000000,µg/m3,2017-11-18 06:00:00 +01:00,2017-11-18 07:00:00 +01:00,1,1
ES,ES.BDCA.AQD,NET_ES131A,STA_ES0125A,,SP_28079017_14_6,SPP_28079017_14_6.1,SAM_28079017_14_6,O3,http://dd.eionet.europa.eu/vocabulary/aq/pollutant/7,hour,1.0000000000,µg/m3,2017-11-18 07:00:00 +01:00,2017-11-18 08:00:00 +01:00,1,1
ES,ES.BDCA.AQD,NET_ES131A,STA_ES0125A,,SP_28079017_14_6,SPP_28079017_14_6.1,SAM_28079017_14_6,O3,http://dd.eionet.europa.eu/vocabulary/aq/pollutant/7,hour,0.9400000000,µg/m3,2017-11-18 08:00:00 +01:00,2017-11-18 09:00:00 +01:00,1,1
ES,ES.BDCA.AQD,NET_ES131A,STA_ES0125A,,SP_28079017_14_6,SPP_28079017_14_6.1,SAM_28079017_14_6,O3,http://dd.eionet.europa.eu/vocabulary/aq/pollutant/7,hour,1.1799999900,µg/m3,2017-11-18 09:00:00 +01:00,2017-11-18 10:00:00 +01:00,1,1
ES,ES.BDCA.AQD,NET_ES131A,STA_ES0125A,,SP_28079017_14_6,SPP_28079017_14_6.1,SAM_28079017_14_6,O3,http://dd.eionet.europa.eu/vocabulary/aq/pollutant/7,hour,4.1600000000,µg/m3,2017-11-18 10:00:00 +01:00,2017-11-18 11:00:00 +01:00,1,1
ES,ES.BDCA.AQD,NET_ES131A,STA_ES0125A,,SP_28079017_14_6,SPP_28079017_14_6.1,SAM_28079017_14_6,O3,http://dd.eionet.europa.eu/vocabulary/aq/pollutant/7,hour,10.9400000000,µg/m3,2017-11-18 11:00:00 +01:00,2017-11-18 12:00:00 +01:00,1,1
ES,ES.BDCA.AQD,NET_ES131A,STA_ES0125A,,SP_28079017_14_6,SPP_28079017_14_6.1,SAM_28079017_14_6,O3,http://dd.eionet.europa.eu/vocabulary/aq/pollutant/7,hour,28.8500000000,µg/m3,2017-11-18 12:00:00 +01:00,2017-11-18 13:00:00 +01:00,1,1
ES,ES.BDCA.AQD,NET_ES131A,STA_ES0125A,,SP_28079017_14_6,SPP_28079017_14_6.1,SAM_28079017_14_6,O3,http://dd.eionet.europa.eu/vocabulary/aq/pollutant/7,hour,39.2199999900,µg/m3,2017-11-18 13:00:00 +01:00,2017-11-18 14:00:00 +01:00,1,1
ES,ES.BDCA.AQD,NET_ES131A,STA_ES0125A,,SP_28079017_14_6,SPP_28079017_14_6.1,SAM_28079017_14_6,O3,http://dd.eionet.europa.eu/vocabulary/aq/pollutant/7,hour,41.7000000000,µg/m3,2017-11-18 14:00:00 +01:00,2017-11-18 15:00:00 +01:00,1,1
ES,ES.BDCA.AQD,NET_ES131A,STA_ES0125A,,SP_28079017_14_6,SPP_28079017_14_6.1,SAM_28079017_14_6,O3,http://dd.eionet.europa.eu/vocabulary/aq/pollutant/7,hour,42.8699999900,µg/m3,2017-11-18 15:00:00 +01:00,2017-11-18 16:00:00 +01:00,1,1
ES,ES.BDCA.AQD,NET_ES131A,STA_ES0125A,,SP_28079017_14_6,SPP_28079017_14_6.1,SAM_28079017_14_6,O3,http://dd.eionet.europa.eu/vocabulary/aq/pollutant/7,hour,25.6200000000,µg/m3,2017-11-18 16:00:00 +01:00,2017-11-18 17:00:00 +01:00,1,1
ES,ES.BDCA.AQD,NET_ES131A,STA_ES0125A,,SP_28079017_14_6,SPP_28079017_14_6.1,SAM_28079017_14_6,O3,http://dd.eionet.europa.eu/vocabulary/aq/pollutant/7,hour,1.8200000000,µg/m3,2017-11-18 17:00:00 +01:00,2017-11-18 18:00:00 +01:00,1,1
ES,ES.BDCA.AQD,NET_ES131A,STA_ES0125A,,SP_28079017_14_6,SPP_28079017_14_6.1,SAM_28079017_14_6,O3,http://dd.eionet.europa.eu/vocabulary/aq/pollutant/7,hour,0.8900000000,µg/m3,2017-11-18 18:00:00 +01:00,2017-11-18 19:00:00 +01:00,1,1
ES,ES.BDCA.AQD,NET_ES131A,STA_ES0125A,,SP_28079017_14_6,SPP_28079017_14_6.1,SAM_28079017_14_6,O3,http://dd.eionet.europa.eu/vocabulary/aq/pollutant/7,hour,1.3400000000,µg/m3,2017-11-18 19:00:00 +01:00,2017-11-18 20:00:00 +01:00,1,1
ES,ES.BDCA.AQD,NET_ES131A,STA_ES0125A,,SP_28079017_14_6,SPP_28079017_14_6.1,SAM_28079017_14_6,O3,http://dd.eionet.europa.eu/vocabulary/aq/pollutant/7,hour,1.2600000000,µg/m3,2017-11-18 20:00:00 +01:00,2017-11-18 21:00:00 +01:00,1,1
ES,ES.BDCA.AQD,NET_ES131A,STA_ES0125A,,SP_28079017_14_6,SPP_28079017_14_6.1,SAM_28079017_14_6,O3,http://dd.eionet.europa.eu/vocabulary/aq/pollutant/7,hour,0.9800000000,µg/m3,2017-11-18 21:00:00 +01:00,2017-11-18 22:00:00 +01:00,1,1
ES,ES.BDCA.AQD,NET_ES131A,STA_ES0125A,,SP_28079017_14_6,SPP_28079017_14_6.1,SAM_28079017_14_6,O3,http://dd.eionet.europa.eu/vocabulary/aq/pollutant/7,hour,0.9800000000,µg/m3,2017-11-18 22:00:00 +01:00,2017-11-18 23:00:00 +01:00,1,1
ES,ES.BDCA.AQD,NET_ES131A,STA_ES0125A,,SP_28079017_14_6,SPP_28079017_14_6.1,SAM_28079017_14_6,O3,http://dd.eionet.europa.eu/vocabulary/aq/pollutant/7,hour,0.9300000000,µg/m3,2017-11-18 23:00:00 +01:00,2017-11-19 00:00:00 +01:00,1,1
ES,ES.BDCA.AQD,NET_ES131A,STA_ES0125A,,SP_28079017_14_6,SPP_28079017_14_6.1,SAM_28079017_14_6,O3,http://dd.eionet.europa.eu/vocabulary/aq/pollutant/7,hour,0.8600000000,µg/m3,2017-11-19 00:00:00 +01:00,2017-11-19 01:00:00 +01:00,1,1
ES,ES.BDCA.AQD,NET_ES131A,STA_ES0125A,,SP_28079017_14_6,SPP_28079017_14_6.1,SAM_28079017_14_6,O3,http://dd.eionet.europa.eu/vocabulary/aq/pollutant/7,hour,0.9200000000,µg/m3,2017-11-19 01:00:00 +01:00,2017-11-19 02:00:00 +01:00,1,1
ES,ES.BDCA.AQD,NET_ES131A,STA_ES0125A,,SP_28079017_14_6,SPP_28079017_14_6.1,SAM_28079017_14_6,O3,http://dd.eionet.europa.eu/vocabulary/aq/pollutant/7,hour,0.9300000000,µg/m3,2017-11-19 02:00:00 +01:00,2017-11-19 03:00:00 +01:00,1,1
ES,ES.BDCA.AQD,NET_ES131A,STA_ES0125A,,SP_28079017_14_6,SPP_28079017_14_6.1,SAM_28079017_14_6,O3,http://dd.eionet.europa.eu/vocabulary/aq/pollutant/7,hour,1.0000000000,µg/m3,2017-11-19 03:00:00 +01:00,2017-11-19 04:00:00 +01:00,1,1
ES,ES.BDCA.AQD,NET_ES131A,STA_ES0125A,,SP_28079017_14_6,SPP_28079017_14_6.1,SAM_28079017_14_6,O3,http://dd.eionet.europa.eu/vocabulary/aq/pollutant/7,hour,0.9400000000,µg/m3,2017-11-19 04:00:00 +01:00,2017-11-19 05:00:00 +01:00,1,1
ES,ES.BDCA.AQD,NET_ES131A,STA_ES0125A,,SP_28079017_14_6,SPP_28079017_14_6.1,SAM_28079017_14_6,O3,http://dd.eionet.europa.eu/vocabulary/aq/pollutant/7,hour,0.9500000000,µg/m3,2017-11-19 05:00:00 +01:00,2017-11-19 06:00:00 +01:00,1,1
ES,ES.BDCA.AQD,NET_ES131A,STA_ES0125A,,SP_28079017_14_6,SPP_28079017_14_6.1,SAM_28079017_14_6,O3,http://dd.eionet.europa.eu/vocabulary/aq/pollutant/7,hour,0.8500000000,µg/m3,2017-11-19 06:00:00 +01:00,2017-11-19 07:00:00 +01:00,1,1
ES,ES.BDCA.AQD,NET_ES131A,STA_ES0125A,,SP_28079017_14_6,SPP_28079017_14_6.1,SAM_28079017_14_6,O3,http://dd.eionet.europa.eu/vocabulary/aq/pollutant/7,hour,0.8600000000,µg/m3,2017-11-19 07:00:00 +01:00,2017-11-19 08:00:00 +01:00,1,1
ES,ES.BDCA.AQD,NET_ES131A,STA_ES0125A,,SP_28079017_14_6,SPP_28079017_14_6.1,SAM_28079017_14_6,O3,http://dd.eionet.europa.eu/vocabulary/aq/pollutant/7,hour,0.8000000000,µg/m3,2017-11-19 08:00:00 +01:00,2017-11-19 09:00:00 +01:00,1,1
ES,ES.BDCA.AQD,NET_ES131A,STA_ES0125A,,SP_28079017_14_6,SPP_28079017_14_6.1,SAM_28079017_14_6,O3,http://dd.eionet.europa.eu/vocabulary/aq/pollutant/7,hour,1.4800000000,µg/m3,2017-11-19 09:00:00 +01:00,2017-11-19 10:00:00 +01:00,1,1
ES,ES.BDCA.AQD,NET_ES131A,STA_ES0125A,,SP_28079017_14_6,SPP_28079017_14_6.1,SAM_28079017_14_6,O3,http://dd.eionet.europa.eu/vocabulary/aq/pollutant/7,hour,5.4199999900,µg/m3,2017-11-19 10:00:00 +01:00,2017-11-19 11:00:00 +01:00,1,1
ES,ES.BDCA.AQD,NET_ES131A,STA_ES0125A,,SP_28079017_14_6,SPP_28079017_14_6.1,SAM_28079017_14_6,O3,http://dd.eionet.europa.eu/vocabulary/aq/pollutant/7,hour,14.5800000000,µg/m3,2017-11-19 11:00:00 +01:00,2017-11-19 12:00:00 +01:00,1,1
ES,ES.BDCA.AQD,NET_ES131A,STA_ES0125A,,SP_28079017_14_6,SPP_28079017_14_6.1,SAM_28079017_14_6,O3,http://dd.eionet.europa.eu/vocabulary/aq/pollutant/7,hour,31.2500000000,µg/m3,2017-11-19 12:00:00 +01:00,2017-11-19 13:00:00 +01:00,1,1
ES,ES.BDCA.AQD,NET_ES131A,STA_ES0125A,,SP_28079017_14_6,SPP_28079017_14_6.1,SAM_28079017_14_6,O3,http://dd.eionet.europa.eu/vocabulary/aq/pollutant/7,hour,39.0700000000,µg/m3,2017-11-19 13:00:00 +01:00,2017-11-19 14:00:00 +01:00,1,1
ES,ES.BDCA.AQD,NET_ES131A,STA_ES0125A,,SP_28079017_14_6,SPP_28079017_14_6.1,SAM_28079017_14_6,O3,http://dd.eionet.europa.eu/vocabulary/aq/pollutant/7,hour,46.9099999900,µg/m3,2017-11-19 14:00:00 +01:00,2017-11-19 15:00:00 +01:00,1,1
ES,ES.BDCA.AQD,NET_ES131A,STA_ES0125A,,SP_28079017_14_6,SPP_28079017_14_6.1,SAM_28079017_14_6,O3,http://dd.eionet.europa.eu/vocabulary/aq/pollutant/7,hour,43.2700000000,µg/m3,2017-11-19 15:00:00 +01:00,2017-11-19 16:00:00 +01:00,1,1
ES,ES.BDCA.AQD,NET_ES131A,STA_ES0125A,,SP_28079017_14_6,SPP_28079017_14_6.1,SAM_28079017_14_6,O3,http://dd.eionet.europa.eu/vocabulary/aq/pollutant/7,hour,36.2599999900,µg/m3,2017-11-19 16:00:00 +01:00,2017-11-19 17:00:00 +01:00,1,1
ES,ES.BDCA.AQD,NET_ES131A,STA_ES0125A,,SP_28079017_14_6,SPP_28079017_14_6.1,SAM_28079017_14_6,O3,http://dd.eionet.europa.eu/vocabulary/aq/pollutant/7,hour,6.3899999900,µg/m3,2017-11-19 17:00:00 +01:00,2017-11-19 18:00:00 +01:00,1,1
ES,ES.BDCA.AQD,NET_ES131A,STA_ES0125A,,SP_28079017_14_6,SPP_28079017_14_6.1,SAM_28079017_14_6,O3,http://dd.eionet.europa.eu/vocabulary/aq/pollutant/7,hour,1.0200000000,µg/m3,2017-11-19 18:00:00 +01:00,2017-11-19 19:00:00 +01:00,1,1
ES,ES.BDCA.AQD,NET_ES131A,STA_ES0125A,,SP_28079017_14_6,SPP_28079017_14_6.1,SAM_28079017_14_6,O3,http://dd.eionet.europa.eu/vocabulary/aq/pollutant/7,hour,1.0100000000,µg/m3,2017-11-19 19:00:00 +01:00,2017-11-19 20:00:00 +01:00,1,1
ES,ES.BDCA.AQD,NET_ES131A,STA_ES0125A,,SP_28079017_14_6,SPP_28079017_14_6.1,SAM_28079017_14_6,O3,http://dd.eionet.europa.eu/vocabulary/aq/pollutant/7,hour,1.6399999900,µg/m3,2017-11-19 20:00:00 +01:00,2017-11-19 21:00:00 +01:00,1,1
ES,ES.BDCA.AQD,NET_ES131A,STA_ES0125A,,SP_28079017_14_6,SPP_28079017_14_6.1,SAM_28079017_14_6,O3,http://dd.eionet.europa.eu/vocabulary/aq/pollutant/7,hour,1.7700000000,µg/m3,2017-11-19 21:00:00 +01:00,2017-11-19 22:00:00 +01:00,1,1
ES,ES.BDCA.AQD,NET_ES131A,STA_ES0125A,,SP_28079017_14_6,SPP_28079017_14_6.1,SAM_28079017_14_6,O3,http://dd.eionet.europa.eu/vocabulary/aq/pollutant/7,hour,0.9000000000,µg/m3,2017-11-19 22:00:00 +01:00,2017-11-19 23:00:00 +01:00,1,1
ES,ES.BDCA.AQD,NET_ES131A,STA_ES0125A,,SP_28079017_14_6,SPP_28079017_14_6.1,SAM_28079017_14_6,O3,http://dd.eionet.europa.eu/vocabulary/aq/pollutant/7,hour,0.9500000000,µg/m3,2017-11-19 23:00:00 +01:00,2017-11-20 00:00:00 +01:00,1,1
ES,ES.BDCA.AQD,NET_ES131A,STA_ES0125A,,SP_28079017_14_6,SPP_28079017_14_6.1,SAM_28079017_14_6,O3,http://dd.eionet.europa.eu/vocabulary/aq/pollutant/7,hour,0.8800000000,µg/m3,2017-11-20 00:00:00 +01:00,2017-11-20 01:00:00 +01:00,1,1
ES,ES.BDCA.AQD,NET_ES131A,STA_ES0125A,,SP_28079017_14_6,SPP_28079017_14_6.1,SAM_28079017_14_6,O3,http://dd.eionet.europa.eu/vocabulary/aq/pollutant/7,hour,1.0000000000,µg/m3,2017-11-20 01:00:00 +01:00,2017-11-20 02:00:00 +01:00,1,1
ES,ES.BDCA.AQD,NET_ES131A,STA_ES0125A,,SP_28079017_14_6,SPP_28079017_14_6.1,SAM_28079017_14_6,O3,http://dd.eionet.europa.eu/vocabulary/aq/pollutant/7,hour,1.0000000000,µg/m3,2017-11-20 02:00:00 +01:00,2017-11-20 03:00:00 +01:00,1,1
ES,ES.BDCA.AQD,NET_ES131A,STA_ES0125A,,SP_28079017_14_6,SPP_28079017_14_6.1,SAM_28079017_14_6,O3,http://dd.eionet.europa.eu/vocabulary/aq/pollutant/7,hour,1.0000000000,µg/m3,2017-11-20 03:00:00 +01:00,2017-11-20 04:00:00 +01:00,1,1
ES,ES.BDCA.AQD,NET_ES131A,STA_ES0125A,,SP_28079017_14_6,SPP_28079017_14_6.1,SAM_28079017_14_6,O3,http://dd.eionet.europa.eu/vocabulary/aq/pollutant/7,hour,1.0000000000,µg/m3,2017-11-20 04:00:00 +01:00,2017-11-20 05:00:00 +01:00,1,1
ES,ES.BDCA.AQD,NET_ES131A,STA_ES0125A,,SP_28079017_14_6,SPP_28079017_14_6.1,SAM_28079017_14_6,O3,http://dd.eionet.europa.eu/vocabulary/aq/pollutant/7,hour,0.9300000000,µg/m3,2017-11-20 05:00:00 +01:00,2017-11-20 06:00:00 +01:00,1,1
ES,ES.BDCA.AQD,NET_ES131A,STA_ES0125A,,SP_28079017_14_6,SPP_28079017_14_6.1,SAM_28079017_14_6,O3,http://dd.eionet.europa.eu/vocabulary/aq/pollutant/7,hour,0.9400000000,µg/m3,2017-11-20 06:00:00 +01:00,2017-11-20 07:00:00 +01:00,1,1
ES,ES.BDCA.AQD,NET_ES131A,STA_ES0125A,,SP_28079017_14_6,SPP_28079017_14_6.1,SAM_28079017_14_6,O3,http://dd.eionet.europa.eu/vocabulary/aq/pollutant/7,hour,1.0000000000,µg/m3,2017-11-20 07:00:00 +01:00,2017-11-20 08:00:00 +01:00,1,1
ES,ES.BDCA.AQD,NET_ES131A,STA_ES0125A,,SP_28079017_14_6,SPP_28079017_14_6.1,SAM_28079017_14_6,O3,http://dd.eionet.europa.eu/vocabulary/aq/pollutant/7,hour,1.0000000000,µg/m3,2017-11-20 08:00:00 +01:00,2017-11-20 09:00:00 +01:00,1,1
ES,ES.BDCA.AQD,NET_ES131A,STA_ES0125A,,SP_28079017_14_6,SPP_28079017_14_6.1,SAM_28079017_14_6,O3,http://dd.eionet.europa.eu/vocabulary/aq/pollutant/7,hour,0.9900000000,µg/m3,2017-11-20 09:00:00 +01:00,2017-11-20 10:00:00 +01:00,1,1
ES,ES.BDCA.AQD,NET_ES131A,STA_ES0125A,,SP_28079017_14_6,SPP_28079017_14_6.1,SAM_28079017_14_6,O3,http://dd.eionet.europa.eu/vocabulary/aq/pollutant/7,hour,1.4199999900,µg/m3,2017-11-20 10:00:00 +01:00,2017-11-20 11:00:00 +01:00,1,1
ES,ES.BDCA.AQD,NET_ES131A,STA_ES0125A,,SP_28079017_14_6,SPP_28079017_14_6.1,SAM_28079017_14_6,O3,http://dd.eionet.europa.eu/vocabulary/aq/pollutant/7,hour,4.3700000000,µg/m3,2017-11-20 11:00:00 +01:00,2017-11-20 12:00:00 +01:00,1,1
ES,ES.BDCA.AQD,NET_ES131A,STA_ES0125A,,SP_28079017_14_6,SPP_28079017_14_6.1,SAM_28079017_14_6,O3,http://dd.eionet.europa.eu/vocabulary/aq/pollutant/7,hour,13.3300000000,µg/m3,2017-11-20 12:00:00 +01:00,2017-11-20 13:00:00 +01:00,1,1
ES,ES.BDCA.AQD,NET_ES131A,STA_ES0125A,,SP_28079017_14_6,SPP_28079017_14_6.1,SAM_28079017_14_6,O3,http://dd.eionet.europa.eu/vocabulary/aq/pollutant/7,hour,16.6800000000,µg/m3,2017-11-20 13:00:00 +01:00,2017-11-20 14:00:00 +01:00,1,1
ES,ES.BDCA.AQD,NET_ES131A,STA_ES0125A,,SP_28079017_14_6,SPP_28079017_14_6.1,SAM_28079017_14_6,O3,http://dd.eionet.europa.eu/vocabulary/aq/pollutant/7,hour,17.9300000000,µg/m3,2017-11-20 14:00:00 +01:00,2017-11-20 15:00:00 +01:00,1,1
ES,ES.BDCA.AQD,NET_ES131A,STA_ES0125A,,SP_28079017_14_6,SPP_28079017_14_6.1,SAM_28079017_14_6,O3,http://dd.eionet.europa.eu/vocabulary/aq/pollutant/7,hour,26.2399999900,µg/m3,2017-11-20 15:00:00 +01:00,2017-11-20 16:00:00 +01:00,1,1
ES,ES.BDCA.AQD,NET_ES131A,STA_ES0125A,,SP_28079017_14_6,SPP_28079017_14_6.1,SAM_28079017_14_6,O3,http://dd.eionet.europa.eu/vocabulary/aq/pollutant/7,hour,21.2199999900,µg/m3,2017-11-20 16:00:00 +01:00,2017-11-20 17:00:00 +01:00,1,1
ES,ES.BDCA.AQD,NET_ES131A,STA_ES0125A,,SP_28079017_14_6,SPP_28079017_14_6.1,SAM_28079017_14_6,O3,http://dd.eionet.europa.eu/vocabulary/aq/pollutant/7,hour,5.2100000000,µg/m3,2017-11-20 17:00:00 +01:00,2017-11-20 18:00:00 +01:00,1,1
ES,ES.BDCA.AQD,NET_ES131A,STA_ES0125A,,SP_28079017_14_6,SPP_28079017_14_6.1,SAM_28079017_14_6,O3,http://dd.eionet.europa.eu/vocabulary/aq/pollutant/7,hour,0.9800000000,µg/m3,2017-11-20 18:00:00 +01:00,2017-11-20 19:00:00 +01:00,1,1
ES,ES.BDCA.AQD,NET_ES131A,STA_ES0125A,,SP_28079017_14_6,SPP_28079017_14_6.1,SAM_28079017_14_6,O3,http://dd.eionet.europa.eu/vocabulary/aq/pollutant/7,hour,0.9200000000,µg/m3,2017-11-20 19:00:00 +01:00,2017-11-20 20:00:00 +01:00,1,1
ES,ES.BDCA.AQD,NET_ES131A,STA_ES0125A,,SP_28079017_14_6,SPP_28079017_14_6.1,SAM_28079017_14_6,O3,http://dd.eionet.europa.eu/vocabulary/aq/pollutant/7,hour,1.0600000000,µg/m3,2017-11-20 20:00:00 +01:00,2017-11-20 21:00:00 +01:00,1,1
ES,ES.BDCA.AQD,NET_ES131A,STA_ES0125A,,SP_28079017_14_6,SPP_28079017_14_6.1,SAM_28079017_14_6,O3,http://dd.eionet.europa.eu/vocabulary/aq/pollutant/7,hour,1.1200000000,µg/m3,2017-11-20 21:00:00 +01:00,2017-11-20 22:00:00 +01:00,1,1
ES,ES.BDCA.AQD,NET_ES131A,STA_ES0125A,,SP_28079017_14_6,SPP_28079017_14_6.1,SAM_28079017_14_6,O3,http://dd.eionet.europa.eu/vocabulary/aq/pollutant/7,hour,1.0000000000,µg/m3,2017-11-20 22:00:00 +01:00,2017-11-20 23:00:00 +01:00,1,1
ES,ES.BDCA.AQD,NET_ES131A,STA_ES0125A,,SP_28079017_14_6,SPP_28079017_14_6.1,SAM_28079017_14_6,O3,http://dd.eionet.europa.eu/vocabulary/aq/pollutant/7,hour,1.0000000000,µg/m3,2017-11-20 23:00:00 +01:00,2017-11-21 00:00:00 +01:00,1,1
ES,ES.BDCA.AQD,NET_ES131A,STA_ES0125A,,SP_28079017_14_6,SPP_28079017_14_6.1,SAM_28079017_14_6,O3,http://dd.eionet.europa.eu/vocabulary/aq/pollutant/7,hour,1.0000000000,µg/m3,2017-11-21 00:00:00 +01:00,2017-11-21 01:00:00 +01:00,1,1
ES,ES.BDCA.AQD,NET_ES131A,STA_ES0125A,,SP_28079017_14_6,SPP_28079017_14_6.1,SAM_28079017_14_6,O3,http://dd.eionet.europa.eu/vocabulary/aq/pollutant/7,hour,1.0000000000,µg/m3,2017-11-21 01:00:00 +01:00,2017-11-21 02:00:00 +01:00,1,1
ES,ES.BDCA.AQD,NET_ES131A,STA_ES0125A,,SP_28079017_14_6,SPP_28079017_14_6.1,SAM_28079017_14_6,O3,http://dd.eionet.europa.eu/vocabulary/aq/pollutant/7,hour,1.0000000000,µg/m3,2017-11-21 02:00:00 +01:00,2017-11-21 03:00:00 +01:00,1,1
ES,ES.BDCA.AQD,NET_ES131A,STA_ES0125A,,SP_28079017_14_6,SPP_28079017_14_6.1,SAM_28079017_14_6,O3,http://dd.eionet.europa.eu/vocabulary/aq/pollutant/7,hour,1.0000000000,µg/m3,2017-11-21 03:00:00 +01:00,2017-11-21 04:00:00 +01:00,1,1
ES,ES.BDCA.AQD,NET_ES131A,STA_ES0125A,,SP_28079017_14_6,SPP_28079017_14_6.1,SAM_28079017_14_6,O3,http://dd.eionet.europa.eu/vocabulary/aq/pollutant/7,hour,0.9600000000,µg/m3,2017-11-21 04:00:00 +01:00,2017-11-21 05:00:00 +01:00,1,1
ES,ES.BDCA.AQD,NET_ES131A,STA_ES0125A,,SP_28079017_14_6,SPP_28079017_14_6.1,SAM_28079017_14_6,O3,http://dd.eionet.europa.eu/vocabulary/aq/pollutant/7,hour,0.9400000000,µg/m3,2017-11-21 05:00:00 +01:00,2017-11-21 06:00:00 +01:00,1,1
ES,ES.BDCA.AQD,NET_ES131A,STA_ES0125A,,SP_28079017_14_6,SPP_28079017_14_6.1,SAM_28079017_14_6,O3,http://dd.eionet.europa.eu/vocabulary/aq/pollutant/7,hour,0.9500000000,µg/m3,2017-11-21 06:00:00 +01:00,2017-11-21 07:00:00 +01:00,1,1
ES,ES.BDCA.AQD,NET_ES131A,STA_ES0125A,,SP_28079017_14_6,SPP_28079017_14_6.1,SAM_28079017_14_6,O3,http://dd.eionet.europa.eu/vocabulary/aq/pollutant/7,hour,1.0000000000,µg/m3,2017-11-21 07:00:00 +01:00,2017-11-21 08:00:00 +01:00,1,1
ES,ES.BDCA.AQD,NET_ES131A,STA_ES0125A,,SP_28079017_14_6,SPP_28079017_14_6.1,SAM_28079017_14_6,O3,http://dd.eionet.europa.eu/vocabulary/aq/pollutant/7,hour,0.9600000000,µg/m3,2017-11-21 08:00:00 +01:00,2017-11-21 09:00:00 +01:00,1,1
ES,ES.BDCA.AQD,NET_ES131A,STA_ES0125A,,SP_28079017_14_6,SPP_28079017_14_6.1,SAM_28079017_14_6,O3,http://dd.eionet.europa.eu/vocabulary/aq/pollutant/7,hour,0.9000000000,µg/m3,2017-11-21 09:00:00 +01:00,2017-11-21 10:00:00 +01:00,1,1
ES,ES.BDCA.AQD,NET_ES131A,STA_ES0125A,,SP_28079017_14_6,SPP_28079017_14_6.1,SAM_28079017_14_6,O3,http://dd.eionet.europa.eu/vocabulary/aq/pollutant/7,hour,1.2900000000,µg/m3,2017-11-21 10:00:00 +01:00,2017-11-21 11:00:00 +01:00,1,1
ES,ES.BDCA.AQD,NET_ES131A,STA_ES0125A,,SP_28079017_14_6,SPP_28079017_14_6.1,SAM_28079017_14_6,O3,http://dd.eionet.europa.eu/vocabulary/aq/pollutant/7,hour,2.8999999900,µg/m3,2017-11-21 11:00:00 +01:00,2017-11-21 12:00:00 +01:00,1,1
ES,ES.BDCA.AQD,NET_ES131A,STA_ES0125A,,SP_28079017_14_6,SPP_28079017_14_6.1,SAM_28079017_14_6,O3,http://dd.eionet.europa.eu/vocabulary/aq/pollutant/7,hour,,µg/m3,2017-11-21 12:00:00 +01:00,2017-11-21 13:00:00 +01:00,-1,1
ES,ES.BDCA.AQD,NET_ES131A,STA_ES0125A,,SP_28079017_14_6,SPP_28079017_14_6.1,SAM_28079017_14_6,O3,http://dd.eionet.europa.eu/vocabulary/aq/pollutant/7,hour,16.0599999900,µg/m3,2017-11-21 13:00:00 +01:00,2017-11-21 14:00:00 +01:00,1,1
ES,ES.BDCA.AQD,NET_ES131A,STA_ES0125A,,SP_28079017_14_6,SPP_28079017_14_6.1,SAM_28079017_14_6,O3,http://dd.eionet.europa.eu/vocabulary/aq/pollutant/7,hour,21.7800000000,µg/m3,2017-11-21 14:00:00 +01:00,2017-11-21 15:00:00 +01:00,1,1
ES,ES.BDCA.AQD,NET_ES131A,STA_ES0125A,,SP_28079017_14_6,SPP_28079017_14_6.1,SAM_28079017_14_6,O3,http://dd.eionet.europa.eu/vocabulary/aq/pollutant/7,hour,18.1099999900,µg/m3,2017-11-21 15:00:00 +01:00,2017-11-21 16:00:00 +01:00,1,1
ES,ES.BDCA.AQD,NET_ES131A,STA_ES0125A,,SP_28079017_14_6,SPP_28079017_14_6.1,SAM_28079017_14_6,O3,http://dd.eionet.europa.eu/vocabulary/aq/pollutant/7,hour,12.0800000000,µg/m3,2017-11-21 16:00:00 +01:00,2017-11-21 17:00:00 +01:00,1,1
ES,ES.BDCA.AQD,NET_ES131A,STA_ES0125A,,SP_28079017_14_6,SPP_28079017_14_6.1,SAM_28079017_14_6,O3,http://dd.eionet.europa.eu/vocabulary/aq/pollutant/7,hour,1.5700000000,µg/m3,2017-11-21 17:00:00 +01:00,2017-11-21 18:00:00 +01:00,1,1
ES,ES.BDCA.AQD,NET_ES131A,STA_ES0125A,,SP_28079017_14_6,SPP_28079017_14_6.1,SAM_28079017_14_6,O3,http://dd.eionet.europa.eu/vocabulary/aq/pollutant/7,hour,0.9200000000,µg/m3,2017-11-21 18:00:00 +01:00,2017-11-21 19:00:00 +01:00,1,1
ES,ES.BDCA.AQD,NET_ES131A,STA_ES0125A,,SP_28079017_14_6,SPP_28079017_14_6.1,SAM_28079017_14_6,O3,http://dd.eionet.europa.eu/vocabulary/aq/pollutant/7,hour,0.8500000000,µg/m3,2017-11-21 19:00:00 +01:00,2017-11-21 20:00:00 +01:00,1,1
ES,ES.BDCA.AQD,NET_ES131A,STA_ES0125A,,SP_28079017_14_6,SPP_28079017_14_6.1,SAM_28079017_14_6,O3,http://dd.eionet.europa.eu/vocabulary/aq/pollutant/7,hour,1.8200000000,µg/m3,2017-11-21 20:00:00 +01:00,2017-11-21 21:00:00 +01:00,1,1
ES,ES.BDCA.AQD,NET_ES131A,STA_ES0125A,,SP_28079017_14_6,SPP_28079017_14_6.1,SAM_28079017_14_6,O3,http://dd.eionet.europa.eu/vocabulary/aq/pollutant/7,hour,1.7900000000,µg/m3,2017-11-21 21:00:00 +01:00,2017-11-21 22:00:00 +01:00,1,1
ES,ES.BDCA.AQD,NET_ES131A,STA_ES0125A,,SP_28079017_14_6,SPP_28079017_14_6.1,SAM_28079017_14_6,O3,http://dd.eionet.europa.eu/vocabulary/aq/pollutant/7,hour,1.0000000000,µg/m3,2017-11-21 22:00:00 +01:00,2017-11-21 23:00:00 +01:00,1,1
ES,ES.BDCA.AQD,NET_ES131A,STA_ES0125A,,SP_28079017_14_6,SPP_28079017_14_6.1,SAM_28079017_14_6,O3,http://dd.eionet.europa.eu/vocabulary/aq/pollutant/7,hour,1.0000000000,µg/m3,2017-11-21 23:00:00 +01:00,2017-11-22 00:00:00 +01:00,1,1
ES,ES.BDCA.AQD,NET_ES131A,STA_ES0125A,,SP_28079017_14_6,SPP_28079017_14_6.1,SAM_28079017_14_6,O3,http://dd.eionet.europa.eu/vocabulary/aq/pollutant/7,hour,1.0000000000,µg/m3,2017-11-22 00:00:00 +01:00,2017-11-22 01:00:00 +01:00,1,1
ES,ES.BDCA.AQD,NET_ES131A,STA_ES0125A,,SP_28079017_14_6,SPP_28079017_14_6.1,SAM_28079017_14_6,O3,http://dd.eionet.europa.eu/vocabulary/aq/pollutant/7,hour,1.0000000000,µg/m3,2017-11-22 01:00:00 +01:00,2017-11-22 02:00:00 +01:00,1,1
ES,ES.BDCA.AQD,NET_ES131A,STA_ES0125A,,SP_28079017_14_6,SPP_28079017_14_6.1,SAM_28079017_14_6,O3,http://dd.eionet.europa.eu/vocabulary/aq/pollutant/7,hour,1.0000000000,µg/m3,2017-11-22 02:00:00 +01:00,2017-11-22 03:00:00 +01:00,1,1
ES,ES.BDCA.AQD,NET_ES131A,STA_ES0125A,,SP_28079017_14_6,SPP_28079017_14_6.1,SAM_28079017_14_6,O3,http://dd.eionet.europa.eu/vocabulary/aq/pollutant/7,hour,1.0000000000,µg/m3,2017-11-22 03:00:00 +01:00,2017-11-22 04:00:00 +01:00,1,1
ES,ES.BDCA.AQD,NET_ES131A,STA_ES0125A,,SP_28079017_14_6,SPP_28079017_14_6.1,SAM_28079017_14_6,O3,http://dd.eionet.europa.eu/vocabulary/aq/pollutant/7,hour,1.0000000000,µg/m3,2017-11-22 04:00:00 +01:00,2017-11-22 05:00:00 +01:00,1,1
ES,ES.BDCA.AQD,NET_ES131A,STA_ES0125A,,SP_28079017_14_6,SPP_28079017_14_6.1,SAM_28079017_14_6,O3,http://dd.eionet.europa.eu/vocabulary/aq/pollutant/7,hour,1.0000000000,µg/m3,2017-11-22 05:00:00 +01:00,2017-11-22 06:00:00 +01:00,1,1
ES,ES.BDCA.AQD,NET_ES131A,STA_ES0125A,,SP_28079017_14_6,SPP_28079017_14_6.1,SAM_28079017_14_6,O3,http://dd.eionet.europa.eu/vocabulary/aq/pollutant/7,hour,0.8700000000,µg/m3,2017-11-22 06:00:00 +01:00,2017-11-22 07:00:00 +01:00,1,1
ES,ES.BDCA.AQD,NET_ES131A,STA_ES0125A,,SP_28079017_14_6,SPP_28079017_14_6.1,SAM_28079017_14_6,O3,http://dd.eionet.europa.eu/vocabulary/aq/pollutant/7,hour,0.8800000000,µg/m3,2017-11-22 07:00:00 +01:00,2017-11-22 08:00:00 +01:00,1,1
ES,ES.BDCA.AQD,NET_ES131A,STA_ES0125A,,SP_28079017_14_6,SPP_28079017_14_6.1,SAM_28079017_14_6,O3,http://dd.eionet.europa.eu/vocabulary/aq/pollutant/7,hour,1.0000000000,µg/m3,2017-11-22 08:00:00 +01:00,2017-11-22 09:00:00 +01:00,1,1
ES,ES.BDCA.AQD,NET_ES131A,STA_ES0125A,,SP_28079017_14_6,SPP_28079017_14_6.1,SAM_28079017_14_6,O3,http://dd.eionet.europa.eu/vocabulary/aq/pollutant/7,hour,0.8700000000,µg/m3,2017-11-22 09:00:00 +01:00,2017-11-22 10:00:00 +01:00,1,1
ES,ES.BDCA.AQD,NET_ES131A,STA_ES0125A,,SP_28079017_14_6,SPP_28079017_14_6.1,SAM_28079017_14_6,O3,http://dd.eionet.europa.eu/vocabulary/aq/pollutant/7,hour,2.0600000000,µg/m3,2017-11-22 10:00:00 +01:00,2017-11-22 11:00:00 +01:00,1,1
ES,ES.BDCA.AQD,NET_ES131A,STA_ES0125A,,SP_28079017_14_6,SPP_28079017_14_6.1,SAM_28079017_14_6,O3,http://dd.eionet.europa.eu/vocabulary/aq/pollutant/7,hour,4.1200000000,µg/m3,2017-11-22 11:00:00 +01:00,2017-11-22 12:00:00 +01:00,1,1
ES,ES.BDCA.AQD,NET_ES131A,STA_ES0125A,,SP_28079017_14_6,SPP_28079017_14_6.1,SAM_28079017_14_6,O3,http://dd.eionet.europa.eu/vocabulary/aq/pollutant/7,hour,13.8800000000,µg/m3,2017-11-22 12:00:00 +01:00,2017-11-22 13:00:00 +01:00,1,1
ES,ES.BDCA.AQD,NET_ES131A,STA_ES0125A,,SP_28079017_14_6,SPP_28079017_14_6.1,SAM_28079017_14_6,O3,http://dd.eionet.europa.eu/vocabulary/aq/pollutant/7,hour,19.1999999900,µg/m3,2017-11-22 13:00:00 +01:00,2017-11-22 14:00:00 +01:00,1,1
ES,ES.BDCA.AQD,NET_ES131A,STA_ES0125A,,SP_28079017_14_6,SPP_28079017_14_6.1,SAM_28079017_14_6,O3,http://dd.eionet.europa.eu/vocabulary/aq/pollutant/7,hour,24.4499999900,µg/m3,2017-11-22 14:00:00 +01:00,2017-11-22 15:00:00 +01:00,1,1
ES,ES.BDCA.AQD,NET_ES131A,STA_ES0125A,,SP_28079017_14_6,SPP_28079017_14_6.1,SAM_28079017_14_6,O3,http://dd.eionet.europa.eu/vocabulary/aq/pollutant/7,hour,22.7300000000,µg/m3,2017-11-22 15:00:00 +01:00,2017-11-22 16:00:00 +01:00,1,1
ES,ES.BDCA.AQD,NET_ES131A,STA_ES0125A,,SP_28079017_14_6,SPP_28079017_14_6.1,SAM_28079017_14_6,O3,http://dd.eionet.europa.eu/vocabulary/aq/pollutant/7,hour,5.2500000000,µg/m3,2017-11-22 16:00:00 +01:00,2017-11-22 17:00:00 +01:00,1,1
ES,ES.BDCA.AQD,NET_ES131A,STA_ES0125A,,SP_28079017_14_6,SPP_28079017_14_6.1,SAM_28079017_14_6,O3,http://dd.eionet.europa.eu/vocabulary/aq/pollutant/7,hour,0.9400000000,µg/m3,2017-11-22 17:00:00 +01:00,2017-11-22 18:00:00 +01:00,1,1
ES,ES.BDCA.AQD,NET_ES131A,STA_ES0125A,,SP_28079017_14_6,SPP_28079017_14_6.1,SAM_28079017_14_6,O3,http://dd.eionet.europa.eu/vocabulary/aq/pollutant/7,hour,0.9500000000,µg/m3,2017-11-22 18:00:00 +01:00,2017-11-22 19:00:00 +01:00,1,1
ES,ES.BDCA.AQD,NET_ES131A,STA_ES0125A,,SP_28079017_14_6,SPP_28079017_14_6.1,SAM_28079017_14_6,O3,http://dd.eionet.europa.eu/vocabulary/aq/pollutant/7,hour,1.0000000000,µg/m3,2017-11-22 19:00:00 +01:00,2017-11-22 20:00:00 +01:00,1,1
ES,ES.BDCA.AQD,NET_ES131A,STA_ES0125A,,SP_28079017_14_6,SPP_28079017_14_6.1,SAM_28079017_14_6,O3,http://dd.eionet.europa.eu/vocabulary/aq/pollutant/7,hour,1.1599999900,µg/m3,2017-11-22 20:00:00 +01:00,2017-11-22 21:00:00 +01:00,1,1
ES,ES.BDCA.AQD,NET_ES131A,STA_ES0125A,,SP_28079017_14_6,SPP_28079017_14_6.1,SAM_28079017_14_6,O3,http://dd.eionet.europa.eu/vocabulary/aq/pollutant/7,hour,1.0200000000,µg/m3,2017-11-22 21:00:00 +01:00,2017-11-22 22:00:00 +01:00,1,1
ES,ES.BDCA.AQD,NET_ES131A,STA_ES0125A,,SP_28079017_14_6,SPP_28079017_14_6.1,SAM_28079017_14_6,O3,http://dd.eionet.europa.eu/vocabulary/aq/pollutant/7,hour,1.0000000000,µg/m3,2017-11-22 22:00:00 +01:00,2017-11-22 23:00:00 +01:00,1,1
ES,ES.BDCA.AQD,NET_ES131A,STA_ES0125A,,SP_28079017_14_6,SPP_28079017_14_6.1,SAM_28079017_14_6,O3,http://dd.eionet.europa.eu/vocabulary/aq/pollutant/7,hour,1.0000000000,µg/m3,2017-11-22 23:00:00 +01:00,2017-11-23 00:00:00 +01:00,1,1
ES,ES.BDCA.AQD,NET_ES131A,STA_ES0125A,,SP_28079017_14_6,SPP_28079017_14_6.1,SAM_28079017_14_6,O3,http://dd.eionet.europa.eu/vocabulary/aq/pollutant/7,hour,1.0000000000,µg/m3,2017-11-23 00:00:00 +01:00,2017-11-23 01:00:00 +01:00,1,1
ES,ES.BDCA.AQD,NET_ES131A,STA_ES0125A,,SP_28079017_14_6,SPP_28079017_14_6.1,SAM_28079017_14_6,O3,http://dd.eionet.europa.eu/vocabulary/aq/pollutant/7,hour,1.0000000000,µg/m3,2017-11-23 01:00:00 +01:00,2017-11-23 02:00:00 +01:00,1,1
ES,ES.BDCA.AQD,NET_ES131A,STA_ES0125A,,SP_28079017_14_6,SPP_28079017_14_6.1,SAM_28079017_14_6,O3,http://dd.eionet.europa.eu/vocabulary/aq/pollutant/7,hour,1.0000000000,µg/m3,2017-11-23 02:00:00 +01:00,2017-11-23 03:00:00 +01:00,1,1
ES,ES.BDCA.AQD,NET_ES131A,STA_ES0125A,,SP_28079017_14_6,SPP_28079017_14_6.1,SAM_28079017_14_6,O3,http://dd.eionet.europa.eu/vocabulary/aq/pollutant/7,hour,1.0000000000,µg/m3,2017-11-23 03:00:00 +01:00,2017-11-23 04:00:00 +01:00,1,1
ES,ES.BDCA.AQD,NET_ES131A,STA_ES0125A,,SP_28079017_14_6,SPP_28079017_14_6.1,SAM_28079017_14_6,O3,http://dd.eionet.europa.eu/vocabulary/aq/pollutant/7,hour,1.0000000000,µg/m3,2017-11-23 04:00:00 +01:00,2017-11-23 05:00:00 +01:00,1,1
ES,ES.BDCA.AQD,NET_ES131A,STA_ES0125A,,SP_28079017_14_6,SPP_28079017_14_6.1,SAM_28079017_14_6,O3,http://dd.eionet.europa.eu/vocabulary/aq/pollutant/7,hour,1.0000000000,µg/m3,2017-11-23 05:00:00 +01:00,2017-11-23 06:00:00 +01:00,1,1
ES,ES.BDCA.AQD,NET_ES131A,STA_ES0125A,,SP_28079017_14_6,SPP_28079017_14_6.1,SAM_28079017_14_6,O3,http://dd.eionet.europa.eu/vocabulary/aq/pollutant/7,hour,1.0000000000,µg/m3,2017-11-23 06:00:00 +01:00,2017-11-23 07:00:00 +01:00,1,1
ES,ES.BDCA.AQD,NET_ES131A,STA_ES0125A,,SP_28079017_14_6,SPP_28079017_14_6.1,SAM_28079017_14_6,O3,http://dd.eionet.europa.eu/vocabulary/aq/pollutant/7,hour,1.0000000000,µg/m3,2017-11-23 07:00:00 +01:00,2017-11-23 08:00:00 +01:00,1,1
ES,ES.BDCA.AQD,NET_ES131A,STA_ES0125A,,SP_28079017_14_6,SPP_28079017_14_6.1,SAM_28079017_14_6,O3,http://dd.eionet.europa.eu/vocabulary/aq/pollutant/7,hour,1.0000000000,µg/m3,2017-11-23 08:00:00 +01:00,2017-11-23 09:00:00 +01:00,1,1
ES,ES.BDCA.AQD,NET_ES131A,STA_ES0125A,,SP_28079017_14_6,SPP_28079017_14_6.1,SAM_28079017_14_6,O3,http://dd.eionet.europa.eu/vocabulary/aq/pollutant/7,hour,1.0000000000,µg/m3,2017-11-23 09:00:00 +01:00,2017-11-23 10:00:00 +01:00,1,1
ES,ES.BDCA.AQD,NET_ES131A,STA_ES0125A,,SP_28079017_14_6,SPP_28079017_14_6.1,SAM_28079017_14_6,O3,http://dd.eionet.europa.eu/vocabulary/aq/pollutant/7,hour,1.0000000000,µg/m3,2017-11-23 10:00:00 +01:00,2017-11-23 11:00:00 +01:00,1,1
ES,ES.BDCA.AQD,NET_ES131A,STA_ES0125A,,SP_28079017_14_6,SPP_28079017_14_6.1,SAM_28079017_14_6,O3,http://dd.eionet.europa.eu/vocabulary/aq/pollutant/7,hour,2.1600000000,µg/m3,2017-11-23 11:00:00 +01:00,2017-11-23 12:00:00 +01:00,1,1
ES,ES.BDCA.AQD,NET_ES131A,STA_ES0125A,,SP_28079017_14_6,SPP_28079017_14_6.1,SAM_28079017_14_6,O3,http://dd.eionet.europa.eu/vocabulary/aq/pollutant/7,hour,8.2300000000,µg/m3,2017-11-23 12:00:00 +01:00,2017-11-23 13:00:00 +01:00,1,1
ES,ES.BDCA.AQD,NET_ES131A,STA_ES0125A,,SP_28079017_14_6,SPP_28079017_14_6.1,SAM_28079017_14_6,O3,http://dd.eionet.europa.eu/vocabulary/aq/pollutant/7,hour,12.8300000000,µg/m3,2017-11-23 13:00:00 +01:00,2017-11-23 14:00:00 +01:00,1,1
ES,ES.BDCA.AQD,NET_ES131A,STA_ES0125A,,SP_28079017_14_6,SPP_28079017_14_6.1,SAM_28079017_14_6,O3,http://dd.eionet.europa.eu/vocabulary/aq/pollutant/7,hour,24.8099999900,µg/m3,2017-11-23 14:00:00 +01:00,2017-11-23 15:00:00 +01:00,1,1
ES,ES.BDCA.AQD,NET_ES131A,STA_ES0125A,,SP_28079017_14_6,SPP_28079017_14_6.1,SAM_28079017_14_6,O3,http://dd.eionet.europa.eu/vocabulary/aq/pollutant/7,hour,36.4600000000,µg/m3,2017-11-23 15:00:00 +01:00,2017-11-23 16:00:00 +01:00,1,1
ES,ES.BDCA.AQD,NET_ES131A,STA_ES0125A,,SP_28079017_14_6,SPP_28079017_14_6.1,SAM_28079017_14_6,O3,http://dd.eionet.europa.eu/vocabulary/aq/pollutant/7,hour,21.0000000000,µg/m3,2017-11-23 16:00:00 +01:00,2017-11-23 17:00:00 +01:00,1,1
ES,ES.BDCA.AQD,NET_ES131A,STA_ES0125A,,SP_28079017_14_6,SPP_28079017_14_6.1,SAM_28079017_14_6,O3,http://dd.eionet.europa.eu/vocabulary/aq/pollutant/7,hour,5.7300000000,µg/m3,2017-11-23 17:00:00 +01:00,2017-11-23 18:00:00 +01:00,1,1
ES,ES.BDCA.AQD,NET_ES131A,STA_ES0125A,,SP_28079017_14_6,SPP_28079017_14_6.1,SAM_28079017_14_6,O3,http://dd.eionet.europa.eu/vocabulary/aq/pollutant/7,hour,0.9300000000,µg/m3,2017-11-23 18:00:00 +01:00,2017-11-23 19:00:00 +01:00,1,1
ES,ES.BDCA.AQD,NET_ES131A,STA_ES0125A,,SP_28079017_14_6,SPP_28079017_14_6.1,SAM_28079017_14_6,O3,http://dd.eionet.europa.eu/vocabulary/aq/pollutant/7,hour,0.9500000000,µg/m3,2017-11-23 19:00:00 +01:00,2017-11-23 20:00:00 +01:00,1,1
ES,ES.BDCA.AQD,NET_ES131A,STA_ES0125A,,SP_28079017_14_6,SPP_28079017_14_6.1,SAM_28079017_14_6,O3,http://dd.eionet.europa.eu/vocabulary/aq/pollutant/7,hour,1.0400000000,µg/m3,2017-11-23 20:00:00 +01:00,2017-11-23 21:00:00 +01:00,1,1
ES,ES.BDCA.AQD,NET_ES131A,STA_ES0125A,,SP_28079017_14_6,SPP_28079017_14_6.1,SAM_28079017_14_6,O3,http://dd.eionet.europa.eu/vocabulary/aq/pollutant/7,hour,1.0000000000,µg/m3,2017-11-23 21:00:00 +01:00,2017-11-23 22:00:00 +01:00,1,1
ES,ES.BDCA.AQD,NET_ES131A,STA_ES0125A,,SP_28079017_14_6,SPP_28079017_14_6.1,SAM_28079017_14_6,O3,http://dd.eionet.europa.eu/vocabulary/aq/pollutant/7,hour,1.0000000000,µg/m3,2017-11-23 22:00:00 +01:00,2017-11-23 23:00:00 +01:00,1,1
ES,ES.BDCA.AQD,NET_ES131A,STA_ES0125A,,SP_28079017_14_6,SPP_28079017_14_6.1,SAM_28079017_14_6,O3,http://dd.eionet.europa.eu/vocabulary/aq/pollutant/7,hour,1.0000000000,µg/m3,2017-11-23 23:00:00 +01:00,2017-11-24 00:00:00 +01:00,1,1
ES,ES.BDCA.AQD,NET_ES131A,STA_ES0125A,,SP_28079017_14_6,SPP_28079017_14_6.1,SAM_28079017_14_6,O3,http://dd.eionet.europa.eu/vocabulary/aq/pollutant/7,hour,1.0000000000,µg/m3,2017-11-24 00:00:00 +01:00,2017-11-24 01:00:00 +01:00,1,1
ES,ES.BDCA.AQD,NET_ES131A,STA_ES0125A,,SP_28079017_14_6,SPP_28079017_14_6.1,SAM_28079017_14_6,O3,http://dd.eionet.europa.eu/vocabulary/aq/pollutant/7,hour,1.0000000000,µg/m3,2017-11-24 01:00:00 +01:00,2017-11-24 02:00:00 +01:00,1,1
ES,ES.BDCA.AQD,NET_ES131A,STA_ES0125A,,SP_28079017_14_6,SPP_28079017_14_6.1,SAM_28079017_14_6,O3,http://dd.eionet.europa.eu/vocabulary/aq/pollutant/7,hour,1.0000000000,µg/m3,2017-11-24 02:00:00 +01:00,2017-11-24 03:00:00 +01:00,1,1
ES,ES.BDCA.AQD,NET_ES131A,STA_ES0125A,,SP_28079017_14_6,SPP_28079017_14_6.1,SAM_28079017_14_6,O3,http://dd.eionet.europa.eu/vocabulary/aq/pollutant/7,hour,1.0000000000,µg/m3,2017-11-24 03:00:00 +01:00,2017-11-24 04:00:00 +01:00,1,1
ES,ES.BDCA.AQD,NET_ES131A,STA_ES0125A,,SP_28079017_14_6,SPP_28079017_14_6.1,SAM_28079017_14_6,O3,http://dd.eionet.europa.eu/vocabulary/aq/pollutant/7,hour,8.0399999900,µg/m3,2017-11-24 04:00:00 +01:00,2017-11-24 05:00:00 +01:00,1,1
ES,ES.BDCA.AQD,NET_ES131A,STA_ES0125A,,SP_28079017_14_6,SPP_28079017_14_6.1,SAM_28079017_14_6,O3,http://dd.eionet.europa.eu/vocabulary/aq/pollutant/7,hour,1.0000000000,µg/m3,2017-11-24 05:00:00 +01:00,2017-11-24 06:00:00 +01:00,1,1
ES,ES.BDCA.AQD,NET_ES131A,STA_ES0125A,,SP_28079017_14_6,SPP_28079017_14_6.1,SAM_28079017_14_6,O3,http://dd.eionet.europa.eu/vocabulary/aq/pollutant/7,hour,1.0200000000,µg/m3,2017-11-24 06:00:00 +01:00,2017-11-24 07:00:00 +01:00,1,1
ES,ES.BDCA.AQD,NET_ES131A,STA_ES0125A,,SP_28079017_14_6,SPP_28079017_14_6.1,SAM_28079017_14_6,O3,http://dd.eionet.europa.eu/vocabulary/aq/pollutant/7,hour,1.8999999900,µg/m3,2017-11-24 07:00:00 +01:00,2017-11-24 08:00:00 +01:00,1,1
ES,ES.BDCA.AQD,NET_ES131A,STA_ES0125A,,SP_28079017_14_6,SPP_28079017_14_6.1,SAM_28079017_14_6,O3,http://dd.eionet.europa.eu/vocabulary/aq/pollutant/7,hour,0.9400000000,µg/m3,2017-11-24 08:00:00 +01:00,2017-11-24 09:00:00 +01:00,1,1
ES,ES.BDCA.AQD,NET_ES131A,STA_ES0125A,,SP_28079017_14_6,SPP_28079017_14_6.1,SAM_28079017_14_6,O3,http://dd.eionet.europa.eu/vocabulary/aq/pollutant/7,hour,1.8500000000,µg/m3,2017-11-24 09:00:00 +01:00,2017-11-24 10:00:00 +01:00,1,1
ES,ES.BDCA.AQD,NET_ES131A,STA_ES0125A,,SP_28079017_14_6,SPP_28079017_14_6.1,SAM_28079017_14_6,O3,http://dd.eionet.europa.eu/vocabulary/aq/pollutant/7,hour,2.8700000000,µg/m3,2017-11-24 10:00:00 +01:00,2017-11-24 11:00:00 +01:00,1,1
ES,ES.BDCA.AQD,NET_ES131A,STA_ES0125A,,SP_28079017_14_6,SPP_28079017_14_6.1,SAM_28079017_14_6,O3,http://dd.eionet.europa.eu/vocabulary/aq/pollutant/7,hour,10.2100000000,µg/m3,2017-11-24 11:00:00 +01:00,2017-11-24 12:00:00 +01:00,1,1
ES,ES.BDCA.AQD,NET_ES131A,STA_ES0125A,,SP_28079017_14_6,SPP_28079017_14_6.1,SAM_28079017_14_6,O3,http://dd.eionet.europa.eu/vocabulary/aq/pollutant/7,hour,18.8200000000,µg/m3,2017-11-24 12:00:00 +01:00,2017-11-24 13:00:00 +01:00,1,1
ES,ES.BDCA.AQD,NET_ES131A,STA_ES0125A,,SP_28079017_14_6,SPP_28079017_14_6.1,SAM_28079017_14_6,O3,http://dd.eionet.europa.eu/vocabulary/aq/pollutant/7,hour,34.2400000000,µg/m3,2017-11-24 13:00:00 +01:00,2017-11-24 14:00:00 +01:00,1,1
ES,ES.BDCA.AQD,NET_ES131A,STA_ES0125A,,SP_28079017_14_6,SPP_28079017_14_6.1,SAM_28079017_14_6,O3,http://dd.eionet.europa.eu/vocabulary/aq/pollutant/7,hour,33.5799999900,µg/m3,2017-11-24 14:00:00 +01:00,2017-11-24 15:00:00 +01:00,1,1
ES,ES.BDCA.AQD,NET_ES131A,STA_ES0125A,,SP_28079017_14_6,SPP_28079017_14_6.1,SAM_28079017_14_6,O3,http://dd.eionet.europa.eu/vocabulary/aq/pollutant/7,hour,36.6599999900,µg/m3,2017-11-24 15:00:00 +01:00,2017-11-24 16:00:00 +01:00,1,1
ES,ES.BDCA.AQD,NET_ES131A,STA_ES0125A,,SP_28079017_14_6,SPP_28079017_14_6.1,SAM_28079017_14_6,O3,http://dd.eionet.europa.eu/vocabulary/aq/pollutant/7,hour,30.3099999900,µg/m3,2017-11-24 16:00:00 +01:00,2017-11-24 17:00:00 +01:00,1,1
ES,ES.BDCA.AQD,NET_ES131A,STA_ES0125A,,SP_28079017_14_6,SPP_28079017_14_6.1,SAM_28079017_14_6,O3,http://dd.eionet.europa.eu/vocabulary/aq/pollutant/7,hour,8.9000000000,µg/m3,2017-11-24 17:00:00 +01:00,2017-11-24 18:00:00 +01:00,1,1
ES,ES.BDCA.AQD,NET_ES131A,STA_ES0125A,,SP_28079017_14_6,SPP_28079017_14_6.1,SAM_28079017_14_6,O3,http://dd.eionet.europa.eu/vocabulary/aq/pollutant/7,hour,1.9199999900,µg/m3,2017-11-24 18:00:00 +01:00,2017-11-24 19:00:00 +01:00,1,1
ES,ES.BDCA.AQD,NET_ES131A,STA_ES0125A,,SP_28079017_14_6,SPP_28079017_14_6.1,SAM_28079017_14_6,O3,http://dd.eionet.europa.eu/vocabulary/aq/pollutant/7,hour,9.5800000000,µg/m3,2017-11-24 19:00:00 +01:00,2017-11-24 20:00:00 +01:00,1,1
ES,ES.BDCA.AQD,NET_ES131A,STA_ES0125A,,SP_28079017_14_6,SPP_28079017_14_6.1,SAM_28079017_14_6,O3,http://dd.eionet.europa.eu/vocabulary/aq/pollutant/7,hour,1.0000000000,µg/m3,2017-11-24 20:00:00 +01:00,2017-11-24 21:00:00 +01:00,1,1
ES,ES.BDCA.AQD,NET_ES131A,STA_ES0125A,,SP_28079017_14_6,SPP_28079017_14_6.1,SAM_28079017_14_6,O3,http://dd.eionet.europa.eu/vocabulary/aq/pollutant/7,hour,4.1100000000,µg/m3,2017-11-24 21:00:00 +01:00,2017-11-24 22:00:00 +01:00,1,1
ES,ES.BDCA.AQD,NET_ES131A,STA_ES0125A,,SP_28079017_14_6,SPP_28079017_14_6.1,SAM_28079017_14_6,O3,http://dd.eionet.europa.eu/vocabulary/aq/pollutant/7,hour,3.9700000000,µg/m3,2017-11-24 22:00:00 +01:00,2017-11-24 23:00:00 +01:00,1,1
ES,ES.BDCA.AQD,NET_ES131A,STA_ES0125A,,SP_28079017_14_6,SPP_28079017_14_6.1,SAM_28079017_14_6,O3,http://dd.eionet.europa.eu/vocabulary/aq/pollutant/7,hour,3.6299999900,µg/m3,2017-11-24 23:00:00 +01:00,2017-11-25 00:00:00 +01:00,1,1
ES,ES.BDCA.AQD,NET_ES131A,STA_ES0125A,,SP_28079017_14_6,SPP_28079017_14_6.1,SAM_28079017_14_6,O3,http://dd.eionet.europa.eu/vocabulary/aq/pollutant/7,hour,4.1299999900,µg/m3,2017-11-25 00:00:00 +01:00,2017-11-25 01:00:00 +01:00,1,1
ES,ES.BDCA.AQD,NET_ES131A,STA_ES0125A,,SP_28079017_14_6,SPP_28079017_14_6.1,SAM_28079017_14_6,O3,http://dd.eionet.europa.eu/vocabulary/aq/pollutant/7,hour,4.7599999900,µg/m3,2017-11-25 01:00:00 +01:00,2017-11-25 02:00:00 +01:00,1,1
ES,ES.BDCA.AQD,NET_ES131A,STA_ES0125A,,SP_28079017_14_6,SPP_28079017_14_6.1,SAM_28079017_14_6,O3,http://dd.eionet.europa.eu/vocabulary/aq/pollutant/7,hour,3.3500000000,µg/m3,2017-11-25 02:00:00 +01:00,2017-11-25 03:00:00 +01:00,1,1
ES,ES.BDCA.AQD,NET_ES131A,STA_ES0125A,,SP_28079017_14_6,SPP_28079017_14_6.1,SAM_28079017_14_6,O3,http://dd.eionet.europa.eu/vocabulary/aq/pollutant/7,hour,5.5199999900,µg/m3,2017-11-25 03:00:00 +01:00,2017-11-25 04:00:00 +01:00,1,1
ES,ES.BDCA.AQD,NET_ES131A,STA_ES0125A,,SP_28079017_14_6,SPP_28079017_14_6.1,SAM_28079017_14_6,O3,http://dd.eionet.europa.eu/vocabulary/aq/pollutant/7,hour,4.0700000000,µg/m3,2017-11-25 04:00:00 +01:00,2017-11-25 05:00:00 +01:00,1,1
ES,ES.BDCA.AQD,NET_ES131A,STA_ES0125A,,SP_28079017_14_6,SPP_28079017_14_6.1,SAM_28079017_14_6,O3,http://dd.eionet.europa.eu/vocabulary/aq/pollutant/7,hour,3.9400000000,µg/m3,2017-11-25 05:00:00 +01:00,2017-11-25 06:00:00 +01:00,1,1
ES,ES.BDCA.AQD,NET_ES131A,STA_ES0125A,,SP_28079017_14_6,SPP_28079017_14_6.1,SAM_28079017_14_6,O3,http://dd.eionet.europa.eu/vocabulary/aq/pollutant/7,hour,5.8399999900,µg/m3,2017-11-25 06:00:00 +01:00,2017-11-25 07:00:00 +01:00,1,1
ES,ES.BDCA.AQD,NET_ES131A,STA_ES0125A,,SP_28079017_14_6,SPP_28079017_14_6.1,SAM_28079017_14_6,O3,http://dd.eionet.europa.eu/vocabulary/aq/pollutant/7,hour,3.2000000000,µg/m3,2017-11-25 07:00:00 +01:00,2017-11-25 08:00:00 +01:00,1,1
ES,ES.BDCA.AQD,NET_ES131A,STA_ES0125A,,SP_28079017_14_6,SPP_28079017_14_6.1,SAM_28079017_14_6,O3,http://dd.eionet.europa.eu/vocabulary/aq/pollutant/7,hour,6.5199999900,µg/m3,2017-11-25 08:00:00 +01:00,2017-11-25 09:00:00 +01:00,1,1
ES,ES.BDCA.AQD,NET_ES131A,STA_ES0125A,,SP_28079017_14_6,SPP_28079017_14_6.1,SAM_28079017_14_6,O3,http://dd.eionet.europa.eu/vocabulary/aq/pollutant/7,hour,1.8200000000,µg/m3,2017-11-25 09:00:00 +01:00,2017-11-25 10:00:00 +01:00,1,1
ES,ES.BDCA.AQD,NET_ES131A,STA_ES0125A,,SP_28079017_14_6,SPP_28079017_14_6.1,SAM_28079017_14_6,O3,http://dd.eionet.europa.eu/vocabulary/aq/pollutant/7,hour,3.0499999900,µg/m3,2017-11-25 10:00:00 +01:00,2017-11-25 11:00:00 +01:00,1,1
ES,ES.BDCA.AQD,NET_ES131A,STA_ES0125A,,SP_28079017_14_6,SPP_28079017_14_6.1,SAM_28079017_14_6,O3,http://dd.eionet.europa.eu/vocabulary/aq/pollutant/7,hour,6.7300000000,µg/m3,2017-11-25 11:00:00 +01:00,2017-11-25 12:00:00 +01:00,1,1
ES,ES.BDCA.AQD,NET_ES131A,STA_ES0125A,,SP_28079017_14_6,SPP_28079017_14_6.1,SAM_28079017_14_6,O3,http://dd.eionet.europa.eu/vocabulary/aq/pollutant/7,hour,27.0500000000,µg/m3,2017-11-25 12:00:00 +01:00,2017-11-25 13:00:00 +01:00,1,1
ES,ES.BDCA.AQD,NET_ES131A,STA_ES0125A,,SP_28079017_14_6,SPP_28079017_14_6.1,SAM_28079017_14_6,O3,http://dd.eionet.europa.eu/vocabulary/aq/pollutant/7,hour,108.2000000000,µg/m3,2017-11-25 13:00:00 +01:00,2017-11-25 14:00:00 +01:00,1,1
ES,ES.BDCA.AQD,NET_ES131A,STA_ES0125A,,SP_28079017_14_6,SPP_28079017_14_6.1,SAM_28079017_14_6,O3,http://dd.eionet.europa.eu/vocabulary/aq/pollutant/7,hour,57.3800000000,µg/m3,2017-11-25 14:00:00 +01:00,2017-11-25 15:00:00 +01:00,1,1
ES,ES.BDCA.AQD,NET_ES131A,STA_ES0125A,,SP_28079017_14_6,SPP_28079017_14_6.1,SAM_28079017_14_6,O3,http://dd.eionet.europa.eu/vocabulary/aq/pollutant/7,hour,12.3200000000,µg/m3,2017-11-25 15:00:00 +01:00,2017-11-25 16:00:00 +01:00,1,1
ES,ES.BDCA.AQD,NET_ES131A,STA_ES0125A,,SP_28079017_14_6,SPP_28079017_14_6.1,SAM_28079017_14_6,O3,http://dd.eionet.europa.eu/vocabulary/aq/pollutant/7,hour,19.8999999900,µg/m3,2017-11-25 16:00:00 +01:00,2017-11-25 17:00:00 +01:00,1,1
ES,ES.BDCA.AQD,NET_ES131A,STA_ES0125A,,SP_28079017_14_6,SPP_28079017_14_6.1,SAM_28079017_14_6,O3,http://dd.eionet.europa.eu/vocabulary/aq/pollutant/7,hour,23.7800000000,µg/m3,2017-11-25 17:00:00 +01:00,2017-11-25 18:00:00 +01:00,1,1
ES,ES.BDCA.AQD,NET_ES131A,STA_ES0125A,,SP_28079017_14_6,SPP_28079017_14_6.1,SAM_28079017_14_6,O3,http://dd.eionet.europa.eu/vocabulary/aq/pollutant/7,hour,36.1199999900,µg/m3,2017-11-25 18:00:00 +01:00,2017-11-25 19:00:00 +01:00,1,1
ES,ES.BDCA.AQD,NET_ES131A,STA_ES0125A,,SP_28079017_14_6,SPP_28079017_14_6.1,SAM_28079017_14_6,O3,http://dd.eionet.europa.eu/vocabulary/aq/pollutant/7,hour,38.4300000000,µg/m3,2017-11-25 19:00:00 +01:00,2017-11-25 20:00:00 +01:00,1,1
ES,ES.BDCA.AQD,NET_ES131A,STA_ES0125A,,SP_28079017_14_6,SPP_28079017_14_6.1,SAM_28079017_14_6,O3,http://dd.eionet.europa.eu/vocabulary/aq/pollutant/7,hour,35.8200000000,µg/m3,2017-11-25 20:00:00 +01:00,2017-11-25 21:00:00 +01:00,1,1
ES,ES.BDCA.AQD,NET_ES131A,STA_ES0125A,,SP_28079017_14_6,SPP_28079017_14_6.1,SAM_28079017_14_6,O3,http://dd.eionet.europa.eu/vocabulary/aq/pollutant/7,hour,37.3400000000,µg/m3,2017-11-25 21:00:00 +01:00,2017-11-25 22:00:00 +01:00,1,1
ES,ES.BDCA.AQD,NET_ES131A,STA_ES0125A,,SP_28079017_14_6,SPP_28079017_14_6.1,SAM_28079017_14_6,O3,http://dd.eionet.europa.eu/vocabulary/aq/pollutant/7,hour,37.2599999900,µg/m3,2017-11-25 22:00:00 +01:00,2017-11-25 23:00:00 +01:00,1,1
ES,ES.BDCA.AQD,NET_ES131A,STA_ES0125A,,SP_28079017_14_6,SPP_28079017_14_6.1,SAM_28079017_14_6,O3,http://dd.eionet.europa.eu/vocabulary/aq/pollutant/7,hour,40.4099999900,µg/m3,2017-11-25 23:00:00 +01:00,2017-11-26 00:00:00 +01:00,1,1
ES,ES.BDCA.AQD,NET_ES131A,STA_ES0125A,,SP_28079017_14_6,SPP_28079017_14_6.1,SAM_28079017_14_6,O3,http://dd.eionet.europa.eu/vocabulary/aq/pollutant/7,hour,38.2199999900,µg/m3,2017-11-26 00:00:00 +01:00,2017-11-26 01:00:00 +01:00,1,1
ES,ES.BDCA.AQD,NET_ES131A,STA_ES0125A,,SP_28079017_14_6,SPP_28079017_14_6.1,SAM_28079017_14_6,O3,http://dd.eionet.europa.eu/vocabulary/aq/pollutant/7,hour,42.7100000000,µg/m3,2017-11-26 01:00:00 +01:00,2017-11-26 02:00:00 +01:00,1,1
ES,ES.BDCA.AQD,NET_ES131A,STA_ES0125A,,SP_28079017_14_6,SPP_28079017_14_6.1,SAM_28079017_14_6,O3,http://dd.eionet.europa.eu/vocabulary/aq/pollutant/7,hour,44.3599999900,µg/m3,2017-11-26 02:00:00 +01:00,2017-11-26 03:00:00 +01:00,1,1
ES,ES.BDCA.AQD,NET_ES131A,STA_ES0125A,,SP_28079017_14_6,SPP_28079017_14_6.1,SAM_28079017_14_6,O3,http://dd.eionet.europa.eu/vocabulary/aq/pollutant/7,hour,46.2000000000,µg/m3,2017-11-26 03:00:00 +01:00,2017-11-26 04:00:00 +01:00,1,1
ES,ES.BDCA.AQD,NET_ES131A,STA_ES0125A,,SP_28079017_14_6,SPP_28079017_14_6.1,SAM_28079017_14_6,O3,http://dd.eionet.europa.eu/vocabulary/aq/pollutant/7,hour,44.1199999900,µg/m3,2017-11-26 04:00:00 +01:00,2017-11-26 05:00:00 +01:00,1,1
ES,ES.BDCA.AQD,NET_ES131A,STA_ES0125A,,SP_28079017_14_6,SPP_28079017_14_6.1,SAM_28079017_14_6,O3,http://dd.eionet.europa.eu/vocabulary/aq/pollutant/7,hour,44.7500000000,µg/m3,2017-11-26 05:00:00 +01:00,2017-11-26 06:00:00 +01:00,1,1
ES,ES.BDCA.AQD,NET_ES131A,STA_ES0125A,,SP_28079017_14_6,SPP_28079017_14_6.1,SAM_28079017_14_6,O3,http://dd.eionet.europa.eu/vocabulary/aq/pollutant/7,hour,46.3100000000,µg/m3,2017-11-26 06:00:00 +01:00,2017-11-26 07:00:00 +01:00,1,1
ES,ES.BDCA.AQD,NET_ES131A,STA_ES0125A,,SP_28079017_14_6,SPP_28079017_14_6.1,SAM_28079017_14_6,O3,http://dd.eionet.europa.eu/vocabulary/aq/pollutant/7,hour,43.3400000000,µg/m3,2017-11-26 07:00:00 +01:00,2017-11-26 08:00:00 +01:00,1,1
ES,ES.BDCA.AQD,NET_ES131A,STA_ES0125A,,SP_28079017_14_6,SPP_28079017_14_6.1,SAM_28079017_14_6,O3,http://dd.eionet.europa.eu/vocabulary/aq/pollutant/7,hour,34.1300000000,µg/m3,2017-11-26 08:00:00 +01:00,2017-11-26 09:00:00 +01:00,1,1
ES,ES.BDCA.AQD,NET_ES131A,STA_ES0125A,,SP_28079017_14_6,SPP_28079017_14_6.1,SAM_28079017_14_6,O3,http://dd.eionet.europa.eu/vocabulary/aq/pollutant/7,hour,38.6099999900,µg/m3,2017-11-26 09:00:00 +01:00,2017-11-26 10:00:00 +01:00,1,1
ES,ES.BDCA.AQD,NET_ES131A,STA_ES0125A,,SP_28079017_14_6,SPP_28079017_14_6.1,SAM_28079017_14_6,O3,http://dd.eionet.europa.eu/vocabulary/aq/pollutant/7,hour,42.7500000000,µg/m3,2017-11-26 10:00:00 +01:00,2017-11-26 11:00:00 +01:00,1,1
ES,ES.BDCA.AQD,NET_ES131A,STA_ES0125A,,SP_28079017_14_6,SPP_28079017_14_6.1,SAM_28079017_14_6,O3,http://dd.eionet.europa.eu/vocabulary/aq/pollutant/7,hour,47.9600000000,µg/m3,2017-11-26 11:00:00 +01:00,2017-11-26 12:00:00 +01:00,1,1
ES,ES.BDCA.AQD,NET_ES131A,STA_ES0125A,,SP_28079017_14_6,SPP_28079017_14_6.1,SAM_28079017_14_6,O3,http://dd.eionet.europa.eu/vocabulary/aq/pollutant/7,hour,48.3500000000,µg/m3,2017-11-26 12:00:00 +01:00,2017-11-26 13:00:00 +01:00,1,1
ES,ES.BDCA.AQD,NET_ES131A,STA_ES0125A,,SP_28079017_14_6,SPP_28079017_14_6.1,SAM_28079017_14_6,O3,http://dd.eionet.europa.eu/vocabulary/aq/pollutant/7,hour,53.9900000000,µg/m3,2017-11-26 13:00:00 +01:00,2017-11-26 14:00:00 +01:00,1,1
ES,ES.BDCA.AQD,NET_ES131A,STA_ES0125A,,SP_28079017_14_6,SPP_28079017_14_6.1,SAM_28079017_14_6,O3,http://dd.eionet.europa.eu/vocabulary/aq/pollutant/7,hour,56.6700000000,µg/m3,2017-11-26 14:00:00 +01:00,2017-11-26 15:00:00 +01:00,1,1
ES,ES.BDCA.AQD,NET_ES131A,STA_ES0125A,,SP_28079017_14_6,SPP_28079017_14_6.1,SAM_28079017_14_6,O3,http://dd.eionet.europa.eu/vocabulary/aq/pollutant/7,hour,57.0700000000,µg/m3,2017-11-26 15:00:00 +01:00,2017-11-26 16:00:00 +01:00,1,1
ES,ES.BDCA.AQD,NET_ES131A,STA_ES0125A,,SP_28079017_14_6,SPP_28079017_14_6.1,SAM_28079017_14_6,O3,http://dd.eionet.europa.eu/vocabulary/aq/pollutant/7,hour,54.4099999900,µg/m3,2017-11-26 16:00:00 +01:00,2017-11-26 17:00:00 +01:00,1,1
ES,ES.BDCA.AQD,NET_ES131A,STA_ES0125A,,SP_28079017_14_6,SPP_28079017_14_6.1,SAM_28079017_14_6,O3,http://dd.eionet.europa.eu/vocabulary/aq/pollutant/7,hour,40.0000000000,µg/m3,2017-11-26 17:00:00 +01:00,2017-11-26 18:00:00 +01:00,1,1
ES,ES.BDCA.AQD,NET_ES131A,STA_ES0125A,,SP_28079017_14_6,SPP_28079017_14_6.1,SAM_28079017_14_6,O3,http://dd.eionet.europa.eu/vocabulary/aq/pollutant/7,hour,4.5199999900,µg/m3,2017-11-26 18:00:00 +01:00,2017-11-26 19:00:00 +01:00,1,1
ES,ES.BDCA.AQD,NET_ES131A,STA_ES0125A,,SP_28079017_14_6,SPP_28079017_14_6.1,SAM_28079017_14_6,O3,http://dd.eionet.europa.eu/vocabulary/aq/pollutant/7,hour,1.2900000000,µg/m3,2017-11-26 19:00:00 +01:00,2017-11-26 20:00:00 +01:00,1,1
ES,ES.BDCA.AQD,NET_ES131A,STA_ES0125A,,SP_28079017_14_6,SPP_28079017_14_6.1,SAM_28079017_14_6,O3,http://dd.eionet.europa.eu/vocabulary/aq/pollutant/7,hour,1.3300000000,µg/m3,2017-11-26 20:00:00 +01:00,2017-11-26 21:00:00 +01:00,1,1
ES,ES.BDCA.AQD,NET_ES131A,STA_ES0125A,,SP_28079017_14_6,SPP_28079017_14_6.1,SAM_28079017_14_6,O3,http://dd.eionet.europa.eu/vocabulary/aq/pollutant/7,hour,1.0000000000,µg/m3,2017-11-26 21:00:00 +01:00,2017-11-26 22:00:00 +01:00,1,1
ES,ES.BDCA.AQD,NET_ES131A,STA_ES0125A,,SP_28079017_14_6,SPP_28079017_14_6.1,SAM_28079017_14_6,O3,http://dd.eionet.europa.eu/vocabulary/aq/pollutant/7,hour,0.9900000000,µg/m3,2017-11-26 22:00:00 +01:00,2017-11-26 23:00:00 +01:00,1,1
ES,ES.BDCA.AQD,NET_ES131A,STA_ES0125A,,SP_28079017_14_6,SPP_28079017_14_6.1,SAM_28079017_14_6,O3,http://dd.eionet.europa.eu/vocabulary/aq/pollutant/7,hour,1.0200000000,µg/m3,2017-11-26 23:00:00 +01:00,2017-11-27 00:00:00 +01:00,1,1
ES,ES.BDCA.AQD,NET_ES131A,STA_ES0125A,,SP_28079017_14_6,SPP_28079017_14_6.1,SAM_28079017_14_6,O3,http://dd.eionet.europa.eu/vocabulary/aq/pollutant/7,hour,1.0800000000,µg/m3,2017-11-27 00:00:00 +01:00,2017-11-27 01:00:00 +01:00,1,1
ES,ES.BDCA.AQD,NET_ES131A,STA_ES0125A,,SP_28079017_14_6,SPP_28079017_14_6.1,SAM_28079017_14_6,O3,http://dd.eionet.europa.eu/vocabulary/aq/pollutant/7,hour,1.2800000000,µg/m3,2017-11-27 01:00:00 +01:00,2017-11-27 02:00:00 +01:00,1,1
ES,ES.BDCA.AQD,NET_ES131A,STA_ES0125A,,SP_28079017_14_6,SPP_28079017_14_6.1,SAM_28079017_14_6,O3,http://dd.eionet.europa.eu/vocabulary/aq/pollutant/7,hour,1.0000000000,µg/m3,2017-11-27 02:00:00 +01:00,2017-11-27 03:00:00 +01:00,1,1
ES,ES.BDCA.AQD,NET_ES131A,STA_ES0125A,,SP_28079017_14_6,SPP_28079017_14_6.1,SAM_28079017_14_6,O3,http://dd.eionet.europa.eu/vocabulary/aq/pollutant/7,hour,1.2700000000,µg/m3,2017-11-27 03:00:00 +01:00,2017-11-27 04:00:00 +01:00,1,1
ES,ES.BDCA.AQD,NET_ES131A,STA_ES0125A,,SP_28079017_14_6,SPP_28079017_14_6.1,SAM_28079017_14_6,O3,http://dd.eionet.europa.eu/vocabulary/aq/pollutant/7,hour,1.5200000000,µg/m3,2017-11-27 04:00:00 +01:00,2017-11-27 05:00:00 +01:00,1,1
ES,ES.BDCA.AQD,NET_ES131A,STA_ES0125A,,SP_28079017_14_6,SPP_28079017_14_6.1,SAM_28079017_14_6,O3,http://dd.eionet.europa.eu/vocabulary/aq/pollutant/7,hour,1.1699999900,µg/m3,2017-11-27 05:00:00 +01:00,2017-11-27 06:00:00 +01:00,1,1
ES,ES.BDCA.AQD,NET_ES131A,STA_ES0125A,,SP_28079017_14_6,SPP_28079017_14_6.1,SAM_28079017_14_6,O3,http://dd.eionet.europa.eu/vocabulary/aq/pollutant/7,hour,0.9800000000,µg/m3,2017-11-27 06:00:00 +01:00,2017-11-27 07:00:00 +01:00,1,1
ES,ES.BDCA.AQD,NET_ES131A,STA_ES0125A,,SP_28079017_14_6,SPP_28079017_14_6.1,SAM_28079017_14_6,O3,http://dd.eionet.europa.eu/vocabulary/aq/pollutant/7,hour,1.2500000000,µg/m3,2017-11-27 07:00:00 +01:00,2017-11-27 08:00:00 +01:00,1,1
ES,ES.BDCA.AQD,NET_ES131A,STA_ES0125A,,SP_28079017_14_6,SPP_28079017_14_6.1,SAM_28079017_14_6,O3,http://dd.eionet.europa.eu/vocabulary/aq/pollutant/7,hour,1.3300000000,µg/m3,2017-11-27 08:00:00 +01:00,2017-11-27 09:00:00 +01:00,1,1
ES,ES.BDCA.AQD,NET_ES131A,STA_ES0125A,,SP_28079017_14_6,SPP_28079017_14_6.1,SAM_28079017_14_6,O3,http://dd.eionet.europa.eu/vocabulary/aq/pollutant/7,hour,2.1099999900,µg/m3,2017-11-27 09:00:00 +01:00,2017-11-27 10:00:00 +01:00,1,1
ES,ES.BDCA.AQD,NET_ES131A,STA_ES0125A,,SP_28079017_14_6,SPP_28079017_14_6.1,SAM_28079017_14_6,O3,http://dd.eionet.europa.eu/vocabulary/aq/pollutant/7,hour,2.3700000000,µg/m3,2017-11-27 10:00:00 +01:00,2017-11-27 11:00:00 +01:00,1,1
ES,ES.BDCA.AQD,NET_ES131A,STA_ES0125A,,SP_28079017_14_6,SPP_28079017_14_6.1,SAM_28079017_14_6,O3,http://dd.eionet.europa.eu/vocabulary/aq/pollutant/7,hour,6.6900000000,µg/m3,2017-11-27 11:00:00 +01:00,2017-11-27 12:00:00 +01:00,1,1
ES,ES.BDCA.AQD,NET_ES131A,STA_ES0125A,,SP_28079017_14_6,SPP_28079017_14_6.1,SAM_28079017_14_6,O3,http://dd.eionet.europa.eu/vocabulary/aq/pollutant/7,hour,15.3900000000,µg/m3,2017-11-27 12:00:00 +01:00,2017-11-27 13:00:00 +01:00,1,1
ES,ES.BDCA.AQD,NET_ES131A,STA_ES0125A,,SP_28079017_14_6,SPP_28079017_14_6.1,SAM_28079017_14_6,O3,http://dd.eionet.europa.eu/vocabulary/aq/pollutant/7,hour,20.1400000000,µg/m3,2017-11-27 13:00:00 +01:00,2017-11-27 14:00:00 +01:00,1,1
ES,ES.BDCA.AQD,NET_ES131A,STA_ES0125A,,SP_28079017_14_6,SPP_28079017_14_6.1,SAM_28079017_14_6,O3,http://dd.eionet.europa.eu/vocabulary/aq/pollutant/7,hour,17.8299999900,µg/m3,2017-11-27 14:00:00 +01:00,2017-11-27 15:00:00 +01:00,1,1
ES,ES.BDCA.AQD,NET_ES131A,STA_ES0125A,,SP_28079017_14_6,SPP_28079017_14_6.1,SAM_28079017_14_6,O3,http://dd.eionet.europa.eu/vocabulary/aq/pollutant/7,hour,15.8500000000,µg/m3,2017-11-27 15:00:00 +01:00,2017-11-27 16:00:00 +01:00,1,1
ES,ES.BDCA.AQD,NET_ES131A,STA_ES0125A,,SP_28079017_14_6,SPP_28079017_14_6.1,SAM_28079017_14_6,O3,http://dd.eionet.europa.eu/vocabulary/aq/pollutant/7,hour,14.3100000000,µg/m3,2017-11-27 16:00:00 +01:00,2017-11-27 17:00:00 +01:00,1,1
ES,ES.BDCA.AQD,NET_ES131A,STA_ES0125A,,SP_28079017_14_6,SPP_28079017_14_6.1,SAM_28079017_14_6,O3,http://dd.eionet.europa.eu/vocabulary/aq/pollutant/7,hour,8.6699999900,µg/m3,2017-11-27 17:00:00 +01:00,2017-11-27 18:00:00 +01:00,1,1
ES,ES.BDCA.AQD,NET_ES131A,STA_ES0125A,,SP_28079017_14_6,SPP_28079017_14_6.1,SAM_28079017_14_6,O3,http://dd.eionet.europa.eu/vocabulary/aq/pollutant/7,hour,1.5000000000,µg/m3,2017-11-27 18:00:00 +01:00,2017-11-27 19:00:00 +01:00,1,1
ES,ES.BDCA.AQD,NET_ES131A,STA_ES0125A,,SP_28079017_14_6,SPP_28079017_14_6.1,SAM_28079017_14_6,O3,http://dd.eionet.europa.eu/vocabulary/aq/pollutant/7,hour,1.0100000000,µg/m3,2017-11-27 19:00:00 +01:00,2017-11-27 20:00:00 +01:00,1,1
ES,ES.BDCA.AQD,NET_ES131A,STA_ES0125A,,SP_28079017_14_6,SPP_28079017_14_6.1,SAM_28079017_14_6,O3,http://dd.eionet.europa.eu/vocabulary/aq/pollutant/7,hour,1.7400000000,µg/m3,2017-11-27 20:00:00 +01:00,2017-11-27 21:00:00 +01:00,1,1
ES,ES.BDCA.AQD,NET_ES131A,STA_ES0125A,,SP_28079017_14_6,SPP_28079017_14_6.1,SAM_28079017_14_6,O3,http://dd.eionet.europa.eu/vocabulary/aq/pollutant/7,hour,1.0000000000,µg/m3,2017-11-27 21:00:00 +01:00,2017-11-27 22:00:00 +01:00,1,1
ES,ES.BDCA.AQD,NET_ES131A,STA_ES0125A,,SP_28079017_14_6,SPP_28079017_14_6.1,SAM_28079017_14_6,O3,http://dd.eionet.europa.eu/vocabulary/aq/pollutant/7,hour,1.0000000000,µg/m3,2017-11-27 22:00:00 +01:00,2017-11-27 23:00:00 +01:00,1,1
ES,ES.BDCA.AQD,NET_ES131A,STA_ES0125A,,SP_28079017_14_6,SPP_28079017_14_6.1,SAM_28079017_14_6,O3,http://dd.eionet.europa.eu/vocabulary/aq/pollutant/7,hour,1.0000000000,µg/m3,2017-11-27 23:00:00 +01:00,2017-11-28 00:00:00 +01:00,1,1
ES,ES.BDCA.AQD,NET_ES131A,STA_ES0125A,,SP_28079017_14_6,SPP_28079017_14_6.1,SAM_28079017_14_6,O3,http://dd.eionet.europa.eu/vocabulary/aq/pollutant/7,hour,1.0000000000,µg/m3,2017-11-28 00:00:00 +01:00,2017-11-28 01:00:00 +01:00,1,1
ES,ES.BDCA.AQD,NET_ES131A,STA_ES0125A,,SP_28079017_14_6,SPP_28079017_14_6.1,SAM_28079017_14_6,O3,http://dd.eionet.europa.eu/vocabulary/aq/pollutant/7,hour,1.0000000000,µg/m3,2017-11-28 01:00:00 +01:00,2017-11-28 02:00:00 +01:00,1,1
ES,ES.BDCA.AQD,NET_ES131A,STA_ES0125A,,SP_28079017_14_6,SPP_28079017_14_6.1,SAM_28079017_14_6,O3,http://dd.eionet.europa.eu/vocabulary/aq/pollutant/7,hour,0.9700000000,µg/m3,2017-11-28 02:00:00 +01:00,2017-11-28 03:00:00 +01:00,1,1
ES,ES.BDCA.AQD,NET_ES131A,STA_ES0125A,,SP_28079017_14_6,SPP_28079017_14_6.1,SAM_28079017_14_6,O3,http://dd.eionet.europa.eu/vocabulary/aq/pollutant/7,hour,0.9800000000,µg/m3,2017-11-28 03:00:00 +01:00,2017-11-28 04:00:00 +01:00,1,1
ES,ES.BDCA.AQD,NET_ES131A,STA_ES0125A,,SP_28079017_14_6,SPP_28079017_14_6.1,SAM_28079017_14_6,O3,http://dd.eionet.europa.eu/vocabulary/aq/pollutant/7,hour,1.0000000000,µg/m3,2017-11-28 04:00:00 +01:00,2017-11-28 05:00:00 +01:00,1,1
ES,ES.BDCA.AQD,NET_ES131A,STA_ES0125A,,SP_28079017_14_6,SPP_28079017_14_6.1,SAM_28079017_14_6,O3,http://dd.eionet.europa.eu/vocabulary/aq/pollutant/7,hour,1.0400000000,µg/m3,2017-11-28 05:00:00 +01:00,2017-11-28 06:00:00 +01:00,1,1
ES,ES.BDCA.AQD,NET_ES131A,STA_ES0125A,,SP_28079017_14_6,SPP_28079017_14_6.1,SAM_28079017_14_6,O3,http://dd.eionet.europa.eu/vocabulary/aq/pollutant/7,hour,1.0000000000,µg/m3,2017-11-28 06:00:00 +01:00,2017-11-28 07:00:00 +01:00,1,1
ES,ES.BDCA.AQD,NET_ES131A,STA_ES0125A,,SP_28079017_14_6,SPP_28079017_14_6.1,SAM_28079017_14_6,O3,http://dd.eionet.europa.eu/vocabulary/aq/pollutant/7,hour,1.0000000000,µg/m3,2017-11-28 07:00:00 +01:00,2017-11-28 08:00:00 +01:00,1,1
ES,ES.BDCA.AQD,NET_ES131A,STA_ES0125A,,SP_28079017_14_6,SPP_28079017_14_6.1,SAM_28079017_14_6,O3,http://dd.eionet.europa.eu/vocabulary/aq/pollutant/7,hour,0.9500000000,µg/m3,2017-11-28 08:00:00 +01:00,2017-11-28 09:00:00 +01:00,1,1
ES,ES.BDCA.AQD,NET_ES131A,STA_ES0125A,,SP_28079017_14_6,SPP_28079017_14_6.1,SAM_28079017_14_6,O3,http://dd.eionet.europa.eu/vocabulary/aq/pollutant/7,hour,0.9000000000,µg/m3,2017-11-28 09:00:00 +01:00,2017-11-28 10:00:00 +01:00,1,1
ES,ES.BDCA.AQD,NET_ES131A,STA_ES0125A,,SP_28079017_14_6,SPP_28079017_14_6.1,SAM_28079017_14_6,O3,http://dd.eionet.europa.eu/vocabulary/aq/pollutant/7,hour,1.1399999900,µg/m3,2017-11-28 10:00:00 +01:00,2017-11-28 11:00:00 +01:00,1,1
ES,ES.BDCA.AQD,NET_ES131A,STA_ES0125A,,SP_28079017_14_6,SPP_28079017_14_6.1,SAM_28079017_14_6,O3,http://dd.eionet.europa.eu/vocabulary/aq/pollutant/7,hour,3.2500000000,µg/m3,2017-11-28 11:00:00 +01:00,2017-11-28 12:00:00 +01:00,1,1
ES,ES.BDCA.AQD,NET_ES131A,STA_ES0125A,,SP_28079017_14_6,SPP_28079017_14_6.1,SAM_28079017_14_6,O3,http://dd.eionet.europa.eu/vocabulary/aq/pollutant/7,hour,2.9300000000,µg/m3,2017-11-28 12:00:00 +01:00,2017-11-28 13:00:00 +01:00,1,1
ES,ES.BDCA.AQD,NET_ES131A,STA_ES0125A,,SP_28079017_14_6,SPP_28079017_14_6.1,SAM_28079017_14_6,O3,http://dd.eionet.europa.eu/vocabulary/aq/pollutant/7,hour,1.8100000000,µg/m3,2017-11-28 13:00:00 +01:00,2017-11-28 14:00:00 +01:00,1,1
ES,ES.BDCA.AQD,NET_ES131A,STA_ES0125A,,SP_28079017_14_6,SPP_28079017_14_6.1,SAM_28079017_14_6,O3,http://dd.eionet.europa.eu/vocabulary/aq/pollutant/7,hour,2.1099999900,µg/m3,2017-11-28 14:00:00 +01:00,2017-11-28 15:00:00 +01:00,1,1
ES,ES.BDCA.AQD,NET_ES131A,STA_ES0125A,,SP_28079017_14_6,SPP_28079017_14_6.1,SAM_28079017_14_6,O3,http://dd.eionet.europa.eu/vocabulary/aq/pollutant/7,hour,2.3799999900,µg/m3,2017-11-28 15:00:00 +01:00,2017-11-28 16:00:00 +01:00,1,1
ES,ES.BDCA.AQD,NET_ES131A,STA_ES0125A,,SP_28079017_14_6,SPP_28079017_14_6.1,SAM_28079017_14_6,O3,http://dd.eionet.europa.eu/vocabulary/aq/pollutant/7,hour,0.9300000000,µg/m3,2017-11-28 16:00:00 +01:00,2017-11-28 17:00:00 +01:00,1,1
ES,ES.BDCA.AQD,NET_ES131A,STA_ES0125A,,SP_28079017_14_6,SPP_28079017_14_6.1,SAM_28079017_14_6,O3,http://dd.eionet.europa.eu/vocabulary/aq/pollutant/7,hour,1.0000000000,µg/m3,2017-11-28 17:00:00 +01:00,2017-11-28 18:00:00 +01:00,1,1
ES,ES.BDCA.AQD,NET_ES131A,STA_ES0125A,,SP_28079017_14_6,SPP_28079017_14_6.1,SAM_28079017_14_6,O3,http://dd.eionet.europa.eu/vocabulary/aq/pollutant/7,hour,0.9500000000,µg/m3,2017-11-28 18:00:00 +01:00,2017-11-28 19:00:00 +01:00,1,1
ES,ES.BDCA.AQD,NET_ES131A,STA_ES0125A,,SP_28079017_14_6,SPP_28079017_14_6.1,SAM_28079017_14_6,O3,http://dd.eionet.europa.eu/vocabulary/aq/pollutant/7,hour,1.0000000000,µg/m3,2017-11-28 19:00:00 +01:00,2017-11-28 20:00:00 +01:00,1,1
ES,ES.BDCA.AQD,NET_ES131A,STA_ES0125A,,SP_28079017_14_6,SPP_28079017_14_6.1,SAM_28079017_14_6,O3,http://dd.eionet.europa.eu/vocabulary/aq/pollutant/7,hour,1.0400000000,µg/m3,2017-11-28 20:00:00 +01:00,2017-11-28 21:00:00 +01:00,1,1
ES,ES.BDCA.AQD,NET_ES131A,STA_ES0125A,,SP_28079017_14_6,SPP_28079017_14_6.1,SAM_28079017_14_6,O3,http://dd.eionet.europa.eu/vocabulary/aq/pollutant/7,hour,1.0000000000,µg/m3,2017-11-28 21:00:00 +01:00,2017-11-28 22:00:00 +01:00,1,1
ES,ES.BDCA.AQD,NET_ES131A,STA_ES0125A,,SP_28079017_14_6,SPP_28079017_14_6.1,SAM_28079017_14_6,O3,http://dd.eionet.europa.eu/vocabulary/aq/pollutant/7,hour,1.0000000000,µg/m3,2017-11-28 22:00:00 +01:00,2017-11-28 23:00:00 +01:00,1,1
ES,ES.BDCA.AQD,NET_ES131A,STA_ES0125A,,SP_28079017_14_6,SPP_28079017_14_6.1,SAM_28079017_14_6,O3,http://dd.eionet.europa.eu/vocabulary/aq/pollutant/7,hour,1.0000000000,µg/m3,2017-11-28 23:00:00 +01:00,2017-11-29 00:00:00 +01:00,1,1
ES,ES.BDCA.AQD,NET_ES131A,STA_ES0125A,,SP_28079017_14_6,SPP_28079017_14_6.1,SAM_28079017_14_6,O3,http://dd.eionet.europa.eu/vocabulary/aq/pollutant/7,hour,1.0000000000,µg/m3,2017-11-29 00:00:00 +01:00,2017-11-29 01:00:00 +01:00,1,1
ES,ES.BDCA.AQD,NET_ES131A,STA_ES0125A,,SP_28079017_14_6,SPP_28079017_14_6.1,SAM_28079017_14_6,O3,http://dd.eionet.europa.eu/vocabulary/aq/pollutant/7,hour,1.0000000000,µg/m3,2017-11-29 01:00:00 +01:00,2017-11-29 02:00:00 +01:00,1,1
ES,ES.BDCA.AQD,NET_ES131A,STA_ES0125A,,SP_28079017_14_6,SPP_28079017_14_6.1,SAM_28079017_14_6,O3,http://dd.eionet.europa.eu/vocabulary/aq/pollutant/7,hour,1.0000000000,µg/m3,2017-11-29 02:00:00 +01:00,2017-11-29 03:00:00 +01:00,1,1
ES,ES.BDCA.AQD,NET_ES131A,STA_ES0125A,,SP_28079017_14_6,SPP_28079017_14_6.1,SAM_28079017_14_6,O3,http://dd.eionet.europa.eu/vocabulary/aq/pollutant/7,hour,1.0000000000,µg/m3,2017-11-29 03:00:00 +01:00,2017-11-29 04:00:00 +01:00,1,1
ES,ES.BDCA.AQD,NET_ES131A,STA_ES0125A,,SP_28079017_14_6,SPP_28079017_14_6.1,SAM_28079017_14_6,O3,http://dd.eionet.europa.eu/vocabulary/aq/pollutant/7,hour,1.0000000000,µg/m3,2017-11-29 04:00:00 +01:00,2017-11-29 05:00:00 +01:00,1,1
ES,ES.BDCA.AQD,NET_ES131A,STA_ES0125A,,SP_28079017_14_6,SPP_28079017_14_6.1,SAM_28079017_14_6,O3,http://dd.eionet.europa.eu/vocabulary/aq/pollutant/7,hour,1.0000000000,µg/m3,2017-11-29 05:00:00 +01:00,2017-11-29 06:00:00 +01:00,1,1
ES,ES.BDCA.AQD,NET_ES131A,STA_ES0125A,,SP_28079017_14_6,SPP_28079017_14_6.1,SAM_28079017_14_6,O3,http://dd.eionet.europa.eu/vocabulary/aq/pollutant/7,hour,1.0000000000,µg/m3,2017-11-29 06:00:00 +01:00,2017-11-29 07:00:00 +01:00,1,1
ES,ES.BDCA.AQD,NET_ES131A,STA_ES0125A,,SP_28079017_14_6,SPP_28079017_14_6.1,SAM_28079017_14_6,O3,http://dd.eionet.europa.eu/vocabulary/aq/pollutant/7,hour,1.0000000000,µg/m3,2017-11-29 07:00:00 +01:00,2017-11-29 08:00:00 +01:00,1,1
ES,ES.BDCA.AQD,NET_ES131A,STA_ES0125A,,SP_28079017_14_6,SPP_28079017_14_6.1,SAM_28079017_14_6,O3,http://dd.eionet.europa.eu/vocabulary/aq/pollutant/7,hour,0.9600000000,µg/m3,2017-11-29 08:00:00 +01:00,2017-11-29 09:00:00 +01:00,1,1
ES,ES.BDCA.AQD,NET_ES131A,STA_ES0125A,,SP_28079017_14_6,SPP_28079017_14_6.1,SAM_28079017_14_6,O3,http://dd.eionet.europa.eu/vocabulary/aq/pollutant/7,hour,2.7700000000,µg/m3,2017-11-29 09:00:00 +01:00,2017-11-29 10:00:00 +01:00,1,1
ES,ES.BDCA.AQD,NET_ES131A,STA_ES0125A,,SP_28079017_14_6,SPP_28079017_14_6.1,SAM_28079017_14_6,O3,http://dd.eionet.europa.eu/vocabulary/aq/pollutant/7,hour,14.1899999900,µg/m3,2017-11-29 10:00:00 +01:00,2017-11-29 11:00:00 +01:00,1,1
ES,ES.BDCA.AQD,NET_ES131A,STA_ES0125A,,SP_28079017_14_6,SPP_28079017_14_6.1,SAM_28079017_14_6,O3,http://dd.eionet.europa.eu/vocabulary/aq/pollutant/7,hour,28.3400000000,µg/m3,2017-11-29 11:00:00 +01:00,2017-11-29 12:00:00 +01:00,1,1
ES,ES.BDCA.AQD,NET_ES131A,STA_ES0125A,,SP_28079017_14_6,SPP_28079017_14_6.1,SAM_28079017_14_6,O3,http://dd.eionet.europa.eu/vocabulary/aq/pollutant/7,hour,42.7400000000,µg/m3,2017-11-29 12:00:00 +01:00,2017-11-29 13:00:00 +01:00,1,1
ES,ES.BDCA.AQD,NET_ES131A,STA_ES0125A,,SP_28079017_14_6,SPP_28079017_14_6.1,SAM_28079017_14_6,O3,http://dd.eionet.europa.eu/vocabulary/aq/pollutant/7,hour,48.3500000000,µg/m3,2017-11-29 13:00:00 +01:00,2017-11-29 14:00:00 +01:00,1,1
ES,ES.BDCA.AQD,NET_ES131A,STA_ES0125A,,SP_28079017_14_6,SPP_28079017_14_6.1,SAM_28079017_14_6,O3,http://dd.eionet.europa.eu/vocabulary/aq/pollutant/7,hour,53.3400000000,µg/m3,2017-11-29 14:00:00 +01:00,2017-11-29 15:00:00 +01:00,1,1
ES,ES.BDCA.AQD,NET_ES131A,STA_ES0125A,,SP_28079017_14_6,SPP_28079017_14_6.1,SAM_28079017_14_6,O3,http://dd.eionet.europa.eu/vocabulary/aq/pollutant/7,hour,48.2999999900,µg/m3,2017-11-29 15:00:00 +01:00,2017-11-29 16:00:00 +01:00,1,1
ES,ES.BDCA.AQD,NET_ES131A,STA_ES0125A,,SP_28079017_14_6,SPP_28079017_14_6.1,SAM_28079017_14_6,O3,http://dd.eionet.europa.eu/vocabulary/aq/pollutant/7,hour,48.9600000000,µg/m3,2017-11-29 16:00:00 +01:00,2017-11-29 17:00:00 +01:00,1,1
ES,ES.BDCA.AQD,NET_ES131A,STA_ES0125A,,SP_28079017_14_6,SPP_28079017_14_6.1,SAM_28079017_14_6,O3,http://dd.eionet.europa.eu/vocabulary/aq/pollutant/7,hour,39.2299999900,µg/m3,2017-11-29 17:00:00 +01:00,2017-11-29 18:00:00 +01:00,1,1
ES,ES.BDCA.AQD,NET_ES131A,STA_ES0125A,,SP_28079017_14_6,SPP_28079017_14_6.1,SAM_28079017_14_6,O3,http://dd.eionet.europa.eu/vocabulary/aq/pollutant/7,hour,38.8200000000,µg/m3,2017-11-29 18:00:00 +01:00,2017-11-29 19:00:00 +01:00,1,1
ES,ES.BDCA.AQD,NET_ES131A,STA_ES0125A,,SP_28079017_14_6,SPP_28079017_14_6.1,SAM_28079017_14_6,O3,http://dd.eionet.europa.eu/vocabulary/aq/pollutant/7,hour,21.7199999900,µg/m3,2017-11-29 19:00:00 +01:00,2017-11-29 20:00:00 +01:00,1,1
ES,ES.BDCA.AQD,NET_ES131A,STA_ES0125A,,SP_28079017_14_6,SPP_28079017_14_6.1,SAM_28079017_14_6,O3,http://dd.eionet.europa.eu/vocabulary/aq/pollutant/7,hour,32.4699999900,µg/m3,2017-11-29 20:00:00 +01:00,2017-11-29 21:00:00 +01:00,1,1
ES,ES.BDCA.AQD,NET_ES131A,STA_ES0125A,,SP_28079017_14_6,SPP_28079017_14_6.1,SAM_28079017_14_6,O3,http://dd.eionet.europa.eu/vocabulary/aq/pollutant/7,hour,37.7599999900,µg/m3,2017-11-29 21:00:00 +01:00,2017-11-29 22:00:00 +01:00,1,1
ES,ES.BDCA.AQD,NET_ES131A,STA_ES0125A,,SP_28079017_14_6,SPP_28079017_14_6.1,SAM_28079017_14_6,O3,http://dd.eionet.europa.eu/vocabulary/aq/pollutant/7,hour,34.8699999900,µg/m3,2017-11-29 22:00:00 +01:00,2017-11-29 23:00:00 +01:00,1,1
ES,ES.BDCA.AQD,NET_ES131A,STA_ES0125A,,SP_28079017_14_6,SPP_28079017_14_6.1,SAM_28079017_14_6,O3,http://dd.eionet.europa.eu/vocabulary/aq/pollutant/7,hour,47.2400000000,µg/m3,2017-11-29 23:00:00 +01:00,2017-11-30 00:00:00 +01:00,1,1
ES,ES.BDCA.AQD,NET_ES131A,STA_ES0125A,,SP_28079017_14_6,SPP_28079017_14_6.1,SAM_28079017_14_6,O3,http://dd.eionet.europa.eu/vocabulary/aq/pollutant/7,hour,47.3599999900,µg/m3,2017-11-30 00:00:00 +01:00,2017-11-30 01:00:00 +01:00,1,1
ES,ES.BDCA.AQD,NET_ES131A,STA_ES0125A,,SP_28079017_14_6,SPP_28079017_14_6.1,SAM_28079017_14_6,O3,http://dd.eionet.europa.eu/vocabulary/aq/pollutant/7,hour,51.0600000000,µg/m3,2017-11-30 01:00:00 +01:00,2017-11-30 02:00:00 +01:00,1,1
ES,ES.BDCA.AQD,NET_ES131A,STA_ES0125A,,SP_28079017_14_6,SPP_28079017_14_6.1,SAM_28079017_14_6,O3,http://dd.eionet.europa.eu/vocabulary/aq/pollutant/7,hour,23.0700000000,µg/m3,2017-11-30 02:00:00 +01:00,2017-11-30 03:00:00 +01:00,1,1
ES,ES.BDCA.AQD,NET_ES131A,STA_ES0125A,,SP_28079017_14_6,SPP_28079017_14_6.1,SAM_28079017_14_6,O3,http://dd.eionet.europa.eu/vocabulary/aq/pollutant/7,hour,16.6999999900,µg/m3,2017-11-30 03:00:00 +01:00,2017-11-30 04:00:00 +01:00,1,1
ES,ES.BDCA.AQD,NET_ES131A,STA_ES0125A,,SP_28079017_14_6,SPP_28079017_14_6.1,SAM_28079017_14_6,O3,http://dd.eionet.europa.eu/vocabulary/aq/pollutant/7,hour,19.8799999900,µg/m3,2017-11-30 04:00:00 +01:00,2017-11-30 05:00:00 +01:00,1,1
ES,ES.BDCA.AQD,NET_ES131A,STA_ES0125A,,SP_28079017_14_6,SPP_28079017_14_6.1,SAM_28079017_14_6,O3,http://dd.eionet.europa.eu/vocabulary/aq/pollutant/7,hour,5.4100000000,µg/m3,2017-11-30 05:00:00 +01:00,2017-11-30 06:00:00 +01:00,1,1
ES,ES.BDCA.AQD,NET_ES131A,STA_ES0125A,,SP_28079017_14_6,SPP_28079017_14_6.1,SAM_28079017_14_6,O3,http://dd.eionet.europa.eu/vocabulary/aq/pollutant/7,hour,1.1399999900,µg/m3,2017-11-30 06:00:00 +01:00,2017-11-30 07:00:00 +01:00,1,1
ES,ES.BDCA.AQD,NET_ES131A,STA_ES0125A,,SP_28079017_14_6,SPP_28079017_14_6.1,SAM_28079017_14_6,O3,http://dd.eionet.europa.eu/vocabulary/aq/pollutant/7,hour,1.0000000000,µg/m3,2017-11-30 07:00:00 +01:00,2017-11-30 08:00:00 +01:00,1,1
ES,ES.BDCA.AQD,NET_ES131A,STA_ES0125A,,SP_28079017_14_6,SPP_28079017_14_6.1,SAM_28079017_14_6,O3,http://dd.eionet.europa.eu/vocabulary/aq/pollutant/7,hour,1.1399999900,µg/m3,2017-11-30 08:00:00 +01:00,2017-11-30 09:00:00 +01:00,1,1
ES,ES.BDCA.AQD,NET_ES131A,STA_ES0125A,,SP_28079017_14_6,SPP_28079017_14_6.1,SAM_28079017_14_6,O3,http://dd.eionet.europa.eu/vocabulary/aq/pollutant/7,hour,2.3999999900,µg/m3,2017-11-30 09:00:00 +01:00,2017-11-30 10:00:00 +01:00,1,1
ES,ES.BDCA.AQD,NET_ES131A,STA_ES0125A,,SP_28079017_14_6,SPP_28079017_14_6.1,SAM_28079017_14_6,O3,http://dd.eionet.europa.eu/vocabulary/aq/pollutant/7,hour,17.1400000000,µg/m3,2017-11-30 10:00:00 +01:00,2017-11-30 11:00:00 +01:00,1,1
ES,ES.BDCA.AQD,NET_ES131A,STA_ES0125A,,SP_28079017_14_6,SPP_28079017_14_6.1,SAM_28079017_14_6,O3,http://dd.eionet.europa.eu/vocabulary/aq/pollutant/7,hour,27.7500000000,µg/m3,2017-11-30 11:00:00 +01:00,2017-11-30 12:00:00 +01:00,1,1
ES,ES.BDCA.AQD,NET_ES131A,STA_ES0125A,,SP_28079017_14_6,SPP_28079017_14_6.1,SAM_28079017_14_6,O3,http://dd.eionet.europa.eu/vocabulary/aq/pollutant/7,hour,38.9099999900,µg/m3,2017-11-30 12:00:00 +01:00,2017-11-30 13:00:00 +01:00,1,1
ES,ES.BDCA.AQD,NET_ES131A,STA_ES0125A,,SP_28079017_14_6,SPP_28079017_14_6.1,SAM_28079017_14_6,O3,http://dd.eionet.europa.eu/vocabulary/aq/pollutant/7,hour,43.9200000000,µg/m3,2017-11-30 13:00:00 +01:00,2017-11-30 14:00:00 +01:00,1,1
ES,ES.BDCA.AQD,NET_ES131A,STA_ES0125A,,SP_28079017_14_6,SPP_28079017_14_6.1,SAM_28079017_14_6,O3,http://dd.eionet.europa.eu/vocabulary/aq/pollutant/7,hour,44.8100000000,µg/m3,2017-11-30 14:00:00 +01:00,2017-11-30 15:00:00 +01:00,1,1
ES,ES.BDCA.AQD,NET_ES131A,STA_ES0125A,,SP_28079017_14_6,SPP_28079017_14_6.1,SAM_28079017_14_6,O3,http://dd.eionet.europa.eu/vocabulary/aq/pollutant/7,hour,40.5099999900,µg/m3,2017-11-30 15:00:00 +01:00,2017-11-30 16:00:00 +01:00,1,1
ES,ES.BDCA.AQD,NET_ES131A,STA_ES0125A,,SP_28079017_14_6,SPP_28079017_14_6.1,SAM_28079017_14_6,O3,http://dd.eionet.europa.eu/vocabulary/aq/pollutant/7,hour,45.6800000000,µg/m3,2017-11-30 16:00:00 +01:00,2017-11-30 17:00:00 +01:00,1,1
ES,ES.BDCA.AQD,NET_ES131A,STA_ES0125A,,SP_28079017_14_6,SPP_28079017_14_6.1,SAM_28079017_14_6,O3,http://dd.eionet.europa.eu/vocabulary/aq/pollutant/7,hour,39.2000000000,µg/m3,2017-11-30 17:00:00 +01:00,2017-11-30 18:00:00 +01:00,1,1
ES,ES.BDCA.AQD,NET_ES131A,STA_ES0125A,,SP_28079017_14_6,SPP_28079017_14_6.1,SAM_28079017_14_6,O3,http://dd.eionet.europa.eu/vocabulary/aq/pollutant/7,hour,28.1400000000,µg/m3,2017-11-30 18:00:00 +01:00,2017-11-30 19:00:00 +01:00,1,1
ES,ES.BDCA.AQD,NET_ES131A,STA_ES0125A,,SP_28079017_14_6,SPP_28079017_14_6.1,SAM_28079017_14_6,O3,http://dd.eionet.europa.eu/vocabulary/aq/pollutant/7,hour,12.3000000000,µg/m3,2017-11-30 19:00:00 +01:00,2017-11-30 20:00:00 +01:00,1,1
ES,ES.BDCA.AQD,NET_ES131A,STA_ES0125A,,SP_28079017_14_6,SPP_28079017_14_6.1,SAM_28079017_14_6,O3,http://dd.eionet.europa.eu/vocabulary/aq/pollutant/7,hour,1.5700000000,µg/m3,2017-11-30 20:00:00 +01:00,2017-11-30 21:00:00 +01:00,1,1
ES,ES.BDCA.AQD,NET_ES131A,STA_ES0125A,,SP_28079017_14_6,SPP_28079017_14_6.1,SAM_28079017_14_6,O3,http://dd.eionet.europa.eu/vocabulary/aq/pollutant/7,hour,1.1399999900,µg/m3,2017-11-30 21:00:00 +01:00,2017-11-30 22:00:00 +01:00,1,1
ES,ES.BDCA.AQD,NET_ES131A,STA_ES0125A,,SP_28079017_14_6,SPP_28079017_14_6.1,SAM_28079017_14_6,O3,http://dd.eionet.europa.eu/vocabulary/aq/pollutant/7,hour,1.0800000000,µg/m3,2017-11-30 22:00:00 +01:00,2017-11-30 23:00:00 +01:00,1,1
ES,ES.BDCA.AQD,NET_ES131A,STA_ES0125A,,SP_28079017_14_6,SPP_28079017_14_6.1,SAM_28079017_14_6,O3,http://dd.eionet.europa.eu/vocabulary/aq/pollutant/7,hour,2.4900000000,µg/m3,2017-11-30 23:00:00 +01:00,2017-12-01 00:00:00 +01:00,1,1
ES,ES.BDCA.AQD,NET_ES131A,STA_ES0125A,,SP_28079017_14_6,SPP_28079017_14_6.1,SAM_28079017_14_6,O3,http://dd.eionet.europa.eu/vocabulary/aq/pollutant/7,hour,15.8100000000,µg/m3,2017-12-01 00:00:00 +01:00,2017-12-01 01:00:00 +01:00,1,1
ES,ES.BDCA.AQD,NET_ES131A,STA_ES0125A,,SP_28079017_14_6,SPP_28079017_14_6.1,SAM_28079017_14_6,O3,http://dd.eionet.europa.eu/vocabulary/aq/pollutant/7,hour,22.4699999900,µg/m3,2017-12-01 01:00:00 +01:00,2017-12-01 02:00:00 +01:00,1,1
ES,ES.BDCA.AQD,NET_ES131A,STA_ES0125A,,SP_28079017_14_6,SPP_28079017_14_6.1,SAM_28079017_14_6,O3,http://dd.eionet.europa.eu/vocabulary/aq/pollutant/7,hour,29.0399999900,µg/m3,2017-12-01 02:00:00 +01:00,2017-12-01 03:00:00 +01:00,1,1
ES,ES.BDCA.AQD,NET_ES131A,STA_ES0125A,,SP_28079017_14_6,SPP_28079017_14_6.1,SAM_28079017_14_6,O3,http://dd.eionet.europa.eu/vocabulary/aq/pollutant/7,hour,38.2500000000,µg/m3,2017-12-01 03:00:00 +01:00,2017-12-01 04:00:00 +01:00,1,1
ES,ES.BDCA.AQD,NET_ES131A,STA_ES0125A,,SP_28079017_14_6,SPP_28079017_14_6.1,SAM_28079017_14_6,O3,http://dd.eionet.europa.eu/vocabulary/aq/pollutant/7,hour,41.1400000000,µg/m3,2017-12-01 04:00:00 +01:00,2017-12-01 05:00:00 +01:00,1,1
ES,ES.BDCA.AQD,NET_ES131A,STA_ES0125A,,SP_28079017_14_6,SPP_28079017_14_6.1,SAM_28079017_14_6,O3,http://dd.eionet.europa.eu/vocabulary/aq/pollutant/7,hour,33.7800000000,µg/m3,2017-12-01 05:00:00 +01:00,2017-12-01 06:00:00 +01:00,1,1
ES,ES.BDCA.AQD,NET_ES131A,STA_ES0125A,,SP_28079017_14_6,SPP_28079017_14_6.1,SAM_28079017_14_6,O3,http://dd.eionet.europa.eu/vocabulary/aq/pollutant/7,hour,17.5799999900,µg/m3,2017-12-01 06:00:00 +01:00,2017-12-01 07:00:00 +01:00,1,1
ES,ES.BDCA.AQD,NET_ES131A,STA_ES0125A,,SP_28079017_14_6,SPP_28079017_14_6.1,SAM_28079017_14_6,O3,http://dd.eionet.europa.eu/vocabulary/aq/pollutant/7,hour,11.7799999900,µg/m3,2017-12-01 07:00:00 +01:00,2017-12-01 08:00:00 +01:00,1,1
ES,ES.BDCA.AQD,NET_ES131A,STA_ES0125A,,SP_28079017_14_6,SPP_28079017_14_6.1,SAM_28079017_14_6,O3,http://dd.eionet.europa.eu/vocabulary/aq/pollutant/7,hour,11.2100000000,µg/m3,2017-12-01 08:00:00 +01:00,2017-12-01 09:00:00 +01:00,1,1
ES,ES.BDCA.AQD,NET_ES131A,STA_ES0125A,,SP_28079017_14_6,SPP_28079017_14_6.1,SAM_28079017_14_6,O3,http://dd.eionet.europa.eu/vocabulary/aq/pollutant/7,hour,24.5500000000,µg/m3,2017-12-01 09:00:00 +01:00,2017-12-01 10:00:00 +01:00,1,1
ES,ES.BDCA.AQD,NET_ES131A,STA_ES0125A,,SP_28079017_14_6,SPP_28079017_14_6.1,SAM_28079017_14_6,O3,http://dd.eionet.europa.eu/vocabulary/aq/pollutant/7,hour,32.1899999900,µg/m3,2017-12-01 10:00:00 +01:00,2017-12-01 11:00:00 +01:00,1,1
ES,ES.BDCA.AQD,NET_ES131A,STA_ES0125A,,SP_28079017_14_6,SPP_28079017_14_6.1,SAM_28079017_14_6,O3,http://dd.eionet.europa.eu/vocabulary/aq/pollutant/7,hour,37.6499999900,µg/m3,2017-12-01 11:00:00 +01:00,2017-12-01 12:00:00 +01:00,1,1
ES,ES.BDCA.AQD,NET_ES131A,STA_ES0125A,,SP_28079017_14_6,SPP_28079017_14_6.1,SAM_28079017_14_6,O3,http://dd.eionet.europa.eu/vocabulary/aq/pollutant/7,hour,46.4799999900,µg/m3,2017-12-01 12:00:00 +01:00,2017-12-01 13:00:00 +01:00,1,1
ES,ES.BDCA.AQD,NET_ES131A,STA_ES0125A,,SP_28079017_14_6,SPP_28079017_14_6.1,SAM_28079017_14_6,O3,http://dd.eionet.europa.eu/vocabulary/aq/pollutant/7,hour,51.7199999900,µg/m3,2017-12-01 13:00:00 +01:00,2017-12-01 14:00:00 +01:00,1,1
ES,ES.BDCA.AQD,NET_ES131A,STA_ES0125A,,SP_28079017_14_6,SPP_28079017_14_6.1,SAM_28079017_14_6,O3,http://dd.eionet.europa.eu/vocabulary/aq/pollutant/7,hour,49.6300000000,µg/m3,2017-12-01 14:00:00 +01:00,2017-12-01 15:00:00 +01:00,1,1
ES,ES.BDCA.AQD,NET_ES131A,STA_ES0125A,,SP_28079017_14_6,SPP_28079017_14_6.1,SAM_28079017_14_6,O3,http://dd.eionet.europa.eu/vocabulary/aq/pollutant/7,hour,58.5700000000,µg/m3,2017-12-01 15:00:00 +01:00,2017-12-01 16:00:00 +01:00,1,1
ES,ES.BDCA.AQD,NET_ES131A,STA_ES0125A,,SP_28079017_14_6,SPP_28079017_14_6.1,SAM_28079017_14_6,O3,http://dd.eionet.europa.eu/vocabulary/aq/pollutant/7,hour,59.0399999900,µg/m3,2017-12-01 16:00:00 +01:00,2017-12-01 17:00:00 +01:00,1,1
ES,ES.BDCA.AQD,NET_ES131A,STA_ES0125A,,SP_28079017_14_6,SPP_28079017_14_6.1,SAM_28079017_14_6,O3,http://dd.eionet.europa.eu/vocabulary/aq/pollutant/7,hour,54.1499999900,µg/m3,2017-12-01 17:00:00 +01:00,2017-12-01 18:00:00 +01:00,1,1
ES,ES.BDCA.AQD,NET_ES131A,STA_ES0125A,,SP_28079017_14_6,SPP_28079017_14_6.1,SAM_28079017_14_6,O3,http://dd.eionet.europa.eu/vocabulary/aq/pollutant/7,hour,60.2500000000,µg/m3,2017-12-01 18:00:00 +01:00,2017-12-01 19:00:00 +01:00,1,1
ES,ES.BDCA.AQD,NET_ES131A,STA_ES0125A,,SP_28079017_14_6,SPP_28079017_14_6.1,SAM_28079017_14_6,O3,http://dd.eionet.europa.eu/vocabulary/aq/pollutant/7,hour,53.6700000000,µg/m3,2017-12-01 19:00:00 +01:00,2017-12-01 20:00:00 +01:00,1,1
ES,ES.BDCA.AQD,NET_ES131A,STA_ES0125A,,SP_28079017_14_6,SPP_28079017_14_6.1,SAM_28079017_14_6,O3,http://dd.eionet.europa.eu/vocabulary/aq/pollutant/7,hour,40.5499999900,µg/m3,2017-12-01 20:00:00 +01:00,2017-12-01 21:00:00 +01:00,1,1
ES,ES.BDCA.AQD,NET_ES131A,STA_ES0125A,,SP_28079017_14_6,SPP_28079017_14_6.1,SAM_28079017_14_6,O3,http://dd.eionet.europa.eu/vocabulary/aq/pollutant/7,hour,29.7600000000,µg/m3,2017-12-01 21:00:00 +01:00,2017-12-01 22:00:00 +01:00,1,1
ES,ES.BDCA.AQD,NET_ES131A,STA_ES0125A,,SP_28079017_14_6,SPP_28079017_14_6.1,SAM_28079017_14_6,O3,http://dd.eionet.europa.eu/vocabulary/aq/pollutant/7,hour,32.3200000000,µg/m3,2017-12-01 22:00:00 +01:00,2017-12-01 23:00:00 +01:00,1,1
ES,ES.BDCA.AQD,NET_ES131A,STA_ES0125A,,SP_28079017_14_6,SPP_28079017_14_6.1,SAM_28079017_14_6,O3,http://dd.eionet.europa.eu/vocabulary/aq/pollutant/7,hour,30.3400000000,µg/m3,2017-12-01 23:00:00 +01:00,2017-12-02 00:00:00 +01:00,1,1
ES,ES.BDCA.AQD,NET_ES131A,STA_ES0125A,,SP_28079017_14_6,SPP_28079017_14_6.1,SAM_28079017_14_6,O3,http://dd.eionet.europa.eu/vocabulary/aq/pollutant/7,hour,10.9600000000,µg/m3,2017-12-02 00:00:00 +01:00,2017-12-02 01:00:00 +01:00,1,1
ES,ES.BDCA.AQD,NET_ES131A,STA_ES0125A,,SP_28079017_14_6,SPP_28079017_14_6.1,SAM_28079017_14_6,O3,http://dd.eionet.europa.eu/vocabulary/aq/pollutant/7,hour,1.9500000000,µg/m3,2017-12-02 01:00:00 +01:00,2017-12-02 02:00:00 +01:00,1,1
ES,ES.BDCA.AQD,NET_ES131A,STA_ES0125A,,SP_28079017_14_6,SPP_28079017_14_6.1,SAM_28079017_14_6,O3,http://dd.eionet.europa.eu/vocabulary/aq/pollutant/7,hour,1.2600000000,µg/m3,2017-12-02 02:00:00 +01:00,2017-12-02 03:00:00 +01:00,1,1
ES,ES.BDCA.AQD,NET_ES131A,STA_ES0125A,,SP_28079017_14_6,SPP_28079017_14_6.1,SAM_28079017_14_6,O3,http://dd.eionet.europa.eu/vocabulary/aq/pollutant/7,hour,13.8400000000,µg/m3,2017-12-02 03:00:00 +01:00,2017-12-02 04:00:00 +01:00,1,1
ES,ES.BDCA.AQD,NET_ES131A,STA_ES0125A,,SP_28079017_14_6,SPP_28079017_14_6.1,SAM_28079017_14_6,O3,http://dd.eionet.europa.eu/vocabulary/aq/pollutant/7,hour,4.8300000000,µg/m3,2017-12-02 04:00:00 +01:00,2017-12-02 05:00:00 +01:00,1,1
ES,ES.BDCA.AQD,NET_ES131A,STA_ES0125A,,SP_28079017_14_6,SPP_28079017_14_6.1,SAM_28079017_14_6,O3,http://dd.eionet.europa.eu/vocabulary/aq/pollutant/7,hour,0.8700000000,µg/m3,2017-12-02 05:00:00 +01:00,2017-12-02 06:00:00 +01:00,1,1
ES,ES.BDCA.AQD,NET_ES131A,STA_ES0125A,,SP_28079017_14_6,SPP_28079017_14_6.1,SAM_28079017_14_6,O3,http://dd.eionet.europa.eu/vocabulary/aq/pollutant/7,hour,4.2000000000,µg/m3,2017-12-02 06:00:00 +01:00,2017-12-02 07:00:00 +01:00,1,1
ES,ES.BDCA.AQD,NET_ES131A,STA_ES0125A,,SP_28079017_14_6,SPP_28079017_14_6.1,SAM_28079017_14_6,O3,http://dd.eionet.europa.eu/vocabulary/aq/pollutant/7,hour,42.2999999900,µg/m3,2017-12-02 07:00:00 +01:00,2017-12-02 08:00:00 +01:00,1,1
ES,ES.BDCA.AQD,NET_ES131A,STA_ES0125A,,SP_28079017_14_6,SPP_28079017_14_6.1,SAM_28079017_14_6,O3,http://dd.eionet.europa.eu/vocabulary/aq/pollutant/7,hour,38.3900000000,µg/m3,2017-12-02 08:00:00 +01:00,2017-12-02 09:00:00 +01:00,1,1
ES,ES.BDCA.AQD,NET_ES131A,STA_ES0125A,,SP_28079017_14_6,SPP_28079017_14_6.1,SAM_28079017_14_6,O3,http://dd.eionet.europa.eu/vocabulary/aq/pollutant/7,hour,38.9399999900,µg/m3,2017-12-02 09:00:00 +01:00,2017-12-02 10:00:00 +01:00,1,1
ES,ES.BDCA.AQD,NET_ES131A,STA_ES0125A,,SP_28079017_14_6,SPP_28079017_14_6.1,SAM_28079017_14_6,O3,http://dd.eionet.europa.eu/vocabulary/aq/pollutant/7,hour,41.6000000000,µg/m3,2017-12-02 10:00:00 +01:00,2017-12-02 11:00:00 +01:00,1,1
ES,ES.BDCA.AQD,NET_ES131A,STA_ES0125A,,SP_28079017_14_6,SPP_28079017_14_6.1,SAM_28079017_14_6,O3,http://dd.eionet.europa.eu/vocabulary/aq/pollutant/7,hour,42.7000000000,µg/m3,2017-12-02 11:00:00 +01:00,2017-12-02 12:00:00 +01:00,1,1
ES,ES.BDCA.AQD,NET_ES131A,STA_ES0125A,,SP_28079017_14_6,SPP_28079017_14_6.1,SAM_28079017_14_6,O3,http://dd.eionet.europa.eu/vocabulary/aq/pollutant/7,hour,42.9500000000,µg/m3,2017-12-02 12:00:00 +01:00,2017-12-02 13:00:00 +01:00,1,1
ES,ES.BDCA.AQD,NET_ES131A,STA_ES0125A,,SP_28079017_14_6,SPP_28079017_14_6.1,SAM_28079017_14_6,O3,http://dd.eionet.europa.eu/vocabulary/aq/pollutant/7,hour,47.2199999900,µg/m3,2017-12-02 13:00:00 +01:00,2017-12-02 14:00:00 +01:00,1,1
ES,ES.BDCA.AQD,NET_ES131A,STA_ES0125A,,SP_28079017_14_6,SPP_28079017_14_6.1,SAM_28079017_14_6,O3,http://dd.eionet.europa.eu/vocabulary/aq/pollutant/7,hour,39.9799999900,µg/m3,2017-12-02 14:00:00 +01:00,2017-12-02 15:00:00 +01:00,1,1
ES,ES.BDCA.AQD,NET_ES131A,STA_ES0125A,,SP_28079017_14_6,SPP_28079017_14_6.1,SAM_28079017_14_6,O3,http://dd.eionet.europa.eu/vocabulary/aq/pollutant/7,hour,39.7899999900,µg/m3,2017-12-02 15:00:00 +01:00,2017-12-02 16:00:00 +01:00,1,1
ES,ES.BDCA.AQD,NET_ES131A,STA_ES0125A,,SP_28079017_14_6,SPP_28079017_14_6.1,SAM_28079017_14_6,O3,http://dd.eionet.europa.eu/vocabulary/aq/pollutant/7,hour,33.0099999900,µg/m3,2017-12-02 16:00:00 +01:00,2017-12-02 17:00:00 +01:00,1,1
ES,ES.BDCA.AQD,NET_ES131A,STA_ES0125A,,SP_28079017_14_6,SPP_28079017_14_6.1,SAM_28079017_14_6,O3,http://dd.eionet.europa.eu/vocabulary/aq/pollutant/7,hour,32.0799999900,µg/m3,2017-12-02 17:00:00 +01:00,2017-12-02 18:00:00 +01:00,1,1
ES,ES.BDCA.AQD,NET_ES131A,STA_ES0125A,,SP_28079017_14_6,SPP_28079017_14_6.1,SAM_28079017_14_6,O3,http://dd.eionet.europa.eu/vocabulary/aq/pollutant/7,hour,25.3799999900,µg/m3,2017-12-02 18:00:00 +01:00,2017-12-02 19:00:00 +01:00,1,1
ES,ES.BDCA.AQD,NET_ES131A,STA_ES0125A,,SP_28079017_14_6,SPP_28079017_14_6.1,SAM_28079017_14_6,O3,http://dd.eionet.europa.eu/vocabulary/aq/pollutant/7,hour,30.9499999900,µg/m3,2017-12-02 19:00:00 +01:00,2017-12-02 20:00:00 +01:00,1,1
ES,ES.BDCA.AQD,NET_ES131A,STA_ES0125A,,SP_28079017_14_6,SPP_28079017_14_6.1,SAM_28079017_14_6,O3,http://dd.eionet.europa.eu/vocabulary/aq/pollutant/7,hour,8.5399999900,µg/m3,2017-12-02 20:00:00 +01:00,2017-12-02 21:00:00 +01:00,1,1
ES,ES.BDCA.AQD,NET_ES131A,STA_ES0125A,,SP_28079017_14_6,SPP_28079017_14_6.1,SAM_28079017_14_6,O3,http://dd.eionet.europa.eu/vocabulary/aq/pollutant/7,hour,1.0900000000,µg/m3,2017-12-02 21:00:00 +01:00,2017-12-02 22:00:00 +01:00,1,1
ES,ES.BDCA.AQD,NET_ES131A,STA_ES0125A,,SP_28079017_14_6,SPP_28079017_14_6.1,SAM_28079017_14_6,O3,http://dd.eionet.europa.eu/vocabulary/aq/pollutant/7,hour,24.3000000000,µg/m3,2017-12-02 22:00:00 +01:00,2017-12-02 23:00:00 +01:00,1,1
ES,ES.BDCA.AQD,NET_ES131A,STA_ES0125A,,SP_28079017_14_6,SPP_28079017_14_6.1,SAM_28079017_14_6,O3,http://dd.eionet.europa.eu/vocabulary/aq/pollutant/7,hour,39.7700000000,µg/m3,2017-12-02 23:00:00 +01:00,2017-12-03 00:00:00 +01:00,1,1
ES,ES.BDCA.AQD,NET_ES131A,STA_ES0125A,,SP_28079017_14_6,SPP_28079017_14_6.1,SAM_28079017_14_6,O3,http://dd.eionet.europa.eu/vocabulary/aq/pollutant/7,hour,50.4399999900,µg/m3,2017-12-03 00:00:00 +01:00,2017-12-03 01:00:00 +01:00,1,1
ES,ES.BDCA.AQD,NET_ES131A,STA_ES0125A,,SP_28079017_14_6,SPP_28079017_14_6.1,SAM_28079017_14_6,O3,http://dd.eionet.europa.eu/vocabulary/aq/pollutant/7,hour,46.7899999900,µg/m3,2017-12-03 01:00:00 +01:00,2017-12-03 02:00:00 +01:00,1,1
ES,ES.BDCA.AQD,NET_ES131A,STA_ES0125A,,SP_28079017_14_6,SPP_28079017_14_6.1,SAM_28079017_14_6,O3,http://dd.eionet.europa.eu/vocabulary/aq/pollutant/7,hour,50.3900000000,µg/m3,2017-12-03 02:00:00 +01:00,2017-12-03 03:00:00 +01:00,1,1
ES,ES.BDCA.AQD,NET_ES131A,STA_ES0125A,,SP_28079017_14_6,SPP_28079017_14_6.1,SAM_28079017_14_6,O3,http://dd.eionet.europa.eu/vocabulary/aq/pollutant/7,hour,38.6300000000,µg/m3,2017-12-03 03:00:00 +01:00,2017-12-03 04:00:00 +01:00,1,1
ES,ES.BDCA.AQD,NET_ES131A,STA_ES0125A,,SP_28079017_14_6,SPP_28079017_14_6.1,SAM_28079017_14_6,O3,http://dd.eionet.europa.eu/vocabulary/aq/pollutant/7,hour,20.4100000000,µg/m3,2017-12-03 04:00:00 +01:00,2017-12-03 05:00:00 +01:00,1,1
ES,ES.BDCA.AQD,NET_ES131A,STA_ES0125A,,SP_28079017_14_6,SPP_28079017_14_6.1,SAM_28079017_14_6,O3,http://dd.eionet.europa.eu/vocabulary/aq/pollutant/7,hour,5.9600000000,µg/m3,2017-12-03 05:00:00 +01:00,2017-12-03 06:00:00 +01:00,1,1
ES,ES.BDCA.AQD,NET_ES131A,STA_ES0125A,,SP_28079017_14_6,SPP_28079017_14_6.1,SAM_28079017_14_6,O3,http://dd.eionet.europa.eu/vocabulary/aq/pollutant/7,hour,0.9300000000,µg/m3,2017-12-03 06:00:00 +01:00,2017-12-03 07:00:00 +01:00,1,1
ES,ES.BDCA.AQD,NET_ES131A,STA_ES0125A,,SP_28079017_14_6,SPP_28079017_14_6.1,SAM_28079017_14_6,O3,http://dd.eionet.europa.eu/vocabulary/aq/pollutant/7,hour,1.0000000000,µg/m3,2017-12-03 07:00:00 +01:00,2017-12-03 08:00:00 +01:00,1,1
ES,ES.BDCA.AQD,NET_ES131A,STA_ES0125A,,SP_28079017_14_6,SPP_28079017_14_6.1,SAM_28079017_14_6,O3,http://dd.eionet.europa.eu/vocabulary/aq/pollutant/7,hour,0.9300000000,µg/m3,2017-12-03 08:00:00 +01:00,2017-12-03 09:00:00 +01:00,1,1
ES,ES.BDCA.AQD,NET_ES131A,STA_ES0125A,,SP_28079017_14_6,SPP_28079017_14_6.1,SAM_28079017_14_6,O3,http://dd.eionet.europa.eu/vocabulary/aq/pollutant/7,hour,4.6799999900,µg/m3,2017-12-03 09:00:00 +01:00,2017-12-03 10:00:00 +01:00,1,1
ES,ES.BDCA.AQD,NET_ES131A,STA_ES0125A,,SP_28079017_14_6,SPP_28079017_14_6.1,SAM_28079017_14_6,O3,http://dd.eionet.europa.eu/vocabulary/aq/pollutant/7,hour,13.5000000000,µg/m3,2017-12-03 10:00:00 +01:00,2017-12-03 11:00:00 +01:00,1,1
ES,ES.BDCA.AQD,NET_ES131A,STA_ES0125A,,SP_28079017_14_6,SPP_28079017_14_6.1,SAM_28079017_14_6,O3,http://dd.eionet.europa.eu/vocabulary/aq/pollutant/7,hour,26.3700000000,µg/m3,2017-12-03 11:00:00 +01:00,2017-12-03 12:00:00 +01:00,1,1
ES,ES.BDCA.AQD,NET_ES131A,STA_ES0125A,,SP_28079017_14_6,SPP_28079017_14_6.1,SAM_28079017_14_6,O3,http://dd.eionet.europa.eu/vocabulary/aq/pollutant/7,hour,35.4300000000,µg/m3,2017-12-03 12:00:00 +01:00,2017-12-03 13:00:00 +01:00,1,1
ES,ES.BDCA.AQD,NET_ES131A,STA_ES0125A,,SP_28079017_14_6,SPP_28079017_14_6.1,SAM_28079017_14_6,O3,http://dd.eionet.europa.eu/vocabulary/aq/pollutant/7,hour,43.6800000000,µg/m3,2017-12-03 13:00:00 +01:00,2017-12-03 14:00:00 +01:00,1,1
ES,ES.BDCA.AQD,NET_ES131A,STA_ES0125A,,SP_28079017_14_6,SPP_28079017_14_6.1,SAM_28079017_14_6,O3,http://dd.eionet.europa.eu/vocabulary/aq/pollutant/7,hour,47.1599999900,µg/m3,2017-12-03 14:00:00 +01:00,2017-12-03 15:00:00 +01:00,1,1
ES,ES.BDCA.AQD,NET_ES131A,STA_ES0125A,,SP_28079017_14_6,SPP_28079017_14_6.1,SAM_28079017_14_6,O3,http://dd.eionet.europa.eu/vocabulary/aq/pollutant/7,hour,51.5499999900,µg/m3,2017-12-03 15:00:00 +01:00,2017-12-03 16:00:00 +01:00,1,1
ES,ES.BDCA.AQD,NET_ES131A,STA_ES0125A,,SP_28079017_14_6,SPP_28079017_14_6.1,SAM_28079017_14_6,O3,http://dd.eionet.europa.eu/vocabulary/aq/pollutant/7,hour,38.8999999900,µg/m3,2017-12-03 16:00:00 +01:00,2017-12-03 17:00:00 +01:00,1,1
ES,ES.BDCA.AQD,NET_ES131A,STA_ES0125A,,SP_28079017_14_6,SPP_28079017_14_6.1,SAM_28079017_14_6,O3,http://dd.eionet.europa.eu/vocabulary/aq/pollutant/7,hour,24.6400000000,µg/m3,2017-12-03 17:00:00 +01:00,2017-12-03 18:00:00 +01:00,1,1
ES,ES.BDCA.AQD,NET_ES131A,STA_ES0125A,,SP_28079017_14_6,SPP_28079017_14_6.1,SAM_28079017_14_6,O3,http://dd.eionet.europa.eu/vocabulary/aq/pollutant/7,hour,1.7000000000,µg/m3,2017-12-03 18:00:00 +01:00,2017-12-03 19:00:00 +01:00,1,1
ES,ES.BDCA.AQD,NET_ES131A,STA_ES0125A,,SP_28079017_14_6,SPP_28079017_14_6.1,SAM_28079017_14_6,O3,http://dd.eionet.europa.eu/vocabulary/aq/pollutant/7,hour,3.8700000000,µg/m3,2017-12-03 19:00:00 +01:00,2017-12-03 20:00:00 +01:00,1,1
ES,ES.BDCA.AQD,NET_ES131A,STA_ES0125A,,SP_28079017_14_6,SPP_28079017_14_6.1,SAM_28079017_14_6,O3,http://dd.eionet.europa.eu/vocabulary/aq/pollutant/7,hour,1.6599999900,µg/m3,2017-12-03 20:00:00 +01:00,2017-12-03 21:00:00 +01:00,1,1
ES,ES.BDCA.AQD,NET_ES131A,STA_ES0125A,,SP_28079017_14_6,SPP_28079017_14_6.1,SAM_28079017_14_6,O3,http://dd.eionet.europa.eu/vocabulary/aq/pollutant/7,hour,1.0000000000,µg/m3,2017-12-03 21:00:00 +01:00,2017-12-03 22:00:00 +01:00,1,1
ES,ES.BDCA.AQD,NET_ES131A,STA_ES0125A,,SP_28079017_14_6,SPP_28079017_14_6.1,SAM_28079017_14_6,O3,http://dd.eionet.europa.eu/vocabulary/aq/pollutant/7,hour,0.9400000000,µg/m3,2017-12-03 22:00:00 +01:00,2017-12-03 23:00:00 +01:00,1,1
ES,ES.BDCA.AQD,NET_ES131A,STA_ES0125A,,SP_28079017_14_6,SPP_28079017_14_6.1,SAM_28079017_14_6,O3,http://dd.eionet.europa.eu/vocabulary/aq/pollutant/7,hour,1.0900000000,µg/m3,2017-12-03 23:00:00 +01:00,2017-12-04 00:00:00 +01:00,1,1
ES,ES.BDCA.AQD,NET_ES131A,STA_ES0125A,,SP_28079017_14_6,SPP_28079017_14_6.1,SAM_28079017_14_6,O3,http://dd.eionet.europa.eu/vocabulary/aq/pollutant/7,hour,1.2900000000,µg/m3,2017-12-04 00:00:00 +01:00,2017-12-04 01:00:00 +01:00,1,1
ES,ES.BDCA.AQD,NET_ES131A,STA_ES0125A,,SP_28079017_14_6,SPP_28079017_14_6.1,SAM_28079017_14_6,O3,http://dd.eionet.europa.eu/vocabulary/aq/pollutant/7,hour,1.0000000000,µg/m3,2017-12-04 01:00:00 +01:00,2017-12-04 02:00:00 +01:00,1,1
ES,ES.BDCA.AQD,NET_ES131A,STA_ES0125A,,SP_28079017_14_6,SPP_28079017_14_6.1,SAM_28079017_14_6,O3,http://dd.eionet.europa.eu/vocabulary/aq/pollutant/7,hour,1.0900000000,µg/m3,2017-12-04 02:00:00 +01:00,2017-12-04 03:00:00 +01:00,1,1
ES,ES.BDCA.AQD,NET_ES131A,STA_ES0125A,,SP_28079017_14_6,SPP_28079017_14_6.1,SAM_28079017_14_6,O3,http://dd.eionet.europa.eu/vocabulary/aq/pollutant/7,hour,1.0200000000,µg/m3,2017-12-04 03:00:00 +01:00,2017-12-04 04:00:00 +01:00,1,1
ES,ES.BDCA.AQD,NET_ES131A,STA_ES0125A,,SP_28079017_14_6,SPP_28079017_14_6.1,SAM_28079017_14_6,O3,http://dd.eionet.europa.eu/vocabulary/aq/pollutant/7,hour,1.0000000000,µg/m3,2017-12-04 04:00:00 +01:00,2017-12-04 05:00:00 +01:00,1,1
ES,ES.BDCA.AQD,NET_ES131A,STA_ES0125A,,SP_28079017_14_6,SPP_28079017_14_6.1,SAM_28079017_14_6,O3,http://dd.eionet.europa.eu/vocabulary/aq/pollutant/7,hour,1.0000000000,µg/m3,2017-12-04 05:00:00 +01:00,2017-12-04 06:00:00 +01:00,1,1
ES,ES.BDCA.AQD,NET_ES131A,STA_ES0125A,,SP_28079017_14_6,SPP_28079017_14_6.1,SAM_28079017_14_6,O3,http://dd.eionet.europa.eu/vocabulary/aq/pollutant/7,hour,1.0000000000,µg/m3,2017-12-04 06:00:00 +01:00,2017-12-04 07:00:00 +01:00,1,1
ES,ES.BDCA.AQD,NET_ES131A,STA_ES0125A,,SP_28079017_14_6,SPP_28079017_14_6.1,SAM_28079017_14_6,O3,http://dd.eionet.europa.eu/vocabulary/aq/pollutant/7,hour,1.0000000000,µg/m3,2017-12-04 07:00:00 +01:00,2017-12-04 08:00:00 +01:00,1,1
ES,ES.BDCA.AQD,NET_ES131A,STA_ES0125A,,SP_28079017_14_6,SPP_28079017_14_6.1,SAM_28079017_14_6,O3,http://dd.eionet.europa.eu/vocabulary/aq/pollutant/7,hour,1.0000000000,µg/m3,2017-12-04 08:00:00 +01:00,2017-12-04 09:00:00 +01:00,1,1
ES,ES.BDCA.AQD,NET_ES131A,STA_ES0125A,,SP_28079017_14_6,SPP_28079017_14_6.1,SAM_28079017_14_6,O3,http://dd.eionet.europa.eu/vocabulary/aq/pollutant/7,hour,0.8800000000,µg/m3,2017-12-04 09:00:00 +01:00,2017-12-04 10:00:00 +01:00,1,1
ES,ES.BDCA.AQD,NET_ES131A,STA_ES0125A,,SP_28079017_14_6,SPP_28079017_14_6.1,SAM_28079017_14_6,O3,http://dd.eionet.europa.eu/vocabulary/aq/pollutant/7,hour,3.8500000000,µg/m3,2017-12-04 10:00:00 +01:00,2017-12-04 11:00:00 +01:00,1,1
ES,ES.BDCA.AQD,NET_ES131A,STA_ES0125A,,SP_28079017_14_6,SPP_28079017_14_6.1,SAM_28079017_14_6,O3,http://dd.eionet.europa.eu/vocabulary/aq/pollutant/7,hour,9.1899999900,µg/m3,2017-12-04 11:00:00 +01:00,2017-12-04 12:00:00 +01:00,1,1
ES,ES.BDCA.AQD,NET_ES131A,STA_ES0125A,,SP_28079017_14_6,SPP_28079017_14_6.1,SAM_28079017_14_6,O3,http://dd.eionet.europa.eu/vocabulary/aq/pollutant/7,hour,23.5799999900,µg/m3,2017-12-04 12:00:00 +01:00,2017-12-04 13:00:00 +01:00,1,1
ES,ES.BDCA.AQD,NET_ES131A,STA_ES0125A,,SP_28079017_14_6,SPP_28079017_14_6.1,SAM_28079017_14_6,O3,http://dd.eionet.europa.eu/vocabulary/aq/pollutant/7,hour,34.4699999900,µg/m3,2017-12-04 13:00:00 +01:00,2017-12-04 14:00:00 +01:00,1,1
ES,ES.BDCA.AQD,NET_ES131A,STA_ES0125A,,SP_28079017_14_6,SPP_28079017_14_6.1,SAM_28079017_14_6,O3,http://dd.eionet.europa.eu/vocabulary/aq/pollutant/7,hour,40.9200000000,µg/m3,2017-12-04 14:00:00 +01:00,2017-12-04 15:00:00 +01:00,1,1
ES,ES.BDCA.AQD,NET_ES131A,STA_ES0125A,,SP_28079017_14_6,SPP_28079017_14_6.1,SAM_28079017_14_6,O3,http://dd.eionet.europa.eu/vocabulary/aq/pollutant/7,hour,39.0900000000,µg/m3,2017-12-04 15:00:00 +01:00,2017-12-04 16:00:00 +01:00,1,1
ES,ES.BDCA.AQD,NET_ES131A,STA_ES0125A,,SP_28079017_14_6,SPP_28079017_14_6.1,SAM_28079017_14_6,O3,http://dd.eionet.europa.eu/vocabulary/aq/pollutant/7,hour,38.7299999900,µg/m3,2017-12-04 16:00:00 +01:00,2017-12-04 17:00:00 +01:00,1,1
ES,ES.BDCA.AQD,NET_ES131A,STA_ES0125A,,SP_28079017_14_6,SPP_28079017_14_6.1,SAM_28079017_14_6,O3,http://dd.eionet.europa.eu/vocabulary/aq/pollutant/7,hour,15.0399999900,µg/m3,2017-12-04 17:00:00 +01:00,2017-12-04 18:00:00 +01:00,1,1
ES,ES.BDCA.AQD,NET_ES131A,STA_ES0125A,,SP_28079017_14_6,SPP_28079017_14_6.1,SAM_28079017_14_6,O3,http://dd.eionet.europa.eu/vocabulary/aq/pollutant/7,hour,1.0000000000,µg/m3,2017-12-04 18:00:00 +01:00,2017-12-04 19:00:00 +01:00,1,1
ES,ES.BDCA.AQD,NET_ES131A,STA_ES0125A,,SP_28079017_14_6,SPP_28079017_14_6.1,SAM_28079017_14_6,O3,http://dd.eionet.europa.eu/vocabulary/aq/pollutant/7,hour,1.0000000000,µg/m3,2017-12-04 19:00:00 +01:00,2017-12-04 20:00:00 +01:00,1,1
ES,ES.BDCA.AQD,NET_ES131A,STA_ES0125A,,SP_28079017_14_6,SPP_28079017_14_6.1,SAM_28079017_14_6,O3,http://dd.eionet.europa.eu/vocabulary/aq/pollutant/7,hour,1.0000000000,µg/m3,2017-12-04 20:00:00 +01:00,2017-12-04 21:00:00 +01:00,1,1
ES,ES.BDCA.AQD,NET_ES131A,STA_ES0125A,,SP_28079017_14_6,SPP_28079017_14_6.1,SAM_28079017_14_6,O3,http://dd.eionet.europa.eu/vocabulary/aq/pollutant/7,hour,1.0000000000,µg/m3,2017-12-04 21:00:00 +01:00,2017-12-04 22:00:00 +01:00,1,1
ES,ES.BDCA.AQD,NET_ES131A,STA_ES0125A,,SP_28079017_14_6,SPP_28079017_14_6.1,SAM_28079017_14_6,O3,http://dd.eionet.europa.eu/vocabulary/aq/pollutant/7,hour,1.0000000000,µg/m3,2017-12-04 22:00:00 +01:00,2017-12-04 23:00:00 +01:00,1,1
ES,ES.BDCA.AQD,NET_ES131A,STA_ES0125A,,SP_28079017_14_6,SPP_28079017_14_6.1,SAM_28079017_14_6,O3,http://dd.eionet.europa.eu/vocabulary/aq/pollutant/7,hour,1.0000000000,µg/m3,2017-12-04 23:00:00 +01:00,2017-12-05 00:00:00 +01:00,1,1
ES,ES.BDCA.AQD,NET_ES131A,STA_ES0125A,,SP_28079017_14_6,SPP_28079017_14_6.1,SAM_28079017_14_6,O3,http://dd.eionet.europa.eu/vocabulary/aq/pollutant/7,hour,1.0000000000,µg/m3,2017-12-05 00:00:00 +01:00,2017-12-05 01:00:00 +01:00,1,1
ES,ES.BDCA.AQD,NET_ES131A,STA_ES0125A,,SP_28079017_14_6,SPP_28079017_14_6.1,SAM_28079017_14_6,O3,http://dd.eionet.europa.eu/vocabulary/aq/pollutant/7,hour,1.0000000000,µg/m3,2017-12-05 01:00:00 +01:00,2017-12-05 02:00:00 +01:00,1,1
ES,ES.BDCA.AQD,NET_ES131A,STA_ES0125A,,SP_28079017_14_6,SPP_28079017_14_6.1,SAM_28079017_14_6,O3,http://dd.eionet.europa.eu/vocabulary/aq/pollutant/7,hour,1.0000000000,µg/m3,2017-12-05 02:00:00 +01:00,2017-12-05 03:00:00 +01:00,1,1
ES,ES.BDCA.AQD,NET_ES131A,STA_ES0125A,,SP_28079017_14_6,SPP_28079017_14_6.1,SAM_28079017_14_6,O3,http://dd.eionet.europa.eu/vocabulary/aq/pollutant/7,hour,1.2500000000,µg/m3,2017-12-05 03:00:00 +01:00,2017-12-05 04:00:00 +01:00,1,1
ES,ES.BDCA.AQD,NET_ES131A,STA_ES0125A,,SP_28079017_14_6,SPP_28079017_14_6.1,SAM_28079017_14_6,O3,http://dd.eionet.europa.eu/vocabulary/aq/pollutant/7,hour,1.0000000000,µg/m3,2017-12-05 04:00:00 +01:00,2017-12-05 05:00:00 +01:00,1,1
ES,ES.BDCA.AQD,NET_ES131A,STA_ES0125A,,SP_28079017_14_6,SPP_28079017_14_6.1,SAM_28079017_14_6,O3,http://dd.eionet.europa.eu/vocabulary/aq/pollutant/7,hour,1.0000000000,µg/m3,2017-12-05 05:00:00 +01:00,2017-12-05 06:00:00 +01:00,1,1
ES,ES.BDCA.AQD,NET_ES131A,STA_ES0125A,,SP_28079017_14_6,SPP_28079017_14_6.1,SAM_28079017_14_6,O3,http://dd.eionet.europa.eu/vocabulary/aq/pollutant/7,hour,1.0000000000,µg/m3,2017-12-05 06:00:00 +01:00,2017-12-05 07:00:00 +01:00,1,1
ES,ES.BDCA.AQD,NET_ES131A,STA_ES0125A,,SP_28079017_14_6,SPP_28079017_14_6.1,SAM_28079017_14_6,O3,http://dd.eionet.europa.eu/vocabulary/aq/pollutant/7,hour,1.0000000000,µg/m3,2017-12-05 07:00:00 +01:00,2017-12-05 08:00:00 +01:00,1,1
ES,ES.BDCA.AQD,NET_ES131A,STA_ES0125A,,SP_28079017_14_6,SPP_28079017_14_6.1,SAM_28079017_14_6,O3,http://dd.eionet.europa.eu/vocabulary/aq/pollutant/7,hour,1.0000000000,µg/m3,2017-12-05 08:00:00 +01:00,2017-12-05 09:00:00 +01:00,1,1
ES,ES.BDCA.AQD,NET_ES131A,STA_ES0125A,,SP_28079017_14_6,SPP_28079017_14_6.1,SAM_28079017_14_6,O3,http://dd.eionet.europa.eu/vocabulary/aq/pollutant/7,hour,1.0700000000,µg/m3,2017-12-05 09:00:00 +01:00,2017-12-05 10:00:00 +01:00,1,1
ES,ES.BDCA.AQD,NET_ES131A,STA_ES0125A,,SP_28079017_14_6,SPP_28079017_14_6.1,SAM_28079017_14_6,O3,http://dd.eionet.europa.eu/vocabulary/aq/pollutant/7,hour,2.1800000000,µg/m3,2017-12-05 10:00:00 +01:00,2017-12-05 11:00:00 +01:00,1,1
ES,ES.BDCA.AQD,NET_ES131A,STA_ES0125A,,SP_28079017_14_6,SPP_28079017_14_6.1,SAM_28079017_14_6,O3,http://dd.eionet.europa.eu/vocabulary/aq/pollutant/7,hour,5.1699999900,µg/m3,2017-12-05 11:00:00 +01:00,2017-12-05 12:00:00 +01:00,1,1
ES,ES.BDCA.AQD,NET_ES131A,STA_ES0125A,,SP_28079017_14_6,SPP_28079017_14_6.1,SAM_28079017_14_6,O3,http://dd.eionet.europa.eu/vocabulary/aq/pollutant/7,hour,8.8900000000,µg/m3,2017-12-05 12:00:00 +01:00,2017-12-05 13:00:00 +01:00,1,1
ES,ES.BDCA.AQD,NET_ES131A,STA_ES0125A,,SP_28079017_14_6,SPP_28079017_14_6.1,SAM_28079017_14_6,O3,http://dd.eionet.europa.eu/vocabulary/aq/pollutant/7,hour,22.1600000000,µg/m3,2017-12-05 13:00:00 +01:00,2017-12-05 14:00:00 +01:00,1,1
ES,ES.BDCA.AQD,NET_ES131A,STA_ES0125A,,SP_28079017_14_6,SPP_28079017_14_6.1,SAM_28079017_14_6,O3,http://dd.eionet.europa.eu/vocabulary/aq/pollutant/7,hour,33.5000000000,µg/m3,2017-12-05 14:00:00 +01:00,2017-12-05 15:00:00 +01:00,1,1
ES,ES.BDCA.AQD,NET_ES131A,STA_ES0125A,,SP_28079017_14_6,SPP_28079017_14_6.1,SAM_28079017_14_6,O3,http://dd.eionet.europa.eu/vocabulary/aq/pollutant/7,hour,25.6099999900,µg/m3,2017-12-05 15:00:00 +01:00,2017-12-05 16:00:00 +01:00,1,1
ES,ES.BDCA.AQD,NET_ES131A,STA_ES0125A,,SP_28079017_14_6,SPP_28079017_14_6.1,SAM_28079017_14_6,O3,http://dd.eionet.europa.eu/vocabulary/aq/pollutant/7,hour,13.7300000000,µg/m3,2017-12-05 16:00:00 +01:00,2017-12-05 17:00:00 +01:00,1,1
ES,ES.BDCA.AQD,NET_ES131A,STA_ES0125A,,SP_28079017_14_6,SPP_28079017_14_6.1,SAM_28079017_14_6,O3,http://dd.eionet.europa.eu/vocabulary/aq/pollutant/7,hour,2.9800000000,µg/m3,2017-12-05 17:00:00 +01:00,2017-12-05 18:00:00 +01:00,1,1
ES,ES.BDCA.AQD,NET_ES131A,STA_ES0125A,,SP_28079017_14_6,SPP_28079017_14_6.1,SAM_28079017_14_6,O3,http://dd.eionet.europa.eu/vocabulary/aq/pollutant/7,hour,1.1299999900,µg/m3,2017-12-05 18:00:00 +01:00,2017-12-05 19:00:00 +01:00,1,1
ES,ES.BDCA.AQD,NET_ES131A,STA_ES0125A,,SP_28079017_14_6,SPP_28079017_14_6.1,SAM_28079017_14_6,O3,http://dd.eionet.europa.eu/vocabulary/aq/pollutant/7,hour,1.1299999900,µg/m3,2017-12-05 19:00:00 +01:00,2017-12-05 20:00:00 +01:00,1,1
ES,ES.BDCA.AQD,NET_ES131A,STA_ES0125A,,SP_28079017_14_6,SPP_28079017_14_6.1,SAM_28079017_14_6,O3,http://dd.eionet.europa.eu/vocabulary/aq/pollutant/7,hour,0.9200000000,µg/m3,2017-12-05 20:00:00 +01:00,2017-12-05 21:00:00 +01:00,1,1
ES,ES.BDCA.AQD,NET_ES131A,STA_ES0125A,,SP_28079017_14_6,SPP_28079017_14_6.1,SAM_28079017_14_6,O3,http://dd.eionet.europa.eu/vocabulary/aq/pollutant/7,hour,0.9400000000,µg/m3,2017-12-05 21:00:00 +01:00,2017-12-05 22:00:00 +01:00,1,1
ES,ES.BDCA.AQD,NET_ES131A,STA_ES0125A,,SP_28079017_14_6,SPP_28079017_14_6.1,SAM_28079017_14_6,O3,http://dd.eionet.europa.eu/vocabulary/aq/pollutant/7,hour,1.0000000000,µg/m3,2017-12-05 22:00:00 +01:00,2017-12-05 23:00:00 +01:00,1,1
ES,ES.BDCA.AQD,NET_ES131A,STA_ES0125A,,SP_28079017_14_6,SPP_28079017_14_6.1,SAM_28079017_14_6,O3,http://dd.eionet.europa.eu/vocabulary/aq/pollutant/7,hour,0.9700000000,µg/m3,2017-12-05 23:00:00 +01:00,2017-12-06 00:00:00 +01:00,1,1
ES,ES.BDCA.AQD,NET_ES131A,STA_ES0125A,,SP_28079017_14_6,SPP_28079017_14_6.1,SAM_28079017_14_6,O3,http://dd.eionet.europa.eu/vocabulary/aq/pollutant/7,hour,0.9500000000,µg/m3,2017-12-06 00:00:00 +01:00,2017-12-06 01:00:00 +01:00,1,1
ES,ES.BDCA.AQD,NET_ES131A,STA_ES0125A,,SP_28079017_14_6,SPP_28079017_14_6.1,SAM_28079017_14_6,O3,http://dd.eionet.europa.eu/vocabulary/aq/pollutant/7,hour,0.8100000000,µg/m3,2017-12-06 01:00:00 +01:00,2017-12-06 02:00:00 +01:00,1,1
ES,ES.BDCA.AQD,NET_ES131A,STA_ES0125A,,SP_28079017_14_6,SPP_28079017_14_6.1,SAM_28079017_14_6,O3,http://dd.eionet.europa.eu/vocabulary/aq/pollutant/7,hour,1.2200000000,µg/m3,2017-12-06 02:00:00 +01:00,2017-12-06 03:00:00 +01:00,1,1
ES,ES.BDCA.AQD,NET_ES131A,STA_ES0125A,,SP_28079017_14_6,SPP_28079017_14_6.1,SAM_28079017_14_6,O3,http://dd.eionet.europa.eu/vocabulary/aq/pollutant/7,hour,0.8800000000,µg/m3,2017-12-06 03:00:00 +01:00,2017-12-06 04:00:00 +01:00,1,1
ES,ES.BDCA.AQD,NET_ES131A,STA_ES0125A,,SP_28079017_14_6,SPP_28079017_14_6.1,SAM_28079017_14_6,O3,http://dd.eionet.europa.eu/vocabulary/aq/pollutant/7,hour,0.8500000000,µg/m3,2017-12-06 04:00:00 +01:00,2017-12-06 05:00:00 +01:00,1,1
ES,ES.BDCA.AQD,NET_ES131A,STA_ES0125A,,SP_28079017_14_6,SPP_28079017_14_6.1,SAM_28079017_14_6,O3,http://dd.eionet.europa.eu/vocabulary/aq/pollutant/7,hour,1.1399999900,µg/m3,2017-12-06 05:00:00 +01:00,2017-12-06 06:00:00 +01:00,1,1
ES,ES.BDCA.AQD,NET_ES131A,STA_ES0125A,,SP_28079017_14_6,SPP_28079017_14_6.1,SAM_28079017_14_6,O3,http://dd.eionet.europa.eu/vocabulary/aq/pollutant/7,hour,0.8800000000,µg/m3,2017-12-06 06:00:00 +01:00,2017-12-06 07:00:00 +01:00,1,1
ES,ES.BDCA.AQD,NET_ES131A,STA_ES0125A,,SP_28079017_14_6,SPP_28079017_14_6.1,SAM_28079017_14_6,O3,http://dd.eionet.europa.eu/vocabulary/aq/pollutant/7,hour,0.8600000000,µg/m3,2017-12-06 07:00:00 +01:00,2017-12-06 08:00:00 +01:00,1,1
ES,ES.BDCA.AQD,NET_ES131A,STA_ES0125A,,SP_28079017_14_6,SPP_28079017_14_6.1,SAM_28079017_14_6,O3,http://dd.eionet.europa.eu/vocabulary/aq/pollutant/7,hour,1.0000000000,µg/m3,2017-12-06 08:00:00 +01:00,2017-12-06 09:00:00 +01:00,1,1
ES,ES.BDCA.AQD,NET_ES131A,STA_ES0125A,,SP_28079017_14_6,SPP_28079017_14_6.1,SAM_28079017_14_6,O3,http://dd.eionet.europa.eu/vocabulary/aq/pollutant/7,hour,1.0600000000,µg/m3,2017-12-06 09:00:00 +01:00,2017-12-06 10:00:00 +01:00,1,1
ES,ES.BDCA.AQD,NET_ES131A,STA_ES0125A,,SP_28079017_14_6,SPP_28079017_14_6.1,SAM_28079017_14_6,O3,http://dd.eionet.europa.eu/vocabulary/aq/pollutant/7,hour,2.8999999900,µg/m3,2017-12-06 10:00:00 +01:00,2017-12-06 11:00:00 +01:00,1,1
ES,ES.BDCA.AQD,NET_ES131A,STA_ES0125A,,SP_28079017_14_6,SPP_28079017_14_6.1,SAM_28079017_14_6,O3,http://dd.eionet.europa.eu/vocabulary/aq/pollutant/7,hour,7.4500000000,µg/m3,2017-12-06 11:00:00 +01:00,2017-12-06 12:00:00 +01:00,1,1
ES,ES.BDCA.AQD,NET_ES131A,STA_ES0125A,,SP_28079017_14_6,SPP_28079017_14_6.1,SAM_28079017_14_6,O3,http://dd.eionet.europa.eu/vocabulary/aq/pollutant/7,hour,19.6200000000,µg/m3,2017-12-06 12:00:00 +01:00,2017-12-06 13:00:00 +01:00,1,1
ES,ES.BDCA.AQD,NET_ES131A,STA_ES0125A,,SP_28079017_14_6,SPP_28079017_14_6.1,SAM_28079017_14_6,O3,http://dd.eionet.europa.eu/vocabulary/aq/pollutant/7,hour,34.5200000000,µg/m3,2017-12-06 13:00:00 +01:00,2017-12-06 14:00:00 +01:00,1,1
ES,ES.BDCA.AQD,NET_ES131A,STA_ES0125A,,SP_28079017_14_6,SPP_28079017_14_6.1,SAM_28079017_14_6,O3,http://dd.eionet.europa.eu/vocabulary/aq/pollutant/7,hour,40.5399999900,µg/m3,2017-12-06 14:00:00 +01:00,2017-12-06 15:00:00 +01:00,1,1
ES,ES.BDCA.AQD,NET_ES131A,STA_ES0125A,,SP_28079017_14_6,SPP_28079017_14_6.1,SAM_28079017_14_6,O3,http://dd.eionet.europa.eu/vocabulary/aq/pollutant/7,hour,40.0700000000,µg/m3,2017-12-06 15:00:00 +01:00,2017-12-06 16:00:00 +01:00,1,1
ES,ES.BDCA.AQD,NET_ES131A,STA_ES0125A,,SP_28079017_14_6,SPP_28079017_14_6.1,SAM_28079017_14_6,O3,http://dd.eionet.europa.eu/vocabulary/aq/pollutant/7,hour,27.6600000000,µg/m3,2017-12-06 16:00:00 +01:00,2017-12-06 17:00:00 +01:00,1,1
ES,ES.BDCA.AQD,NET_ES131A,STA_ES0125A,,SP_28079017_14_6,SPP_28079017_14_6.1,SAM_28079017_14_6,O3,http://dd.eionet.europa.eu/vocabulary/aq/pollutant/7,hour,11.5700000000,µg/m3,2017-12-06 17:00:00 +01:00,2017-12-06 18:00:00 +01:00,1,1
ES,ES.BDCA.AQD,NET_ES131A,STA_ES0125A,,SP_28079017_14_6,SPP_28079017_14_6.1,SAM_28079017_14_6,O3,http://dd.eionet.europa.eu/vocabulary/aq/pollutant/7,hour,1.0000000000,µg/m3,2017-12-06 18:00:00 +01:00,2017-12-06 19:00:00 +01:00,1,1
ES,ES.BDCA.AQD,NET_ES131A,STA_ES0125A,,SP_28079017_14_6,SPP_28079017_14_6.1,SAM_28079017_14_6,O3,http://dd.eionet.europa.eu/vocabulary/aq/pollutant/7,hour,0.9700000000,µg/m3,2017-12-06 19:00:00 +01:00,2017-12-06 20:00:00 +01:00,1,1
ES,ES.BDCA.AQD,NET_ES131A,STA_ES0125A,,SP_28079017_14_6,SPP_28079017_14_6.1,SAM_28079017_14_6,O3,http://dd.eionet.europa.eu/vocabulary/aq/pollutant/7,hour,0.9300000000,µg/m3,2017-12-06 20:00:00 +01:00,2017-12-06 21:00:00 +01:00,1,1
ES,ES.BDCA.AQD,NET_ES131A,STA_ES0125A,,SP_28079017_14_6,SPP_28079017_14_6.1,SAM_28079017_14_6,O3,http://dd.eionet.europa.eu/vocabulary/aq/pollutant/7,hour,0.9100000000,µg/m3,2017-12-06 21:00:00 +01:00,2017-12-06 22:00:00 +01:00,1,1
ES,ES.BDCA.AQD,NET_ES131A,STA_ES0125A,,SP_28079017_14_6,SPP_28079017_14_6.1,SAM_28079017_14_6,O3,http://dd.eionet.europa.eu/vocabulary/aq/pollutant/7,hour,0.8700000000,µg/m3,2017-12-06 22:00:00 +01:00,2017-12-06 23:00:00 +01:00,1,1
ES,ES.BDCA.AQD,NET_ES131A,STA_ES0125A,,SP_28079017_14_6,SPP_28079017_14_6.1,SAM_28079017_14_6,O3,http://dd.eionet.europa.eu/vocabulary/aq/pollutant/7,hour,0.9600000000,µg/m3,2017-12-06 23:00:00 +01:00,2017-12-07 00:00:00 +01:00,1,1
ES,ES.BDCA.AQD,NET_ES131A,STA_ES0125A,,SP_28079017_14_6,SPP_28079017_14_6.1,SAM_28079017_14_6,O3,http://dd.eionet.europa.eu/vocabulary/aq/pollutant/7,hour,0.8900000000,µg/m3,2017-12-07 00:00:00 +01:00,2017-12-07 01:00:00 +01:00,1,1
ES,ES.BDCA.AQD,NET_ES131A,STA_ES0125A,,SP_28079017_14_6,SPP_28079017_14_6.1,SAM_28079017_14_6,O3,http://dd.eionet.europa.eu/vocabulary/aq/pollutant/7,hour,0.9600000000,µg/m3,2017-12-07 01:00:00 +01:00,2017-12-07 02:00:00 +01:00,1,1
ES,ES.BDCA.AQD,NET_ES131A,STA_ES0125A,,SP_28079017_14_6,SPP_28079017_14_6.1,SAM_28079017_14_6,O3,http://dd.eionet.europa.eu/vocabulary/aq/pollutant/7,hour,1.8700000000,µg/m3,2017-12-07 02:00:00 +01:00,2017-12-07 03:00:00 +01:00,1,1
ES,ES.BDCA.AQD,NET_ES131A,STA_ES0125A,,SP_28079017_14_6,SPP_28079017_14_6.1,SAM_28079017_14_6,O3,http://dd.eionet.europa.eu/vocabulary/aq/pollutant/7,hour,1.8400000000,µg/m3,2017-12-07 03:00:00 +01:00,2017-12-07 04:00:00 +01:00,1,1
ES,ES.BDCA.AQD,NET_ES131A,STA_ES0125A,,SP_28079017_14_6,SPP_28079017_14_6.1,SAM_28079017_14_6,O3,http://dd.eionet.europa.eu/vocabulary/aq/pollutant/7,hour,1.3600000000,µg/m3,2017-12-07 04:00:00 +01:00,2017-12-07 05:00:00 +01:00,1,1
ES,ES.BDCA.AQD,NET_ES131A,STA_ES0125A,,SP_28079017_14_6,SPP_28079017_14_6.1,SAM_28079017_14_6,O3,http://dd.eionet.europa.eu/vocabulary/aq/pollutant/7,hour,1.0400000000,µg/m3,2017-12-07 05:00:00 +01:00,2017-12-07 06:00:00 +01:00,1,1
ES,ES.BDCA.AQD,NET_ES131A,STA_ES0125A,,SP_28079017_14_6,SPP_28079017_14_6.1,SAM_28079017_14_6,O3,http://dd.eionet.europa.eu/vocabulary/aq/pollutant/7,hour,1.0000000000,µg/m3,2017-12-07 06:00:00 +01:00,2017-12-07 07:00:00 +01:00,1,1
ES,ES.BDCA.AQD,NET_ES131A,STA_ES0125A,,SP_28079017_14_6,SPP_28079017_14_6.1,SAM_28079017_14_6,O3,http://dd.eionet.europa.eu/vocabulary/aq/pollutant/7,hour,0.9100000000,µg/m3,2017-12-07 07:00:00 +01:00,2017-12-07 08:00:00 +01:00,1,1
ES,ES.BDCA.AQD,NET_ES131A,STA_ES0125A,,SP_28079017_14_6,SPP_28079017_14_6.1,SAM_28079017_14_6,O3,http://dd.eionet.europa.eu/vocabulary/aq/pollutant/7,hour,1.0600000000,µg/m3,2017-12-07 08:00:00 +01:00,2017-12-07 09:00:00 +01:00,1,1
ES,ES.BDCA.AQD,NET_ES131A,STA_ES0125A,,SP_28079017_14_6,SPP_28079017_14_6.1,SAM_28079017_14_6,O3,http://dd.eionet.europa.eu/vocabulary/aq/pollutant/7,hour,1.0000000000,µg/m3,2017-12-07 09:00:00 +01:00,2017-12-07 10:00:00 +01:00,1,1
ES,ES.BDCA.AQD,NET_ES131A,STA_ES0125A,,SP_28079017_14_6,SPP_28079017_14_6.1,SAM_28079017_14_6,O3,http://dd.eionet.europa.eu/vocabulary/aq/pollutant/7,hour,1.1699999900,µg/m3,2017-12-07 10:00:00 +01:00,2017-12-07 11:00:00 +01:00,1,1
ES,ES.BDCA.AQD,NET_ES131A,STA_ES0125A,,SP_28079017_14_6,SPP_28079017_14_6.1,SAM_28079017_14_6,O3,http://dd.eionet.europa.eu/vocabulary/aq/pollutant/7,hour,2.7100000000,µg/m3,2017-12-07 11:00:00 +01:00,2017-12-07 12:00:00 +01:00,1,1
ES,ES.BDCA.AQD,NET_ES131A,STA_ES0125A,,SP_28079017_14_6,SPP_28079017_14_6.1,SAM_28079017_14_6,O3,http://dd.eionet.europa.eu/vocabulary/aq/pollutant/7,hour,14.3300000000,µg/m3,2017-12-07 12:00:00 +01:00,2017-12-07 13:00:00 +01:00,1,1
ES,ES.BDCA.AQD,NET_ES131A,STA_ES0125A,,SP_28079017_14_6,SPP_28079017_14_6.1,SAM_28079017_14_6,O3,http://dd.eionet.europa.eu/vocabulary/aq/pollutant/7,hour,25.8000000000,µg/m3,2017-12-07 13:00:00 +01:00,2017-12-07 14:00:00 +01:00,1,1
ES,ES.BDCA.AQD,NET_ES131A,STA_ES0125A,,SP_28079017_14_6,SPP_28079017_14_6.1,SAM_28079017_14_6,O3,http://dd.eionet.europa.eu/vocabulary/aq/pollutant/7,hour,25.3599999900,µg/m3,2017-12-07 14:00:00 +01:00,2017-12-07 15:00:00 +01:00,1,1
ES,ES.BDCA.AQD,NET_ES131A,STA_ES0125A,,SP_28079017_14_6,SPP_28079017_14_6.1,SAM_28079017_14_6,O3,http://dd.eionet.europa.eu/vocabulary/aq/pollutant/7,hour,25.0900000000,µg/m3,2017-12-07 15:00:00 +01:00,2017-12-07 16:00:00 +01:00,1,1
ES,ES.BDCA.AQD,NET_ES131A,STA_ES0125A,,SP_28079017_14_6,SPP_28079017_14_6.1,SAM_28079017_14_6,O3,http://dd.eionet.europa.eu/vocabulary/aq/pollutant/7,hour,19.3200000000,µg/m3,2017-12-07 16:00:00 +01:00,2017-12-07 17:00:00 +01:00,1,1
ES,ES.BDCA.AQD,NET_ES131A,STA_ES0125A,,SP_28079017_14_6,SPP_28079017_14_6.1,SAM_28079017_14_6,O3,http://dd.eionet.europa.eu/vocabulary/aq/pollutant/7,hour,2.3999999900,µg/m3,2017-12-07 17:00:00 +01:00,2017-12-07 18:00:00 +01:00,1,1
ES,ES.BDCA.AQD,NET_ES131A,STA_ES0125A,,SP_28079017_14_6,SPP_28079017_14_6.1,SAM_28079017_14_6,O3,http://dd.eionet.europa.eu/vocabulary/aq/pollutant/7,hour,1.0600000000,µg/m3,2017-12-07 18:00:00 +01:00,2017-12-07 19:00:00 +01:00,1,1
ES,ES.BDCA.AQD,NET_ES131A,STA_ES0125A,,SP_28079017_14_6,SPP_28079017_14_6.1,SAM_28079017_14_6,O3,http://dd.eionet.europa.eu/vocabulary/aq/pollutant/7,hour,0.8700000000,µg/m3,2017-12-07 19:00:00 +01:00,2017-12-07 20:00:00 +01:00,1,1
ES,ES.BDCA.AQD,NET_ES131A,STA_ES0125A,,SP_28079017_14_6,SPP_28079017_14_6.1,SAM_28079017_14_6,O3,http://dd.eionet.europa.eu/vocabulary/aq/pollutant/7,hour,0.9800000000,µg/m3,2017-12-07 20:00:00 +01:00,2017-12-07 21:00:00 +01:00,1,1
ES,ES.BDCA.AQD,NET_ES131A,STA_ES0125A,,SP_28079017_14_6,SPP_28079017_14_6.1,SAM_28079017_14_6,O3,http://dd.eionet.europa.eu/vocabulary/aq/pollutant/7,hour,0.8400000000,µg/m3,2017-12-07 21:00:00 +01:00,2017-12-07 22:00:00 +01:00,1,1
ES,ES.BDCA.AQD,NET_ES131A,STA_ES0125A,,SP_28079017_14_6,SPP_28079017_14_6.1,SAM_28079017_14_6,O3,http://dd.eionet.europa.eu/vocabulary/aq/pollutant/7,hour,0.9000000000,µg/m3,2017-12-07 22:00:00 +01:00,2017-12-07 23:00:00 +01:00,1,1
ES,ES.BDCA.AQD,NET_ES131A,STA_ES0125A,,SP_28079017_14_6,SPP_28079017_14_6.1,SAM_28079017_14_6,O3,http://dd.eionet.europa.eu/vocabulary/aq/pollutant/7,hour,1.1200000000,µg/m3,2017-12-07 23:00:00 +01:00,2017-12-08 00:00:00 +01:00,1,1
ES,ES.BDCA.AQD,NET_ES131A,STA_ES0125A,,SP_28079017_14_6,SPP_28079017_14_6.1,SAM_28079017_14_6,O3,http://dd.eionet.europa.eu/vocabulary/aq/pollutant/7,hour,1.1799999900,µg/m3,2017-12-08 00:00:00 +01:00,2017-12-08 01:00:00 +01:00,1,1
ES,ES.BDCA.AQD,NET_ES131A,STA_ES0125A,,SP_28079017_14_6,SPP_28079017_14_6.1,SAM_28079017_14_6,O3,http://dd.eionet.europa.eu/vocabulary/aq/pollutant/7,hour,0.8600000000,µg/m3,2017-12-08 01:00:00 +01:00,2017-12-08 02:00:00 +01:00,1,1
ES,ES.BDCA.AQD,NET_ES131A,STA_ES0125A,,SP_28079017_14_6,SPP_28079017_14_6.1,SAM_28079017_14_6,O3,http://dd.eionet.europa.eu/vocabulary/aq/pollutant/7,hour,0.9000000000,µg/m3,2017-12-08 02:00:00 +01:00,2017-12-08 03:00:00 +01:00,1,1
ES,ES.BDCA.AQD,NET_ES131A,STA_ES0125A,,SP_28079017_14_6,SPP_28079017_14_6.1,SAM_28079017_14_6,O3,http://dd.eionet.europa.eu/vocabulary/aq/pollutant/7,hour,0.8800000000,µg/m3,2017-12-08 03:00:00 +01:00,2017-12-08 04:00:00 +01:00,1,1
ES,ES.BDCA.AQD,NET_ES131A,STA_ES0125A,,SP_28079017_14_6,SPP_28079017_14_6.1,SAM_28079017_14_6,O3,http://dd.eionet.europa.eu/vocabulary/aq/pollutant/7,hour,0.9100000000,µg/m3,2017-12-08 04:00:00 +01:00,2017-12-08 05:00:00 +01:00,1,1
ES,ES.BDCA.AQD,NET_ES131A,STA_ES0125A,,SP_28079017_14_6,SPP_28079017_14_6.1,SAM_28079017_14_6,O3,http://dd.eionet.europa.eu/vocabulary/aq/pollutant/7,hour,1.0000000000,µg/m3,2017-12-08 05:00:00 +01:00,2017-12-08 06:00:00 +01:00,1,1
ES,ES.BDCA.AQD,NET_ES131A,STA_ES0125A,,SP_28079017_14_6,SPP_28079017_14_6.1,SAM_28079017_14_6,O3,http://dd.eionet.europa.eu/vocabulary/aq/pollutant/7,hour,0.9800000000,µg/m3,2017-12-08 06:00:00 +01:00,2017-12-08 07:00:00 +01:00,1,1
ES,ES.BDCA.AQD,NET_ES131A,STA_ES0125A,,SP_28079017_14_6,SPP_28079017_14_6.1,SAM_28079017_14_6,O3,http://dd.eionet.europa.eu/vocabulary/aq/pollutant/7,hour,0.9900000000,µg/m3,2017-12-08 07:00:00 +01:00,2017-12-08 08:00:00 +01:00,1,1
ES,ES.BDCA.AQD,NET_ES131A,STA_ES0125A,,SP_28079017_14_6,SPP_28079017_14_6.1,SAM_28079017_14_6,O3,http://dd.eionet.europa.eu/vocabulary/aq/pollutant/7,hour,1.0000000000,µg/m3,2017-12-08 08:00:00 +01:00,2017-12-08 09:00:00 +01:00,1,1
ES,ES.BDCA.AQD,NET_ES131A,STA_ES0125A,,SP_28079017_14_6,SPP_28079017_14_6.1,SAM_28079017_14_6,O3,http://dd.eionet.europa.eu/vocabulary/aq/pollutant/7,hour,1.2400000000,µg/m3,2017-12-08 09:00:00 +01:00,2017-12-08 10:00:00 +01:00,1,1
ES,ES.BDCA.AQD,NET_ES131A,STA_ES0125A,,SP_28079017_14_6,SPP_28079017_14_6.1,SAM_28079017_14_6,O3,http://dd.eionet.europa.eu/vocabulary/aq/pollutant/7,hour,3.3900000000,µg/m3,2017-12-08 10:00:00 +01:00,2017-12-08 11:00:00 +01:00,1,1
ES,ES.BDCA.AQD,NET_ES131A,STA_ES0125A,,SP_28079017_14_6,SPP_28079017_14_6.1,SAM_28079017_14_6,O3,http://dd.eionet.europa.eu/vocabulary/aq/pollutant/7,hour,8.4399999900,µg/m3,2017-12-08 11:00:00 +01:00,2017-12-08 12:00:00 +01:00,1,1
ES,ES.BDCA.AQD,NET_ES131A,STA_ES0125A,,SP_28079017_14_6,SPP_28079017_14_6.1,SAM_28079017_14_6,O3,http://dd.eionet.europa.eu/vocabulary/aq/pollutant/7,hour,7.9900000000,µg/m3,2017-12-08 12:00:00 +01:00,2017-12-08 13:00:00 +01:00,1,1
ES,ES.BDCA.AQD,NET_ES131A,STA_ES0125A,,SP_28079017_14_6,SPP_28079017_14_6.1,SAM_28079017_14_6,O3,http://dd.eionet.europa.eu/vocabulary/aq/pollutant/7,hour,7.3499999900,µg/m3,2017-12-08 13:00:00 +01:00,2017-12-08 14:00:00 +01:00,1,1
ES,ES.BDCA.AQD,NET_ES131A,STA_ES0125A,,SP_28079017_14_6,SPP_28079017_14_6.1,SAM_28079017_14_6,O3,http://dd.eionet.europa.eu/vocabulary/aq/pollutant/7,hour,5.6600000000,µg/m3,2017-12-08 14:00:00 +01:00,2017-12-08 15:00:00 +01:00,1,1
ES,ES.BDCA.AQD,NET_ES131A,STA_ES0125A,,SP_28079017_14_6,SPP_28079017_14_6.1,SAM_28079017_14_6,O3,http://dd.eionet.europa.eu/vocabulary/aq/pollutant/7,hour,5.8300000000,µg/m3,2017-12-08 15:00:00 +01:00,2017-12-08 16:00:00 +01:00,1,1
ES,ES.BDCA.AQD,NET_ES131A,STA_ES0125A,,SP_28079017_14_6,SPP_28079017_14_6.1,SAM_28079017_14_6,O3,http://dd.eionet.europa.eu/vocabulary/aq/pollutant/7,hour,4.7900000000,µg/m3,2017-12-08 16:00:00 +01:00,2017-12-08 17:00:00 +01:00,1,1
ES,ES.BDCA.AQD,NET_ES131A,STA_ES0125A,,SP_28079017_14_6,SPP_28079017_14_6.1,SAM_28079017_14_6,O3,http://dd.eionet.europa.eu/vocabulary/aq/pollutant/7,hour,1.4099999900,µg/m3,2017-12-08 17:00:00 +01:00,2017-12-08 18:00:00 +01:00,1,1
ES,ES.BDCA.AQD,NET_ES131A,STA_ES0125A,,SP_28079017_14_6,SPP_28079017_14_6.1,SAM_28079017_14_6,O3,http://dd.eionet.europa.eu/vocabulary/aq/pollutant/7,hour,1.0000000000,µg/m3,2017-12-08 18:00:00 +01:00,2017-12-08 19:00:00 +01:00,1,1
ES,ES.BDCA.AQD,NET_ES131A,STA_ES0125A,,SP_28079017_14_6,SPP_28079017_14_6.1,SAM_28079017_14_6,O3,http://dd.eionet.europa.eu/vocabulary/aq/pollutant/7,hour,1.1599999900,µg/m3,2017-12-08 19:00:00 +01:00,2017-12-08 20:00:00 +01:00,1,1
ES,ES.BDCA.AQD,NET_ES131A,STA_ES0125A,,SP_28079017_14_6,SPP_28079017_14_6.1,SAM_28079017_14_6,O3,http://dd.eionet.europa.eu/vocabulary/aq/pollutant/7,hour,1.2200000000,µg/m3,2017-12-08 20:00:00 +01:00,2017-12-08 21:00:00 +01:00,1,1
ES,ES.BDCA.AQD,NET_ES131A,STA_ES0125A,,SP_28079017_14_6,SPP_28079017_14_6.1,SAM_28079017_14_6,O3,http://dd.eionet.europa.eu/vocabulary/aq/pollutant/7,hour,1.0400000000,µg/m3,2017-12-08 21:00:00 +01:00,2017-12-08 22:00:00 +01:00,1,1
ES,ES.BDCA.AQD,NET_ES131A,STA_ES0125A,,SP_28079017_14_6,SPP_28079017_14_6.1,SAM_28079017_14_6,O3,http://dd.eionet.europa.eu/vocabulary/aq/pollutant/7,hour,0.9900000000,µg/m3,2017-12-08 22:00:00 +01:00,2017-12-08 23:00:00 +01:00,1,1
ES,ES.BDCA.AQD,NET_ES131A,STA_ES0125A,,SP_28079017_14_6,SPP_28079017_14_6.1,SAM_28079017_14_6,O3,http://dd.eionet.europa.eu/vocabulary/aq/pollutant/7,hour,1.0000000000,µg/m3,2017-12-08 23:00:00 +01:00,2017-12-09 00:00:00 +01:00,1,1
ES,ES.BDCA.AQD,NET_ES131A,STA_ES0125A,,SP_28079017_14_6,SPP_28079017_14_6.1,SAM_28079017_14_6,O3,http://dd.eionet.europa.eu/vocabulary/aq/pollutant/7,hour,0.9500000000,µg/m3,2017-12-09 00:00:00 +01:00,2017-12-09 01:00:00 +01:00,1,1
ES,ES.BDCA.AQD,NET_ES131A,STA_ES0125A,,SP_28079017_14_6,SPP_28079017_14_6.1,SAM_28079017_14_6,O3,http://dd.eionet.europa.eu/vocabulary/aq/pollutant/7,hour,0.9600000000,µg/m3,2017-12-09 01:00:00 +01:00,2017-12-09 02:00:00 +01:00,1,1
ES,ES.BDCA.AQD,NET_ES131A,STA_ES0125A,,SP_28079017_14_6,SPP_28079017_14_6.1,SAM_28079017_14_6,O3,http://dd.eionet.europa.eu/vocabulary/aq/pollutant/7,hour,1.2100000000,µg/m3,2017-12-09 02:00:00 +01:00,2017-12-09 03:00:00 +01:00,1,1
ES,ES.BDCA.AQD,NET_ES131A,STA_ES0125A,,SP_28079017_14_6,SPP_28079017_14_6.1,SAM_28079017_14_6,O3,http://dd.eionet.europa.eu/vocabulary/aq/pollutant/7,hour,0.9700000000,µg/m3,2017-12-09 03:00:00 +01:00,2017-12-09 04:00:00 +01:00,1,1
ES,ES.BDCA.AQD,NET_ES131A,STA_ES0125A,,SP_28079017_14_6,SPP_28079017_14_6.1,SAM_28079017_14_6,O3,http://dd.eionet.europa.eu/vocabulary/aq/pollutant/7,hour,0.9400000000,µg/m3,2017-12-09 04:00:00 +01:00,2017-12-09 05:00:00 +01:00,1,1
ES,ES.BDCA.AQD,NET_ES131A,STA_ES0125A,,SP_28079017_14_6,SPP_28079017_14_6.1,SAM_28079017_14_6,O3,http://dd.eionet.europa.eu/vocabulary/aq/pollutant/7,hour,1.0000000000,µg/m3,2017-12-09 05:00:00 +01:00,2017-12-09 06:00:00 +01:00,1,1
ES,ES.BDCA.AQD,NET_ES131A,STA_ES0125A,,SP_28079017_14_6,SPP_28079017_14_6.1,SAM_28079017_14_6,O3,http://dd.eionet.europa.eu/vocabulary/aq/pollutant/7,hour,0.9600000000,µg/m3,2017-12-09 06:00:00 +01:00,2017-12-09 07:00:00 +01:00,1,1
ES,ES.BDCA.AQD,NET_ES131A,STA_ES0125A,,SP_28079017_14_6,SPP_28079017_14_6.1,SAM_28079017_14_6,O3,http://dd.eionet.europa.eu/vocabulary/aq/pollutant/7,hour,0.8800000000,µg/m3,2017-12-09 07:00:00 +01:00,2017-12-09 08:00:00 +01:00,1,1
ES,ES.BDCA.AQD,NET_ES131A,STA_ES0125A,,SP_28079017_14_6,SPP_28079017_14_6.1,SAM_28079017_14_6,O3,http://dd.eionet.europa.eu/vocabulary/aq/pollutant/7,hour,1.0000000000,µg/m3,2017-12-09 08:00:00 +01:00,2017-12-09 09:00:00 +01:00,1,1
ES,ES.BDCA.AQD,NET_ES131A,STA_ES0125A,,SP_28079017_14_6,SPP_28079017_14_6.1,SAM_28079017_14_6,O3,http://dd.eionet.europa.eu/vocabulary/aq/pollutant/7,hour,0.9500000000,µg/m3,2017-12-09 09:00:00 +01:00,2017-12-09 10:00:00 +01:00,1,1
ES,ES.BDCA.AQD,NET_ES131A,STA_ES0125A,,SP_28079017_14_6,SPP_28079017_14_6.1,SAM_28079017_14_6,O3,http://dd.eionet.europa.eu/vocabulary/aq/pollutant/7,hour,2.3599999900,µg/m3,2017-12-09 10:00:00 +01:00,2017-12-09 11:00:00 +01:00,1,1
ES,ES.BDCA.AQD,NET_ES131A,STA_ES0125A,,SP_28079017_14_6,SPP_28079017_14_6.1,SAM_28079017_14_6,O3,http://dd.eionet.europa.eu/vocabulary/aq/pollutant/7,hour,4.4199999900,µg/m3,2017-12-09 11:00:00 +01:00,2017-12-09 12:00:00 +01:00,1,1
ES,ES.BDCA.AQD,NET_ES131A,STA_ES0125A,,SP_28079017_14_6,SPP_28079017_14_6.1,SAM_28079017_14_6,O3,http://dd.eionet.europa.eu/vocabulary/aq/pollutant/7,hour,5.5999999900,µg/m3,2017-12-09 12:00:00 +01:00,2017-12-09 13:00:00 +01:00,1,1
ES,ES.BDCA.AQD,NET_ES131A,STA_ES0125A,,SP_28079017_14_6,SPP_28079017_14_6.1,SAM_28079017_14_6,O3,http://dd.eionet.europa.eu/vocabulary/aq/pollutant/7,hour,15.4100000000,µg/m3,2017-12-09 13:00:00 +01:00,2017-12-09 14:00:00 +01:00,1,1
ES,ES.BDCA.AQD,NET_ES131A,STA_ES0125A,,SP_28079017_14_6,SPP_28079017_14_6.1,SAM_28079017_14_6,O3,http://dd.eionet.europa.eu/vocabulary/aq/pollutant/7,hour,14.2100000000,µg/m3,2017-12-09 14:00:00 +01:00,2017-12-09 15:00:00 +01:00,1,1
ES,ES.BDCA.AQD,NET_ES131A,STA_ES0125A,,SP_28079017_14_6,SPP_28079017_14_6.1,SAM_28079017_14_6,O3,http://dd.eionet.europa.eu/vocabulary/aq/pollutant/7,hour,17.9499999900,µg/m3,2017-12-09 15:00:00 +01:00,2017-12-09 16:00:00 +01:00,1,1
ES,ES.BDCA.AQD,NET_ES131A,STA_ES0125A,,SP_28079017_14_6,SPP_28079017_14_6.1,SAM_28079017_14_6,O3,http://dd.eionet.europa.eu/vocabulary/aq/pollutant/7,hour,18.8299999900,µg/m3,2017-12-09 16:00:00 +01:00,2017-12-09 17:00:00 +01:00,1,1
ES,ES.BDCA.AQD,NET_ES131A,STA_ES0125A,,SP_28079017_14_6,SPP_28079017_14_6.1,SAM_28079017_14_6,O3,http://dd.eionet.europa.eu/vocabulary/aq/pollutant/7,hour,16.0900000000,µg/m3,2017-12-09 17:00:00 +01:00,2017-12-09 18:00:00 +01:00,1,1
ES,ES.BDCA.AQD,NET_ES131A,STA_ES0125A,,SP_28079017_14_6,SPP_28079017_14_6.1,SAM_28079017_14_6,O3,http://dd.eionet.europa.eu/vocabulary/aq/pollutant/7,hour,8.0500000000,µg/m3,2017-12-09 18:00:00 +01:00,2017-12-09 19:00:00 +01:00,1,1
ES,ES.BDCA.AQD,NET_ES131A,STA_ES0125A,,SP_28079017_14_6,SPP_28079017_14_6.1,SAM_28079017_14_6,O3,http://dd.eionet.europa.eu/vocabulary/aq/pollutant/7,hour,9.8100000000,µg/m3,2017-12-09 19:00:00 +01:00,2017-12-09 20:00:00 +01:00,1,1
ES,ES.BDCA.AQD,NET_ES131A,STA_ES0125A,,SP_28079017_14_6,SPP_28079017_14_6.1,SAM_28079017_14_6,O3,http://dd.eionet.europa.eu/vocabulary/aq/pollutant/7,hour,12.7500000000,µg/m3,2017-12-09 20:00:00 +01:00,2017-12-09 21:00:00 +01:00,1,1
ES,ES.BDCA.AQD,NET_ES131A,STA_ES0125A,,SP_28079017_14_6,SPP_28079017_14_6.1,SAM_28079017_14_6,O3,http://dd.eionet.europa.eu/vocabulary/aq/pollutant/7,hour,11.3500000000,µg/m3,2017-12-09 21:00:00 +01:00,2017-12-09 22:00:00 +01:00,1,1
ES,ES.BDCA.AQD,NET_ES131A,STA_ES0125A,,SP_28079017_14_6,SPP_28079017_14_6.1,SAM_28079017_14_6,O3,http://dd.eionet.europa.eu/vocabulary/aq/pollutant/7,hour,20.1499999900,µg/m3,2017-12-09 22:00:00 +01:00,2017-12-09 23:00:00 +01:00,1,1
ES,ES.BDCA.AQD,NET_ES131A,STA_ES0125A,,SP_28079017_14_6,SPP_28079017_14_6.1,SAM_28079017_14_6,O3,http://dd.eionet.europa.eu/vocabulary/aq/pollutant/7,hour,14.8900000000,µg/m3,2017-12-09 23:00:00 +01:00,2017-12-10 00:00:00 +01:00,1,1
ES,ES.BDCA.AQD,NET_ES131A,STA_ES0125A,,SP_28079017_14_6,SPP_28079017_14_6.1,SAM_28079017_14_6,O3,http://dd.eionet.europa.eu/vocabulary/aq/pollutant/7,hour,18.2199999900,µg/m3,2017-12-10 00:00:00 +01:00,2017-12-10 01:00:00 +01:00,1,1
ES,ES.BDCA.AQD,NET_ES131A,STA_ES0125A,,SP_28079017_14_6,SPP_28079017_14_6.1,SAM_28079017_14_6,O3,http://dd.eionet.europa.eu/vocabulary/aq/pollutant/7,hour,14.1999999900,µg/m3,2017-12-10 01:00:00 +01:00,2017-12-10 02:00:00 +01:00,1,1
ES,ES.BDCA.AQD,NET_ES131A,STA_ES0125A,,SP_28079017_14_6,SPP_28079017_14_6.1,SAM_28079017_14_6,O3,http://dd.eionet.europa.eu/vocabulary/aq/pollutant/7,hour,27.8500000000,µg/m3,2017-12-10 02:00:00 +01:00,2017-12-10 03:00:00 +01:00,1,1
ES,ES.BDCA.AQD,NET_ES131A,STA_ES0125A,,SP_28079017_14_6,SPP_28079017_14_6.1,SAM_28079017_14_6,O3,http://dd.eionet.europa.eu/vocabulary/aq/pollutant/7,hour,25.8500000000,µg/m3,2017-12-10 03:00:00 +01:00,2017-12-10 04:00:00 +01:00,1,1
ES,ES.BDCA.AQD,NET_ES131A,STA_ES0125A,,SP_28079017_14_6,SPP_28079017_14_6.1,SAM_28079017_14_6,O3,http://dd.eionet.europa.eu/vocabulary/aq/pollutant/7,hour,30.6800000000,µg/m3,2017-12-10 04:00:00 +01:00,2017-12-10 05:00:00 +01:00,1,1
ES,ES.BDCA.AQD,NET_ES131A,STA_ES0125A,,SP_28079017_14_6,SPP_28079017_14_6.1,SAM_28079017_14_6,O3,http://dd.eionet.europa.eu/vocabulary/aq/pollutant/7,hour,36.2800000000,µg/m3,2017-12-10 05:00:00 +01:00,2017-12-10 06:00:00 +01:00,1,1
ES,ES.BDCA.AQD,NET_ES131A,STA_ES0125A,,SP_28079017_14_6,SPP_28079017_14_6.1,SAM_28079017_14_6,O3,http://dd.eionet.europa.eu/vocabulary/aq/pollutant/7,hour,37.8200000000,µg/m3,2017-12-10 06:00:00 +01:00,2017-12-10 07:00:00 +01:00,1,1
ES,ES.BDCA.AQD,NET_ES131A,STA_ES0125A,,SP_28079017_14_6,SPP_28079017_14_6.1,SAM_28079017_14_6,O3,http://dd.eionet.europa.eu/vocabulary/aq/pollutant/7,hour,37.6099999900,µg/m3,2017-12-10 07:00:00 +01:00,2017-12-10 08:00:00 +01:00,1,1
ES,ES.BDCA.AQD,NET_ES131A,STA_ES0125A,,SP_28079017_14_6,SPP_28079017_14_6.1,SAM_28079017_14_6,O3,http://dd.eionet.europa.eu/vocabulary/aq/pollutant/7,hour,40.1599999900,µg/m3,2017-12-10 08:00:00 +01:00,2017-12-10 09:00:00 +01:00,1,1
ES,ES.BDCA.AQD,NET_ES131A,STA_ES0125A,,SP_28079017_14_6,SPP_28079017_14_6.1,SAM_28079017_14_6,O3,http://dd.eionet.europa.eu/vocabulary/aq/pollutant/7,hour,40.8500000000,µg/m3,2017-12-10 09:00:00 +01:00,2017-12-10 10:00:00 +01:00,1,1
ES,ES.BDCA.AQD,NET_ES131A,STA_ES0125A,,SP_28079017_14_6,SPP_28079017_14_6.1,SAM_28079017_14_6,O3,http://dd.eionet.europa.eu/vocabulary/aq/pollutant/7,hour,44.0799999900,µg/m3,2017-12-10 10:00:00 +01:00,2017-12-10 11:00:00 +01:00,1,1
ES,ES.BDCA.AQD,NET_ES131A,STA_ES0125A,,SP_28079017_14_6,SPP_28079017_14_6.1,SAM_28079017_14_6,O3,http://dd.eionet.europa.eu/vocabulary/aq/pollutant/7,hour,45.2199999900,µg/m3,2017-12-10 11:00:00 +01:00,2017-12-10 12:00:00 +01:00,1,1
ES,ES.BDCA.AQD,NET_ES131A,STA_ES0125A,,SP_28079017_14_6,SPP_28079017_14_6.1,SAM_28079017_14_6,O3,http://dd.eionet.europa.eu/vocabulary/aq/pollutant/7,hour,45.4699999900,µg/m3,2017-12-10 12:00:00 +01:00,2017-12-10 13:00:00 +01:00,1,1
ES,ES.BDCA.AQD,NET_ES131A,STA_ES0125A,,SP_28079017_14_6,SPP_28079017_14_6.1,SAM_28079017_14_6,O3,http://dd.eionet.europa.eu/vocabulary/aq/pollutant/7,hour,47.3400000000,µg/m3,2017-12-10 13:00:00 +01:00,2017-12-10 14:00:00 +01:00,1,1
ES,ES.BDCA.AQD,NET_ES131A,STA_ES0125A,,SP_28079017_14_6,SPP_28079017_14_6.1,SAM_28079017_14_6,O3,http://dd.eionet.europa.eu/vocabulary/aq/pollutant/7,hour,49.0000000000,µg/m3,2017-12-10 14:00:00 +01:00,2017-12-10 15:00:00 +01:00,1,1
ES,ES.BDCA.AQD,NET_ES131A,STA_ES0125A,,SP_28079017_14_6,SPP_28079017_14_6.1,SAM_28079017_14_6,O3,http://dd.eionet.europa.eu/vocabulary/aq/pollutant/7,hour,51.7700000000,µg/m3,2017-12-10 15:00:00 +01:00,2017-12-10 16:00:00 +01:00,1,1
ES,ES.BDCA.AQD,NET_ES131A,STA_ES0125A,,SP_28079017_14_6,SPP_28079017_14_6.1,SAM_28079017_14_6,O3,http://dd.eionet.europa.eu/vocabulary/aq/pollutant/7,hour,52.0600000000,µg/m3,2017-12-10 16:00:00 +01:00,2017-12-10 17:00:00 +01:00,1,1
ES,ES.BDCA.AQD,NET_ES131A,STA_ES0125A,,SP_28079017_14_6,SPP_28079017_14_6.1,SAM_28079017_14_6,O3,http://dd.eionet.europa.eu/vocabulary/aq/pollutant/7,hour,43.8699999900,µg/m3,2017-12-10 17:00:00 +01:00,2017-12-10 18:00:00 +01:00,1,1
ES,ES.BDCA.AQD,NET_ES131A,STA_ES0125A,,SP_28079017_14_6,SPP_28079017_14_6.1,SAM_28079017_14_6,O3,http://dd.eionet.europa.eu/vocabulary/aq/pollutant/7,hour,50.2999999900,µg/m3,2017-12-10 18:00:00 +01:00,2017-12-10 19:00:00 +01:00,1,1
ES,ES.BDCA.AQD,NET_ES131A,STA_ES0125A,,SP_28079017_14_6,SPP_28079017_14_6.1,SAM_28079017_14_6,O3,http://dd.eionet.europa.eu/vocabulary/aq/pollutant/7,hour,51.7400000000,µg/m3,2017-12-10 19:00:00 +01:00,2017-12-10 20:00:00 +01:00,1,1
ES,ES.BDCA.AQD,NET_ES131A,STA_ES0125A,,SP_28079017_14_6,SPP_28079017_14_6.1,SAM_28079017_14_6,O3,http://dd.eionet.europa.eu/vocabulary/aq/pollutant/7,hour,45.5700000000,µg/m3,2017-12-10 20:00:00 +01:00,2017-12-10 21:00:00 +01:00,1,1
ES,ES.BDCA.AQD,NET_ES131A,STA_ES0125A,,SP_28079017_14_6,SPP_28079017_14_6.1,SAM_28079017_14_6,O3,http://dd.eionet.europa.eu/vocabulary/aq/pollutant/7,hour,45.9699999900,µg/m3,2017-12-10 21:00:00 +01:00,2017-12-10 22:00:00 +01:00,1,1
ES,ES.BDCA.AQD,NET_ES131A,STA_ES0125A,,SP_28079017_14_6,SPP_28079017_14_6.1,SAM_28079017_14_6,O3,http://dd.eionet.europa.eu/vocabulary/aq/pollutant/7,hour,43.5099999900,µg/m3,2017-12-10 22:00:00 +01:00,2017-12-10 23:00:00 +01:00,1,1
ES,ES.BDCA.AQD,NET_ES131A,STA_ES0125A,,SP_28079017_14_6,SPP_28079017_14_6.1,SAM_28079017_14_6,O3,http://dd.eionet.europa.eu/vocabulary/aq/pollutant/7,hour,57.2899999900,µg/m3,2017-12-10 23:00:00 +01:00,2017-12-11 00:00:00 +01:00,1,1
ES,ES.BDCA.AQD,NET_ES131A,STA_ES0125A,,SP_28079017_14_6,SPP_28079017_14_6.1,SAM_28079017_14_6,O3,http://dd.eionet.europa.eu/vocabulary/aq/pollutant/7,hour,60.2599999900,µg/m3,2017-12-11 00:00:00 +01:00,2017-12-11 01:00:00 +01:00,1,1
ES,ES.BDCA.AQD,NET_ES131A,STA_ES0125A,,SP_28079017_14_6,SPP_28079017_14_6.1,SAM_28079017_14_6,O3,http://dd.eionet.europa.eu/vocabulary/aq/pollutant/7,hour,62.9699999900,µg/m3,2017-12-11 01:00:00 +01:00,2017-12-11 02:00:00 +01:00,1,1
ES,ES.BDCA.AQD,NET_ES131A,STA_ES0125A,,SP_28079017_14_6,SPP_28079017_14_6.1,SAM_28079017_14_6,O3,http://dd.eionet.europa.eu/vocabulary/aq/pollutant/7,hour,66.9599999900,µg/m3,2017-12-11 02:00:00 +01:00,2017-12-11 03:00:00 +01:00,1,1
ES,ES.BDCA.AQD,NET_ES131A,STA_ES0125A,,SP_28079017_14_6,SPP_28079017_14_6.1,SAM_28079017_14_6,O3,http://dd.eionet.europa.eu/vocabulary/aq/pollutant/7,hour,67.9500000000,µg/m3,2017-12-11 03:00:00 +01:00,2017-12-11 04:00:00 +01:00,1,1
ES,ES.BDCA.AQD,NET_ES131A,STA_ES0125A,,SP_28079017_14_6,SPP_28079017_14_6.1,SAM_28079017_14_6,O3,http://dd.eionet.europa.eu/vocabulary/aq/pollutant/7,hour,74.7199999900,µg/m3,2017-12-11 04:00:00 +01:00,2017-12-11 05:00:00 +01:00,1,1
ES,ES.BDCA.AQD,NET_ES131A,STA_ES0125A,,SP_28079017_14_6,SPP_28079017_14_6.1,SAM_28079017_14_6,O3,http://dd.eionet.europa.eu/vocabulary/aq/pollutant/7,hour,62.1800000000,µg/m3,2017-12-11 05:00:00 +01:00,2017-12-11 06:00:00 +01:00,1,1
ES,ES.BDCA.AQD,NET_ES131A,STA_ES0125A,,SP_28079017_14_6,SPP_28079017_14_6.1,SAM_28079017_14_6,O3,http://dd.eionet.europa.eu/vocabulary/aq/pollutant/7,hour,62.3400000000,µg/m3,2017-12-11 06:00:00 +01:00,2017-12-11 07:00:00 +01:00,1,1
ES,ES.BDCA.AQD,NET_ES131A,STA_ES0125A,,SP_28079017_14_6,SPP_28079017_14_6.1,SAM_28079017_14_6,O3,http://dd.eionet.europa.eu/vocabulary/aq/pollutant/7,hour,58.2400000000,µg/m3,2017-12-11 07:00:00 +01:00,2017-12-11 08:00:00 +01:00,1,1
ES,ES.BDCA.AQD,NET_ES131A,STA_ES0125A,,SP_28079017_14_6,SPP_28079017_14_6.1,SAM_28079017_14_6,O3,http://dd.eionet.europa.eu/vocabulary/aq/pollutant/7,hour,43.9799999900,µg/m3,2017-12-11 08:00:00 +01:00,2017-12-11 09:00:00 +01:00,1,1
ES,ES.BDCA.AQD,NET_ES131A,STA_ES0125A,,SP_28079017_14_6,SPP_28079017_14_6.1,SAM_28079017_14_6,O3,http://dd.eionet.europa.eu/vocabulary/aq/pollutant/7,hour,41.5200000000,µg/m3,2017-12-11 09:00:00 +01:00,2017-12-11 10:00:00 +01:00,1,1
ES,ES.BDCA.AQD,NET_ES131A,STA_ES0125A,,SP_28079017_14_6,SPP_28079017_14_6.1,SAM_28079017_14_6,O3,http://dd.eionet.europa.eu/vocabulary/aq/pollutant/7,hour,41.6300000000,µg/m3,2017-12-11 10:00:00 +01:00,2017-12-11 11:00:00 +01:00,1,1
ES,ES.BDCA.AQD,NET_ES131A,STA_ES0125A,,SP_28079017_14_6,SPP_28079017_14_6.1,SAM_28079017_14_6,O3,http://dd.eionet.europa.eu/vocabulary/aq/pollutant/7,hour,44.2899999900,µg/m3,2017-12-11 11:00:00 +01:00,2017-12-11 12:00:00 +01:00,1,1
ES,ES.BDCA.AQD,NET_ES131A,STA_ES0125A,,SP_28079017_14_6,SPP_28079017_14_6.1,SAM_28079017_14_6,O3,http://dd.eionet.europa.eu/vocabulary/aq/pollutant/7,hour,38.6700000000,µg/m3,2017-12-11 12:00:00 +01:00,2017-12-11 13:00:00 +01:00,1,1
ES,ES.BDCA.AQD,NET_ES131A,STA_ES0125A,,SP_28079017_14_6,SPP_28079017_14_6.1,SAM_28079017_14_6,O3,http://dd.eionet.europa.eu/vocabulary/aq/pollutant/7,hour,37.5900000000,µg/m3,2017-12-11 13:00:00 +01:00,2017-12-11 14:00:00 +01:00,1,1
ES,ES.BDCA.AQD,NET_ES131A,STA_ES0125A,,SP_28079017_14_6,SPP_28079017_14_6.1,SAM_28079017_14_6,O3,http://dd.eionet.europa.eu/vocabulary/aq/pollutant/7,hour,38.5499999900,µg/m3,2017-12-11 14:00:00 +01:00,2017-12-11 15:00:00 +01:00,1,1
ES,ES.BDCA.AQD,NET_ES131A,STA_ES0125A,,SP_28079017_14_6,SPP_28079017_14_6.1,SAM_28079017_14_6,O3,http://dd.eionet.europa.eu/vocabulary/aq/pollutant/7,hour,44.8800000000,µg/m3,2017-12-11 15:00:00 +01:00,2017-12-11 16:00:00 +01:00,1,1
ES,ES.BDCA.AQD,NET_ES131A,STA_ES0125A,,SP_28079017_14_6,SPP_28079017_14_6.1,SAM_28079017_14_6,O3,http://dd.eionet.europa.eu/vocabulary/aq/pollutant/7,hour,42.7000000000,µg/m3,2017-12-11 16:00:00 +01:00,2017-12-11 17:00:00 +01:00,1,1
ES,ES.BDCA.AQD,NET_ES131A,STA_ES0125A,,SP_28079017_14_6,SPP_28079017_14_6.1,SAM_28079017_14_6,O3,http://dd.eionet.europa.eu/vocabulary/aq/pollutant/7,hour,36.0000000000,µg/m3,2017-12-11 17:00:00 +01:00,2017-12-11 18:00:00 +01:00,1,1
ES,ES.BDCA.AQD,NET_ES131A,STA_ES0125A,,SP_28079017_14_6,SPP_28079017_14_6.1,SAM_28079017_14_6,O3,http://dd.eionet.europa.eu/vocabulary/aq/pollutant/7,hour,23.8599999900,µg/m3,2017-12-11 18:00:00 +01:00,2017-12-11 19:00:00 +01:00,1,1
ES,ES.BDCA.AQD,NET_ES131A,STA_ES0125A,,SP_28079017_14_6,SPP_28079017_14_6.1,SAM_28079017_14_6,O3,http://dd.eionet.europa.eu/vocabulary/aq/pollutant/7,hour,16.5900000000,µg/m3,2017-12-11 19:00:00 +01:00,2017-12-11 20:00:00 +01:00,1,1
ES,ES.BDCA.AQD,NET_ES131A,STA_ES0125A,,SP_28079017_14_6,SPP_28079017_14_6.1,SAM_28079017_14_6,O3,http://dd.eionet.europa.eu/vocabulary/aq/pollutant/7,hour,11.2799999900,µg/m3,2017-12-11 20:00:00 +01:00,2017-12-11 21:00:00 +01:00,1,1
ES,ES.BDCA.AQD,NET_ES131A,STA_ES0125A,,SP_28079017_14_6,SPP_28079017_14_6.1,SAM_28079017_14_6,O3,http://dd.eionet.europa.eu/vocabulary/aq/pollutant/7,hour,21.0300000000,µg/m3,2017-12-11 21:00:00 +01:00,2017-12-11 22:00:00 +01:00,1,1
ES,ES.BDCA.AQD,NET_ES131A,STA_ES0125A,,SP_28079017_14_6,SPP_28079017_14_6.1,SAM_28079017_14_6,O3,http://dd.eionet.europa.eu/vocabulary/aq/pollutant/7,hour,34.6400000000,µg/m3,2017-12-11 22:00:00 +01:00,2017-12-11 23:00:00 +01:00,1,1
ES,ES.BDCA.AQD,NET_ES131A,STA_ES0125A,,SP_28079017_14_6,SPP_28079017_14_6.1,SAM_28079017_14_6,O3,http://dd.eionet.europa.eu/vocabulary/aq/pollutant/7,hour,25.6200000000,µg/m3,2017-12-11 23:00:00 +01:00,2017-12-12 00:00:00 +01:00,1,1
ES,ES.BDCA.AQD,NET_ES131A,STA_ES0125A,,SP_28079017_14_6,SPP_28079017_14_6.1,SAM_28079017_14_6,O3,http://dd.eionet.europa.eu/vocabulary/aq/pollutant/7,hour,16.4600000000,µg/m3,2017-12-12 00:00:00 +01:00,2017-12-12 01:00:00 +01:00,1,1
ES,ES.BDCA.AQD,NET_ES131A,STA_ES0125A,,SP_28079017_14_6,SPP_28079017_14_6.1,SAM_28079017_14_6,O3,http://dd.eionet.europa.eu/vocabulary/aq/pollutant/7,hour,43.0900000000,µg/m3,2017-12-12 01:00:00 +01:00,2017-12-12 02:00:00 +01:00,1,1
ES,ES.BDCA.AQD,NET_ES131A,STA_ES0125A,,SP_28079017_14_6,SPP_28079017_14_6.1,SAM_28079017_14_6,O3,http://dd.eionet.europa.eu/vocabulary/aq/pollutant/7,hour,51.1899999900,µg/m3,2017-12-12 02:00:00 +01:00,2017-12-12 03:00:00 +01:00,1,1
ES,ES.BDCA.AQD,NET_ES131A,STA_ES0125A,,SP_28079017_14_6,SPP_28079017_14_6.1,SAM_28079017_14_6,O3,http://dd.eionet.europa.eu/vocabulary/aq/pollutant/7,hour,39.0799999900,µg/m3,2017-12-12 03:00:00 +01:00,2017-12-12 04:00:00 +01:00,1,1
ES,ES.BDCA.AQD,NET_ES131A,STA_ES0125A,,SP_28079017_14_6,SPP_28079017_14_6.1,SAM_28079017_14_6,O3,http://dd.eionet.europa.eu/vocabulary/aq/pollutant/7,hour,22.1299999900,µg/m3,2017-12-12 04:00:00 +01:00,2017-12-12 05:00:00 +01:00,1,1
ES,ES.BDCA.AQD,NET_ES131A,STA_ES0125A,,SP_28079017_14_6,SPP_28079017_14_6.1,SAM_28079017_14_6,O3,http://dd.eionet.europa.eu/vocabulary/aq/pollutant/7,hour,7.4500000000,µg/m3,2017-12-12 05:00:00 +01:00,2017-12-12 06:00:00 +01:00,1,1
ES,ES.BDCA.AQD,NET_ES131A,STA_ES0125A,,SP_28079017_14_6,SPP_28079017_14_6.1,SAM_28079017_14_6,O3,http://dd.eionet.europa.eu/vocabulary/aq/pollutant/7,hour,1.2200000000,µg/m3,2017-12-12 06:00:00 +01:00,2017-12-12 07:00:00 +01:00,1,1
ES,ES.BDCA.AQD,NET_ES131A,STA_ES0125A,,SP_28079017_14_6,SPP_28079017_14_6.1,SAM_28079017_14_6,O3,http://dd.eionet.europa.eu/vocabulary/aq/pollutant/7,hour,1.3500000000,µg/m3,2017-12-12 07:00:00 +01:00,2017-12-12 08:00:00 +01:00,1,1
ES,ES.BDCA.AQD,NET_ES131A,STA_ES0125A,,SP_28079017_14_6,SPP_28079017_14_6.1,SAM_28079017_14_6,O3,http://dd.eionet.europa.eu/vocabulary/aq/pollutant/7,hour,1.9600000000,µg/m3,2017-12-12 08:00:00 +01:00,2017-12-12 09:00:00 +01:00,1,1
ES,ES.BDCA.AQD,NET_ES131A,STA_ES0125A,,SP_28079017_14_6,SPP_28079017_14_6.1,SAM_28079017_14_6,O3,http://dd.eionet.europa.eu/vocabulary/aq/pollutant/7,hour,2.5600000000,µg/m3,2017-12-12 09:00:00 +01:00,2017-12-12 10:00:00 +01:00,1,1
ES,ES.BDCA.AQD,NET_ES131A,STA_ES0125A,,SP_28079017_14_6,SPP_28079017_14_6.1,SAM_28079017_14_6,O3,http://dd.eionet.europa.eu/vocabulary/aq/pollutant/7,hour,6.5800000000,µg/m3,2017-12-12 10:00:00 +01:00,2017-12-12 11:00:00 +01:00,1,1
ES,ES.BDCA.AQD,NET_ES131A,STA_ES0125A,,SP_28079017_14_6,SPP_28079017_14_6.1,SAM_28079017_14_6,O3,http://dd.eionet.europa.eu/vocabulary/aq/pollutant/7,hour,20.8400000000,µg/m3,2017-12-12 11:00:00 +01:00,2017-12-12 12:00:00 +01:00,1,1
ES,ES.BDCA.AQD,NET_ES131A,STA_ES0125A,,SP_28079017_14_6,SPP_28079017_14_6.1,SAM_28079017_14_6,O3,http://dd.eionet.europa.eu/vocabulary/aq/pollutant/7,hour,23.4100000000,µg/m3,2017-12-12 12:00:00 +01:00,2017-12-12 13:00:00 +01:00,1,1
ES,ES.BDCA.AQD,NET_ES131A,STA_ES0125A,,SP_28079017_14_6,SPP_28079017_14_6.1,SAM_28079017_14_6,O3,http://dd.eionet.europa.eu/vocabulary/aq/pollutant/7,hour,39.0799999900,µg/m3,2017-12-12 13:00:00 +01:00,2017-12-12 14:00:00 +01:00,1,1
ES,ES.BDCA.AQD,NET_ES131A,STA_ES0125A,,SP_28079017_14_6,SPP_28079017_14_6.1,SAM_28079017_14_6,O3,http://dd.eionet.europa.eu/vocabulary/aq/pollutant/7,hour,40.2500000000,µg/m3,2017-12-12 14:00:00 +01:00,2017-12-12 15:00:00 +01:00,1,1
ES,ES.BDCA.AQD,NET_ES131A,STA_ES0125A,,SP_28079017_14_6,SPP_28079017_14_6.1,SAM_28079017_14_6,O3,http://dd.eionet.europa.eu/vocabulary/aq/pollutant/7,hour,46.1400000000,µg/m3,2017-12-12 15:00:00 +01:00,2017-12-12 16:00:00 +01:00,1,1
ES,ES.BDCA.AQD,NET_ES131A,STA_ES0125A,,SP_28079017_14_6,SPP_28079017_14_6.1,SAM_28079017_14_6,O3,http://dd.eionet.europa.eu/vocabulary/aq/pollutant/7,hour,39.8500000000,µg/m3,2017-12-12 16:00:00 +01:00,2017-12-12 17:00:00 +01:00,1,1
ES,ES.BDCA.AQD,NET_ES131A,STA_ES0125A,,SP_28079017_14_6,SPP_28079017_14_6.1,SAM_28079017_14_6,O3,http://dd.eionet.europa.eu/vocabulary/aq/pollutant/7,hour,19.6700000000,µg/m3,2017-12-12 17:00:00 +01:00,2017-12-12 18:00:00 +01:00,1,1
ES,ES.BDCA.AQD,NET_ES131A,STA_ES0125A,,SP_28079017_14_6,SPP_28079017_14_6.1,SAM_28079017_14_6,O3,http://dd.eionet.europa.eu/vocabulary/aq/pollutant/7,hour,4.4599999900,µg/m3,2017-12-12 18:00:00 +01:00,2017-12-12 19:00:00 +01:00,1,1
ES,ES.BDCA.AQD,NET_ES131A,STA_ES0125A,,SP_28079017_14_6,SPP_28079017_14_6.1,SAM_28079017_14_6,O3,http://dd.eionet.europa.eu/vocabulary/aq/pollutant/7,hour,1.3700000000,µg/m3,2017-12-12 19:00:00 +01:00,2017-12-12 20:00:00 +01:00,1,1
ES,ES.BDCA.AQD,NET_ES131A,STA_ES0125A,,SP_28079017_14_6,SPP_28079017_14_6.1,SAM_28079017_14_6,O3,http://dd.eionet.europa.eu/vocabulary/aq/pollutant/7,hour,1.2200000000,µg/m3,2017-12-12 20:00:00 +01:00,2017-12-12 21:00:00 +01:00,1,1
ES,ES.BDCA.AQD,NET_ES131A,STA_ES0125A,,SP_28079017_14_6,SPP_28079017_14_6.1,SAM_28079017_14_6,O3,http://dd.eionet.europa.eu/vocabulary/aq/pollutant/7,hour,1.0900000000,µg/m3,2017-12-12 21:00:00 +01:00,2017-12-12 22:00:00 +01:00,1,1
ES,ES.BDCA.AQD,NET_ES131A,STA_ES0125A,,SP_28079017_14_6,SPP_28079017_14_6.1,SAM_28079017_14_6,O3,http://dd.eionet.europa.eu/vocabulary/aq/pollutant/7,hour,1.1200000000,µg/m3,2017-12-12 22:00:00 +01:00,2017-12-12 23:00:00 +01:00,1,1
ES,ES.BDCA.AQD,NET_ES131A,STA_ES0125A,,SP_28079017_14_6,SPP_28079017_14_6.1,SAM_28079017_14_6,O3,http://dd.eionet.europa.eu/vocabulary/aq/pollutant/7,hour,1.5700000000,µg/m3,2017-12-12 23:00:00 +01:00,2017-12-13 00:00:00 +01:00,1,1
ES,ES.BDCA.AQD,NET_ES131A,STA_ES0125A,,SP_28079017_14_6,SPP_28079017_14_6.1,SAM_28079017_14_6,O3,http://dd.eionet.europa.eu/vocabulary/aq/pollutant/7,hour,1.7300000000,µg/m3,2017-12-13 00:00:00 +01:00,2017-12-13 01:00:00 +01:00,1,1
ES,ES.BDCA.AQD,NET_ES131A,STA_ES0125A,,SP_28079017_14_6,SPP_28079017_14_6.1,SAM_28079017_14_6,O3,http://dd.eionet.europa.eu/vocabulary/aq/pollutant/7,hour,1.7200000000,µg/m3,2017-12-13 01:00:00 +01:00,2017-12-13 02:00:00 +01:00,1,1
ES,ES.BDCA.AQD,NET_ES131A,STA_ES0125A,,SP_28079017_14_6,SPP_28079017_14_6.1,SAM_28079017_14_6,O3,http://dd.eionet.europa.eu/vocabulary/aq/pollutant/7,hour,1.2400000000,µg/m3,2017-12-13 02:00:00 +01:00,2017-12-13 03:00:00 +01:00,1,1
ES,ES.BDCA.AQD,NET_ES131A,STA_ES0125A,,SP_28079017_14_6,SPP_28079017_14_6.1,SAM_28079017_14_6,O3,http://dd.eionet.europa.eu/vocabulary/aq/pollutant/7,hour,1.3899999900,µg/m3,2017-12-13 03:00:00 +01:00,2017-12-13 04:00:00 +01:00,1,1
ES,ES.BDCA.AQD,NET_ES131A,STA_ES0125A,,SP_28079017_14_6,SPP_28079017_14_6.1,SAM_28079017_14_6,O3,http://dd.eionet.europa.eu/vocabulary/aq/pollutant/7,hour,1.4800000000,µg/m3,2017-12-13 04:00:00 +01:00,2017-12-13 05:00:00 +01:00,1,1
ES,ES.BDCA.AQD,NET_ES131A,STA_ES0125A,,SP_28079017_14_6,SPP_28079017_14_6.1,SAM_28079017_14_6,O3,http://dd.eionet.europa.eu/vocabulary/aq/pollutant/7,hour,1.0600000000,µg/m3,2017-12-13 05:00:00 +01:00,2017-12-13 06:00:00 +01:00,1,1
ES,ES.BDCA.AQD,NET_ES131A,STA_ES0125A,,SP_28079017_14_6,SPP_28079017_14_6.1,SAM_28079017_14_6,O3,http://dd.eionet.europa.eu/vocabulary/aq/pollutant/7,hour,1.0000000000,µg/m3,2017-12-13 06:00:00 +01:00,2017-12-13 07:00:00 +01:00,1,1
ES,ES.BDCA.AQD,NET_ES131A,STA_ES0125A,,SP_28079017_14_6,SPP_28079017_14_6.1,SAM_28079017_14_6,O3,http://dd.eionet.europa.eu/vocabulary/aq/pollutant/7,hour,1.1299999900,µg/m3,2017-12-13 07:00:00 +01:00,2017-12-13 08:00:00 +01:00,1,1
ES,ES.BDCA.AQD,NET_ES131A,STA_ES0125A,,SP_28079017_14_6,SPP_28079017_14_6.1,SAM_28079017_14_6,O3,http://dd.eionet.europa.eu/vocabulary/aq/pollutant/7,hour,0.8500000000,µg/m3,2017-12-13 08:00:00 +01:00,2017-12-13 09:00:00 +01:00,1,1
ES,ES.BDCA.AQD,NET_ES131A,STA_ES0125A,,SP_28079017_14_6,SPP_28079017_14_6.1,SAM_28079017_14_6,O3,http://dd.eionet.europa.eu/vocabulary/aq/pollutant/7,hour,1.4599999900,µg/m3,2017-12-13 09:00:00 +01:00,2017-12-13 10:00:00 +01:00,1,1
ES,ES.BDCA.AQD,NET_ES131A,STA_ES0125A,,SP_28079017_14_6,SPP_28079017_14_6.1,SAM_28079017_14_6,O3,http://dd.eionet.europa.eu/vocabulary/aq/pollutant/7,hour,2.7200000000,µg/m3,2017-12-13 10:00:00 +01:00,2017-12-13 11:00:00 +01:00,1,1
ES,ES.BDCA.AQD,NET_ES131A,STA_ES0125A,,SP_28079017_14_6,SPP_28079017_14_6.1,SAM_28079017_14_6,O3,http://dd.eionet.europa.eu/vocabulary/aq/pollutant/7,hour,5.8099999900,µg/m3,2017-12-13 11:00:00 +01:00,2017-12-13 12:00:00 +01:00,1,1
ES,ES.BDCA.AQD,NET_ES131A,STA_ES0125A,,SP_28079017_14_6,SPP_28079017_14_6.1,SAM_28079017_14_6,O3,http://dd.eionet.europa.eu/vocabulary/aq/pollutant/7,hour,9.2100000000,µg/m3,2017-12-13 12:00:00 +01:00,2017-12-13 13:00:00 +01:00,1,1
ES,ES.BDCA.AQD,NET_ES131A,STA_ES0125A,,SP_28079017_14_6,SPP_28079017_14_6.1,SAM_28079017_14_6,O3,http://dd.eionet.europa.eu/vocabulary/aq/pollutant/7,hour,26.8400000000,µg/m3,2017-12-13 13:00:00 +01:00,2017-12-13 14:00:00 +01:00,1,1
ES,ES.BDCA.AQD,NET_ES131A,STA_ES0125A,,SP_28079017_14_6,SPP_28079017_14_6.1,SAM_28079017_14_6,O3,http://dd.eionet.europa.eu/vocabulary/aq/pollutant/7,hour,29.1000000000,µg/m3,2017-12-13 14:00:00 +01:00,2017-12-13 15:00:00 +01:00,1,1
ES,ES.BDCA.AQD,NET_ES131A,STA_ES0125A,,SP_28079017_14_6,SPP_28079017_14_6.1,SAM_28079017_14_6,O3,http://dd.eionet.europa.eu/vocabulary/aq/pollutant/7,hour,31.1099999900,µg/m3,2017-12-13 15:00:00 +01:00,2017-12-13 16:00:00 +01:00,1,1
ES,ES.BDCA.AQD,NET_ES131A,STA_ES0125A,,SP_28079017_14_6,SPP_28079017_14_6.1,SAM_28079017_14_6,O3,http://dd.eionet.europa.eu/vocabulary/aq/pollutant/7,hour,32.8200000000,µg/m3,2017-12-13 16:00:00 +01:00,2017-12-13 17:00:00 +01:00,1,1
ES,ES.BDCA.AQD,NET_ES131A,STA_ES0125A,,SP_28079017_14_6,SPP_28079017_14_6.1,SAM_28079017_14_6,O3,http://dd.eionet.europa.eu/vocabulary/aq/pollutant/7,hour,18.4300000000,µg/m3,2017-12-13 17:00:00 +01:00,2017-12-13 18:00:00 +01:00,1,1
ES,ES.BDCA.AQD,NET_ES131A,STA_ES0125A,,SP_28079017_14_6,SPP_28079017_14_6.1,SAM_28079017_14_6,O3,http://dd.eionet.europa.eu/vocabulary/aq/pollutant/7,hour,13.2600000000,µg/m3,2017-12-13 18:00:00 +01:00,2017-12-13 19:00:00 +01:00,1,1
ES,ES.BDCA.AQD,NET_ES131A,STA_ES0125A,,SP_28079017_14_6,SPP_28079017_14_6.1,SAM_28079017_14_6,O3,http://dd.eionet.europa.eu/vocabulary/aq/pollutant/7,hour,16.8999999900,µg/m3,2017-12-13 19:00:00 +01:00,2017-12-13 20:00:00 +01:00,1,1
ES,ES.BDCA.AQD,NET_ES131A,STA_ES0125A,,SP_28079017_14_6,SPP_28079017_14_6.1,SAM_28079017_14_6,O3,http://dd.eionet.europa.eu/vocabulary/aq/pollutant/7,hour,17.6099999900,µg/m3,2017-12-13 20:00:00 +01:00,2017-12-13 21:00:00 +01:00,1,1
ES,ES.BDCA.AQD,NET_ES131A,STA_ES0125A,,SP_28079017_14_6,SPP_28079017_14_6.1,SAM_28079017_14_6,O3,http://dd.eionet.europa.eu/vocabulary/aq/pollutant/7,hour,21.9699999900,µg/m3,2017-12-13 21:00:00 +01:00,2017-12-13 22:00:00 +01:00,1,1
ES,ES.BDCA.AQD,NET_ES131A,STA_ES0125A,,SP_28079017_14_6,SPP_28079017_14_6.1,SAM_28079017_14_6,O3,http://dd.eionet.europa.eu/vocabulary/aq/pollutant/7,hour,21.4300000000,µg/m3,2017-12-13 22:00:00 +01:00,2017-12-13 23:00:00 +01:00,1,1
ES,ES.BDCA.AQD,NET_ES131A,STA_ES0125A,,SP_28079017_14_6,SPP_28079017_14_6.1,SAM_28079017_14_6,O3,http://dd.eionet.europa.eu/vocabulary/aq/pollutant/7,hour,32.0399999900,µg/m3,2017-12-13 23:00:00 +01:00,2017-12-14 00:00:00 +01:00,1,1
ES,ES.BDCA.AQD,NET_ES131A,STA_ES0125A,,SP_28079017_14_6,SPP_28079017_14_6.1,SAM_28079017_14_6,O3,http://dd.eionet.europa.eu/vocabulary/aq/pollutant/7,hour,36.4200000000,µg/m3,2017-12-14 00:00:00 +01:00,2017-12-14 01:00:00 +01:00,1,1
ES,ES.BDCA.AQD,NET_ES131A,STA_ES0125A,,SP_28079017_14_6,SPP_28079017_14_6.1,SAM_28079017_14_6,O3,http://dd.eionet.europa.eu/vocabulary/aq/pollutant/7,hour,33.4900000000,µg/m3,2017-12-14 01:00:00 +01:00,2017-12-14 02:00:00 +01:00,1,1
ES,ES.BDCA.AQD,NET_ES131A,STA_ES0125A,,SP_28079017_14_6,SPP_28079017_14_6.1,SAM_28079017_14_6,O3,http://dd.eionet.europa.eu/vocabulary/aq/pollutant/7,hour,37.9900000000,µg/m3,2017-12-14 02:00:00 +01:00,2017-12-14 03:00:00 +01:00,1,1
ES,ES.BDCA.AQD,NET_ES131A,STA_ES0125A,,SP_28079017_14_6,SPP_28079017_14_6.1,SAM_28079017_14_6,O3,http://dd.eionet.europa.eu/vocabulary/aq/pollutant/7,hour,40.5000000000,µg/m3,2017-12-14 03:00:00 +01:00,2017-12-14 04:00:00 +01:00,1,1
ES,ES.BDCA.AQD,NET_ES131A,STA_ES0125A,,SP_28079017_14_6,SPP_28079017_14_6.1,SAM_28079017_14_6,O3,http://dd.eionet.europa.eu/vocabulary/aq/pollutant/7,hour,40.2400000000,µg/m3,2017-12-14 04:00:00 +01:00,2017-12-14 05:00:00 +01:00,1,1
ES,ES.BDCA.AQD,NET_ES131A,STA_ES0125A,,SP_28079017_14_6,SPP_28079017_14_6.1,SAM_28079017_14_6,O3,http://dd.eionet.europa.eu/vocabulary/aq/pollutant/7,hour,39.8900000000,µg/m3,2017-12-14 05:00:00 +01:00,2017-12-14 06:00:00 +01:00,1,1
ES,ES.BDCA.AQD,NET_ES131A,STA_ES0125A,,SP_28079017_14_6,SPP_28079017_14_6.1,SAM_28079017_14_6,O3,http://dd.eionet.europa.eu/vocabulary/aq/pollutant/7,hour,28.4800000000,µg/m3,2017-12-14 06:00:00 +01:00,2017-12-14 07:00:00 +01:00,1,1
ES,ES.BDCA.AQD,NET_ES131A,STA_ES0125A,,SP_28079017_14_6,SPP_28079017_14_6.1,SAM_28079017_14_6,O3,http://dd.eionet.europa.eu/vocabulary/aq/pollutant/7,hour,22.6999999900,µg/m3,2017-12-14 07:00:00 +01:00,2017-12-14 08:00:00 +01:00,1,1
ES,ES.BDCA.AQD,NET_ES131A,STA_ES0125A,,SP_28079017_14_6,SPP_28079017_14_6.1,SAM_28079017_14_6,O3,http://dd.eionet.europa.eu/vocabulary/aq/pollutant/7,hour,14.6900000000,µg/m3,2017-12-14 08:00:00 +01:00,2017-12-14 09:00:00 +01:00,1,1
ES,ES.BDCA.AQD,NET_ES131A,STA_ES0125A,,SP_28079017_14_6,SPP_28079017_14_6.1,SAM_28079017_14_6,O3,http://dd.eionet.europa.eu/vocabulary/aq/pollutant/7,hour,11.6600000000,µg/m3,2017-12-14 09:00:00 +01:00,2017-12-14 10:00:00 +01:00,1,1
ES,ES.BDCA.AQD,NET_ES131A,STA_ES0125A,,SP_28079017_14_6,SPP_28079017_14_6.1,SAM_28079017_14_6,O3,http://dd.eionet.europa.eu/vocabulary/aq/pollutant/7,hour,20.5000000000,µg/m3,2017-12-14 10:00:00 +01:00,2017-12-14 11:00:00 +01:00,1,1
ES,ES.BDCA.AQD,NET_ES131A,STA_ES0125A,,SP_28079017_14_6,SPP_28079017_14_6.1,SAM_28079017_14_6,O3,http://dd.eionet.europa.eu/vocabulary/aq/pollutant/7,hour,17.0000000000,µg/m3,2017-12-14 11:00:00 +01:00,2017-12-14 12:00:00 +01:00,1,1
ES,ES.BDCA.AQD,NET_ES131A,STA_ES0125A,,SP_28079017_14_6,SPP_28079017_14_6.1,SAM_28079017_14_6,O3,http://dd.eionet.europa.eu/vocabulary/aq/pollutant/7,hour,21.5500000000,µg/m3,2017-12-14 12:00:00 +01:00,2017-12-14 13:00:00 +01:00,1,1
ES,ES.BDCA.AQD,NET_ES131A,STA_ES0125A,,SP_28079017_14_6,SPP_28079017_14_6.1,SAM_28079017_14_6,O3,http://dd.eionet.europa.eu/vocabulary/aq/pollutant/7,hour,26.3999999900,µg/m3,2017-12-14 13:00:00 +01:00,2017-12-14 14:00:00 +01:00,1,1
ES,ES.BDCA.AQD,NET_ES131A,STA_ES0125A,,SP_28079017_14_6,SPP_28079017_14_6.1,SAM_28079017_14_6,O3,http://dd.eionet.europa.eu/vocabulary/aq/pollutant/7,hour,25.4300000000,µg/m3,2017-12-14 14:00:00 +01:00,2017-12-14 15:00:00 +01:00,1,1
ES,ES.BDCA.AQD,NET_ES131A,STA_ES0125A,,SP_28079017_14_6,SPP_28079017_14_6.1,SAM_28079017_14_6,O3,http://dd.eionet.europa.eu/vocabulary/aq/pollutant/7,hour,27.9499999900,µg/m3,2017-12-14 15:00:00 +01:00,2017-12-14 16:00:00 +01:00,1,1
ES,ES.BDCA.AQD,NET_ES131A,STA_ES0125A,,SP_28079017_14_6,SPP_28079017_14_6.1,SAM_28079017_14_6,O3,http://dd.eionet.europa.eu/vocabulary/aq/pollutant/7,hour,25.9300000000,µg/m3,2017-12-14 16:00:00 +01:00,2017-12-14 17:00:00 +01:00,1,1
ES,ES.BDCA.AQD,NET_ES131A,STA_ES0125A,,SP_28079017_14_6,SPP_28079017_14_6.1,SAM_28079017_14_6,O3,http://dd.eionet.europa.eu/vocabulary/aq/pollutant/7,hour,19.3700000000,µg/m3,2017-12-14 17:00:00 +01:00,2017-12-14 18:00:00 +01:00,1,1
ES,ES.BDCA.AQD,NET_ES131A,STA_ES0125A,,SP_28079017_14_6,SPP_28079017_14_6.1,SAM_28079017_14_6,O3,http://dd.eionet.europa.eu/vocabulary/aq/pollutant/7,hour,13.4700000000,µg/m3,2017-12-14 18:00:00 +01:00,2017-12-14 19:00:00 +01:00,1,1
ES,ES.BDCA.AQD,NET_ES131A,STA_ES0125A,,SP_28079017_14_6,SPP_28079017_14_6.1,SAM_28079017_14_6,O3,http://dd.eionet.europa.eu/vocabulary/aq/pollutant/7,hour,12.9200000000,µg/m3,2017-12-14 19:00:00 +01:00,2017-12-14 20:00:00 +01:00,1,1
ES,ES.BDCA.AQD,NET_ES131A,STA_ES0125A,,SP_28079017_14_6,SPP_28079017_14_6.1,SAM_28079017_14_6,O3,http://dd.eionet.europa.eu/vocabulary/aq/pollutant/7,hour,14.7300000000,µg/m3,2017-12-14 20:00:00 +01:00,2017-12-14 21:00:00 +01:00,1,1
ES,ES.BDCA.AQD,NET_ES131A,STA_ES0125A,,SP_28079017_14_6,SPP_28079017_14_6.1,SAM_28079017_14_6,O3,http://dd.eionet.europa.eu/vocabulary/aq/pollutant/7,hour,23.4100000000,µg/m3,2017-12-14 21:00:00 +01:00,2017-12-14 22:00:00 +01:00,1,1
ES,ES.BDCA.AQD,NET_ES131A,STA_ES0125A,,SP_28079017_14_6,SPP_28079017_14_6.1,SAM_28079017_14_6,O3,http://dd.eionet.europa.eu/vocabulary/aq/pollutant/7,hour,27.2399999900,µg/m3,2017-12-14 22:00:00 +01:00,2017-12-14 23:00:00 +01:00,1,1
ES,ES.BDCA.AQD,NET_ES131A,STA_ES0125A,,SP_28079017_14_6,SPP_28079017_14_6.1,SAM_28079017_14_6,O3,http://dd.eionet.europa.eu/vocabulary/aq/pollutant/7,hour,32.7299999900,µg/m3,2017-12-14 23:00:00 +01:00,2017-12-15 00:00:00 +01:00,1,1
ES,ES.BDCA.AQD,NET_ES131A,STA_ES0125A,,SP_28079017_14_6,SPP_28079017_14_6.1,SAM_28079017_14_6,O3,http://dd.eionet.europa.eu/vocabulary/aq/pollutant/7,hour,38.7599999900,µg/m3,2017-12-15 00:00:00 +01:00,2017-12-15 01:00:00 +01:00,1,1
ES,ES.BDCA.AQD,NET_ES131A,STA_ES0125A,,SP_28079017_14_6,SPP_28079017_14_6.1,SAM_28079017_14_6,O3,http://dd.eionet.europa.eu/vocabulary/aq/pollutant/7,hour,41.9600000000,µg/m3,2017-12-15 01:00:00 +01:00,2017-12-15 02:00:00 +01:00,1,1
ES,ES.BDCA.AQD,NET_ES131A,STA_ES0125A,,SP_28079017_14_6,SPP_28079017_14_6.1,SAM_28079017_14_6,O3,http://dd.eionet.europa.eu/vocabulary/aq/pollutant/7,hour,40.4699999900,µg/m3,2017-12-15 02:00:00 +01:00,2017-12-15 03:00:00 +01:00,1,1
ES,ES.BDCA.AQD,NET_ES131A,STA_ES0125A,,SP_28079017_14_6,SPP_28079017_14_6.1,SAM_28079017_14_6,O3,http://dd.eionet.europa.eu/vocabulary/aq/pollutant/7,hour,49.8800000000,µg/m3,2017-12-15 03:00:00 +01:00,2017-12-15 04:00:00 +01:00,1,1
ES,ES.BDCA.AQD,NET_ES131A,STA_ES0125A,,SP_28079017_14_6,SPP_28079017_14_6.1,SAM_28079017_14_6,O3,http://dd.eionet.europa.eu/vocabulary/aq/pollutant/7,hour,62.1099999900,µg/m3,2017-12-15 04:00:00 +01:00,2017-12-15 05:00:00 +01:00,1,1
ES,ES.BDCA.AQD,NET_ES131A,STA_ES0125A,,SP_28079017_14_6,SPP_28079017_14_6.1,SAM_28079017_14_6,O3,http://dd.eionet.europa.eu/vocabulary/aq/pollutant/7,hour,62.5799999900,µg/m3,2017-12-15 05:00:00 +01:00,2017-12-15 06:00:00 +01:00,1,1
ES,ES.BDCA.AQD,NET_ES131A,STA_ES0125A,,SP_28079017_14_6,SPP_28079017_14_6.1,SAM_28079017_14_6,O3,http://dd.eionet.europa.eu/vocabulary/aq/pollutant/7,hour,46.6899999900,µg/m3,2017-12-15 06:00:00 +01:00,2017-12-15 07:00:00 +01:00,1,1
ES,ES.BDCA.AQD,NET_ES131A,STA_ES0125A,,SP_28079017_14_6,SPP_28079017_14_6.1,SAM_28079017_14_6,O3,http://dd.eionet.europa.eu/vocabulary/aq/pollutant/7,hour,13.7300000000,µg/m3,2017-12-15 07:00:00 +01:00,2017-12-15 08:00:00 +01:00,1,1
ES,ES.BDCA.AQD,NET_ES131A,STA_ES0125A,,SP_28079017_14_6,SPP_28079017_14_6.1,SAM_28079017_14_6,O3,http://dd.eionet.europa.eu/vocabulary/aq/pollutant/7,hour,26.3299999900,µg/m3,2017-12-15 08:00:00 +01:00,2017-12-15 09:00:00 +01:00,1,1
ES,ES.BDCA.AQD,NET_ES131A,STA_ES0125A,,SP_28079017_14_6,SPP_28079017_14_6.1,SAM_28079017_14_6,O3,http://dd.eionet.europa.eu/vocabulary/aq/pollutant/7,hour,23.7100000000,µg/m3,2017-12-15 09:00:00 +01:00,2017-12-15 10:00:00 +01:00,1,1
ES,ES.BDCA.AQD,NET_ES131A,STA_ES0125A,,SP_28079017_14_6,SPP_28079017_14_6.1,SAM_28079017_14_6,O3,http://dd.eionet.europa.eu/vocabulary/aq/pollutant/7,hour,25.4600000000,µg/m3,2017-12-15 10:00:00 +01:00,2017-12-15 11:00:00 +01:00,1,1
ES,ES.BDCA.AQD,NET_ES131A,STA_ES0125A,,SP_28079017_14_6,SPP_28079017_14_6.1,SAM_28079017_14_6,O3,http://dd.eionet.europa.eu/vocabulary/aq/pollutant/7,hour,21.7500000000,µg/m3,2017-12-15 11:00:00 +01:00,2017-12-15 12:00:00 +01:00,1,1
ES,ES.BDCA.AQD,NET_ES131A,STA_ES0125A,,SP_28079017_14_6,SPP_28079017_14_6.1,SAM_28079017_14_6,O3,http://dd.eionet.europa.eu/vocabulary/aq/pollutant/7,hour,23.5700000000,µg/m3,2017-12-15 12:00:00 +01:00,2017-12-15 13:00:00 +01:00,1,1
ES,ES.BDCA.AQD,NET_ES131A,STA_ES0125A,,SP_28079017_14_6,SPP_28079017_14_6.1,SAM_28079017_14_6,O3,http://dd.eionet.europa.eu/vocabulary/aq/pollutant/7,hour,26.4200000000,µg/m3,2017-12-15 13:00:00 +01:00,2017-12-15 14:00:00 +01:00,1,1
ES,ES.BDCA.AQD,NET_ES131A,STA_ES0125A,,SP_28079017_14_6,SPP_28079017_14_6.1,SAM_28079017_14_6,O3,http://dd.eionet.europa.eu/vocabulary/aq/pollutant/7,hour,34.3599999900,µg/m3,2017-12-15 14:00:00 +01:00,2017-12-15 15:00:00 +01:00,1,1
ES,ES.BDCA.AQD,NET_ES131A,STA_ES0125A,,SP_28079017_14_6,SPP_28079017_14_6.1,SAM_28079017_14_6,O3,http://dd.eionet.europa.eu/vocabulary/aq/pollutant/7,hour,44.3299999900,µg/m3,2017-12-15 15:00:00 +01:00,2017-12-15 16:00:00 +01:00,1,1
ES,ES.BDCA.AQD,NET_ES131A,STA_ES0125A,,SP_28079017_14_6,SPP_28079017_14_6.1,SAM_28079017_14_6,O3,http://dd.eionet.europa.eu/vocabulary/aq/pollutant/7,hour,48.1599999900,µg/m3,2017-12-15 16:00:00 +01:00,2017-12-15 17:00:00 +01:00,1,1
ES,ES.BDCA.AQD,NET_ES131A,STA_ES0125A,,SP_28079017_14_6,SPP_28079017_14_6.1,SAM_28079017_14_6,O3,http://dd.eionet.europa.eu/vocabulary/aq/pollutant/7,hour,35.4699999900,µg/m3,2017-12-15 17:00:00 +01:00,2017-12-15 18:00:00 +01:00,1,1
ES,ES.BDCA.AQD,NET_ES131A,STA_ES0125A,,SP_28079017_14_6,SPP_28079017_14_6.1,SAM_28079017_14_6,O3,http://dd.eionet.europa.eu/vocabulary/aq/pollutant/7,hour,29.9600000000,µg/m3,2017-12-15 18:00:00 +01:00,2017-12-15 19:00:00 +01:00,1,1
ES,ES.BDCA.AQD,NET_ES131A,STA_ES0125A,,SP_28079017_14_6,SPP_28079017_14_6.1,SAM_28079017_14_6,O3,http://dd.eionet.europa.eu/vocabulary/aq/pollutant/7,hour,13.9700000000,µg/m3,2017-12-15 19:00:00 +01:00,2017-12-15 20:00:00 +01:00,1,1
ES,ES.BDCA.AQD,NET_ES131A,STA_ES0125A,,SP_28079017_14_6,SPP_28079017_14_6.1,SAM_28079017_14_6,O3,http://dd.eionet.europa.eu/vocabulary/aq/pollutant/7,hour,2.1800000000,µg/m3,2017-12-15 20:00:00 +01:00,2017-12-15 21:00:00 +01:00,1,1
ES,ES.BDCA.AQD,NET_ES131A,STA_ES0125A,,SP_28079017_14_6,SPP_28079017_14_6.1,SAM_28079017_14_6,O3,http://dd.eionet.europa.eu/vocabulary/aq/pollutant/7,hour,4.4100000000,µg/m3,2017-12-15 21:00:00 +01:00,2017-12-15 22:00:00 +01:00,1,1
ES,ES.BDCA.AQD,NET_ES131A,STA_ES0125A,,SP_28079017_14_6,SPP_28079017_14_6.1,SAM_28079017_14_6,O3,http://dd.eionet.europa.eu/vocabulary/aq/pollutant/7,hour,1.0500000000,µg/m3,2017-12-15 22:00:00 +01:00,2017-12-15 23:00:00 +01:00,1,1
ES,ES.BDCA.AQD,NET_ES131A,STA_ES0125A,,SP_28079017_14_6,SPP_28079017_14_6.1,SAM_28079017_14_6,O3,http://dd.eionet.europa.eu/vocabulary/aq/pollutant/7,hour,1.3999999900,µg/m3,2017-12-15 23:00:00 +01:00,2017-12-16 00:00:00 +01:00,1,1
ES,ES.BDCA.AQD,NET_ES131A,STA_ES0125A,,SP_28079017_14_6,SPP_28079017_14_6.1,SAM_28079017_14_6,O3,http://dd.eionet.europa.eu/vocabulary/aq/pollutant/7,hour,1.0800000000,µg/m3,2017-12-16 00:00:00 +01:00,2017-12-16 01:00:00 +01:00,1,1
ES,ES.BDCA.AQD,NET_ES131A,STA_ES0125A,,SP_28079017_14_6,SPP_28079017_14_6.1,SAM_28079017_14_6,O3,http://dd.eionet.europa.eu/vocabulary/aq/pollutant/7,hour,0.9800000000,µg/m3,2017-12-16 01:00:00 +01:00,2017-12-16 02:00:00 +01:00,1,1
ES,ES.BDCA.AQD,NET_ES131A,STA_ES0125A,,SP_28079017_14_6,SPP_28079017_14_6.1,SAM_28079017_14_6,O3,http://dd.eionet.europa.eu/vocabulary/aq/pollutant/7,hour,1.1100000000,µg/m3,2017-12-16 02:00:00 +01:00,2017-12-16 03:00:00 +01:00,1,1
ES,ES.BDCA.AQD,NET_ES131A,STA_ES0125A,,SP_28079017_14_6,SPP_28079017_14_6.1,SAM_28079017_14_6,O3,http://dd.eionet.europa.eu/vocabulary/aq/pollutant/7,hour,1.0000000000,µg/m3,2017-12-16 03:00:00 +01:00,2017-12-16 04:00:00 +01:00,1,1
ES,ES.BDCA.AQD,NET_ES131A,STA_ES0125A,,SP_28079017_14_6,SPP_28079017_14_6.1,SAM_28079017_14_6,O3,http://dd.eionet.europa.eu/vocabulary/aq/pollutant/7,hour,1.0000000000,µg/m3,2017-12-16 04:00:00 +01:00,2017-12-16 05:00:00 +01:00,1,1
ES,ES.BDCA.AQD,NET_ES131A,STA_ES0125A,,SP_28079017_14_6,SPP_28079017_14_6.1,SAM_28079017_14_6,O3,http://dd.eionet.europa.eu/vocabulary/aq/pollutant/7,hour,0.9700000000,µg/m3,2017-12-16 05:00:00 +01:00,2017-12-16 06:00:00 +01:00,1,1
ES,ES.BDCA.AQD,NET_ES131A,STA_ES0125A,,SP_28079017_14_6,SPP_28079017_14_6.1,SAM_28079017_14_6,O3,http://dd.eionet.europa.eu/vocabulary/aq/pollutant/7,hour,1.0700000000,µg/m3,2017-12-16 06:00:00 +01:00,2017-12-16 07:00:00 +01:00,1,1
ES,ES.BDCA.AQD,NET_ES131A,STA_ES0125A,,SP_28079017_14_6,SPP_28079017_14_6.1,SAM_28079017_14_6,O3,http://dd.eionet.europa.eu/vocabulary/aq/pollutant/7,hour,0.9100000000,µg/m3,2017-12-16 07:00:00 +01:00,2017-12-16 08:00:00 +01:00,1,1
ES,ES.BDCA.AQD,NET_ES131A,STA_ES0125A,,SP_28079017_14_6,SPP_28079017_14_6.1,SAM_28079017_14_6,O3,http://dd.eionet.europa.eu/vocabulary/aq/pollutant/7,hour,0.9400000000,µg/m3,2017-12-16 08:00:00 +01:00,2017-12-16 09:00:00 +01:00,1,1
ES,ES.BDCA.AQD,NET_ES131A,STA_ES0125A,,SP_28079017_14_6,SPP_28079017_14_6.1,SAM_28079017_14_6,O3,http://dd.eionet.europa.eu/vocabulary/aq/pollutant/7,hour,1.3500000000,µg/m3,2017-12-16 09:00:00 +01:00,2017-12-16 10:00:00 +01:00,1,1
ES,ES.BDCA.AQD,NET_ES131A,STA_ES0125A,,SP_28079017_14_6,SPP_28079017_14_6.1,SAM_28079017_14_6,O3,http://dd.eionet.europa.eu/vocabulary/aq/pollutant/7,hour,2.9700000000,µg/m3,2017-12-16 10:00:00 +01:00,2017-12-16 11:00:00 +01:00,1,1
ES,ES.BDCA.AQD,NET_ES131A,STA_ES0125A,,SP_28079017_14_6,SPP_28079017_14_6.1,SAM_28079017_14_6,O3,http://dd.eionet.europa.eu/vocabulary/aq/pollutant/7,hour,6.7699999900,µg/m3,2017-12-16 11:00:00 +01:00,2017-12-16 12:00:00 +01:00,1,1
ES,ES.BDCA.AQD,NET_ES131A,STA_ES0125A,,SP_28079017_14_6,SPP_28079017_14_6.1,SAM_28079017_14_6,O3,http://dd.eionet.europa.eu/vocabulary/aq/pollutant/7,hour,16.2199999900,µg/m3,2017-12-16 12:00:00 +01:00,2017-12-16 13:00:00 +01:00,1,1
ES,ES.BDCA.AQD,NET_ES131A,STA_ES0125A,,SP_28079017_14_6,SPP_28079017_14_6.1,SAM_28079017_14_6,O3,http://dd.eionet.europa.eu/vocabulary/aq/pollutant/7,hour,28.0900000000,µg/m3,2017-12-16 13:00:00 +01:00,2017-12-16 14:00:00 +01:00,1,1
ES,ES.BDCA.AQD,NET_ES131A,STA_ES0125A,,SP_28079017_14_6,SPP_28079017_14_6.1,SAM_28079017_14_6,O3,http://dd.eionet.europa.eu/vocabulary/aq/pollutant/7,hour,47.2000000000,µg/m3,2017-12-16 14:00:00 +01:00,2017-12-16 15:00:00 +01:00,1,1
ES,ES.BDCA.AQD,NET_ES131A,STA_ES0125A,,SP_28079017_14_6,SPP_28079017_14_6.1,SAM_28079017_14_6,O3,http://dd.eionet.europa.eu/vocabulary/aq/pollutant/7,hour,61.6099999900,µg/m3,2017-12-16 15:00:00 +01:00,2017-12-16 16:00:00 +01:00,1,1
ES,ES.BDCA.AQD,NET_ES131A,STA_ES0125A,,SP_28079017_14_6,SPP_28079017_14_6.1,SAM_28079017_14_6,O3,http://dd.eionet.europa.eu/vocabulary/aq/pollutant/7,hour,57.7599999900,µg/m3,2017-12-16 16:00:00 +01:00,2017-12-16 17:00:00 +01:00,1,1
ES,ES.BDCA.AQD,NET_ES131A,STA_ES0125A,,SP_28079017_14_6,SPP_28079017_14_6.1,SAM_28079017_14_6,O3,http://dd.eionet.europa.eu/vocabulary/aq/pollutant/7,hour,48.7999999900,µg/m3,2017-12-16 17:00:00 +01:00,2017-12-16 18:00:00 +01:00,1,1
ES,ES.BDCA.AQD,NET_ES131A,STA_ES0125A,,SP_28079017_14_6,SPP_28079017_14_6.1,SAM_28079017_14_6,O3,http://dd.eionet.europa.eu/vocabulary/aq/pollutant/7,hour,40.7299999900,µg/m3,2017-12-16 18:00:00 +01:00,2017-12-16 19:00:00 +01:00,1,1
ES,ES.BDCA.AQD,NET_ES131A,STA_ES0125A,,SP_28079017_14_6,SPP_28079017_14_6.1,SAM_28079017_14_6,O3,http://dd.eionet.europa.eu/vocabulary/aq/pollutant/7,hour,13.3800000000,µg/m3,2017-12-16 19:00:00 +01:00,2017-12-16 20:00:00 +01:00,1,1
ES,ES.BDCA.AQD,NET_ES131A,STA_ES0125A,,SP_28079017_14_6,SPP_28079017_14_6.1,SAM_28079017_14_6,O3,http://dd.eionet.europa.eu/vocabulary/aq/pollutant/7,hour,1.1899999900,µg/m3,2017-12-16 20:00:00 +01:00,2017-12-16 21:00:00 +01:00,1,1
ES,ES.BDCA.AQD,NET_ES131A,STA_ES0125A,,SP_28079017_14_6,SPP_28079017_14_6.1,SAM_28079017_14_6,O3,http://dd.eionet.europa.eu/vocabulary/aq/pollutant/7,hour,8.2100000000,µg/m3,2017-12-16 21:00:00 +01:00,2017-12-16 22:00:00 +01:00,1,1
ES,ES.BDCA.AQD,NET_ES131A,STA_ES0125A,,SP_28079017_14_6,SPP_28079017_14_6.1,SAM_28079017_14_6,O3,http://dd.eionet.europa.eu/vocabulary/aq/pollutant/7,hour,1.4199999900,µg/m3,2017-12-16 22:00:00 +01:00,2017-12-16 23:00:00 +01:00,1,1
ES,ES.BDCA.AQD,NET_ES131A,STA_ES0125A,,SP_28079017_14_6,SPP_28079017_14_6.1,SAM_28079017_14_6,O3,http://dd.eionet.europa.eu/vocabulary/aq/pollutant/7,hour,16.1600000000,µg/m3,2017-12-16 23:00:00 +01:00,2017-12-17 00:00:00 +01:00,1,1
ES,ES.BDCA.AQD,NET_ES131A,STA_ES0125A,,SP_28079017_14_6,SPP_28079017_14_6.1,SAM_28079017_14_6,O3,http://dd.eionet.europa.eu/vocabulary/aq/pollutant/7,hour,51.9399999900,µg/m3,2017-12-17 00:00:00 +01:00,2017-12-17 01:00:00 +01:00,1,1
ES,ES.BDCA.AQD,NET_ES131A,STA_ES0125A,,SP_28079017_14_6,SPP_28079017_14_6.1,SAM_28079017_14_6,O3,http://dd.eionet.europa.eu/vocabulary/aq/pollutant/7,hour,47.0799999900,µg/m3,2017-12-17 01:00:00 +01:00,2017-12-17 02:00:00 +01:00,1,1
ES,ES.BDCA.AQD,NET_ES131A,STA_ES0125A,,SP_28079017_14_6,SPP_28079017_14_6.1,SAM_28079017_14_6,O3,http://dd.eionet.europa.eu/vocabulary/aq/pollutant/7,hour,46.8200000000,µg/m3,2017-12-17 02:00:00 +01:00,2017-12-17 03:00:00 +01:00,1,1
ES,ES.BDCA.AQD,NET_ES131A,STA_ES0125A,,SP_28079017_14_6,SPP_28079017_14_6.1,SAM_28079017_14_6,O3,http://dd.eionet.europa.eu/vocabulary/aq/pollutant/7,hour,41.9099999900,µg/m3,2017-12-17 03:00:00 +01:00,2017-12-17 04:00:00 +01:00,1,1
ES,ES.BDCA.AQD,NET_ES131A,STA_ES0125A,,SP_28079017_14_6,SPP_28079017_14_6.1,SAM_28079017_14_6,O3,http://dd.eionet.europa.eu/vocabulary/aq/pollutant/7,hour,38.1899999900,µg/m3,2017-12-17 04:00:00 +01:00,2017-12-17 05:00:00 +01:00,1,1
ES,ES.BDCA.AQD,NET_ES131A,STA_ES0125A,,SP_28079017_14_6,SPP_28079017_14_6.1,SAM_28079017_14_6,O3,http://dd.eionet.europa.eu/vocabulary/aq/pollutant/7,hour,22.2800000000,µg/m3,2017-12-17 05:00:00 +01:00,2017-12-17 06:00:00 +01:00,1,1
ES,ES.BDCA.AQD,NET_ES131A,STA_ES0125A,,SP_28079017_14_6,SPP_28079017_14_6.1,SAM_28079017_14_6,O3,http://dd.eionet.europa.eu/vocabulary/aq/pollutant/7,hour,12.2600000000,µg/m3,2017-12-17 06:00:00 +01:00,2017-12-17 07:00:00 +01:00,1,1
ES,ES.BDCA.AQD,NET_ES131A,STA_ES0125A,,SP_28079017_14_6,SPP_28079017_14_6.1,SAM_28079017_14_6,O3,http://dd.eionet.europa.eu/vocabulary/aq/pollutant/7,hour,21.6900000000,µg/m3,2017-12-17 07:00:00 +01:00,2017-12-17 08:00:00 +01:00,1,1
ES,ES.BDCA.AQD,NET_ES131A,STA_ES0125A,,SP_28079017_14_6,SPP_28079017_14_6.1,SAM_28079017_14_6,O3,http://dd.eionet.europa.eu/vocabulary/aq/pollutant/7,hour,4.3200000000,µg/m3,2017-12-17 08:00:00 +01:00,2017-12-17 09:00:00 +01:00,1,1
ES,ES.BDCA.AQD,NET_ES131A,STA_ES0125A,,SP_28079017_14_6,SPP_28079017_14_6.1,SAM_28079017_14_6,O3,http://dd.eionet.europa.eu/vocabulary/aq/pollutant/7,hour,5.8099999900,µg/m3,2017-12-17 09:00:00 +01:00,2017-12-17 10:00:00 +01:00,1,1
ES,ES.BDCA.AQD,NET_ES131A,STA_ES0125A,,SP_28079017_14_6,SPP_28079017_14_6.1,SAM_28079017_14_6,O3,http://dd.eionet.europa.eu/vocabulary/aq/pollutant/7,hour,13.1600000000,µg/m3,2017-12-17 10:00:00 +01:00,2017-12-17 11:00:00 +01:00,1,1
ES,ES.BDCA.AQD,NET_ES131A,STA_ES0125A,,SP_28079017_14_6,SPP_28079017_14_6.1,SAM_28079017_14_6,O3,http://dd.eionet.europa.eu/vocabulary/aq/pollutant/7,hour,35.0000000000,µg/m3,2017-12-17 11:00:00 +01:00,2017-12-17 12:00:00 +01:00,1,1
ES,ES.BDCA.AQD,NET_ES131A,STA_ES0125A,,SP_28079017_14_6,SPP_28079017_14_6.1,SAM_28079017_14_6,O3,http://dd.eionet.europa.eu/vocabulary/aq/pollutant/7,hour,40.1000000000,µg/m3,2017-12-17 12:00:00 +01:00,2017-12-17 13:00:00 +01:00,1,1
ES,ES.BDCA.AQD,NET_ES131A,STA_ES0125A,,SP_28079017_14_6,SPP_28079017_14_6.1,SAM_28079017_14_6,O3,http://dd.eionet.europa.eu/vocabulary/aq/pollutant/7,hour,44.7899999900,µg/m3,2017-12-17 13:00:00 +01:00,2017-12-17 14:00:00 +01:00,1,1
ES,ES.BDCA.AQD,NET_ES131A,STA_ES0125A,,SP_28079017_14_6,SPP_28079017_14_6.1,SAM_28079017_14_6,O3,http://dd.eionet.europa.eu/vocabulary/aq/pollutant/7,hour,57.0799999900,µg/m3,2017-12-17 14:00:00 +01:00,2017-12-17 15:00:00 +01:00,1,1
ES,ES.BDCA.AQD,NET_ES131A,STA_ES0125A,,SP_28079017_14_6,SPP_28079017_14_6.1,SAM_28079017_14_6,O3,http://dd.eionet.europa.eu/vocabulary/aq/pollutant/7,hour,63.0700000000,µg/m3,2017-12-17 15:00:00 +01:00,2017-12-17 16:00:00 +01:00,1,1
ES,ES.BDCA.AQD,NET_ES131A,STA_ES0125A,,SP_28079017_14_6,SPP_28079017_14_6.1,SAM_28079017_14_6,O3,http://dd.eionet.europa.eu/vocabulary/aq/pollutant/7,hour,64.2099999900,µg/m3,2017-12-17 16:00:00 +01:00,2017-12-17 17:00:00 +01:00,1,1
ES,ES.BDCA.AQD,NET_ES131A,STA_ES0125A,,SP_28079017_14_6,SPP_28079017_14_6.1,SAM_28079017_14_6,O3,http://dd.eionet.europa.eu/vocabulary/aq/pollutant/7,hour,53.1099999900,µg/m3,2017-12-17 17:00:00 +01:00,2017-12-17 18:00:00 +01:00,1,1
ES,ES.BDCA.AQD,NET_ES131A,STA_ES0125A,,SP_28079017_14_6,SPP_28079017_14_6.1,SAM_28079017_14_6,O3,http://dd.eionet.europa.eu/vocabulary/aq/pollutant/7,hour,34.3100000000,µg/m3,2017-12-17 18:00:00 +01:00,2017-12-17 19:00:00 +01:00,1,1
ES,ES.BDCA.AQD,NET_ES131A,STA_ES0125A,,SP_28079017_14_6,SPP_28079017_14_6.1,SAM_28079017_14_6,O3,http://dd.eionet.europa.eu/vocabulary/aq/pollutant/7,hour,30.0799999900,µg/m3,2017-12-17 19:00:00 +01:00,2017-12-17 20:00:00 +01:00,1,1
ES,ES.BDCA.AQD,NET_ES131A,STA_ES0125A,,SP_28079017_14_6,SPP_28079017_14_6.1,SAM_28079017_14_6,O3,http://dd.eionet.europa.eu/vocabulary/aq/pollutant/7,hour,10.9200000000,µg/m3,2017-12-17 20:00:00 +01:00,2017-12-17 21:00:00 +01:00,1,1
ES,ES.BDCA.AQD,NET_ES131A,STA_ES0125A,,SP_28079017_14_6,SPP_28079017_14_6.1,SAM_28079017_14_6,O3,http://dd.eionet.europa.eu/vocabulary/aq/pollutant/7,hour,3.0099999900,µg/m3,2017-12-17 21:00:00 +01:00,2017-12-17 22:00:00 +01:00,1,1
ES,ES.BDCA.AQD,NET_ES131A,STA_ES0125A,,SP_28079017_14_6,SPP_28079017_14_6.1,SAM_28079017_14_6,O3,http://dd.eionet.europa.eu/vocabulary/aq/pollutant/7,hour,1.2600000000,µg/m3,2017-12-17 22:00:00 +01:00,2017-12-17 23:00:00 +01:00,1,1
ES,ES.BDCA.AQD,NET_ES131A,STA_ES0125A,,SP_28079017_14_6,SPP_28079017_14_6.1,SAM_28079017_14_6,O3,http://dd.eionet.europa.eu/vocabulary/aq/pollutant/7,hour,2.6000000000,µg/m3,2017-12-17 23:00:00 +01:00,2017-12-18 00:00:00 +01:00,1,1
ES,ES.BDCA.AQD,NET_ES131A,STA_ES0125A,,SP_28079017_14_6,SPP_28079017_14_6.1,SAM_28079017_14_6,O3,http://dd.eionet.europa.eu/vocabulary/aq/pollutant/7,hour,0.7800000000,µg/m3,2017-12-18 00:00:00 +01:00,2017-12-18 01:00:00 +01:00,1,1
ES,ES.BDCA.AQD,NET_ES131A,STA_ES0125A,,SP_28079017_14_6,SPP_28079017_14_6.1,SAM_28079017_14_6,O3,http://dd.eionet.europa.eu/vocabulary/aq/pollutant/7,hour,0.9700000000,µg/m3,2017-12-18 01:00:00 +01:00,2017-12-18 02:00:00 +01:00,1,1
ES,ES.BDCA.AQD,NET_ES131A,STA_ES0125A,,SP_28079017_14_6,SPP_28079017_14_6.1,SAM_28079017_14_6,O3,http://dd.eionet.europa.eu/vocabulary/aq/pollutant/7,hour,1.7700000000,µg/m3,2017-12-18 02:00:00 +01:00,2017-12-18 03:00:00 +01:00,1,1
ES,ES.BDCA.AQD,NET_ES131A,STA_ES0125A,,SP_28079017_14_6,SPP_28079017_14_6.1,SAM_28079017_14_6,O3,http://dd.eionet.europa.eu/vocabulary/aq/pollutant/7,hour,1.2900000000,µg/m3,2017-12-18 03:00:00 +01:00,2017-12-18 04:00:00 +01:00,1,1
ES,ES.BDCA.AQD,NET_ES131A,STA_ES0125A,,SP_28079017_14_6,SPP_28079017_14_6.1,SAM_28079017_14_6,O3,http://dd.eionet.europa.eu/vocabulary/aq/pollutant/7,hour,1.0000000000,µg/m3,2017-12-18 04:00:00 +01:00,2017-12-18 05:00:00 +01:00,1,1
ES,ES.BDCA.AQD,NET_ES131A,STA_ES0125A,,SP_28079017_14_6,SPP_28079017_14_6.1,SAM_28079017_14_6,O3,http://dd.eionet.europa.eu/vocabulary/aq/pollutant/7,hour,1.0000000000,µg/m3,2017-12-18 05:00:00 +01:00,2017-12-18 06:00:00 +01:00,1,1
ES,ES.BDCA.AQD,NET_ES131A,STA_ES0125A,,SP_28079017_14_6,SPP_28079017_14_6.1,SAM_28079017_14_6,O3,http://dd.eionet.europa.eu/vocabulary/aq/pollutant/7,hour,1.0000000000,µg/m3,2017-12-18 06:00:00 +01:00,2017-12-18 07:00:00 +01:00,1,1
ES,ES.BDCA.AQD,NET_ES131A,STA_ES0125A,,SP_28079017_14_6,SPP_28079017_14_6.1,SAM_28079017_14_6,O3,http://dd.eionet.europa.eu/vocabulary/aq/pollutant/7,hour,0.8600000000,µg/m3,2017-12-18 07:00:00 +01:00,2017-12-18 08:00:00 +01:00,1,1
ES,ES.BDCA.AQD,NET_ES131A,STA_ES0125A,,SP_28079017_14_6,SPP_28079017_14_6.1,SAM_28079017_14_6,O3,http://dd.eionet.europa.eu/vocabulary/aq/pollutant/7,hour,0.8800000000,µg/m3,2017-12-18 08:00:00 +01:00,2017-12-18 09:00:00 +01:00,1,1
ES,ES.BDCA.AQD,NET_ES131A,STA_ES0125A,,SP_28079017_14_6,SPP_28079017_14_6.1,SAM_28079017_14_6,O3,http://dd.eionet.europa.eu/vocabulary/aq/pollutant/7,hour,0.9500000000,µg/m3,2017-12-18 09:00:00 +01:00,2017-12-18 10:00:00 +01:00,1,1
ES,ES.BDCA.AQD,NET_ES131A,STA_ES0125A,,SP_28079017_14_6,SPP_28079017_14_6.1,SAM_28079017_14_6,O3,http://dd.eionet.europa.eu/vocabulary/aq/pollutant/7,hour,1.7700000000,µg/m3,2017-12-18 10:00:00 +01:00,2017-12-18 11:00:00 +01:00,1,1
ES,ES.BDCA.AQD,NET_ES131A,STA_ES0125A,,SP_28079017_14_6,SPP_28079017_14_6.1,SAM_28079017_14_6,O3,http://dd.eionet.europa.eu/vocabulary/aq/pollutant/7,hour,5.0000000000,µg/m3,2017-12-18 11:00:00 +01:00,2017-12-18 12:00:00 +01:00,1,1
ES,ES.BDCA.AQD,NET_ES131A,STA_ES0125A,,SP_28079017_14_6,SPP_28079017_14_6.1,SAM_28079017_14_6,O3,http://dd.eionet.europa.eu/vocabulary/aq/pollutant/7,hour,9.1199999900,µg/m3,2017-12-18 12:00:00 +01:00,2017-12-18 13:00:00 +01:00,1,1
ES,ES.BDCA.AQD,NET_ES131A,STA_ES0125A,,SP_28079017_14_6,SPP_28079017_14_6.1,SAM_28079017_14_6,O3,http://dd.eionet.europa.eu/vocabulary/aq/pollutant/7,hour,12.3200000000,µg/m3,2017-12-18 13:00:00 +01:00,2017-12-18 14:00:00 +01:00,1,1
ES,ES.BDCA.AQD,NET_ES131A,STA_ES0125A,,SP_28079017_14_6,SPP_28079017_14_6.1,SAM_28079017_14_6,O3,http://dd.eionet.europa.eu/vocabulary/aq/pollutant/7,hour,22.9699999900,µg/m3,2017-12-18 14:00:00 +01:00,2017-12-18 15:00:00 +01:00,1,1
ES,ES.BDCA.AQD,NET_ES131A,STA_ES0125A,,SP_28079017_14_6,SPP_28079017_14_6.1,SAM_28079017_14_6,O3,http://dd.eionet.europa.eu/vocabulary/aq/pollutant/7,hour,27.6499999900,µg/m3,2017-12-18 15:00:00 +01:00,2017-12-18 16:00:00 +01:00,1,1
ES,ES.BDCA.AQD,NET_ES131A,STA_ES0125A,,SP_28079017_14_6,SPP_28079017_14_6.1,SAM_28079017_14_6,O3,http://dd.eionet.europa.eu/vocabulary/aq/pollutant/7,hour,18.3099999900,µg/m3,2017-12-18 16:00:00 +01:00,2017-12-18 17:00:00 +01:00,1,1
ES,ES.BDCA.AQD,NET_ES131A,STA_ES0125A,,SP_28079017_14_6,SPP_28079017_14_6.1,SAM_28079017_14_6,O3,http://dd.eionet.europa.eu/vocabulary/aq/pollutant/7,hour,6.1799999900,µg/m3,2017-12-18 17:00:00 +01:00,2017-12-18 18:00:00 +01:00,1,1
ES,ES.BDCA.AQD,NET_ES131A,STA_ES0125A,,SP_28079017_14_6,SPP_28079017_14_6.1,SAM_28079017_14_6,O3,http://dd.eionet.europa.eu/vocabulary/aq/pollutant/7,hour,0.9600000000,µg/m3,2017-12-18 18:00:00 +01:00,2017-12-18 19:00:00 +01:00,1,1
ES,ES.BDCA.AQD,NET_ES131A,STA_ES0125A,,SP_28079017_14_6,SPP_28079017_14_6.1,SAM_28079017_14_6,O3,http://dd.eionet.europa.eu/vocabulary/aq/pollutant/7,hour,0.9900000000,µg/m3,2017-12-18 19:00:00 +01:00,2017-12-18 20:00:00 +01:00,1,1
ES,ES.BDCA.AQD,NET_ES131A,STA_ES0125A,,SP_28079017_14_6,SPP_28079017_14_6.1,SAM_28079017_14_6,O3,http://dd.eionet.europa.eu/vocabulary/aq/pollutant/7,hour,1.0600000000,µg/m3,2017-12-18 20:00:00 +01:00,2017-12-18 21:00:00 +01:00,1,1
ES,ES.BDCA.AQD,NET_ES131A,STA_ES0125A,,SP_28079017_14_6,SPP_28079017_14_6.1,SAM_28079017_14_6,O3,http://dd.eionet.europa.eu/vocabulary/aq/pollutant/7,hour,0.9500000000,µg/m3,2017-12-18 21:00:00 +01:00,2017-12-18 22:00:00 +01:00,1,1
ES,ES.BDCA.AQD,NET_ES131A,STA_ES0125A,,SP_28079017_14_6,SPP_28079017_14_6.1,SAM_28079017_14_6,O3,http://dd.eionet.europa.eu/vocabulary/aq/pollutant/7,hour,0.8600000000,µg/m3,2017-12-18 22:00:00 +01:00,2017-12-18 23:00:00 +01:00,1,1
ES,ES.BDCA.AQD,NET_ES131A,STA_ES0125A,,SP_28079017_14_6,SPP_28079017_14_6.1,SAM_28079017_14_6,O3,http://dd.eionet.europa.eu/vocabulary/aq/pollutant/7,hour,1.0000000000,µg/m3,2017-12-18 23:00:00 +01:00,2017-12-19 00:00:00 +01:00,1,1
ES,ES.BDCA.AQD,NET_ES131A,STA_ES0125A,,SP_28079017_14_6,SPP_28079017_14_6.1,SAM_28079017_14_6,O3,http://dd.eionet.europa.eu/vocabulary/aq/pollutant/7,hour,1.0000000000,µg/m3,2017-12-19 00:00:00 +01:00,2017-12-19 01:00:00 +01:00,1,1
ES,ES.BDCA.AQD,NET_ES131A,STA_ES0125A,,SP_28079017_14_6,SPP_28079017_14_6.1,SAM_28079017_14_6,O3,http://dd.eionet.europa.eu/vocabulary/aq/pollutant/7,hour,1.0000000000,µg/m3,2017-12-19 01:00:00 +01:00,2017-12-19 02:00:00 +01:00,1,1
ES,ES.BDCA.AQD,NET_ES131A,STA_ES0125A,,SP_28079017_14_6,SPP_28079017_14_6.1,SAM_28079017_14_6,O3,http://dd.eionet.europa.eu/vocabulary/aq/pollutant/7,hour,1.0000000000,µg/m3,2017-12-19 02:00:00 +01:00,2017-12-19 03:00:00 +01:00,1,1
ES,ES.BDCA.AQD,NET_ES131A,STA_ES0125A,,SP_28079017_14_6,SPP_28079017_14_6.1,SAM_28079017_14_6,O3,http://dd.eionet.europa.eu/vocabulary/aq/pollutant/7,hour,1.0000000000,µg/m3,2017-12-19 03:00:00 +01:00,2017-12-19 04:00:00 +01:00,1,1
ES,ES.BDCA.AQD,NET_ES131A,STA_ES0125A,,SP_28079017_14_6,SPP_28079017_14_6.1,SAM_28079017_14_6,O3,http://dd.eionet.europa.eu/vocabulary/aq/pollutant/7,hour,2.5800000000,µg/m3,2017-12-19 04:00:00 +01:00,2017-12-19 05:00:00 +01:00,1,1
ES,ES.BDCA.AQD,NET_ES131A,STA_ES0125A,,SP_28079017_14_6,SPP_28079017_14_6.1,SAM_28079017_14_6,O3,http://dd.eionet.europa.eu/vocabulary/aq/pollutant/7,hour,0.9400000000,µg/m3,2017-12-19 05:00:00 +01:00,2017-12-19 06:00:00 +01:00,1,1
ES,ES.BDCA.AQD,NET_ES131A,STA_ES0125A,,SP_28079017_14_6,SPP_28079017_14_6.1,SAM_28079017_14_6,O3,http://dd.eionet.europa.eu/vocabulary/aq/pollutant/7,hour,1.1699999900,µg/m3,2017-12-19 06:00:00 +01:00,2017-12-19 07:00:00 +01:00,1,1
ES,ES.BDCA.AQD,NET_ES131A,STA_ES0125A,,SP_28079017_14_6,SPP_28079017_14_6.1,SAM_28079017_14_6,O3,http://dd.eionet.europa.eu/vocabulary/aq/pollutant/7,hour,4.2199999900,µg/m3,2017-12-19 07:00:00 +01:00,2017-12-19 08:00:00 +01:00,1,1
ES,ES.BDCA.AQD,NET_ES131A,STA_ES0125A,,SP_28079017_14_6,SPP_28079017_14_6.1,SAM_28079017_14_6,O3,http://dd.eionet.europa.eu/vocabulary/aq/pollutant/7,hour,10.2700000000,µg/m3,2017-12-19 08:00:00 +01:00,2017-12-19 09:00:00 +01:00,1,1
ES,ES.BDCA.AQD,NET_ES131A,STA_ES0125A,,SP_28079017_14_6,SPP_28079017_14_6.1,SAM_28079017_14_6,O3,http://dd.eionet.europa.eu/vocabulary/aq/pollutant/7,hour,4.3099999900,µg/m3,2017-12-19 09:00:00 +01:00,2017-12-19 10:00:00 +01:00,1,1
ES,ES.BDCA.AQD,NET_ES131A,STA_ES0125A,,SP_28079017_14_6,SPP_28079017_14_6.1,SAM_28079017_14_6,O3,http://dd.eionet.europa.eu/vocabulary/aq/pollutant/7,hour,,µg/m3,2017-12-19 10:00:00 +01:00,2017-12-19 11:00:00 +01:00,-1,1
ES,ES.BDCA.AQD,NET_ES131A,STA_ES0125A,,SP_28079017_14_6,SPP_28079017_14_6.1,SAM_28079017_14_6,O3,http://dd.eionet.europa.eu/vocabulary/aq/pollutant/7,hour,16.8299999900,µg/m3,2017-12-19 11:00:00 +01:00,2017-12-19 12:00:00 +01:00,1,1
ES,ES.BDCA.AQD,NET_ES131A,STA_ES0125A,,SP_28079017_14_6,SPP_28079017_14_6.1,SAM_28079017_14_6,O3,http://dd.eionet.europa.eu/vocabulary/aq/pollutant/7,hour,31.4600000000,µg/m3,2017-12-19 12:00:00 +01:00,2017-12-19 13:00:00 +01:00,1,1
ES,ES.BDCA.AQD,NET_ES131A,STA_ES0125A,,SP_28079017_14_6,SPP_28079017_14_6.1,SAM_28079017_14_6,O3,http://dd.eionet.europa.eu/vocabulary/aq/pollutant/7,hour,55.5700000000,µg/m3,2017-12-19 13:00:00 +01:00,2017-12-19 14:00:00 +01:00,1,1
ES,ES.BDCA.AQD,NET_ES131A,STA_ES0125A,,SP_28079017_14_6,SPP_28079017_14_6.1,SAM_28079017_14_6,O3,http://dd.eionet.europa.eu/vocabulary/aq/pollutant/7,hour,47.6700000000,µg/m3,2017-12-19 14:00:00 +01:00,2017-12-19 15:00:00 +01:00,1,1
ES,ES.BDCA.AQD,NET_ES131A,STA_ES0125A,,SP_28079017_14_6,SPP_28079017_14_6.1,SAM_28079017_14_6,O3,http://dd.eionet.europa.eu/vocabulary/aq/pollutant/7,hour,47.4799999900,µg/m3,2017-12-19 15:00:00 +01:00,2017-12-19 16:00:00 +01:00,1,1
ES,ES.BDCA.AQD,NET_ES131A,STA_ES0125A,,SP_28079017_14_6,SPP_28079017_14_6.1,SAM_28079017_14_6,O3,http://dd.eionet.europa.eu/vocabulary/aq/pollutant/7,hour,43.0900000000,µg/m3,2017-12-19 16:00:00 +01:00,2017-12-19 17:00:00 +01:00,1,1
ES,ES.BDCA.AQD,NET_ES131A,STA_ES0125A,,SP_28079017_14_6,SPP_28079017_14_6.1,SAM_28079017_14_6,O3,http://dd.eionet.europa.eu/vocabulary/aq/pollutant/7,hour,12.5700000000,µg/m3,2017-12-19 17:00:00 +01:00,2017-12-19 18:00:00 +01:00,1,1
ES,ES.BDCA.AQD,NET_ES131A,STA_ES0125A,,SP_28079017_14_6,SPP_28079017_14_6.1,SAM_28079017_14_6,O3,http://dd.eionet.europa.eu/vocabulary/aq/pollutant/7,hour,1.6699999900,µg/m3,2017-12-19 18:00:00 +01:00,2017-12-19 19:00:00 +01:00,1,1
ES,ES.BDCA.AQD,NET_ES131A,STA_ES0125A,,SP_28079017_14_6,SPP_28079017_14_6.1,SAM_28079017_14_6,O3,http://dd.eionet.europa.eu/vocabulary/aq/pollutant/7,hour,3.7500000000,µg/m3,2017-12-19 19:00:00 +01:00,2017-12-19 20:00:00 +01:00,1,1
ES,ES.BDCA.AQD,NET_ES131A,STA_ES0125A,,SP_28079017_14_6,SPP_28079017_14_6.1,SAM_28079017_14_6,O3,http://dd.eionet.europa.eu/vocabulary/aq/pollutant/7,hour,1.9299999900,µg/m3,2017-12-19 20:00:00 +01:00,2017-12-19 21:00:00 +01:00,1,1
ES,ES.BDCA.AQD,NET_ES131A,STA_ES0125A,,SP_28079017_14_6,SPP_28079017_14_6.1,SAM_28079017_14_6,O3,http://dd.eionet.europa.eu/vocabulary/aq/pollutant/7,hour,2.0200000000,µg/m3,2017-12-19 21:00:00 +01:00,2017-12-19 22:00:00 +01:00,1,1
ES,ES.BDCA.AQD,NET_ES131A,STA_ES0125A,,SP_28079017_14_6,SPP_28079017_14_6.1,SAM_28079017_14_6,O3,http://dd.eionet.europa.eu/vocabulary/aq/pollutant/7,hour,2.2999999900,µg/m3,2017-12-19 22:00:00 +01:00,2017-12-19 23:00:00 +01:00,1,1
ES,ES.BDCA.AQD,NET_ES131A,STA_ES0125A,,SP_28079017_14_6,SPP_28079017_14_6.1,SAM_28079017_14_6,O3,http://dd.eionet.europa.eu/vocabulary/aq/pollutant/7,hour,2.1200000000,µg/m3,2017-12-19 23:00:00 +01:00,2017-12-20 00:00:00 +01:00,1,1
ES,ES.BDCA.AQD,NET_ES131A,STA_ES0125A,,SP_28079017_14_6,SPP_28079017_14_6.1,SAM_28079017_14_6,O3,http://dd.eionet.europa.eu/vocabulary/aq/pollutant/7,hour,1.8400000000,µg/m3,2017-12-20 00:00:00 +01:00,2017-12-20 01:00:00 +01:00,1,1
ES,ES.BDCA.AQD,NET_ES131A,STA_ES0125A,,SP_28079017_14_6,SPP_28079017_14_6.1,SAM_28079017_14_6,O3,http://dd.eionet.europa.eu/vocabulary/aq/pollutant/7,hour,2.3399999900,µg/m3,2017-12-20 01:00:00 +01:00,2017-12-20 02:00:00 +01:00,1,1
ES,ES.BDCA.AQD,NET_ES131A,STA_ES0125A,,SP_28079017_14_6,SPP_28079017_14_6.1,SAM_28079017_14_6,O3,http://dd.eionet.europa.eu/vocabulary/aq/pollutant/7,hour,1.1899999900,µg/m3,2017-12-20 02:00:00 +01:00,2017-12-20 03:00:00 +01:00,1,1
ES,ES.BDCA.AQD,NET_ES131A,STA_ES0125A,,SP_28079017_14_6,SPP_28079017_14_6.1,SAM_28079017_14_6,O3,http://dd.eionet.europa.eu/vocabulary/aq/pollutant/7,hour,1.4599999900,µg/m3,2017-12-20 03:00:00 +01:00,2017-12-20 04:00:00 +01:00,1,1
ES,ES.BDCA.AQD,NET_ES131A,STA_ES0125A,,SP_28079017_14_6,SPP_28079017_14_6.1,SAM_28079017_14_6,O3,http://dd.eionet.europa.eu/vocabulary/aq/pollutant/7,hour,1.0000000000,µg/m3,2017-12-20 04:00:00 +01:00,2017-12-20 05:00:00 +01:00,1,1
ES,ES.BDCA.AQD,NET_ES131A,STA_ES0125A,,SP_28079017_14_6,SPP_28079017_14_6.1,SAM_28079017_14_6,O3,http://dd.eionet.europa.eu/vocabulary/aq/pollutant/7,hour,1.3100000000,µg/m3,2017-12-20 05:00:00 +01:00,2017-12-20 06:00:00 +01:00,1,1
ES,ES.BDCA.AQD,NET_ES131A,STA_ES0125A,,SP_28079017_14_6,SPP_28079017_14_6.1,SAM_28079017_14_6,O3,http://dd.eionet.europa.eu/vocabulary/aq/pollutant/7,hour,1.3899999900,µg/m3,2017-12-20 06:00:00 +01:00,2017-12-20 07:00:00 +01:00,1,1
ES,ES.BDCA.AQD,NET_ES131A,STA_ES0125A,,SP_28079017_14_6,SPP_28079017_14_6.1,SAM_28079017_14_6,O3,http://dd.eionet.europa.eu/vocabulary/aq/pollutant/7,hour,1.9700000000,µg/m3,2017-12-20 07:00:00 +01:00,2017-12-20 08:00:00 +01:00,1,1
ES,ES.BDCA.AQD,NET_ES131A,STA_ES0125A,,SP_28079017_14_6,SPP_28079017_14_6.1,SAM_28079017_14_6,O3,http://dd.eionet.europa.eu/vocabulary/aq/pollutant/7,hour,1.3100000000,µg/m3,2017-12-20 08:00:00 +01:00,2017-12-20 09:00:00 +01:00,1,1
ES,ES.BDCA.AQD,NET_ES131A,STA_ES0125A,,SP_28079017_14_6,SPP_28079017_14_6.1,SAM_28079017_14_6,O3,http://dd.eionet.europa.eu/vocabulary/aq/pollutant/7,hour,3.0600000000,µg/m3,2017-12-20 09:00:00 +01:00,2017-12-20 10:00:00 +01:00,1,1
ES,ES.BDCA.AQD,NET_ES131A,STA_ES0125A,,SP_28079017_14_6,SPP_28079017_14_6.1,SAM_28079017_14_6,O3,http://dd.eionet.europa.eu/vocabulary/aq/pollutant/7,hour,6.5700000000,µg/m3,2017-12-20 10:00:00 +01:00,2017-12-20 11:00:00 +01:00,1,1
ES,ES.BDCA.AQD,NET_ES131A,STA_ES0125A,,SP_28079017_14_6,SPP_28079017_14_6.1,SAM_28079017_14_6,O3,http://dd.eionet.europa.eu/vocabulary/aq/pollutant/7,hour,5.5599999900,µg/m3,2017-12-20 11:00:00 +01:00,2017-12-20 12:00:00 +01:00,1,1
ES,ES.BDCA.AQD,NET_ES131A,STA_ES0125A,,SP_28079017_14_6,SPP_28079017_14_6.1,SAM_28079017_14_6,O3,http://dd.eionet.europa.eu/vocabulary/aq/pollutant/7,hour,12.9100000000,µg/m3,2017-12-20 12:00:00 +01:00,2017-12-20 13:00:00 +01:00,1,1
ES,ES.BDCA.AQD,NET_ES131A,STA_ES0125A,,SP_28079017_14_6,SPP_28079017_14_6.1,SAM_28079017_14_6,O3,http://dd.eionet.europa.eu/vocabulary/aq/pollutant/7,hour,9.8900000000,µg/m3,2017-12-20 13:00:00 +01:00,2017-12-20 14:00:00 +01:00,1,1
ES,ES.BDCA.AQD,NET_ES131A,STA_ES0125A,,SP_28079017_14_6,SPP_28079017_14_6.1,SAM_28079017_14_6,O3,http://dd.eionet.europa.eu/vocabulary/aq/pollutant/7,hour,6.7900000000,µg/m3,2017-12-20 14:00:00 +01:00,2017-12-20 15:00:00 +01:00,1,1
ES,ES.BDCA.AQD,NET_ES131A,STA_ES0125A,,SP_28079017_14_6,SPP_28079017_14_6.1,SAM_28079017_14_6,O3,http://dd.eionet.europa.eu/vocabulary/aq/pollutant/7,hour,4.7999999900,µg/m3,2017-12-20 15:00:00 +01:00,2017-12-20 16:00:00 +01:00,1,1
ES,ES.BDCA.AQD,NET_ES131A,STA_ES0125A,,SP_28079017_14_6,SPP_28079017_14_6.1,SAM_28079017_14_6,O3,http://dd.eionet.europa.eu/vocabulary/aq/pollutant/7,hour,4.4100000000,µg/m3,2017-12-20 16:00:00 +01:00,2017-12-20 17:00:00 +01:00,1,1
ES,ES.BDCA.AQD,NET_ES131A,STA_ES0125A,,SP_28079017_14_6,SPP_28079017_14_6.1,SAM_28079017_14_6,O3,http://dd.eionet.europa.eu/vocabulary/aq/pollutant/7,hour,1.5500000000,µg/m3,2017-12-20 17:00:00 +01:00,2017-12-20 18:00:00 +01:00,1,1
ES,ES.BDCA.AQD,NET_ES131A,STA_ES0125A,,SP_28079017_14_6,SPP_28079017_14_6.1,SAM_28079017_14_6,O3,http://dd.eionet.europa.eu/vocabulary/aq/pollutant/7,hour,1.2100000000,µg/m3,2017-12-20 18:00:00 +01:00,2017-12-20 19:00:00 +01:00,1,1
ES,ES.BDCA.AQD,NET_ES131A,STA_ES0125A,,SP_28079017_14_6,SPP_28079017_14_6.1,SAM_28079017_14_6,O3,http://dd.eionet.europa.eu/vocabulary/aq/pollutant/7,hour,0.9900000000,µg/m3,2017-12-20 19:00:00 +01:00,2017-12-20 20:00:00 +01:00,1,1
ES,ES.BDCA.AQD,NET_ES131A,STA_ES0125A,,SP_28079017_14_6,SPP_28079017_14_6.1,SAM_28079017_14_6,O3,http://dd.eionet.europa.eu/vocabulary/aq/pollutant/7,hour,0.9100000000,µg/m3,2017-12-20 20:00:00 +01:00,2017-12-20 21:00:00 +01:00,1,1
ES,ES.BDCA.AQD,NET_ES131A,STA_ES0125A,,SP_28079017_14_6,SPP_28079017_14_6.1,SAM_28079017_14_6,O3,http://dd.eionet.europa.eu/vocabulary/aq/pollutant/7,hour,0.9700000000,µg/m3,2017-12-20 21:00:00 +01:00,2017-12-20 22:00:00 +01:00,1,1
ES,ES.BDCA.AQD,NET_ES131A,STA_ES0125A,,SP_28079017_14_6,SPP_28079017_14_6.1,SAM_28079017_14_6,O3,http://dd.eionet.europa.eu/vocabulary/aq/pollutant/7,hour,1.0700000000,µg/m3,2017-12-20 22:00:00 +01:00,2017-12-20 23:00:00 +01:00,1,1
ES,ES.BDCA.AQD,NET_ES131A,STA_ES0125A,,SP_28079017_14_6,SPP_28079017_14_6.1,SAM_28079017_14_6,O3,http://dd.eionet.europa.eu/vocabulary/aq/pollutant/7,hour,0.8200000000,µg/m3,2017-12-20 23:00:00 +01:00,2017-12-21 00:00:00 +01:00,1,1
ES,ES.BDCA.AQD,NET_ES131A,STA_ES0125A,,SP_28079017_14_6,SPP_28079017_14_6.1,SAM_28079017_14_6,O3,http://dd.eionet.europa.eu/vocabulary/aq/pollutant/7,hour,0.9000000000,µg/m3,2017-12-21 00:00:00 +01:00,2017-12-21 01:00:00 +01:00,1,1
ES,ES.BDCA.AQD,NET_ES131A,STA_ES0125A,,SP_28079017_14_6,SPP_28079017_14_6.1,SAM_28079017_14_6,O3,http://dd.eionet.europa.eu/vocabulary/aq/pollutant/7,hour,1.3600000000,µg/m3,2017-12-21 01:00:00 +01:00,2017-12-21 02:00:00 +01:00,1,1
ES,ES.BDCA.AQD,NET_ES131A,STA_ES0125A,,SP_28079017_14_6,SPP_28079017_14_6.1,SAM_28079017_14_6,O3,http://dd.eionet.europa.eu/vocabulary/aq/pollutant/7,hour,0.8700000000,µg/m3,2017-12-21 02:00:00 +01:00,2017-12-21 03:00:00 +01:00,1,1
ES,ES.BDCA.AQD,NET_ES131A,STA_ES0125A,,SP_28079017_14_6,SPP_28079017_14_6.1,SAM_28079017_14_6,O3,http://dd.eionet.europa.eu/vocabulary/aq/pollutant/7,hour,0.8800000000,µg/m3,2017-12-21 03:00:00 +01:00,2017-12-21 04:00:00 +01:00,1,1
ES,ES.BDCA.AQD,NET_ES131A,STA_ES0125A,,SP_28079017_14_6,SPP_28079017_14_6.1,SAM_28079017_14_6,O3,http://dd.eionet.europa.eu/vocabulary/aq/pollutant/7,hour,0.9000000000,µg/m3,2017-12-21 04:00:00 +01:00,2017-12-21 05:00:00 +01:00,1,1
ES,ES.BDCA.AQD,NET_ES131A,STA_ES0125A,,SP_28079017_14_6,SPP_28079017_14_6.1,SAM_28079017_14_6,O3,http://dd.eionet.europa.eu/vocabulary/aq/pollutant/7,hour,0.8400000000,µg/m3,2017-12-21 05:00:00 +01:00,2017-12-21 06:00:00 +01:00,1,1
ES,ES.BDCA.AQD,NET_ES131A,STA_ES0125A,,SP_28079017_14_6,SPP_28079017_14_6.1,SAM_28079017_14_6,O3,http://dd.eionet.europa.eu/vocabulary/aq/pollutant/7,hour,0.9400000000,µg/m3,2017-12-21 06:00:00 +01:00,2017-12-21 07:00:00 +01:00,1,1
ES,ES.BDCA.AQD,NET_ES131A,STA_ES0125A,,SP_28079017_14_6,SPP_28079017_14_6.1,SAM_28079017_14_6,O3,http://dd.eionet.europa.eu/vocabulary/aq/pollutant/7,hour,0.9800000000,µg/m3,2017-12-21 07:00:00 +01:00,2017-12-21 08:00:00 +01:00,1,1
ES,ES.BDCA.AQD,NET_ES131A,STA_ES0125A,,SP_28079017_14_6,SPP_28079017_14_6.1,SAM_28079017_14_6,O3,http://dd.eionet.europa.eu/vocabulary/aq/pollutant/7,hour,0.8500000000,µg/m3,2017-12-21 08:00:00 +01:00,2017-12-21 09:00:00 +01:00,1,1
ES,ES.BDCA.AQD,NET_ES131A,STA_ES0125A,,SP_28079017_14_6,SPP_28079017_14_6.1,SAM_28079017_14_6,O3,http://dd.eionet.europa.eu/vocabulary/aq/pollutant/7,hour,0.8700000000,µg/m3,2017-12-21 09:00:00 +01:00,2017-12-21 10:00:00 +01:00,1,1
ES,ES.BDCA.AQD,NET_ES131A,STA_ES0125A,,SP_28079017_14_6,SPP_28079017_14_6.1,SAM_28079017_14_6,O3,http://dd.eionet.europa.eu/vocabulary/aq/pollutant/7,hour,1.3700000000,µg/m3,2017-12-21 10:00:00 +01:00,2017-12-21 11:00:00 +01:00,1,1
ES,ES.BDCA.AQD,NET_ES131A,STA_ES0125A,,SP_28079017_14_6,SPP_28079017_14_6.1,SAM_28079017_14_6,O3,http://dd.eionet.europa.eu/vocabulary/aq/pollutant/7,hour,1.8999999900,µg/m3,2017-12-21 11:00:00 +01:00,2017-12-21 12:00:00 +01:00,1,1
ES,ES.BDCA.AQD,NET_ES131A,STA_ES0125A,,SP_28079017_14_6,SPP_28079017_14_6.1,SAM_28079017_14_6,O3,http://dd.eionet.europa.eu/vocabulary/aq/pollutant/7,hour,10.3500000000,µg/m3,2017-12-21 12:00:00 +01:00,2017-12-21 13:00:00 +01:00,1,1
ES,ES.BDCA.AQD,NET_ES131A,STA_ES0125A,,SP_28079017_14_6,SPP_28079017_14_6.1,SAM_28079017_14_6,O3,http://dd.eionet.europa.eu/vocabulary/aq/pollutant/7,hour,20.3400000000,µg/m3,2017-12-21 13:00:00 +01:00,2017-12-21 14:00:00 +01:00,1,1
ES,ES.BDCA.AQD,NET_ES131A,STA_ES0125A,,SP_28079017_14_6,SPP_28079017_14_6.1,SAM_28079017_14_6,O3,http://dd.eionet.europa.eu/vocabulary/aq/pollutant/7,hour,16.2500000000,µg/m3,2017-12-21 14:00:00 +01:00,2017-12-21 15:00:00 +01:00,1,1
ES,ES.BDCA.AQD,NET_ES131A,STA_ES0125A,,SP_28079017_14_6,SPP_28079017_14_6.1,SAM_28079017_14_6,O3,http://dd.eionet.europa.eu/vocabulary/aq/pollutant/7,hour,12.6099999900,µg/m3,2017-12-21 15:00:00 +01:00,2017-12-21 16:00:00 +01:00,1,1
ES,ES.BDCA.AQD,NET_ES131A,STA_ES0125A,,SP_28079017_14_6,SPP_28079017_14_6.1,SAM_28079017_14_6,O3,http://dd.eionet.europa.eu/vocabulary/aq/pollutant/7,hour,6.5099999900,µg/m3,2017-12-21 16:00:00 +01:00,2017-12-21 17:00:00 +01:00,1,1
ES,ES.BDCA.AQD,NET_ES131A,STA_ES0125A,,SP_28079017_14_6,SPP_28079017_14_6.1,SAM_28079017_14_6,O3,http://dd.eionet.europa.eu/vocabulary/aq/pollutant/7,hour,1.9900000000,µg/m3,2017-12-21 17:00:00 +01:00,2017-12-21 18:00:00 +01:00,1,1
ES,ES.BDCA.AQD,NET_ES131A,STA_ES0125A,,SP_28079017_14_6,SPP_28079017_14_6.1,SAM_28079017_14_6,O3,http://dd.eionet.europa.eu/vocabulary/aq/pollutant/7,hour,1.0800000000,µg/m3,2017-12-21 18:00:00 +01:00,2017-12-21 19:00:00 +01:00,1,1
ES,ES.BDCA.AQD,NET_ES131A,STA_ES0125A,,SP_28079017_14_6,SPP_28079017_14_6.1,SAM_28079017_14_6,O3,http://dd.eionet.europa.eu/vocabulary/aq/pollutant/7,hour,0.8400000000,µg/m3,2017-12-21 19:00:00 +01:00,2017-12-21 20:00:00 +01:00,1,1
ES,ES.BDCA.AQD,NET_ES131A,STA_ES0125A,,SP_28079017_14_6,SPP_28079017_14_6.1,SAM_28079017_14_6,O3,http://dd.eionet.europa.eu/vocabulary/aq/pollutant/7,hour,0.8700000000,µg/m3,2017-12-21 20:00:00 +01:00,2017-12-21 21:00:00 +01:00,1,1
ES,ES.BDCA.AQD,NET_ES131A,STA_ES0125A,,SP_28079017_14_6,SPP_28079017_14_6.1,SAM_28079017_14_6,O3,http://dd.eionet.europa.eu/vocabulary/aq/pollutant/7,hour,0.9200000000,µg/m3,2017-12-21 21:00:00 +01:00,2017-12-21 22:00:00 +01:00,1,1
ES,ES.BDCA.AQD,NET_ES131A,STA_ES0125A,,SP_28079017_14_6,SPP_28079017_14_6.1,SAM_28079017_14_6,O3,http://dd.eionet.europa.eu/vocabulary/aq/pollutant/7,hour,0.7500000000,µg/m3,2017-12-21 22:00:00 +01:00,2017-12-21 23:00:00 +01:00,1,1
ES,ES.BDCA.AQD,NET_ES131A,STA_ES0125A,,SP_28079017_14_6,SPP_28079017_14_6.1,SAM_28079017_14_6,O3,http://dd.eionet.europa.eu/vocabulary/aq/pollutant/7,hour,0.8800000000,µg/m3,2017-12-21 23:00:00 +01:00,2017-12-22 00:00:00 +01:00,1,1
ES,ES.BDCA.AQD,NET_ES131A,STA_ES0125A,,SP_28079017_14_6,SPP_28079017_14_6.1,SAM_28079017_14_6,O3,http://dd.eionet.europa.eu/vocabulary/aq/pollutant/7,hour,0.9100000000,µg/m3,2017-12-22 00:00:00 +01:00,2017-12-22 01:00:00 +01:00,1,1
ES,ES.BDCA.AQD,NET_ES131A,STA_ES0125A,,SP_28079017_14_6,SPP_28079017_14_6.1,SAM_28079017_14_6,O3,http://dd.eionet.europa.eu/vocabulary/aq/pollutant/7,hour,0.8200000000,µg/m3,2017-12-22 01:00:00 +01:00,2017-12-22 02:00:00 +01:00,1,1
ES,ES.BDCA.AQD,NET_ES131A,STA_ES0125A,,SP_28079017_14_6,SPP_28079017_14_6.1,SAM_28079017_14_6,O3,http://dd.eionet.europa.eu/vocabulary/aq/pollutant/7,hour,1.1399999900,µg/m3,2017-12-22 02:00:00 +01:00,2017-12-22 03:00:00 +01:00,1,1
ES,ES.BDCA.AQD,NET_ES131A,STA_ES0125A,,SP_28079017_14_6,SPP_28079017_14_6.1,SAM_28079017_14_6,O3,http://dd.eionet.europa.eu/vocabulary/aq/pollutant/7,hour,1.0000000000,µg/m3,2017-12-22 03:00:00 +01:00,2017-12-22 04:00:00 +01:00,1,1
ES,ES.BDCA.AQD,NET_ES131A,STA_ES0125A,,SP_28079017_14_6,SPP_28079017_14_6.1,SAM_28079017_14_6,O3,http://dd.eionet.europa.eu/vocabulary/aq/pollutant/7,hour,0.8600000000,µg/m3,2017-12-22 04:00:00 +01:00,2017-12-22 05:00:00 +01:00,1,1
ES,ES.BDCA.AQD,NET_ES131A,STA_ES0125A,,SP_28079017_14_6,SPP_28079017_14_6.1,SAM_28079017_14_6,O3,http://dd.eionet.europa.eu/vocabulary/aq/pollutant/7,hour,0.9500000000,µg/m3,2017-12-22 05:00:00 +01:00,2017-12-22 06:00:00 +01:00,1,1
ES,ES.BDCA.AQD,NET_ES131A,STA_ES0125A,,SP_28079017_14_6,SPP_28079017_14_6.1,SAM_28079017_14_6,O3,http://dd.eionet.europa.eu/vocabulary/aq/pollutant/7,hour,0.8200000000,µg/m3,2017-12-22 06:00:00 +01:00,2017-12-22 07:00:00 +01:00,1,1
ES,ES.BDCA.AQD,NET_ES131A,STA_ES0125A,,SP_28079017_14_6,SPP_28079017_14_6.1,SAM_28079017_14_6,O3,http://dd.eionet.europa.eu/vocabulary/aq/pollutant/7,hour,0.8000000000,µg/m3,2017-12-22 07:00:00 +01:00,2017-12-22 08:00:00 +01:00,1,1
ES,ES.BDCA.AQD,NET_ES131A,STA_ES0125A,,SP_28079017_14_6,SPP_28079017_14_6.1,SAM_28079017_14_6,O3,http://dd.eionet.europa.eu/vocabulary/aq/pollutant/7,hour,0.8900000000,µg/m3,2017-12-22 08:00:00 +01:00,2017-12-22 09:00:00 +01:00,1,1
ES,ES.BDCA.AQD,NET_ES131A,STA_ES0125A,,SP_28079017_14_6,SPP_28079017_14_6.1,SAM_28079017_14_6,O3,http://dd.eionet.europa.eu/vocabulary/aq/pollutant/7,hour,0.9200000000,µg/m3,2017-12-22 09:00:00 +01:00,2017-12-22 10:00:00 +01:00,1,1
ES,ES.BDCA.AQD,NET_ES131A,STA_ES0125A,,SP_28079017_14_6,SPP_28079017_14_6.1,SAM_28079017_14_6,O3,http://dd.eionet.europa.eu/vocabulary/aq/pollutant/7,hour,0.8600000000,µg/m3,2017-12-22 10:00:00 +01:00,2017-12-22 11:00:00 +01:00,1,1
ES,ES.BDCA.AQD,NET_ES131A,STA_ES0125A,,SP_28079017_14_6,SPP_28079017_14_6.1,SAM_28079017_14_6,O3,http://dd.eionet.europa.eu/vocabulary/aq/pollutant/7,hour,1.6100000000,µg/m3,2017-12-22 11:00:00 +01:00,2017-12-22 12:00:00 +01:00,1,1
ES,ES.BDCA.AQD,NET_ES131A,STA_ES0125A,,SP_28079017_14_6,SPP_28079017_14_6.1,SAM_28079017_14_6,O3,http://dd.eionet.europa.eu/vocabulary/aq/pollutant/7,hour,5.1900000000,µg/m3,2017-12-22 12:00:00 +01:00,2017-12-22 13:00:00 +01:00,1,1
ES,ES.BDCA.AQD,NET_ES131A,STA_ES0125A,,SP_28079017_14_6,SPP_28079017_14_6.1,SAM_28079017_14_6,O3,http://dd.eionet.europa.eu/vocabulary/aq/pollutant/7,hour,2.8900000000,µg/m3,2017-12-22 13:00:00 +01:00,2017-12-22 14:00:00 +01:00,1,1
ES,ES.BDCA.AQD,NET_ES131A,STA_ES0125A,,SP_28079017_14_6,SPP_28079017_14_6.1,SAM_28079017_14_6,O3,http://dd.eionet.europa.eu/vocabulary/aq/pollutant/7,hour,3.0800000000,µg/m3,2017-12-22 14:00:00 +01:00,2017-12-22 15:00:00 +01:00,1,1
ES,ES.BDCA.AQD,NET_ES131A,STA_ES0125A,,SP_28079017_14_6,SPP_28079017_14_6.1,SAM_28079017_14_6,O3,http://dd.eionet.europa.eu/vocabulary/aq/pollutant/7,hour,2.5000000000,µg/m3,2017-12-22 15:00:00 +01:00,2017-12-22 16:00:00 +01:00,1,1
ES,ES.BDCA.AQD,NET_ES131A,STA_ES0125A,,SP_28079017_14_6,SPP_28079017_14_6.1,SAM_28079017_14_6,O3,http://dd.eionet.europa.eu/vocabulary/aq/pollutant/7,hour,1.8000000000,µg/m3,2017-12-22 16:00:00 +01:00,2017-12-22 17:00:00 +01:00,1,1
ES,ES.BDCA.AQD,NET_ES131A,STA_ES0125A,,SP_28079017_14_6,SPP_28079017_14_6.1,SAM_28079017_14_6,O3,http://dd.eionet.europa.eu/vocabulary/aq/pollutant/7,hour,1.0600000000,µg/m3,2017-12-22 17:00:00 +01:00,2017-12-22 18:00:00 +01:00,1,1
ES,ES.BDCA.AQD,NET_ES131A,STA_ES0125A,,SP_28079017_14_6,SPP_28079017_14_6.1,SAM_28079017_14_6,O3,http://dd.eionet.europa.eu/vocabulary/aq/pollutant/7,hour,0.9700000000,µg/m3,2017-12-22 18:00:00 +01:00,2017-12-22 19:00:00 +01:00,1,1
ES,ES.BDCA.AQD,NET_ES131A,STA_ES0125A,,SP_28079017_14_6,SPP_28079017_14_6.1,SAM_28079017_14_6,O3,http://dd.eionet.europa.eu/vocabulary/aq/pollutant/7,hour,0.9100000000,µg/m3,2017-12-22 19:00:00 +01:00,2017-12-22 20:00:00 +01:00,1,1
ES,ES.BDCA.AQD,NET_ES131A,STA_ES0125A,,SP_28079017_14_6,SPP_28079017_14_6.1,SAM_28079017_14_6,O3,http://dd.eionet.europa.eu/vocabulary/aq/pollutant/7,hour,0.9700000000,µg/m3,2017-12-22 20:00:00 +01:00,2017-12-22 21:00:00 +01:00,1,1
ES,ES.BDCA.AQD,NET_ES131A,STA_ES0125A,,SP_28079017_14_6,SPP_28079017_14_6.1,SAM_28079017_14_6,O3,http://dd.eionet.europa.eu/vocabulary/aq/pollutant/7,hour,0.9300000000,µg/m3,2017-12-22 21:00:00 +01:00,2017-12-22 22:00:00 +01:00,1,1
ES,ES.BDCA.AQD,NET_ES131A,STA_ES0125A,,SP_28079017_14_6,SPP_28079017_14_6.1,SAM_28079017_14_6,O3,http://dd.eionet.europa.eu/vocabulary/aq/pollutant/7,hour,0.8600000000,µg/m3,2017-12-22 22:00:00 +01:00,2017-12-22 23:00:00 +01:00,1,1
ES,ES.BDCA.AQD,NET_ES131A,STA_ES0125A,,SP_28079017_14_6,SPP_28079017_14_6.1,SAM_28079017_14_6,O3,http://dd.eionet.europa.eu/vocabulary/aq/pollutant/7,hour,0.9200000000,µg/m3,2017-12-22 23:00:00 +01:00,2017-12-23 00:00:00 +01:00,1,1
ES,ES.BDCA.AQD,NET_ES131A,STA_ES0125A,,SP_28079017_14_6,SPP_28079017_14_6.1,SAM_28079017_14_6,O3,http://dd.eionet.europa.eu/vocabulary/aq/pollutant/7,hour,0.9500000000,µg/m3,2017-12-23 00:00:00 +01:00,2017-12-23 01:00:00 +01:00,1,1
ES,ES.BDCA.AQD,NET_ES131A,STA_ES0125A,,SP_28079017_14_6,SPP_28079017_14_6.1,SAM_28079017_14_6,O3,http://dd.eionet.europa.eu/vocabulary/aq/pollutant/7,hour,0.9400000000,µg/m3,2017-12-23 01:00:00 +01:00,2017-12-23 02:00:00 +01:00,1,1
ES,ES.BDCA.AQD,NET_ES131A,STA_ES0125A,,SP_28079017_14_6,SPP_28079017_14_6.1,SAM_28079017_14_6,O3,http://dd.eionet.europa.eu/vocabulary/aq/pollutant/7,hour,0.9000000000,µg/m3,2017-12-23 02:00:00 +01:00,2017-12-23 03:00:00 +01:00,1,1
ES,ES.BDCA.AQD,NET_ES131A,STA_ES0125A,,SP_28079017_14_6,SPP_28079017_14_6.1,SAM_28079017_14_6,O3,http://dd.eionet.europa.eu/vocabulary/aq/pollutant/7,hour,0.8000000000,µg/m3,2017-12-23 03:00:00 +01:00,2017-12-23 04:00:00 +01:00,1,1
ES,ES.BDCA.AQD,NET_ES131A,STA_ES0125A,,SP_28079017_14_6,SPP_28079017_14_6.1,SAM_28079017_14_6,O3,http://dd.eionet.europa.eu/vocabulary/aq/pollutant/7,hour,0.8100000000,µg/m3,2017-12-23 04:00:00 +01:00,2017-12-23 05:00:00 +01:00,1,1
ES,ES.BDCA.AQD,NET_ES131A,STA_ES0125A,,SP_28079017_14_6,SPP_28079017_14_6.1,SAM_28079017_14_6,O3,http://dd.eionet.europa.eu/vocabulary/aq/pollutant/7,hour,0.8800000000,µg/m3,2017-12-23 05:00:00 +01:00,2017-12-23 06:00:00 +01:00,1,1
ES,ES.BDCA.AQD,NET_ES131A,STA_ES0125A,,SP_28079017_14_6,SPP_28079017_14_6.1,SAM_28079017_14_6,O3,http://dd.eionet.europa.eu/vocabulary/aq/pollutant/7,hour,0.8900000000,µg/m3,2017-12-23 06:00:00 +01:00,2017-12-23 07:00:00 +01:00,1,1
ES,ES.BDCA.AQD,NET_ES131A,STA_ES0125A,,SP_28079017_14_6,SPP_28079017_14_6.1,SAM_28079017_14_6,O3,http://dd.eionet.europa.eu/vocabulary/aq/pollutant/7,hour,0.8900000000,µg/m3,2017-12-23 07:00:00 +01:00,2017-12-23 08:00:00 +01:00,1,1
ES,ES.BDCA.AQD,NET_ES131A,STA_ES0125A,,SP_28079017_14_6,SPP_28079017_14_6.1,SAM_28079017_14_6,O3,http://dd.eionet.europa.eu/vocabulary/aq/pollutant/7,hour,0.9500000000,µg/m3,2017-12-23 08:00:00 +01:00,2017-12-23 09:00:00 +01:00,1,1
ES,ES.BDCA.AQD,NET_ES131A,STA_ES0125A,,SP_28079017_14_6,SPP_28079017_14_6.1,SAM_28079017_14_6,O3,http://dd.eionet.europa.eu/vocabulary/aq/pollutant/7,hour,2.0299999900,µg/m3,2017-12-23 09:00:00 +01:00,2017-12-23 10:00:00 +01:00,1,1
ES,ES.BDCA.AQD,NET_ES131A,STA_ES0125A,,SP_28079017_14_6,SPP_28079017_14_6.1,SAM_28079017_14_6,O3,http://dd.eionet.europa.eu/vocabulary/aq/pollutant/7,hour,18.8900000000,µg/m3,2017-12-23 10:00:00 +01:00,2017-12-23 11:00:00 +01:00,1,1
ES,ES.BDCA.AQD,NET_ES131A,STA_ES0125A,,SP_28079017_14_6,SPP_28079017_14_6.1,SAM_28079017_14_6,O3,http://dd.eionet.europa.eu/vocabulary/aq/pollutant/7,hour,28.4200000000,µg/m3,2017-12-23 11:00:00 +01:00,2017-12-23 12:00:00 +01:00,1,1
ES,ES.BDCA.AQD,NET_ES131A,STA_ES0125A,,SP_28079017_14_6,SPP_28079017_14_6.1,SAM_28079017_14_6,O3,http://dd.eionet.europa.eu/vocabulary/aq/pollutant/7,hour,30.7300000000,µg/m3,2017-12-23 12:00:00 +01:00,2017-12-23 13:00:00 +01:00,1,1
ES,ES.BDCA.AQD,NET_ES131A,STA_ES0125A,,SP_28079017_14_6,SPP_28079017_14_6.1,SAM_28079017_14_6,O3,http://dd.eionet.europa.eu/vocabulary/aq/pollutant/7,hour,35.8800000000,µg/m3,2017-12-23 13:00:00 +01:00,2017-12-23 14:00:00 +01:00,1,1
ES,ES.BDCA.AQD,NET_ES131A,STA_ES0125A,,SP_28079017_14_6,SPP_28079017_14_6.1,SAM_28079017_14_6,O3,http://dd.eionet.europa.eu/vocabulary/aq/pollutant/7,hour,39.1700000000,µg/m3,2017-12-23 14:00:00 +01:00,2017-12-23 15:00:00 +01:00,1,1
ES,ES.BDCA.AQD,NET_ES131A,STA_ES0125A,,SP_28079017_14_6,SPP_28079017_14_6.1,SAM_28079017_14_6,O3,http://dd.eionet.europa.eu/vocabulary/aq/pollutant/7,hour,41.8599999900,µg/m3,2017-12-23 15:00:00 +01:00,2017-12-23 16:00:00 +01:00,1,1
ES,ES.BDCA.AQD,NET_ES131A,STA_ES0125A,,SP_28079017_14_6,SPP_28079017_14_6.1,SAM_28079017_14_6,O3,http://dd.eionet.europa.eu/vocabulary/aq/pollutant/7,hour,38.5499999900,µg/m3,2017-12-23 16:00:00 +01:00,2017-12-23 17:00:00 +01:00,1,1
ES,ES.BDCA.AQD,NET_ES131A,STA_ES0125A,,SP_28079017_14_6,SPP_28079017_14_6.1,SAM_28079017_14_6,O3,http://dd.eionet.europa.eu/vocabulary/aq/pollutant/7,hour,29.8599999900,µg/m3,2017-12-23 17:00:00 +01:00,2017-12-23 18:00:00 +01:00,1,1
ES,ES.BDCA.AQD,NET_ES131A,STA_ES0125A,,SP_28079017_14_6,SPP_28079017_14_6.1,SAM_28079017_14_6,O3,http://dd.eionet.europa.eu/vocabulary/aq/pollutant/7,hour,13.8000000000,µg/m3,2017-12-23 18:00:00 +01:00,2017-12-23 19:00:00 +01:00,1,1
ES,ES.BDCA.AQD,NET_ES131A,STA_ES0125A,,SP_28079017_14_6,SPP_28079017_14_6.1,SAM_28079017_14_6,O3,http://dd.eionet.europa.eu/vocabulary/aq/pollutant/7,hour,4.2199999900,µg/m3,2017-12-23 19:00:00 +01:00,2017-12-23 20:00:00 +01:00,1,1
ES,ES.BDCA.AQD,NET_ES131A,STA_ES0125A,,SP_28079017_14_6,SPP_28079017_14_6.1,SAM_28079017_14_6,O3,http://dd.eionet.europa.eu/vocabulary/aq/pollutant/7,hour,1.8100000000,µg/m3,2017-12-23 20:00:00 +01:00,2017-12-23 21:00:00 +01:00,1,1
ES,ES.BDCA.AQD,NET_ES131A,STA_ES0125A,,SP_28079017_14_6,SPP_28079017_14_6.1,SAM_28079017_14_6,O3,http://dd.eionet.europa.eu/vocabulary/aq/pollutant/7,hour,0.8400000000,µg/m3,2017-12-23 21:00:00 +01:00,2017-12-23 22:00:00 +01:00,1,1
ES,ES.BDCA.AQD,NET_ES131A,STA_ES0125A,,SP_28079017_14_6,SPP_28079017_14_6.1,SAM_28079017_14_6,O3,http://dd.eionet.europa.eu/vocabulary/aq/pollutant/7,hour,0.8700000000,µg/m3,2017-12-23 22:00:00 +01:00,2017-12-23 23:00:00 +01:00,1,1
ES,ES.BDCA.AQD,NET_ES131A,STA_ES0125A,,SP_28079017_14_6,SPP_28079017_14_6.1,SAM_28079017_14_6,O3,http://dd.eionet.europa.eu/vocabulary/aq/pollutant/7,hour,0.9500000000,µg/m3,2017-12-23 23:00:00 +01:00,2017-12-24 00:00:00 +01:00,1,1
ES,ES.BDCA.AQD,NET_ES131A,STA_ES0125A,,SP_28079017_14_6,SPP_28079017_14_6.1,SAM_28079017_14_6,O3,http://dd.eionet.europa.eu/vocabulary/aq/pollutant/7,hour,1.0000000000,µg/m3,2017-12-24 00:00:00 +01:00,2017-12-24 01:00:00 +01:00,1,1
ES,ES.BDCA.AQD,NET_ES131A,STA_ES0125A,,SP_28079017_14_6,SPP_28079017_14_6.1,SAM_28079017_14_6,O3,http://dd.eionet.europa.eu/vocabulary/aq/pollutant/7,hour,0.9700000000,µg/m3,2017-12-24 01:00:00 +01:00,2017-12-24 02:00:00 +01:00,1,1
ES,ES.BDCA.AQD,NET_ES131A,STA_ES0125A,,SP_28079017_14_6,SPP_28079017_14_6.1,SAM_28079017_14_6,O3,http://dd.eionet.europa.eu/vocabulary/aq/pollutant/7,hour,0.8700000000,µg/m3,2017-12-24 02:00:00 +01:00,2017-12-24 03:00:00 +01:00,1,1
ES,ES.BDCA.AQD,NET_ES131A,STA_ES0125A,,SP_28079017_14_6,SPP_28079017_14_6.1,SAM_28079017_14_6,O3,http://dd.eionet.europa.eu/vocabulary/aq/pollutant/7,hour,0.9400000000,µg/m3,2017-12-24 03:00:00 +01:00,2017-12-24 04:00:00 +01:00,1,1
ES,ES.BDCA.AQD,NET_ES131A,STA_ES0125A,,SP_28079017_14_6,SPP_28079017_14_6.1,SAM_28079017_14_6,O3,http://dd.eionet.europa.eu/vocabulary/aq/pollutant/7,hour,0.8400000000,µg/m3,2017-12-24 04:00:00 +01:00,2017-12-24 05:00:00 +01:00,1,1
ES,ES.BDCA.AQD,NET_ES131A,STA_ES0125A,,SP_28079017_14_6,SPP_28079017_14_6.1,SAM_28079017_14_6,O3,http://dd.eionet.europa.eu/vocabulary/aq/pollutant/7,hour,0.7200000000,µg/m3,2017-12-24 05:00:00 +01:00,2017-12-24 06:00:00 +01:00,1,1
ES,ES.BDCA.AQD,NET_ES131A,STA_ES0125A,,SP_28079017_14_6,SPP_28079017_14_6.1,SAM_28079017_14_6,O3,http://dd.eionet.europa.eu/vocabulary/aq/pollutant/7,hour,0.8600000000,µg/m3,2017-12-24 06:00:00 +01:00,2017-12-24 07:00:00 +01:00,1,1
ES,ES.BDCA.AQD,NET_ES131A,STA_ES0125A,,SP_28079017_14_6,SPP_28079017_14_6.1,SAM_28079017_14_6,O3,http://dd.eionet.europa.eu/vocabulary/aq/pollutant/7,hour,0.8000000000,µg/m3,2017-12-24 07:00:00 +01:00,2017-12-24 08:00:00 +01:00,1,1
ES,ES.BDCA.AQD,NET_ES131A,STA_ES0125A,,SP_28079017_14_6,SPP_28079017_14_6.1,SAM_28079017_14_6,O3,http://dd.eionet.europa.eu/vocabulary/aq/pollutant/7,hour,1.1699999900,µg/m3,2017-12-24 08:00:00 +01:00,2017-12-24 09:00:00 +01:00,1,1
ES,ES.BDCA.AQD,NET_ES131A,STA_ES0125A,,SP_28079017_14_6,SPP_28079017_14_6.1,SAM_28079017_14_6,O3,http://dd.eionet.europa.eu/vocabulary/aq/pollutant/7,hour,1.2200000000,µg/m3,2017-12-24 09:00:00 +01:00,2017-12-24 10:00:00 +01:00,1,1
ES,ES.BDCA.AQD,NET_ES131A,STA_ES0125A,,SP_28079017_14_6,SPP_28079017_14_6.1,SAM_28079017_14_6,O3,http://dd.eionet.europa.eu/vocabulary/aq/pollutant/7,hour,2.0600000000,µg/m3,2017-12-24 10:00:00 +01:00,2017-12-24 11:00:00 +01:00,1,1
ES,ES.BDCA.AQD,NET_ES131A,STA_ES0125A,,SP_28079017_14_6,SPP_28079017_14_6.1,SAM_28079017_14_6,O3,http://dd.eionet.europa.eu/vocabulary/aq/pollutant/7,hour,9.0099999900,µg/m3,2017-12-24 11:00:00 +01:00,2017-12-24 12:00:00 +01:00,1,1
ES,ES.BDCA.AQD,NET_ES131A,STA_ES0125A,,SP_28079017_14_6,SPP_28079017_14_6.1,SAM_28079017_14_6,O3,http://dd.eionet.europa.eu/vocabulary/aq/pollutant/7,hour,30.7500000000,µg/m3,2017-12-24 12:00:00 +01:00,2017-12-24 13:00:00 +01:00,1,1
ES,ES.BDCA.AQD,NET_ES131A,STA_ES0125A,,SP_28079017_14_6,SPP_28079017_14_6.1,SAM_28079017_14_6,O3,http://dd.eionet.europa.eu/vocabulary/aq/pollutant/7,hour,30.5799999900,µg/m3,2017-12-24 13:00:00 +01:00,2017-12-24 14:00:00 +01:00,1,1
ES,ES.BDCA.AQD,NET_ES131A,STA_ES0125A,,SP_28079017_14_6,SPP_28079017_14_6.1,SAM_28079017_14_6,O3,http://dd.eionet.europa.eu/vocabulary/aq/pollutant/7,hour,33.3200000000,µg/m3,2017-12-24 14:00:00 +01:00,2017-12-24 15:00:00 +01:00,1,1
ES,ES.BDCA.AQD,NET_ES131A,STA_ES0125A,,SP_28079017_14_6,SPP_28079017_14_6.1,SAM_28079017_14_6,O3,http://dd.eionet.europa.eu/vocabulary/aq/pollutant/7,hour,39.7299999900,µg/m3,2017-12-24 15:00:00 +01:00,2017-12-24 16:00:00 +01:00,1,1
ES,ES.BDCA.AQD,NET_ES131A,STA_ES0125A,,SP_28079017_14_6,SPP_28079017_14_6.1,SAM_28079017_14_6,O3,http://dd.eionet.europa.eu/vocabulary/aq/pollutant/7,hour,37.1400000000,µg/m3,2017-12-24 16:00:00 +01:00,2017-12-24 17:00:00 +01:00,1,1
ES,ES.BDCA.AQD,NET_ES131A,STA_ES0125A,,SP_28079017_14_6,SPP_28079017_14_6.1,SAM_28079017_14_6,O3,http://dd.eionet.europa.eu/vocabulary/aq/pollutant/7,hour,11.4300000000,µg/m3,2017-12-24 17:00:00 +01:00,2017-12-24 18:00:00 +01:00,1,1
ES,ES.BDCA.AQD,NET_ES131A,STA_ES0125A,,SP_28079017_14_6,SPP_28079017_14_6.1,SAM_28079017_14_6,O3,http://dd.eionet.europa.eu/vocabulary/aq/pollutant/7,hour,0.9600000000,µg/m3,2017-12-24 18:00:00 +01:00,2017-12-24 19:00:00 +01:00,1,1
ES,ES.BDCA.AQD,NET_ES131A,STA_ES0125A,,SP_28079017_14_6,SPP_28079017_14_6.1,SAM_28079017_14_6,O3,http://dd.eionet.europa.eu/vocabulary/aq/pollutant/7,hour,0.9600000000,µg/m3,2017-12-24 19:00:00 +01:00,2017-12-24 20:00:00 +01:00,1,1
ES,ES.BDCA.AQD,NET_ES131A,STA_ES0125A,,SP_28079017_14_6,SPP_28079017_14_6.1,SAM_28079017_14_6,O3,http://dd.eionet.europa.eu/vocabulary/aq/pollutant/7,hour,1.0100000000,µg/m3,2017-12-24 20:00:00 +01:00,2017-12-24 21:00:00 +01:00,1,1
ES,ES.BDCA.AQD,NET_ES131A,STA_ES0125A,,SP_28079017_14_6,SPP_28079017_14_6.1,SAM_28079017_14_6,O3,http://dd.eionet.europa.eu/vocabulary/aq/pollutant/7,hour,0.9400000000,µg/m3,2017-12-24 21:00:00 +01:00,2017-12-24 22:00:00 +01:00,1,1
ES,ES.BDCA.AQD,NET_ES131A,STA_ES0125A,,SP_28079017_14_6,SPP_28079017_14_6.1,SAM_28079017_14_6,O3,http://dd.eionet.europa.eu/vocabulary/aq/pollutant/7,hour,0.9500000000,µg/m3,2017-12-24 22:00:00 +01:00,2017-12-24 23:00:00 +01:00,1,1
ES,ES.BDCA.AQD,NET_ES131A,STA_ES0125A,,SP_28079017_14_6,SPP_28079017_14_6.1,SAM_28079017_14_6,O3,http://dd.eionet.europa.eu/vocabulary/aq/pollutant/7,hour,0.9900000000,µg/m3,2017-12-24 23:00:00 +01:00,2017-12-25 00:00:00 +01:00,1,1
ES,ES.BDCA.AQD,NET_ES131A,STA_ES0125A,,SP_28079017_14_6,SPP_28079017_14_6.1,SAM_28079017_14_6,O3,http://dd.eionet.europa.eu/vocabulary/aq/pollutant/7,hour,1.1299999900,µg/m3,2017-12-25 00:00:00 +01:00,2017-12-25 01:00:00 +01:00,1,1
ES,ES.BDCA.AQD,NET_ES131A,STA_ES0125A,,SP_28079017_14_6,SPP_28079017_14_6.1,SAM_28079017_14_6,O3,http://dd.eionet.europa.eu/vocabulary/aq/pollutant/7,hour,0.9200000000,µg/m3,2017-12-25 01:00:00 +01:00,2017-12-25 02:00:00 +01:00,1,1
ES,ES.BDCA.AQD,NET_ES131A,STA_ES0125A,,SP_28079017_14_6,SPP_28079017_14_6.1,SAM_28079017_14_6,O3,http://dd.eionet.europa.eu/vocabulary/aq/pollutant/7,hour,0.8900000000,µg/m3,2017-12-25 02:00:00 +01:00,2017-12-25 03:00:00 +01:00,1,1
ES,ES.BDCA.AQD,NET_ES131A,STA_ES0125A,,SP_28079017_14_6,SPP_28079017_14_6.1,SAM_28079017_14_6,O3,http://dd.eionet.europa.eu/vocabulary/aq/pollutant/7,hour,1.0400000000,µg/m3,2017-12-25 03:00:00 +01:00,2017-12-25 04:00:00 +01:00,1,1
ES,ES.BDCA.AQD,NET_ES131A,STA_ES0125A,,SP_28079017_14_6,SPP_28079017_14_6.1,SAM_28079017_14_6,O3,http://dd.eionet.europa.eu/vocabulary/aq/pollutant/7,hour,0.7800000000,µg/m3,2017-12-25 04:00:00 +01:00,2017-12-25 05:00:00 +01:00,1,1
ES,ES.BDCA.AQD,NET_ES131A,STA_ES0125A,,SP_28079017_14_6,SPP_28079017_14_6.1,SAM_28079017_14_6,O3,http://dd.eionet.europa.eu/vocabulary/aq/pollutant/7,hour,0.8400000000,µg/m3,2017-12-25 05:00:00 +01:00,2017-12-25 06:00:00 +01:00,1,1
ES,ES.BDCA.AQD,NET_ES131A,STA_ES0125A,,SP_28079017_14_6,SPP_28079017_14_6.1,SAM_28079017_14_6,O3,http://dd.eionet.europa.eu/vocabulary/aq/pollutant/7,hour,1.0000000000,µg/m3,2017-12-25 06:00:00 +01:00,2017-12-25 07:00:00 +01:00,1,1
ES,ES.BDCA.AQD,NET_ES131A,STA_ES0125A,,SP_28079017_14_6,SPP_28079017_14_6.1,SAM_28079017_14_6,O3,http://dd.eionet.europa.eu/vocabulary/aq/pollutant/7,hour,1.0100000000,µg/m3,2017-12-25 07:00:00 +01:00,2017-12-25 08:00:00 +01:00,1,1
ES,ES.BDCA.AQD,NET_ES131A,STA_ES0125A,,SP_28079017_14_6,SPP_28079017_14_6.1,SAM_28079017_14_6,O3,http://dd.eionet.europa.eu/vocabulary/aq/pollutant/7,hour,0.9600000000,µg/m3,2017-12-25 08:00:00 +01:00,2017-12-25 09:00:00 +01:00,1,1
ES,ES.BDCA.AQD,NET_ES131A,STA_ES0125A,,SP_28079017_14_6,SPP_28079017_14_6.1,SAM_28079017_14_6,O3,http://dd.eionet.europa.eu/vocabulary/aq/pollutant/7,hour,4.7800000000,µg/m3,2017-12-25 09:00:00 +01:00,2017-12-25 10:00:00 +01:00,1,1
ES,ES.BDCA.AQD,NET_ES131A,STA_ES0125A,,SP_28079017_14_6,SPP_28079017_14_6.1,SAM_28079017_14_6,O3,http://dd.eionet.europa.eu/vocabulary/aq/pollutant/7,hour,7.8399999900,µg/m3,2017-12-25 10:00:00 +01:00,2017-12-25 11:00:00 +01:00,1,1
ES,ES.BDCA.AQD,NET_ES131A,STA_ES0125A,,SP_28079017_14_6,SPP_28079017_14_6.1,SAM_28079017_14_6,O3,http://dd.eionet.europa.eu/vocabulary/aq/pollutant/7,hour,12.8200000000,µg/m3,2017-12-25 11:00:00 +01:00,2017-12-25 12:00:00 +01:00,1,1
ES,ES.BDCA.AQD,NET_ES131A,STA_ES0125A,,SP_28079017_14_6,SPP_28079017_14_6.1,SAM_28079017_14_6,O3,http://dd.eionet.europa.eu/vocabulary/aq/pollutant/7,hour,17.4300000000,µg/m3,2017-12-25 12:00:00 +01:00,2017-12-25 13:00:00 +01:00,1,1
ES,ES.BDCA.AQD,NET_ES131A,STA_ES0125A,,SP_28079017_14_6,SPP_28079017_14_6.1,SAM_28079017_14_6,O3,http://dd.eionet.europa.eu/vocabulary/aq/pollutant/7,hour,16.0000000000,µg/m3,2017-12-25 13:00:00 +01:00,2017-12-25 14:00:00 +01:00,1,1
ES,ES.BDCA.AQD,NET_ES131A,STA_ES0125A,,SP_28079017_14_6,SPP_28079017_14_6.1,SAM_28079017_14_6,O3,http://dd.eionet.europa.eu/vocabulary/aq/pollutant/7,hour,13.3800000000,µg/m3,2017-12-25 14:00:00 +01:00,2017-12-25 15:00:00 +01:00,1,1
ES,ES.BDCA.AQD,NET_ES131A,STA_ES0125A,,SP_28079017_14_6,SPP_28079017_14_6.1,SAM_28079017_14_6,O3,http://dd.eionet.europa.eu/vocabulary/aq/pollutant/7,hour,17.1000000000,µg/m3,2017-12-25 15:00:00 +01:00,2017-12-25 16:00:00 +01:00,1,1
ES,ES.BDCA.AQD,NET_ES131A,STA_ES0125A,,SP_28079017_14_6,SPP_28079017_14_6.1,SAM_28079017_14_6,O3,http://dd.eionet.europa.eu/vocabulary/aq/pollutant/7,hour,16.0900000000,µg/m3,2017-12-25 16:00:00 +01:00,2017-12-25 17:00:00 +01:00,1,1
ES,ES.BDCA.AQD,NET_ES131A,STA_ES0125A,,SP_28079017_14_6,SPP_28079017_14_6.1,SAM_28079017_14_6,O3,http://dd.eionet.europa.eu/vocabulary/aq/pollutant/7,hour,8.8399999900,µg/m3,2017-12-25 17:00:00 +01:00,2017-12-25 18:00:00 +01:00,1,1
ES,ES.BDCA.AQD,NET_ES131A,STA_ES0125A,,SP_28079017_14_6,SPP_28079017_14_6.1,SAM_28079017_14_6,O3,http://dd.eionet.europa.eu/vocabulary/aq/pollutant/7,hour,0.9200000000,µg/m3,2017-12-25 18:00:00 +01:00,2017-12-25 19:00:00 +01:00,1,1
ES,ES.BDCA.AQD,NET_ES131A,STA_ES0125A,,SP_28079017_14_6,SPP_28079017_14_6.1,SAM_28079017_14_6,O3,http://dd.eionet.europa.eu/vocabulary/aq/pollutant/7,hour,1.0000000000,µg/m3,2017-12-25 19:00:00 +01:00,2017-12-25 20:00:00 +01:00,1,1
ES,ES.BDCA.AQD,NET_ES131A,STA_ES0125A,,SP_28079017_14_6,SPP_28079017_14_6.1,SAM_28079017_14_6,O3,http://dd.eionet.europa.eu/vocabulary/aq/pollutant/7,hour,0.9700000000,µg/m3,2017-12-25 20:00:00 +01:00,2017-12-25 21:00:00 +01:00,1,1
ES,ES.BDCA.AQD,NET_ES131A,STA_ES0125A,,SP_28079017_14_6,SPP_28079017_14_6.1,SAM_28079017_14_6,O3,http://dd.eionet.europa.eu/vocabulary/aq/pollutant/7,hour,1.0000000000,µg/m3,2017-12-25 21:00:00 +01:00,2017-12-25 22:00:00 +01:00,1,1
ES,ES.BDCA.AQD,NET_ES131A,STA_ES0125A,,SP_28079017_14_6,SPP_28079017_14_6.1,SAM_28079017_14_6,O3,http://dd.eionet.europa.eu/vocabulary/aq/pollutant/7,hour,0.9700000000,µg/m3,2017-12-25 22:00:00 +01:00,2017-12-25 23:00:00 +01:00,1,1
ES,ES.BDCA.AQD,NET_ES131A,STA_ES0125A,,SP_28079017_14_6,SPP_28079017_14_6.1,SAM_28079017_14_6,O3,http://dd.eionet.europa.eu/vocabulary/aq/pollutant/7,hour,0.9400000000,µg/m3,2017-12-25 23:00:00 +01:00,2017-12-26 00:00:00 +01:00,1,1
ES,ES.BDCA.AQD,NET_ES131A,STA_ES0125A,,SP_28079017_14_6,SPP_28079017_14_6.1,SAM_28079017_14_6,O3,http://dd.eionet.europa.eu/vocabulary/aq/pollutant/7,hour,1.5800000000,µg/m3,2017-12-26 00:00:00 +01:00,2017-12-26 01:00:00 +01:00,1,1
ES,ES.BDCA.AQD,NET_ES131A,STA_ES0125A,,SP_28079017_14_6,SPP_28079017_14_6.1,SAM_28079017_14_6,O3,http://dd.eionet.europa.eu/vocabulary/aq/pollutant/7,hour,4.1399999900,µg/m3,2017-12-26 01:00:00 +01:00,2017-12-26 02:00:00 +01:00,1,1
ES,ES.BDCA.AQD,NET_ES131A,STA_ES0125A,,SP_28079017_14_6,SPP_28079017_14_6.1,SAM_28079017_14_6,O3,http://dd.eionet.europa.eu/vocabulary/aq/pollutant/7,hour,17.3099999900,µg/m3,2017-12-26 02:00:00 +01:00,2017-12-26 03:00:00 +01:00,1,1
ES,ES.BDCA.AQD,NET_ES131A,STA_ES0125A,,SP_28079017_14_6,SPP_28079017_14_6.1,SAM_28079017_14_6,O3,http://dd.eionet.europa.eu/vocabulary/aq/pollutant/7,hour,17.1900000000,µg/m3,2017-12-26 03:00:00 +01:00,2017-12-26 04:00:00 +01:00,1,1
ES,ES.BDCA.AQD,NET_ES131A,STA_ES0125A,,SP_28079017_14_6,SPP_28079017_14_6.1,SAM_28079017_14_6,O3,http://dd.eionet.europa.eu/vocabulary/aq/pollutant/7,hour,5.5899999900,µg/m3,2017-12-26 04:00:00 +01:00,2017-12-26 05:00:00 +01:00,1,1
ES,ES.BDCA.AQD,NET_ES131A,STA_ES0125A,,SP_28079017_14_6,SPP_28079017_14_6.1,SAM_28079017_14_6,O3,http://dd.eionet.europa.eu/vocabulary/aq/pollutant/7,hour,2.0899999900,µg/m3,2017-12-26 05:00:00 +01:00,2017-12-26 06:00:00 +01:00,1,1
ES,ES.BDCA.AQD,NET_ES131A,STA_ES0125A,,SP_28079017_14_6,SPP_28079017_14_6.1,SAM_28079017_14_6,O3,http://dd.eionet.europa.eu/vocabulary/aq/pollutant/7,hour,1.0600000000,µg/m3,2017-12-26 06:00:00 +01:00,2017-12-26 07:00:00 +01:00,1,1
ES,ES.BDCA.AQD,NET_ES131A,STA_ES0125A,,SP_28079017_14_6,SPP_28079017_14_6.1,SAM_28079017_14_6,O3,http://dd.eionet.europa.eu/vocabulary/aq/pollutant/7,hour,1.2400000000,µg/m3,2017-12-26 07:00:00 +01:00,2017-12-26 08:00:00 +01:00,1,1
ES,ES.BDCA.AQD,NET_ES131A,STA_ES0125A,,SP_28079017_14_6,SPP_28079017_14_6.1,SAM_28079017_14_6,O3,http://dd.eionet.europa.eu/vocabulary/aq/pollutant/7,hour,3.2799999900,µg/m3,2017-12-26 08:00:00 +01:00,2017-12-26 09:00:00 +01:00,1,1
ES,ES.BDCA.AQD,NET_ES131A,STA_ES0125A,,SP_28079017_14_6,SPP_28079017_14_6.1,SAM_28079017_14_6,O3,http://dd.eionet.europa.eu/vocabulary/aq/pollutant/7,hour,11.5000000000,µg/m3,2017-12-26 09:00:00 +01:00,2017-12-26 10:00:00 +01:00,1,1
ES,ES.BDCA.AQD,NET_ES131A,STA_ES0125A,,SP_28079017_14_6,SPP_28079017_14_6.1,SAM_28079017_14_6,O3,http://dd.eionet.europa.eu/vocabulary/aq/pollutant/7,hour,16.1099999900,µg/m3,2017-12-26 10:00:00 +01:00,2017-12-26 11:00:00 +01:00,1,1
ES,ES.BDCA.AQD,NET_ES131A,STA_ES0125A,,SP_28079017_14_6,SPP_28079017_14_6.1,SAM_28079017_14_6,O3,http://dd.eionet.europa.eu/vocabulary/aq/pollutant/7,hour,15.3800000000,µg/m3,2017-12-26 11:00:00 +01:00,2017-12-26 12:00:00 +01:00,1,1
ES,ES.BDCA.AQD,NET_ES131A,STA_ES0125A,,SP_28079017_14_6,SPP_28079017_14_6.1,SAM_28079017_14_6,O3,http://dd.eionet.europa.eu/vocabulary/aq/pollutant/7,hour,20.0599999900,µg/m3,2017-12-26 12:00:00 +01:00,2017-12-26 13:00:00 +01:00,1,1
ES,ES.BDCA.AQD,NET_ES131A,STA_ES0125A,,SP_28079017_14_6,SPP_28079017_14_6.1,SAM_28079017_14_6,O3,http://dd.eionet.europa.eu/vocabulary/aq/pollutant/7,hour,18.7100000000,µg/m3,2017-12-26 13:00:00 +01:00,2017-12-26 14:00:00 +01:00,1,1
ES,ES.BDCA.AQD,NET_ES131A,STA_ES0125A,,SP_28079017_14_6,SPP_28079017_14_6.1,SAM_28079017_14_6,O3,http://dd.eionet.europa.eu/vocabulary/aq/pollutant/7,hour,28.6900000000,µg/m3,2017-12-26 14:00:00 +01:00,2017-12-26 15:00:00 +01:00,1,1
ES,ES.BDCA.AQD,NET_ES131A,STA_ES0125A,,SP_28079017_14_6,SPP_28079017_14_6.1,SAM_28079017_14_6,O3,http://dd.eionet.europa.eu/vocabulary/aq/pollutant/7,hour,35.8800000000,µg/m3,2017-12-26 15:00:00 +01:00,2017-12-26 16:00:00 +01:00,1,1
ES,ES.BDCA.AQD,NET_ES131A,STA_ES0125A,,SP_28079017_14_6,SPP_28079017_14_6.1,SAM_28079017_14_6,O3,http://dd.eionet.europa.eu/vocabulary/aq/pollutant/7,hour,39.8800000000,µg/m3,2017-12-26 16:00:00 +01:00,2017-12-26 17:00:00 +01:00,1,1
ES,ES.BDCA.AQD,NET_ES131A,STA_ES0125A,,SP_28079017_14_6,SPP_28079017_14_6.1,SAM_28079017_14_6,O3,http://dd.eionet.europa.eu/vocabulary/aq/pollutant/7,hour,30.3799999900,µg/m3,2017-12-26 17:00:00 +01:00,2017-12-26 18:00:00 +01:00,1,1
ES,ES.BDCA.AQD,NET_ES131A,STA_ES0125A,,SP_28079017_14_6,SPP_28079017_14_6.1,SAM_28079017_14_6,O3,http://dd.eionet.europa.eu/vocabulary/aq/pollutant/7,hour,29.2399999900,µg/m3,2017-12-26 18:00:00 +01:00,2017-12-26 19:00:00 +01:00,1,1
ES,ES.BDCA.AQD,NET_ES131A,STA_ES0125A,,SP_28079017_14_6,SPP_28079017_14_6.1,SAM_28079017_14_6,O3,http://dd.eionet.europa.eu/vocabulary/aq/pollutant/7,hour,28.1800000000,µg/m3,2017-12-26 19:00:00 +01:00,2017-12-26 20:00:00 +01:00,1,1
ES,ES.BDCA.AQD,NET_ES131A,STA_ES0125A,,SP_28079017_14_6,SPP_28079017_14_6.1,SAM_28079017_14_6,O3,http://dd.eionet.europa.eu/vocabulary/aq/pollutant/7,hour,34.4200000000,µg/m3,2017-12-26 20:00:00 +01:00,2017-12-26 21:00:00 +01:00,1,1
ES,ES.BDCA.AQD,NET_ES131A,STA_ES0125A,,SP_28079017_14_6,SPP_28079017_14_6.1,SAM_28079017_14_6,O3,http://dd.eionet.europa.eu/vocabulary/aq/pollutant/7,hour,38.4399999900,µg/m3,2017-12-26 21:00:00 +01:00,2017-12-26 22:00:00 +01:00,1,1
ES,ES.BDCA.AQD,NET_ES131A,STA_ES0125A,,SP_28079017_14_6,SPP_28079017_14_6.1,SAM_28079017_14_6,O3,http://dd.eionet.europa.eu/vocabulary/aq/pollutant/7,hour,46.4099999900,µg/m3,2017-12-26 22:00:00 +01:00,2017-12-26 23:00:00 +01:00,1,1
ES,ES.BDCA.AQD,NET_ES131A,STA_ES0125A,,SP_28079017_14_6,SPP_28079017_14_6.1,SAM_28079017_14_6,O3,http://dd.eionet.europa.eu/vocabulary/aq/pollutant/7,hour,47.2100000000,µg/m3,2017-12-26 23:00:00 +01:00,2017-12-27 00:00:00 +01:00,1,1
ES,ES.BDCA.AQD,NET_ES131A,STA_ES0125A,,SP_28079017_14_6,SPP_28079017_14_6.1,SAM_28079017_14_6,O3,http://dd.eionet.europa.eu/vocabulary/aq/pollutant/7,hour,49.8999999900,µg/m3,2017-12-27 00:00:00 +01:00,2017-12-27 01:00:00 +01:00,1,1
ES,ES.BDCA.AQD,NET_ES131A,STA_ES0125A,,SP_28079017_14_6,SPP_28079017_14_6.1,SAM_28079017_14_6,O3,http://dd.eionet.europa.eu/vocabulary/aq/pollutant/7,hour,51.5200000000,µg/m3,2017-12-27 01:00:00 +01:00,2017-12-27 02:00:00 +01:00,1,1
ES,ES.BDCA.AQD,NET_ES131A,STA_ES0125A,,SP_28079017_14_6,SPP_28079017_14_6.1,SAM_28079017_14_6,O3,http://dd.eionet.europa.eu/vocabulary/aq/pollutant/7,hour,50.2500000000,µg/m3,2017-12-27 02:00:00 +01:00,2017-12-27 03:00:00 +01:00,1,1
ES,ES.BDCA.AQD,NET_ES131A,STA_ES0125A,,SP_28079017_14_6,SPP_28079017_14_6.1,SAM_28079017_14_6,O3,http://dd.eionet.europa.eu/vocabulary/aq/pollutant/7,hour,53.2700000000,µg/m3,2017-12-27 03:00:00 +01:00,2017-12-27 04:00:00 +01:00,1,1
ES,ES.BDCA.AQD,NET_ES131A,STA_ES0125A,,SP_28079017_14_6,SPP_28079017_14_6.1,SAM_28079017_14_6,O3,http://dd.eionet.europa.eu/vocabulary/aq/pollutant/7,hour,62.9600000000,µg/m3,2017-12-27 04:00:00 +01:00,2017-12-27 05:00:00 +01:00,1,1
ES,ES.BDCA.AQD,NET_ES131A,STA_ES0125A,,SP_28079017_14_6,SPP_28079017_14_6.1,SAM_28079017_14_6,O3,http://dd.eionet.europa.eu/vocabulary/aq/pollutant/7,hour,64.7399999900,µg/m3,2017-12-27 05:00:00 +01:00,2017-12-27 06:00:00 +01:00,1,1
ES,ES.BDCA.AQD,NET_ES131A,STA_ES0125A,,SP_28079017_14_6,SPP_28079017_14_6.1,SAM_28079017_14_6,O3,http://dd.eionet.europa.eu/vocabulary/aq/pollutant/7,hour,63.7999999900,µg/m3,2017-12-27 06:00:00 +01:00,2017-12-27 07:00:00 +01:00,1,1
ES,ES.BDCA.AQD,NET_ES131A,STA_ES0125A,,SP_28079017_14_6,SPP_28079017_14_6.1,SAM_28079017_14_6,O3,http://dd.eionet.europa.eu/vocabulary/aq/pollutant/7,hour,58.7599999900,µg/m3,2017-12-27 07:00:00 +01:00,2017-12-27 08:00:00 +01:00,1,1
ES,ES.BDCA.AQD,NET_ES131A,STA_ES0125A,,SP_28079017_14_6,SPP_28079017_14_6.1,SAM_28079017_14_6,O3,http://dd.eionet.europa.eu/vocabulary/aq/pollutant/7,hour,51.5300000000,µg/m3,2017-12-27 08:00:00 +01:00,2017-12-27 09:00:00 +01:00,1,1
ES,ES.BDCA.AQD,NET_ES131A,STA_ES0125A,,SP_28079017_14_6,SPP_28079017_14_6.1,SAM_28079017_14_6,O3,http://dd.eionet.europa.eu/vocabulary/aq/pollutant/7,hour,39.5099999900,µg/m3,2017-12-27 09:00:00 +01:00,2017-12-27 10:00:00 +01:00,1,1
ES,ES.BDCA.AQD,NET_ES131A,STA_ES0125A,,SP_28079017_14_6,SPP_28079017_14_6.1,SAM_28079017_14_6,O3,http://dd.eionet.europa.eu/vocabulary/aq/pollutant/7,hour,51.1499999900,µg/m3,2017-12-27 10:00:00 +01:00,2017-12-27 11:00:00 +01:00,1,1
ES,ES.BDCA.AQD,NET_ES131A,STA_ES0125A,,SP_28079017_14_6,SPP_28079017_14_6.1,SAM_28079017_14_6,O3,http://dd.eionet.europa.eu/vocabulary/aq/pollutant/7,hour,52.3800000000,µg/m3,2017-12-27 11:00:00 +01:00,2017-12-27 12:00:00 +01:00,1,1
ES,ES.BDCA.AQD,NET_ES131A,STA_ES0125A,,SP_28079017_14_6,SPP_28079017_14_6.1,SAM_28079017_14_6,O3,http://dd.eionet.europa.eu/vocabulary/aq/pollutant/7,hour,53.7000000000,µg/m3,2017-12-27 12:00:00 +01:00,2017-12-27 13:00:00 +01:00,1,1
ES,ES.BDCA.AQD,NET_ES131A,STA_ES0125A,,SP_28079017_14_6,SPP_28079017_14_6.1,SAM_28079017_14_6,O3,http://dd.eionet.europa.eu/vocabulary/aq/pollutant/7,hour,57.0799999900,µg/m3,2017-12-27 13:00:00 +01:00,2017-12-27 14:00:00 +01:00,1,1
ES,ES.BDCA.AQD,NET_ES131A,STA_ES0125A,,SP_28079017_14_6,SPP_28079017_14_6.1,SAM_28079017_14_6,O3,http://dd.eionet.europa.eu/vocabulary/aq/pollutant/7,hour,53.7000000000,µg/m3,2017-12-27 14:00:00 +01:00,2017-12-27 15:00:00 +01:00,1,1
ES,ES.BDCA.AQD,NET_ES131A,STA_ES0125A,,SP_28079017_14_6,SPP_28079017_14_6.1,SAM_28079017_14_6,O3,http://dd.eionet.europa.eu/vocabulary/aq/pollutant/7,hour,52.1499999900,µg/m3,2017-12-27 15:00:00 +01:00,2017-12-27 16:00:00 +01:00,1,1
ES,ES.BDCA.AQD,NET_ES131A,STA_ES0125A,,SP_28079017_14_6,SPP_28079017_14_6.1,SAM_28079017_14_6,O3,http://dd.eionet.europa.eu/vocabulary/aq/pollutant/7,hour,51.2500000000,µg/m3,2017-12-27 16:00:00 +01:00,2017-12-27 17:00:00 +01:00,1,1
ES,ES.BDCA.AQD,NET_ES131A,STA_ES0125A,,SP_28079017_14_6,SPP_28079017_14_6.1,SAM_28079017_14_6,O3,http://dd.eionet.europa.eu/vocabulary/aq/pollutant/7,hour,43.5499999900,µg/m3,2017-12-27 17:00:00 +01:00,2017-12-27 18:00:00 +01:00,1,1
ES,ES.BDCA.AQD,NET_ES131A,STA_ES0125A,,SP_28079017_14_6,SPP_28079017_14_6.1,SAM_28079017_14_6,O3,http://dd.eionet.europa.eu/vocabulary/aq/pollutant/7,hour,31.9699999900,µg/m3,2017-12-27 18:00:00 +01:00,2017-12-27 19:00:00 +01:00,1,1
ES,ES.BDCA.AQD,NET_ES131A,STA_ES0125A,,SP_28079017_14_6,SPP_28079017_14_6.1,SAM_28079017_14_6,O3,http://dd.eionet.europa.eu/vocabulary/aq/pollutant/7,hour,36.4200000000,µg/m3,2017-12-27 19:00:00 +01:00,2017-12-27 20:00:00 +01:00,1,1
ES,ES.BDCA.AQD,NET_ES131A,STA_ES0125A,,SP_28079017_14_6,SPP_28079017_14_6.1,SAM_28079017_14_6,O3,http://dd.eionet.europa.eu/vocabulary/aq/pollutant/7,hour,37.7299999900,µg/m3,2017-12-27 20:00:00 +01:00,2017-12-27 21:00:00 +01:00,1,1
ES,ES.BDCA.AQD,NET_ES131A,STA_ES0125A,,SP_28079017_14_6,SPP_28079017_14_6.1,SAM_28079017_14_6,O3,http://dd.eionet.europa.eu/vocabulary/aq/pollutant/7,hour,39.8999999900,µg/m3,2017-12-27 21:00:00 +01:00,2017-12-27 22:00:00 +01:00,1,1
ES,ES.BDCA.AQD,NET_ES131A,STA_ES0125A,,SP_28079017_14_6,SPP_28079017_14_6.1,SAM_28079017_14_6,O3,http://dd.eionet.europa.eu/vocabulary/aq/pollutant/7,hour,45.3900000000,µg/m3,2017-12-27 22:00:00 +01:00,2017-12-27 23:00:00 +01:00,1,1
ES,ES.BDCA.AQD,NET_ES131A,STA_ES0125A,,SP_28079017_14_6,SPP_28079017_14_6.1,SAM_28079017_14_6,O3,http://dd.eionet.europa.eu/vocabulary/aq/pollutant/7,hour,35.8299999900,µg/m3,2017-12-27 23:00:00 +01:00,2017-12-28 00:00:00 +01:00,1,1
ES,ES.BDCA.AQD,NET_ES131A,STA_ES0125A,,SP_28079017_14_6,SPP_28079017_14_6.1,SAM_28079017_14_6,O3,http://dd.eionet.europa.eu/vocabulary/aq/pollutant/7,hour,45.1599999900,µg/m3,2017-12-28 00:00:00 +01:00,2017-12-28 01:00:00 +01:00,1,1
ES,ES.BDCA.AQD,NET_ES131A,STA_ES0125A,,SP_28079017_14_6,SPP_28079017_14_6.1,SAM_28079017_14_6,O3,http://dd.eionet.europa.eu/vocabulary/aq/pollutant/7,hour,47.7700000000,µg/m3,2017-12-28 01:00:00 +01:00,2017-12-28 02:00:00 +01:00,1,1
ES,ES.BDCA.AQD,NET_ES131A,STA_ES0125A,,SP_28079017_14_6,SPP_28079017_14_6.1,SAM_28079017_14_6,O3,http://dd.eionet.europa.eu/vocabulary/aq/pollutant/7,hour,50.0099999900,µg/m3,2017-12-28 02:00:00 +01:00,2017-12-28 03:00:00 +01:00,1,1
ES,ES.BDCA.AQD,NET_ES131A,STA_ES0125A,,SP_28079017_14_6,SPP_28079017_14_6.1,SAM_28079017_14_6,O3,http://dd.eionet.europa.eu/vocabulary/aq/pollutant/7,hour,49.1400000000,µg/m3,2017-12-28 03:00:00 +01:00,2017-12-28 04:00:00 +01:00,1,1
ES,ES.BDCA.AQD,NET_ES131A,STA_ES0125A,,SP_28079017_14_6,SPP_28079017_14_6.1,SAM_28079017_14_6,O3,http://dd.eionet.europa.eu/vocabulary/aq/pollutant/7,hour,53.8299999900,µg/m3,2017-12-28 04:00:00 +01:00,2017-12-28 05:00:00 +01:00,1,1
ES,ES.BDCA.AQD,NET_ES131A,STA_ES0125A,,SP_28079017_14_6,SPP_28079017_14_6.1,SAM_28079017_14_6,O3,http://dd.eionet.europa.eu/vocabulary/aq/pollutant/7,hour,49.7899999900,µg/m3,2017-12-28 05:00:00 +01:00,2017-12-28 06:00:00 +01:00,1,1
ES,ES.BDCA.AQD,NET_ES131A,STA_ES0125A,,SP_28079017_14_6,SPP_28079017_14_6.1,SAM_28079017_14_6,O3,http://dd.eionet.europa.eu/vocabulary/aq/pollutant/7,hour,38.4699999900,µg/m3,2017-12-28 06:00:00 +01:00,2017-12-28 07:00:00 +01:00,1,1
ES,ES.BDCA.AQD,NET_ES131A,STA_ES0125A,,SP_28079017_14_6,SPP_28079017_14_6.1,SAM_28079017_14_6,O3,http://dd.eionet.europa.eu/vocabulary/aq/pollutant/7,hour,22.9300000000,µg/m3,2017-12-28 07:00:00 +01:00,2017-12-28 08:00:00 +01:00,1,1
ES,ES.BDCA.AQD,NET_ES131A,STA_ES0125A,,SP_28079017_14_6,SPP_28079017_14_6.1,SAM_28079017_14_6,O3,http://dd.eionet.europa.eu/vocabulary/aq/pollutant/7,hour,14.4900000000,µg/m3,2017-12-28 08:00:00 +01:00,2017-12-28 09:00:00 +01:00,1,1
ES,ES.BDCA.AQD,NET_ES131A,STA_ES0125A,,SP_28079017_14_6,SPP_28079017_14_6.1,SAM_28079017_14_6,O3,http://dd.eionet.europa.eu/vocabulary/aq/pollutant/7,hour,10.1199999900,µg/m3,2017-12-28 09:00:00 +01:00,2017-12-28 10:00:00 +01:00,1,1
ES,ES.BDCA.AQD,NET_ES131A,STA_ES0125A,,SP_28079017_14_6,SPP_28079017_14_6.1,SAM_28079017_14_6,O3,http://dd.eionet.europa.eu/vocabulary/aq/pollutant/7,hour,13.3699999900,µg/m3,2017-12-28 10:00:00 +01:00,2017-12-28 11:00:00 +01:00,1,1
ES,ES.BDCA.AQD,NET_ES131A,STA_ES0125A,,SP_28079017_14_6,SPP_28079017_14_6.1,SAM_28079017_14_6,O3,http://dd.eionet.europa.eu/vocabulary/aq/pollutant/7,hour,20.5000000000,µg/m3,2017-12-28 11:00:00 +01:00,2017-12-28 12:00:00 +01:00,1,1
ES,ES.BDCA.AQD,NET_ES131A,STA_ES0125A,,SP_28079017_14_6,SPP_28079017_14_6.1,SAM_28079017_14_6,O3,http://dd.eionet.europa.eu/vocabulary/aq/pollutant/7,hour,26.9100000000,µg/m3,2017-12-28 12:00:00 +01:00,2017-12-28 13:00:00 +01:00,1,1
ES,ES.BDCA.AQD,NET_ES131A,STA_ES0125A,,SP_28079017_14_6,SPP_28079017_14_6.1,SAM_28079017_14_6,O3,http://dd.eionet.europa.eu/vocabulary/aq/pollutant/7,hour,30.8799999900,µg/m3,2017-12-28 13:00:00 +01:00,2017-12-28 14:00:00 +01:00,1,1
ES,ES.BDCA.AQD,NET_ES131A,STA_ES0125A,,SP_28079017_14_6,SPP_28079017_14_6.1,SAM_28079017_14_6,O3,http://dd.eionet.europa.eu/vocabulary/aq/pollutant/7,hour,30.0700000000,µg/m3,2017-12-28 14:00:00 +01:00,2017-12-28 15:00:00 +01:00,1,1
ES,ES.BDCA.AQD,NET_ES131A,STA_ES0125A,,SP_28079017_14_6,SPP_28079017_14_6.1,SAM_28079017_14_6,O3,http://dd.eionet.europa.eu/vocabulary/aq/pollutant/7,hour,27.3900000000,µg/m3,2017-12-28 15:00:00 +01:00,2017-12-28 16:00:00 +01:00,1,1
ES,ES.BDCA.AQD,NET_ES131A,STA_ES0125A,,SP_28079017_14_6,SPP_28079017_14_6.1,SAM_28079017_14_6,O3,http://dd.eionet.europa.eu/vocabulary/aq/pollutant/7,hour,27.9300000000,µg/m3,2017-12-28 16:00:00 +01:00,2017-12-28 17:00:00 +01:00,1,1
ES,ES.BDCA.AQD,NET_ES131A,STA_ES0125A,,SP_28079017_14_6,SPP_28079017_14_6.1,SAM_28079017_14_6,O3,http://dd.eionet.europa.eu/vocabulary/aq/pollutant/7,hour,22.7800000000,µg/m3,2017-12-28 17:00:00 +01:00,2017-12-28 18:00:00 +01:00,1,1
ES,ES.BDCA.AQD,NET_ES131A,STA_ES0125A,,SP_28079017_14_6,SPP_28079017_14_6.1,SAM_28079017_14_6,O3,http://dd.eionet.europa.eu/vocabulary/aq/pollutant/7,hour,21.1400000000,µg/m3,2017-12-28 18:00:00 +01:00,2017-12-28 19:00:00 +01:00,1,1
ES,ES.BDCA.AQD,NET_ES131A,STA_ES0125A,,SP_28079017_14_6,SPP_28079017_14_6.1,SAM_28079017_14_6,O3,http://dd.eionet.europa.eu/vocabulary/aq/pollutant/7,hour,28.8000000000,µg/m3,2017-12-28 19:00:00 +01:00,2017-12-28 20:00:00 +01:00,1,1
ES,ES.BDCA.AQD,NET_ES131A,STA_ES0125A,,SP_28079017_14_6,SPP_28079017_14_6.1,SAM_28079017_14_6,O3,http://dd.eionet.europa.eu/vocabulary/aq/pollutant/7,hour,25.1999999900,µg/m3,2017-12-28 20:00:00 +01:00,2017-12-28 21:00:00 +01:00,1,1
ES,ES.BDCA.AQD,NET_ES131A,STA_ES0125A,,SP_28079017_14_6,SPP_28079017_14_6.1,SAM_28079017_14_6,O3,http://dd.eionet.europa.eu/vocabulary/aq/pollutant/7,hour,37.8400000000,µg/m3,2017-12-28 21:00:00 +01:00,2017-12-28 22:00:00 +01:00,1,1
ES,ES.BDCA.AQD,NET_ES131A,STA_ES0125A,,SP_28079017_14_6,SPP_28079017_14_6.1,SAM_28079017_14_6,O3,http://dd.eionet.europa.eu/vocabulary/aq/pollutant/7,hour,47.7899999900,µg/m3,2017-12-28 22:00:00 +01:00,2017-12-28 23:00:00 +01:00,1,1
ES,ES.BDCA.AQD,NET_ES131A,STA_ES0125A,,SP_28079017_14_6,SPP_28079017_14_6.1,SAM_28079017_14_6,O3,http://dd.eionet.europa.eu/vocabulary/aq/pollutant/7,hour,51.6899999900,µg/m3,2017-12-28 23:00:00 +01:00,2017-12-29 00:00:00 +01:00,1,1
ES,ES.BDCA.AQD,NET_ES131A,STA_ES0125A,,SP_28079017_14_6,SPP_28079017_14_6.1,SAM_28079017_14_6,O3,http://dd.eionet.europa.eu/vocabulary/aq/pollutant/7,hour,53.1400000000,µg/m3,2017-12-29 00:00:00 +01:00,2017-12-29 01:00:00 +01:00,1,1
ES,ES.BDCA.AQD,NET_ES131A,STA_ES0125A,,SP_28079017_14_6,SPP_28079017_14_6.1,SAM_28079017_14_6,O3,http://dd.eionet.europa.eu/vocabulary/aq/pollutant/7,hour,56.7400000000,µg/m3,2017-12-29 01:00:00 +01:00,2017-12-29 02:00:00 +01:00,1,1
ES,ES.BDCA.AQD,NET_ES131A,STA_ES0125A,,SP_28079017_14_6,SPP_28079017_14_6.1,SAM_28079017_14_6,O3,http://dd.eionet.europa.eu/vocabulary/aq/pollutant/7,hour,60.2700000000,µg/m3,2017-12-29 02:00:00 +01:00,2017-12-29 03:00:00 +01:00,1,1
ES,ES.BDCA.AQD,NET_ES131A,STA_ES0125A,,SP_28079017_14_6,SPP_28079017_14_6.1,SAM_28079017_14_6,O3,http://dd.eionet.europa.eu/vocabulary/aq/pollutant/7,hour,59.2500000000,µg/m3,2017-12-29 03:00:00 +01:00,2017-12-29 04:00:00 +01:00,1,1
ES,ES.BDCA.AQD,NET_ES131A,STA_ES0125A,,SP_28079017_14_6,SPP_28079017_14_6.1,SAM_28079017_14_6,O3,http://dd.eionet.europa.eu/vocabulary/aq/pollutant/7,hour,57.4500000000,µg/m3,2017-12-29 04:00:00 +01:00,2017-12-29 05:00:00 +01:00,1,1
ES,ES.BDCA.AQD,NET_ES131A,STA_ES0125A,,SP_28079017_14_6,SPP_28079017_14_6.1,SAM_28079017_14_6,O3,http://dd.eionet.europa.eu/vocabulary/aq/pollutant/7,hour,28.9200000000,µg/m3,2017-12-29 05:00:00 +01:00,2017-12-29 06:00:00 +01:00,1,1
ES,ES.BDCA.AQD,NET_ES131A,STA_ES0125A,,SP_28079017_14_6,SPP_28079017_14_6.1,SAM_28079017_14_6,O3,http://dd.eionet.europa.eu/vocabulary/aq/pollutant/7,hour,17.5599999900,µg/m3,2017-12-29 06:00:00 +01:00,2017-12-29 07:00:00 +01:00,1,1
ES,ES.BDCA.AQD,NET_ES131A,STA_ES0125A,,SP_28079017_14_6,SPP_28079017_14_6.1,SAM_28079017_14_6,O3,http://dd.eionet.europa.eu/vocabulary/aq/pollutant/7,hour,15.6400000000,µg/m3,2017-12-29 07:00:00 +01:00,2017-12-29 08:00:00 +01:00,1,1
ES,ES.BDCA.AQD,NET_ES131A,STA_ES0125A,,SP_28079017_14_6,SPP_28079017_14_6.1,SAM_28079017_14_6,O3,http://dd.eionet.europa.eu/vocabulary/aq/pollutant/7,hour,19.0399999900,µg/m3,2017-12-29 08:00:00 +01:00,2017-12-29 09:00:00 +01:00,1,1
ES,ES.BDCA.AQD,NET_ES131A,STA_ES0125A,,SP_28079017_14_6,SPP_28079017_14_6.1,SAM_28079017_14_6,O3,http://dd.eionet.europa.eu/vocabulary/aq/pollutant/7,hour,18.5799999900,µg/m3,2017-12-29 09:00:00 +01:00,2017-12-29 10:00:00 +01:00,1,1
ES,ES.BDCA.AQD,NET_ES131A,STA_ES0125A,,SP_28079017_14_6,SPP_28079017_14_6.1,SAM_28079017_14_6,O3,http://dd.eionet.europa.eu/vocabulary/aq/pollutant/7,hour,25.2600000000,µg/m3,2017-12-29 10:00:00 +01:00,2017-12-29 11:00:00 +01:00,1,1
ES,ES.BDCA.AQD,NET_ES131A,STA_ES0125A,,SP_28079017_14_6,SPP_28079017_14_6.1,SAM_28079017_14_6,O3,http://dd.eionet.europa.eu/vocabulary/aq/pollutant/7,hour,32.4399999900,µg/m3,2017-12-29 11:00:00 +01:00,2017-12-29 12:00:00 +01:00,1,1
ES,ES.BDCA.AQD,NET_ES131A,STA_ES0125A,,SP_28079017_14_6,SPP_28079017_14_6.1,SAM_28079017_14_6,O3,http://dd.eionet.europa.eu/vocabulary/aq/pollutant/7,hour,36.2999999900,µg/m3,2017-12-29 12:00:00 +01:00,2017-12-29 13:00:00 +01:00,1,1
ES,ES.BDCA.AQD,NET_ES131A,STA_ES0125A,,SP_28079017_14_6,SPP_28079017_14_6.1,SAM_28079017_14_6,O3,http://dd.eionet.europa.eu/vocabulary/aq/pollutant/7,hour,34.0399999900,µg/m3,2017-12-29 13:00:00 +01:00,2017-12-29 14:00:00 +01:00,1,1
ES,ES.BDCA.AQD,NET_ES131A,STA_ES0125A,,SP_28079017_14_6,SPP_28079017_14_6.1,SAM_28079017_14_6,O3,http://dd.eionet.europa.eu/vocabulary/aq/pollutant/7,hour,42.2899999900,µg/m3,2017-12-29 14:00:00 +01:00,2017-12-29 15:00:00 +01:00,1,1
ES,ES.BDCA.AQD,NET_ES131A,STA_ES0125A,,SP_28079017_14_6,SPP_28079017_14_6.1,SAM_28079017_14_6,O3,http://dd.eionet.europa.eu/vocabulary/aq/pollutant/7,hour,41.6400000000,µg/m3,2017-12-29 15:00:00 +01:00,2017-12-29 16:00:00 +01:00,1,1
ES,ES.BDCA.AQD,NET_ES131A,STA_ES0125A,,SP_28079017_14_6,SPP_28079017_14_6.1,SAM_28079017_14_6,O3,http://dd.eionet.europa.eu/vocabulary/aq/pollutant/7,hour,32.0099999900,µg/m3,2017-12-29 16:00:00 +01:00,2017-12-29 17:00:00 +01:00,1,1
ES,ES.BDCA.AQD,NET_ES131A,STA_ES0125A,,SP_28079017_14_6,SPP_28079017_14_6.1,SAM_28079017_14_6,O3,http://dd.eionet.europa.eu/vocabulary/aq/pollutant/7,hour,20.0900000000,µg/m3,2017-12-29 17:00:00 +01:00,2017-12-29 18:00:00 +01:00,1,1
ES,ES.BDCA.AQD,NET_ES131A,STA_ES0125A,,SP_28079017_14_6,SPP_28079017_14_6.1,SAM_28079017_14_6,O3,http://dd.eionet.europa.eu/vocabulary/aq/pollutant/7,hour,11.4800000000,µg/m3,2017-12-29 18:00:00 +01:00,2017-12-29 19:00:00 +01:00,1,1
ES,ES.BDCA.AQD,NET_ES131A,STA_ES0125A,,SP_28079017_14_6,SPP_28079017_14_6.1,SAM_28079017_14_6,O3,http://dd.eionet.europa.eu/vocabulary/aq/pollutant/7,hour,2.8799999900,µg/m3,2017-12-29 19:00:00 +01:00,2017-12-29 20:00:00 +01:00,1,1
ES,ES.BDCA.AQD,NET_ES131A,STA_ES0125A,,SP_28079017_14_6,SPP_28079017_14_6.1,SAM_28079017_14_6,O3,http://dd.eionet.europa.eu/vocabulary/aq/pollutant/7,hour,1.9400000000,µg/m3,2017-12-29 20:00:00 +01:00,2017-12-29 21:00:00 +01:00,1,1
ES,ES.BDCA.AQD,NET_ES131A,STA_ES0125A,,SP_28079017_14_6,SPP_28079017_14_6.1,SAM_28079017_14_6,O3,http://dd.eionet.europa.eu/vocabulary/aq/pollutant/7,hour,2.9600000000,µg/m3,2017-12-29 21:00:00 +01:00,2017-12-29 22:00:00 +01:00,1,1
ES,ES.BDCA.AQD,NET_ES131A,STA_ES0125A,,SP_28079017_14_6,SPP_28079017_14_6.1,SAM_28079017_14_6,O3,http://dd.eionet.europa.eu/vocabulary/aq/pollutant/7,hour,4.9699999900,µg/m3,2017-12-29 22:00:00 +01:00,2017-12-29 23:00:00 +01:00,1,1
ES,ES.BDCA.AQD,NET_ES131A,STA_ES0125A,,SP_28079017_14_6,SPP_28079017_14_6.1,SAM_28079017_14_6,O3,http://dd.eionet.europa.eu/vocabulary/aq/pollutant/7,hour,13.4700000000,µg/m3,2017-12-29 23:00:00 +01:00,2017-12-30 00:00:00 +01:00,1,1
ES,ES.BDCA.AQD,NET_ES131A,STA_ES0125A,,SP_28079017_14_6,SPP_28079017_14_6.1,SAM_28079017_14_6,O3,http://dd.eionet.europa.eu/vocabulary/aq/pollutant/7,hour,18.7700000000,µg/m3,2017-12-30 00:00:00 +01:00,2017-12-30 01:00:00 +01:00,1,1
ES,ES.BDCA.AQD,NET_ES131A,STA_ES0125A,,SP_28079017_14_6,SPP_28079017_14_6.1,SAM_28079017_14_6,O3,http://dd.eionet.europa.eu/vocabulary/aq/pollutant/7,hour,24.1700000000,µg/m3,2017-12-30 01:00:00 +01:00,2017-12-30 02:00:00 +01:00,1,1
ES,ES.BDCA.AQD,NET_ES131A,STA_ES0125A,,SP_28079017_14_6,SPP_28079017_14_6.1,SAM_28079017_14_6,O3,http://dd.eionet.europa.eu/vocabulary/aq/pollutant/7,hour,29.6700000000,µg/m3,2017-12-30 02:00:00 +01:00,2017-12-30 03:00:00 +01:00,1,1
ES,ES.BDCA.AQD,NET_ES131A,STA_ES0125A,,SP_28079017_14_6,SPP_28079017_14_6.1,SAM_28079017_14_6,O3,http://dd.eionet.europa.eu/vocabulary/aq/pollutant/7,hour,34.7999999900,µg/m3,2017-12-30 03:00:00 +01:00,2017-12-30 04:00:00 +01:00,1,1
ES,ES.BDCA.AQD,NET_ES131A,STA_ES0125A,,SP_28079017_14_6,SPP_28079017_14_6.1,SAM_28079017_14_6,O3,http://dd.eionet.europa.eu/vocabulary/aq/pollutant/7,hour,34.0799999900,µg/m3,2017-12-30 04:00:00 +01:00,2017-12-30 05:00:00 +01:00,1,1
ES,ES.BDCA.AQD,NET_ES131A,STA_ES0125A,,SP_28079017_14_6,SPP_28079017_14_6.1,SAM_28079017_14_6,O3,http://dd.eionet.europa.eu/vocabulary/aq/pollutant/7,hour,32.5099999900,µg/m3,2017-12-30 05:00:00 +01:00,2017-12-30 06:00:00 +01:00,1,1
ES,ES.BDCA.AQD,NET_ES131A,STA_ES0125A,,SP_28079017_14_6,SPP_28079017_14_6.1,SAM_28079017_14_6,O3,http://dd.eionet.europa.eu/vocabulary/aq/pollutant/7,hour,33.5300000000,µg/m3,2017-12-30 06:00:00 +01:00,2017-12-30 07:00:00 +01:00,1,1
ES,ES.BDCA.AQD,NET_ES131A,STA_ES0125A,,SP_28079017_14_6,SPP_28079017_14_6.1,SAM_28079017_14_6,O3,http://dd.eionet.europa.eu/vocabulary/aq/pollutant/7,hour,28.1299999900,µg/m3,2017-12-30 07:00:00 +01:00,2017-12-30 08:00:00 +01:00,1,1
ES,ES.BDCA.AQD,NET_ES131A,STA_ES0125A,,SP_28079017_14_6,SPP_28079017_14_6.1,SAM_28079017_14_6,O3,http://dd.eionet.europa.eu/vocabulary/aq/pollutant/7,hour,23.9600000000,µg/m3,2017-12-30 08:00:00 +01:00,2017-12-30 09:00:00 +01:00,1,1
ES,ES.BDCA.AQD,NET_ES131A,STA_ES0125A,,SP_28079017_14_6,SPP_28079017_14_6.1,SAM_28079017_14_6,O3,http://dd.eionet.europa.eu/vocabulary/aq/pollutant/7,hour,21.4200000000,µg/m3,2017-12-30 09:00:00 +01:00,2017-12-30 10:00:00 +01:00,1,1
ES,ES.BDCA.AQD,NET_ES131A,STA_ES0125A,,SP_28079017_14_6,SPP_28079017_14_6.1,SAM_28079017_14_6,O3,http://dd.eionet.europa.eu/vocabulary/aq/pollutant/7,hour,22.6700000000,µg/m3,2017-12-30 10:00:00 +01:00,2017-12-30 11:00:00 +01:00,1,1
ES,ES.BDCA.AQD,NET_ES131A,STA_ES0125A,,SP_28079017_14_6,SPP_28079017_14_6.1,SAM_28079017_14_6,O3,http://dd.eionet.europa.eu/vocabulary/aq/pollutant/7,hour,25.5200000000,µg/m3,2017-12-30 11:00:00 +01:00,2017-12-30 12:00:00 +01:00,1,1
ES,ES.BDCA.AQD,NET_ES131A,STA_ES0125A,,SP_28079017_14_6,SPP_28079017_14_6.1,SAM_28079017_14_6,O3,http://dd.eionet.europa.eu/vocabulary/aq/pollutant/7,hour,32.8599999900,µg/m3,2017-12-30 12:00:00 +01:00,2017-12-30 13:00:00 +01:00,1,1
ES,ES.BDCA.AQD,NET_ES131A,STA_ES0125A,,SP_28079017_14_6,SPP_28079017_14_6.1,SAM_28079017_14_6,O3,http://dd.eionet.europa.eu/vocabulary/aq/pollutant/7,hour,38.5900000000,µg/m3,2017-12-30 13:00:00 +01:00,2017-12-30 14:00:00 +01:00,1,1
ES,ES.BDCA.AQD,NET_ES131A,STA_ES0125A,,SP_28079017_14_6,SPP_28079017_14_6.1,SAM_28079017_14_6,O3,http://dd.eionet.europa.eu/vocabulary/aq/pollutant/7,hour,40.6400000000,µg/m3,2017-12-30 14:00:00 +01:00,2017-12-30 15:00:00 +01:00,1,1
ES,ES.BDCA.AQD,NET_ES131A,STA_ES0125A,,SP_28079017_14_6,SPP_28079017_14_6.1,SAM_28079017_14_6,O3,http://dd.eionet.europa.eu/vocabulary/aq/pollutant/7,hour,43.3599999900,µg/m3,2017-12-30 15:00:00 +01:00,2017-12-30 16:00:00 +01:00,1,1
ES,ES.BDCA.AQD,NET_ES131A,STA_ES0125A,,SP_28079017_14_6,SPP_28079017_14_6.1,SAM_28079017_14_6,O3,http://dd.eionet.europa.eu/vocabulary/aq/pollutant/7,hour,39.9600000000,µg/m3,2017-12-30 16:00:00 +01:00,2017-12-30 17:00:00 +01:00,1,1
ES,ES.BDCA.AQD,NET_ES131A,STA_ES0125A,,SP_28079017_14_6,SPP_28079017_14_6.1,SAM_28079017_14_6,O3,http://dd.eionet.europa.eu/vocabulary/aq/pollutant/7,hour,31.6600000000,µg/m3,2017-12-30 17:00:00 +01:00,2017-12-30 18:00:00 +01:00,1,1
ES,ES.BDCA.AQD,NET_ES131A,STA_ES0125A,,SP_28079017_14_6,SPP_28079017_14_6.1,SAM_28079017_14_6,O3,http://dd.eionet.europa.eu/vocabulary/aq/pollutant/7,hour,8.1999999900,µg/m3,2017-12-30 18:00:00 +01:00,2017-12-30 19:00:00 +01:00,1,1
ES,ES.BDCA.AQD,NET_ES131A,STA_ES0125A,,SP_28079017_14_6,SPP_28079017_14_6.1,SAM_28079017_14_6,O3,http://dd.eionet.europa.eu/vocabulary/aq/pollutant/7,hour,1.1399999900,µg/m3,2017-12-30 19:00:00 +01:00,2017-12-30 20:00:00 +01:00,1,1
ES,ES.BDCA.AQD,NET_ES131A,STA_ES0125A,,SP_28079017_14_6,SPP_28079017_14_6.1,SAM_28079017_14_6,O3,http://dd.eionet.europa.eu/vocabulary/aq/pollutant/7,hour,1.0000000000,µg/m3,2017-12-30 20:00:00 +01:00,2017-12-30 21:00:00 +01:00,1,1
ES,ES.BDCA.AQD,NET_ES131A,STA_ES0125A,,SP_28079017_14_6,SPP_28079017_14_6.1,SAM_28079017_14_6,O3,http://dd.eionet.europa.eu/vocabulary/aq/pollutant/7,hour,0.9500000000,µg/m3,2017-12-30 21:00:00 +01:00,2017-12-30 22:00:00 +01:00,1,1
ES,ES.BDCA.AQD,NET_ES131A,STA_ES0125A,,SP_28079017_14_6,SPP_28079017_14_6.1,SAM_28079017_14_6,O3,http://dd.eionet.europa.eu/vocabulary/aq/pollutant/7,hour,1.0000000000,µg/m3,2017-12-30 22:00:00 +01:00,2017-12-30 23:00:00 +01:00,1,1
ES,ES.BDCA.AQD,NET_ES131A,STA_ES0125A,,SP_28079017_14_6,SPP_28079017_14_6.1,SAM_28079017_14_6,O3,http://dd.eionet.europa.eu/vocabulary/aq/pollutant/7,hour,1.0000000000,µg/m3,2017-12-30 23:00:00 +01:00,2017-12-31 00:00:00 +01:00,1,1
ES,ES.BDCA.AQD,NET_ES131A,STA_ES0125A,,SP_28079017_14_6,SPP_28079017_14_6.1,SAM_28079017_14_6,O3,http://dd.eionet.europa.eu/vocabulary/aq/pollutant/7,hour,1.0000000000,µg/m3,2017-12-31 00:00:00 +01:00,2017-12-31 01:00:00 +01:00,1,1
ES,ES.BDCA.AQD,NET_ES131A,STA_ES0125A,,SP_28079017_14_6,SPP_28079017_14_6.1,SAM_28079017_14_6,O3,http://dd.eionet.europa.eu/vocabulary/aq/pollutant/7,hour,0.9700000000,µg/m3,2017-12-31 01:00:00 +01:00,2017-12-31 02:00:00 +01:00,1,1
ES,ES.BDCA.AQD,NET_ES131A,STA_ES0125A,,SP_28079017_14_6,SPP_28079017_14_6.1,SAM_28079017_14_6,O3,http://dd.eionet.europa.eu/vocabulary/aq/pollutant/7,hour,1.0000000000,µg/m3,2017-12-31 02:00:00 +01:00,2017-12-31 03:00:00 +01:00,1,1
ES,ES.BDCA.AQD,NET_ES131A,STA_ES0125A,,SP_28079017_14_6,SPP_28079017_14_6.1,SAM_28079017_14_6,O3,http://dd.eionet.europa.eu/vocabulary/aq/pollutant/7,hour,1.0000000000,µg/m3,2017-12-31 03:00:00 +01:00,2017-12-31 04:00:00 +01:00,1,1
ES,ES.BDCA.AQD,NET_ES131A,STA_ES0125A,,SP_28079017_14_6,SPP_28079017_14_6.1,SAM_28079017_14_6,O3,http://dd.eionet.europa.eu/vocabulary/aq/pollutant/7,hour,1.0000000000,µg/m3,2017-12-31 04:00:00 +01:00,2017-12-31 05:00:00 +01:00,1,1
ES,ES.BDCA.AQD,NET_ES131A,STA_ES0125A,,SP_28079017_14_6,SPP_28079017_14_6.1,SAM_28079017_14_6,O3,http://dd.eionet.europa.eu/vocabulary/aq/pollutant/7,hour,1.0000000000,µg/m3,2017-12-31 05:00:00 +01:00,2017-12-31 06:00:00 +01:00,1,1
ES,ES.BDCA.AQD,NET_ES131A,STA_ES0125A,,SP_28079017_14_6,SPP_28079017_14_6.1,SAM_28079017_14_6,O3,http://dd.eionet.europa.eu/vocabulary/aq/pollutant/7,hour,1.0000000000,µg/m3,2017-12-31 06:00:00 +01:00,2017-12-31 07:00:00 +01:00,1,1
ES,ES.BDCA.AQD,NET_ES131A,STA_ES0125A,,SP_28079017_14_6,SPP_28079017_14_6.1,SAM_28079017_14_6,O3,http://dd.eionet.europa.eu/vocabulary/aq/pollutant/7,hour,1.0000000000,µg/m3,2017-12-31 07:00:00 +01:00,2017-12-31 08:00:00 +01:00,1,1
ES,ES.BDCA.AQD,NET_ES131A,STA_ES0125A,,SP_28079017_14_6,SPP_28079017_14_6.1,SAM_28079017_14_6,O3,http://dd.eionet.europa.eu/vocabulary/aq/pollutant/7,hour,5.0199999900,µg/m3,2017-12-31 08:00:00 +01:00,2017-12-31 09:00:00 +01:00,1,1
ES,ES.BDCA.AQD,NET_ES131A,STA_ES0125A,,SP_28079017_14_6,SPP_28079017_14_6.1,SAM_28079017_14_6,O3,http://dd.eionet.europa.eu/vocabulary/aq/pollutant/7,hour,6.7100000000,µg/m3,2017-12-31 09:00:00 +01:00,2017-12-31 10:00:00 +01:00,1,1
ES,ES.BDCA.AQD,NET_ES131A,STA_ES0125A,,SP_28079017_14_6,SPP_28079017_14_6.1,SAM_28079017_14_6,O3,http://dd.eionet.europa.eu/vocabulary/aq/pollutant/7,hour,9.5899999900,µg/m3,2017-12-31 10:00:00 +01:00,2017-12-31 11:00:00 +01:00,1,1
ES,ES.BDCA.AQD,NET_ES131A,STA_ES0125A,,SP_28079017_14_6,SPP_28079017_14_6.1,SAM_28079017_14_6,O3,http://dd.eionet.europa.eu/vocabulary/aq/pollutant/7,hour,23.7500000000,µg/m3,2017-12-31 11:00:00 +01:00,2017-12-31 12:00:00 +01:00,1,1
ES,ES.BDCA.AQD,NET_ES131A,STA_ES0125A,,SP_28079017_14_6,SPP_28079017_14_6.1,SAM_28079017_14_6,O3,http://dd.eionet.europa.eu/vocabulary/aq/pollutant/7,hour,35.3999999900,µg/m3,2017-12-31 12:00:00 +01:00,2017-12-31 13:00:00 +01:00,1,1
ES,ES.BDCA.AQD,NET_ES131A,STA_ES0125A,,SP_28079017_14_6,SPP_28079017_14_6.1,SAM_28079017_14_6,O3,http://dd.eionet.europa.eu/vocabulary/aq/pollutant/7,hour,41.7599999900,µg/m3,2017-12-31 13:00:00 +01:00,2017-12-31 14:00:00 +01:00,1,1
ES,ES.BDCA.AQD,NET_ES131A,STA_ES0125A,,SP_28079017_14_6,SPP_28079017_14_6.1,SAM_28079017_14_6,O3,http://dd.eionet.europa.eu/vocabulary/aq/pollutant/7,hour,50.2899999900,µg/m3,2017-12-31 14:00:00 +01:00,2017-12-31 15:00:00 +01:00,1,1
ES,ES.BDCA.AQD,NET_ES131A,STA_ES0125A,,SP_28079017_14_6,SPP_28079017_14_6.1,SAM_28079017_14_6,O3,http://dd.eionet.europa.eu/vocabulary/aq/pollutant/7,hour,45.8100000000,µg/m3,2017-12-31 15:00:00 +01:00,2017-12-31 16:00:00 +01:00,1,1
ES,ES.BDCA.AQD,NET_ES131A,STA_ES0125A,,SP_28079017_14_6,SPP_28079017_14_6.1,SAM_28079017_14_6,O3,http://dd.eionet.europa.eu/vocabulary/aq/pollutant/7,hour,50.5099999900,µg/m3,2017-12-31 16:00:00 +01:00,2017-12-31 17:00:00 +01:00,1,1
ES,ES.BDCA.AQD,NET_ES131A,STA_ES0125A,,SP_28079017_14_6,SPP_28079017_14_6.1,SAM_28079017_14_6,O3,http://dd.eionet.europa.eu/vocabulary/aq/pollutant/7,hour,48.9799999900,µg/m3,2017-12-31 17:00:00 +01:00,2017-12-31 18:00:00 +01:00,1,1
ES,ES.BDCA.AQD,NET_ES131A,STA_ES0125A,,SP_28079017_14_6,SPP_28079017_14_6.1,SAM_28079017_14_6,O3,http://dd.eionet.europa.eu/vocabulary/aq/pollutant/7,hour,51.6599999900,µg/m3,2017-12-31 18:00:00 +01:00,2017-12-31 19:00:00 +01:00,1,1
ES,ES.BDCA.AQD,NET_ES131A,STA_ES0125A,,SP_28079017_14_6,SPP_28079017_14_6.1,SAM_28079017_14_6,O3,http://dd.eionet.europa.eu/vocabulary/aq/pollutant/7,hour,44.8800000000,µg/m3,2017-12-31 19:00:00 +01:00,2017-12-31 20:00:00 +01:00,1,1
ES,ES.BDCA.AQD,NET_ES131A,STA_ES0125A,,SP_28079017_14_6,SPP_28079017_14_6.1,SAM_28079017_14_6,O3,http://dd.eionet.europa.eu/vocabulary/aq/pollutant/7,hour,35.4200000000,µg/m3,2017-12-31 20:00:00 +01:00,2017-12-31 21:00:00 +01:00,1,1
ES,ES.BDCA.AQD,NET_ES131A,STA_ES0125A,,SP_28079017_14_6,SPP_28079017_14_6.1,SAM_28079017_14_6,O3,http://dd.eionet.europa.eu/vocabulary/aq/pollutant/7,hour,53.1899999900,µg/m3,2017-12-31 21:00:00 +01:00,2017-12-31 22:00:00 +01:00,1,1
ES,ES.BDCA.AQD,NET_ES131A,STA_ES0125A,,SP_28079017_14_6,SPP_28079017_14_6.1,SAM_28079017_14_6,O3,http://dd.eionet.europa.eu/vocabulary/aq/pollutant/7,hour,55.9500000000,µg/m3,2017-12-31 22:00:00 +01:00,2017-12-31 23:00:00 +01:00,1,1
ES,ES.BDCA.AQD,NET_ES131A,STA_ES0125A,,SP_28079017_14_6,SPP_28079017_14_6.1,SAM_28079017_14_6,O3,http://dd.eionet.europa.eu/vocabulary/aq/pollutant/7,hour,56.6899999900,µg/m3,2017-12-31 23:00:00 +01:00,2018-01-01 00:00:00 +01:00,1,1
